-1	0
-1	0
-1	0
-1	0
-1	0
-1	0
-1	0
-1	0
-1	0
-1	0
-1	0
-1	0
-1	0
-1	0
-1	0
-1	0
-1	0
-1	0
-1	0
-1	0
-1	0
-1	0
-1	0
-1	0
-1	0
-1	0
-1	0
-1	0
-1	0
-1	0
-1	0
-1	0
-1	0
-1	0
-1	0
-1	0
-1	0
-1	0
-1	0
-1	0
-1	0
-1	0
-1	0
-1	0
-1	0
-1	0
-1	0
-1	0
-1	0
0	0
0	1
0	1
0	1
0	1
0	1
0	1
0	1
0	1
0	1
0	1
1	1
1	1
1	1
2	1
2	1
2	1
2	1
2	1
2	1
2	1
2	1
2	1
2	1
2	1
2	1
2	1
2	1
2	1
2	1
3	1
3	1
3	1
3	1
3	1
4	1
4	2
5	2
5	2
5	2
5	2
5	2
5	2
5	2
5	2
5	2
5	2
5	2
5	2
5	2
5	2
5	2
5	2
5	2
5	2
5	2
5	2
5	2
5	2
5	2
5	2
5	3
5	3
5	3
5	3
5	3
5	3
5	3
5	3
5	3
5	3
5	3
5	3
5	3
5	3
5	3
5	3
5	3
5	3
5	3
5	3
5	3
5	3
5	3
5	3
5	3
5	3
5	3
6	3
6	4
6	4
6	4
6	4
6	4
6	4
6	4
6	4
6	4
6	4
6	4
6	4
6	4
6	4
6	4
6	4
6	4
7	4
7	4
7	4
7	4
7	4
7	4
7	4
7	4
7	4
7	4
7	4
7	4
7	4
7	4
7	4
7	4
7	4
7	4
7	4
7	4
7	4
7	4
7	4
7	4
7	4
7	4
7	4
7	4
7	4
7	4
7	4
7	4
7	4
7	4
7	4
7	4
7	4
7	4
7	4
7	4
7	4
7	4
7	4
7	4
7	4
7	4
7	4
7	4
7	4
7	4
7	4
7	4
7	4
7	4
7	4
7	4
7	4
7	4
7	4
7	4
7	4
7	4
7	4
7	4
7	4
7	4
7	4
7	4
7	4
7	4
7	4
7	4
7	4
7	4
7	4
7	4
7	4
7	4
7	4
7	4
7	4
7	4
7	4
7	4
7	4
7	4
7	4
7	4
7	4
7	4
7	4
7	4
7	4
7	4
7	4
7	4
7	4
7	4
7	4
7	4
7	4
7	4
7	4
7	4
7	4
7	4
7	4
7	4
7	4
7	4
7	4
7	4
7	4
7	4
7	4
7	4
7	4
7	4
7	4
7	4
7	4
7	4
7	4
7	4
7	4
7	4
7	4
7	4
7	4
7	4
7	4
7	4
7	4
7	4
7	4
7	4
7	4
7	4
7	4
7	4
7	5
7	5
7	5
7	5
7	5
7	5
7	5
8	5
8	5
8	5
8	5
8	5
8	5
8	5
8	5
8	5
8	5
8	5
8	5
8	5
8	5
8	5
8	5
8	5
8	5
8	5
8	5
8	5
8	5
8	5
8	5
8	5
8	5
8	5
8	5
8	5
8	5
8	5
8	5
8	5
8	5
8	5
8	5
8	5
8	5
8	5
8	5
8	5
8	5
8	5
8	5
8	5
8	5
8	5
8	5
8	5
8	5
8	5
9	5
10	5
10	6
10	6
10	6
11	6
11	7
11	7
11	7
11	7
11	7
11	7
11	7
11	7
11	7
11	7
11	7
11	7
11	7
11	7
11	7
11	7
11	7
11	7
11	7
11	7
11	7
11	7
11	7
11	7
11	7
11	7
11	7
11	7
11	7
11	7
11	7
11	7
11	7
11	7
11	7
11	7
11	7
11	7
11	7
11	7
11	7
11	7
11	7
11	7
11	7
11	7
11	7
11	7
11	7
11	7
11	7
11	7
11	7
11	7
11	7
11	7
11	7
11	7
11	7
11	7
11	7
11	7
11	7
11	7
11	7
11	7
11	7
11	7
11	7
11	7
11	7
11	7
11	7
11	7
11	7
11	7
11	7
11	7
11	7
11	7
11	7
11	7
11	7
11	7
11	7
11	7
11	7
11	7
11	7
11	7
11	7
11	7
11	7
11	7
11	7
11	7
11	7
11	7
11	7
11	7
11	7
11	7
11	7
11	7
11	7
11	7
11	7
11	7
11	7
11	7
11	7
11	7
11	7
11	7
11	7
11	7
11	7
11	7
11	7
12	7
12	8
12	8
12	8
13	8
13	9
13	9
13	9
13	9
13	9
13	9
13	9
13	9
13	9
13	9
13	9
13	9
13	9
13	9
13	9
13	9
13	9
13	9
13	9
13	9
13	9
13	9
13	9
13	9
13	9
13	9
13	9
13	9
13	9
13	9
13	9
13	9
13	9
13	9
13	9
13	9
13	9
13	9
13	9
13	10
13	10
13	10
13	10
13	10
13	10
13	10
13	10
13	10
13	10
13	10
13	10
13	10
13	10
13	10
13	10
14	10
14	11
14	11
14	11
14	11
14	11
14	11
14	11
14	11
14	11
14	11
14	11
14	11
14	11
14	11
14	11
14	11
14	11
14	11
14	11
14	11
14	11
14	11
14	11
14	11
14	11
14	11
14	11
14	11
14	11
14	11
14	11
14	11
14	11
14	11
14	11
14	11
14	11
14	11
14	11
14	11
15	11
15	12
15	12
15	12
15	12
15	12
15	12
15	12
15	12
15	12
15	12
15	12
15	12
15	12
15	12
15	12
15	12
15	12
15	12
15	12
15	12
15	12
15	12
15	12
15	12
15	12
15	12
15	12
15	12
15	12
15	12
15	12
15	12
15	12
15	12
15	12
15	12
15	12
15	12
15	12
15	12
15	12
15	12
15	12
15	12
15	12
15	12
15	12
16	12
16	12
16	12
16	12
16	12
16	12
16	12
16	12
16	12
16	12
16	12
16	12
16	12
16	12
16	12
16	12
16	12
16	12
16	12
16	12
16	12
16	12
16	12
16	12
16	12
16	12
16	12
16	12
16	12
16	12
16	12
16	12
16	12
16	12
16	12
16	12
16	12
16	12
16	12
16	12
16	12
16	13
16	13
16	13
16	13
16	13
16	13
16	13
16	13
16	13
16	13
16	13
16	13
16	13
16	13
16	13
16	13
16	13
16	13
16	13
16	13
16	13
16	13
16	13
16	13
16	13
16	13
16	13
16	13
16	13
16	13
16	13
16	13
16	13
16	13
16	13
16	13
16	13
16	13
16	13
16	13
16	13
16	13
16	13
16	13
16	13
16	13
16	13
16	13
16	13
16	13
16	13
16	13
16	13
16	13
16	13
16	13
16	13
16	13
16	13
16	13
16	13
16	13
16	13
16	13
16	13
16	13
16	13
16	13
16	13
16	13
16	13
16	13
16	13
16	13
16	13
16	13
16	13
16	13
16	13
16	13
16	13
16	13
16	13
16	13
16	13
16	13
16	13
16	13
16	13
16	13
16	13
16	13
16	13
16	13
16	13
16	13
16	13
16	13
16	13
16	13
16	13
16	13
16	13
16	13
16	13
16	13
16	13
16	13
16	13
16	13
16	13
16	13
16	13
16	13
16	13
16	13
16	13
16	13
16	13
16	13
16	13
16	13
16	13
16	13
16	13
16	13
16	13
16	13
16	13
16	13
16	13
16	13
16	13
16	13
16	13
16	13
16	13
16	13
17	13
17	14
17	14
17	14
17	14
17	14
17	14
17	14
17	14
17	14
17	14
17	14
17	14
17	14
17	14
17	14
17	14
17	14
17	14
17	14
17	14
17	14
17	14
17	14
17	14
17	14
17	14
17	14
17	14
17	14
17	14
17	14
17	14
17	14
17	14
17	14
17	14
17	14
17	14
17	14
17	14
17	14
17	14
17	14
17	14
17	14
17	14
17	14
17	14
17	14
17	14
17	14
17	14
17	14
17	14
17	14
17	14
17	14
17	14
17	14
17	14
17	14
17	14
17	14
17	14
17	14
17	14
17	14
17	14
17	14
17	14
17	14
17	14
17	14
17	14
17	14
17	14
17	14
18	14
18	15
18	15
18	15
18	15
18	15
18	15
18	15
18	15
18	15
18	15
18	15
18	15
18	15
19	15
19	16
19	16
19	16
19	16
20	16
20	16
20	16
20	16
20	16
20	16
20	16
20	16
20	16
20	16
20	16
20	16
20	16
20	16
20	16
20	16
20	16
20	16
20	16
20	16
20	16
20	16
20	16
20	16
20	16
20	16
20	16
20	16
20	16
20	16
20	16
20	16
20	16
20	16
21	16
21	16
21	16
21	16
21	16
21	16
21	16
21	16
21	16
21	16
22	16
22	16
22	16
22	16
22	16
22	16
22	16
22	16
22	16
22	16
22	16
22	16
22	16
22	16
22	16
22	16
22	16
22	16
22	16
22	16
22	16
22	16
22	16
22	16
22	16
22	16
22	16
22	16
22	16
22	16
22	16
22	16
22	16
22	16
22	16
22	16
22	16
22	16
22	16
22	16
22	16
22	16
22	16
22	16
22	16
22	16
22	16
22	16
22	16
23	16
23	17
24	17
24	17
24	17
24	17
24	17
24	17
24	17
24	17
24	17
24	17
24	17
24	17
24	18
24	18
24	18
24	18
24	18
24	18
24	18
24	18
24	18
24	18
24	18
24	18
24	18
24	18
24	18
24	18
24	18
24	18
24	18
24	18
24	19
24	19
24	19
24	19
24	19
24	19
25	19
25	20
25	20
25	20
25	20
25	20
25	20
25	20
25	20
25	20
25	20
25	20
25	21
25	21
25	21
25	21
25	21
25	21
25	21
25	21
25	21
25	21
25	21
25	21
25	21
25	21
25	21
25	22
25	22
25	22
25	22
25	22
25	22
25	22
25	22
25	22
25	22
26	22
26	23
26	23
26	23
26	23
26	23
26	23
26	23
26	23
26	23
26	23
26	23
26	23
26	23
26	23
27	23
27	24
27	24
27	24
27	24
27	24
27	24
27	24
27	24
27	24
27	24
27	24
27	24
27	24
27	24
27	24
27	24
27	24
27	24
27	24
27	24
27	24
27	24
27	24
27	24
27	24
27	24
27	24
27	24
27	24
27	24
27	24
27	24
27	24
27	24
27	24
27	24
27	24
27	24
27	24
27	24
27	24
27	24
27	24
27	24
27	24
27	24
27	24
27	24
27	24
27	24
27	24
27	24
27	24
27	24
27	24
27	24
27	24
27	24
27	24
27	24
27	24
27	24
27	24
27	24
27	24
27	25
27	25
27	25
27	25
27	25
27	25
27	25
27	25
27	25
27	25
27	25
27	25
27	25
27	25
27	25
27	26
27	26
28	26
28	26
28	26
28	26
28	26
28	26
28	26
28	26
28	26
28	26
28	26
28	26
28	26
28	26
29	26
29	26
29	26
29	26
29	26
29	26
29	26
29	26
29	26
29	26
29	26
29	26
29	26
29	27
29	27
29	28
29	28
29	28
29	28
29	28
29	28
30	28
30	28
30	28
30	28
30	28
30	28
31	28
31	28
32	28
32	28
33	28
33	29
33	29
33	29
33	29
33	29
33	29
33	29
33	29
33	29
33	29
33	30
33	30
33	30
33	30
33	30
33	30
33	31
33	31
33	31
34	31
34	31
34	31
34	31
34	31
34	31
34	31
34	31
34	31
34	31
34	31
34	31
34	31
34	31
34	31
34	31
34	31
34	31
34	31
34	31
34	31
34	31
34	31
34	31
34	31
34	31
34	31
34	31
35	31
35	31
36	32
36	33
36	33
36	33
36	33
36	33
36	33
36	33
36	33
36	33
36	33
36	33
36	33
36	33
36	33
36	33
37	33
37	34
37	34
37	34
37	34
37	34
37	34
37	34
37	34
37	34
38	34
38	35
38	35
38	35
38	35
38	35
38	35
38	35
38	35
38	35
38	35
38	35
38	35
38	35
38	35
38	35
38	35
38	35
38	35
38	35
38	35
38	35
38	35
38	35
38	35
38	35
38	35
38	35
38	35
38	35
38	35
38	35
38	35
38	35
38	35
38	35
38	35
38	35
38	35
38	35
38	35
38	35
38	35
38	35
38	35
38	35
38	35
38	35
38	35
38	35
38	35
38	35
39	35
39	36
39	36
39	36
39	36
39	36
39	36
39	36
39	36
39	36
39	36
39	36
39	36
39	36
39	37
39	37
39	37
39	37
39	37
39	37
39	37
39	37
39	37
39	37
39	37
39	37
39	37
39	37
40	37
40	37
40	37
40	37
40	37
40	37
40	37
40	37
40	37
40	37
40	37
40	37
40	37
40	37
40	37
40	37
40	37
40	37
40	37
40	37
40	37
40	37
40	37
40	37
40	37
40	37
40	37
40	37
40	37
40	38
40	38
40	39
40	39
40	39
40	39
40	39
40	39
40	39
41	39
41	39
41	39
41	39
41	39
41	39
41	39
41	39
41	39
41	39
41	39
41	39
41	39
41	39
41	39
41	39
41	39
41	39
41	39
41	39
41	39
41	39
41	39
41	39
41	39
42	39
42	39
42	39
42	39
42	39
42	39
42	39
42	39
42	39
42	39
42	39
42	39
42	39
42	39
42	39
42	39
42	39
42	39
42	39
42	39
42	39
42	39
42	39
42	39
42	39
42	39
42	39
42	39
42	39
42	39
42	40
42	40
42	40
42	40
42	40
42	40
42	40
42	40
42	40
42	40
42	40
42	40
42	40
42	40
42	40
42	40
42	40
42	40
42	40
42	40
42	40
42	40
42	40
42	40
42	40
42	40
42	40
42	40
42	40
42	40
42	40
42	40
42	40
42	40
42	40
42	40
42	40
42	40
42	40
42	40
42	40
42	40
42	40
42	40
42	40
42	40
42	40
42	40
42	40
42	40
42	40
42	40
42	40
42	40
42	40
42	40
42	40
42	40
42	40
42	40
42	40
42	40
42	40
42	40
42	40
42	40
42	40
42	40
42	40
42	40
42	40
42	40
42	40
43	41
43	41
44	41
44	42
44	42
44	42
44	42
44	42
44	42
44	42
44	42
44	42
44	42
44	42
44	42
44	42
44	42
44	42
44	42
44	42
44	42
44	42
44	42
44	42
44	42
44	42
44	42
44	42
44	42
44	42
44	42
44	42
44	42
44	42
45	42
45	42
45	42
45	42
45	42
45	42
45	42
45	42
45	42
45	42
45	42
45	42
45	42
45	42
45	42
45	42
45	42
45	42
45	42
45	42
45	42
45	42
45	42
45	42
45	42
45	42
45	42
45	42
45	42
45	42
45	42
45	42
45	42
45	42
45	42
45	42
45	42
45	42
45	42
45	42
45	42
45	42
45	42
45	42
45	42
45	42
45	42
45	42
45	42
45	42
45	42
45	42
45	42
45	42
45	42
45	42
45	42
45	42
45	42
45	42
45	42
45	42
45	42
45	42
45	42
45	42
45	42
45	42
45	42
45	42
45	42
45	42
45	42
45	42
45	42
45	42
45	42
45	42
45	42
45	42
45	42
45	42
45	42
45	42
45	42
45	42
45	42
45	42
45	42
45	42
45	42
45	42
45	42
45	42
45	42
45	42
45	42
45	42
45	42
45	42
45	42
45	42
45	42
45	42
45	42
45	42
45	42
45	42
45	42
45	42
45	42
45	42
45	42
45	42
45	42
45	42
45	42
45	42
45	42
45	42
45	42
45	42
45	42
45	42
45	42
45	42
45	42
45	42
45	42
45	42
45	42
45	42
45	42
45	42
45	42
45	42
45	42
45	42
45	42
45	42
45	42
45	42
45	42
45	42
45	42
45	42
45	42
45	42
45	42
45	42
45	42
45	42
45	42
45	42
45	42
45	42
45	42
45	42
45	42
45	42
45	42
45	42
45	42
45	42
45	42
45	42
45	42
45	42
45	42
45	42
45	42
45	42
45	42
45	42
45	42
45	42
45	42
45	42
45	42
45	42
45	42
45	42
45	42
45	42
45	42
45	42
45	42
45	42
45	42
45	42
45	42
45	42
45	42
45	42
45	42
45	42
45	42
45	42
45	42
45	42
45	42
45	42
45	42
45	42
45	42
45	42
45	42
45	42
45	42
45	42
45	42
45	42
45	42
45	42
45	42
45	42
45	42
45	42
45	42
45	42
45	42
45	42
45	42
45	42
45	42
45	42
45	42
45	42
45	42
45	42
45	42
45	42
45	42
45	42
45	42
45	42
45	42
45	42
45	42
45	42
45	42
45	42
45	42
45	42
45	42
45	42
45	42
45	42
45	42
45	42
45	42
45	42
45	42
45	42
45	42
45	42
45	42
45	42
45	42
45	42
45	42
45	42
45	42
45	42
45	42
45	42
45	42
45	42
45	42
45	42
45	42
45	42
45	42
45	42
45	42
45	42
45	42
45	42
45	42
45	42
45	42
45	42
45	42
45	42
45	42
45	42
45	42
45	42
45	42
45	42
45	42
45	42
45	42
45	42
45	42
45	42
45	42
45	42
45	42
45	42
45	42
45	42
45	42
45	42
45	42
45	42
45	42
45	42
45	42
45	42
45	42
45	42
45	42
45	42
45	42
45	42
45	42
45	42
45	42
45	42
45	42
45	42
45	42
45	42
45	42
45	42
45	42
45	42
45	42
45	42
45	42
45	42
45	42
45	42
45	42
45	42
45	42
45	42
45	42
45	42
45	42
45	42
45	42
45	42
45	42
45	42
45	42
45	42
45	42
45	42
45	42
45	42
45	42
45	42
45	42
45	42
45	42
45	42
45	42
45	42
45	42
45	42
45	42
45	42
45	42
45	42
45	42
45	42
45	42
45	42
45	42
45	42
45	42
45	42
45	42
45	42
45	42
45	42
45	42
45	42
45	42
45	42
45	42
45	42
45	42
45	42
45	42
45	42
45	42
45	42
45	42
45	42
45	42
45	42
45	42
45	42
45	42
45	42
45	42
45	42
45	42
45	42
45	42
45	42
45	42
45	42
45	42
45	42
45	42
45	42
45	42
45	42
45	42
45	42
45	42
45	42
45	42
45	42
45	42
45	42
45	42
45	42
45	42
45	42
45	42
45	42
45	42
45	42
45	42
45	42
45	42
45	42
45	42
45	42
45	42
45	42
45	42
45	42
45	42
45	42
45	42
45	42
45	42
45	42
45	42
45	42
45	42
45	42
45	42
45	42
45	42
45	42
45	42
45	42
45	42
45	42
45	42
45	42
45	42
45	42
45	42
45	42
45	42
45	42
45	42
45	42
45	42
45	42
45	42
45	42
45	42
45	42
45	42
45	42
45	42
45	42
45	42
45	42
45	42
45	42
45	42
45	42
45	42
45	42
45	42
45	42
45	42
45	42
45	42
45	42
45	42
45	42
45	42
45	42
45	42
45	42
45	42
45	42
45	42
45	42
45	42
45	42
45	42
45	42
46	42
46	42
46	42
46	42
46	42
46	42
46	42
46	42
46	42
46	42
46	42
46	42
46	42
46	42
46	42
46	42
46	42
46	42
46	42
46	42
46	42
46	42
46	42
46	42
46	42
46	42
46	42
46	42
46	42
46	42
46	42
46	42
46	42
46	42
46	42
46	42
46	42
46	42
46	42
46	42
46	42
46	42
46	42
46	42
46	42
46	42
46	42
46	42
46	42
46	42
46	42
46	42
46	42
46	42
46	42
46	42
46	42
46	42
46	42
46	42
46	42
46	42
46	42
46	42
46	42
46	42
46	42
47	42
47	42
47	42
47	42
47	42
47	42
47	42
47	42
47	42
47	42
47	42
47	42
47	42
47	42
47	42
47	42
47	42
47	42
47	42
47	42
47	42
47	42
47	42
47	42
47	42
47	42
47	42
47	42
47	42
47	42
47	42
47	42
47	42
47	42
47	42
47	42
47	42
47	42
47	42
47	42
47	42
47	42
47	42
47	42
47	42
47	42
47	42
47	42
47	42
47	42
47	42
47	42
47	42
47	42
47	42
47	42
47	42
47	42
47	42
47	42
47	42
47	42
47	42
47	42
47	42
47	42
47	42
47	42
47	42
47	42
47	42
47	42
47	42
47	42
47	42
47	42
47	42
47	42
47	42
47	42
47	42
47	42
47	42
47	42
47	42
47	42
47	42
47	42
47	42
47	42
47	42
47	42
47	42
47	42
47	42
47	42
47	42
47	42
47	42
47	42
47	42
47	42
47	42
47	42
47	42
47	42
47	42
47	42
47	42
47	42
47	42
47	42
47	42
47	42
47	42
47	42
47	42
47	42
47	42
47	42
47	42
47	42
47	42
47	42
47	42
47	42
47	42
47	42
47	42
47	42
47	42
48	42
48	43
48	43
48	43
48	43
48	43
48	43
48	43
48	43
48	43
48	43
48	43
48	43
48	43
48	43
48	43
48	43
48	43
48	43
48	43
48	43
48	43
48	43
48	43
48	43
48	43
48	43
48	43
48	43
48	43
48	43
48	43
48	43
48	43
48	43
48	43
48	43
48	43
48	43
48	43
48	43
48	43
48	43
48	43
48	43
48	43
48	43
48	43
48	43
48	43
48	43
48	43
48	43
48	43
48	43
48	43
48	43
48	43
48	43
48	43
48	43
48	43
48	44
48	44
48	44
48	44
48	44
48	44
48	44
48	44
48	44
48	44
48	44
48	44
48	44
48	44
48	44
48	44
48	44
48	44
48	44
48	44
48	44
48	44
48	44
48	44
48	44
48	44
48	44
48	44
48	44
48	44
48	44
48	44
48	44
48	44
48	44
48	44
48	44
48	44
48	44
48	44
48	44
48	44
48	44
48	44
48	44
48	44
48	44
48	44
48	44
48	44
48	44
48	44
48	44
48	44
48	44
48	44
48	44
48	44
48	44
48	44
48	44
48	44
48	44
48	44
48	44
48	44
48	44
48	44
48	44
48	44
48	44
48	44
48	44
48	44
48	44
48	44
48	44
48	44
48	44
48	44
48	44
48	44
48	44
48	44
48	44
48	44
48	44
48	44
48	44
48	44
48	44
48	44
48	44
48	44
48	44
48	44
48	44
48	44
48	44
48	44
48	44
48	44
48	44
48	44
48	44
48	44
48	44
48	44
48	44
48	44
48	44
48	44
48	44
48	44
48	44
48	44
48	44
48	44
48	44
48	44
48	44
48	44
48	44
48	44
48	44
48	44
48	44
48	44
48	44
48	44
48	44
48	44
48	44
48	44
48	44
48	44
48	44
48	44
48	44
48	44
48	44
48	44
48	44
48	44
48	44
48	44
48	44
48	44
48	44
48	44
48	44
48	44
48	44
48	44
48	44
48	44
49	44
49	44
49	44
49	44
49	44
49	44
49	44
49	44
49	44
49	44
49	44
49	44
49	44
49	44
49	44
49	44
49	44
49	44
49	44
49	44
49	44
49	44
49	44
49	44
49	44
49	44
49	44
49	44
49	44
49	44
49	44
49	44
49	44
49	44
49	44
49	44
49	44
49	44
49	44
49	44
49	44
49	44
49	44
49	44
49	44
49	44
49	44
49	44
49	44
49	44
49	44
49	44
49	44
49	44
49	44
49	44
49	44
49	44
49	44
49	44
49	44
49	44
49	44
49	44
49	44
49	44
49	44
49	44
49	44
49	44
49	44
49	44
49	44
49	44
49	44
49	44
49	44
49	44
49	44
49	44
49	44
49	44
49	44
49	44
49	44
49	44
49	44
49	44
49	44
49	44
49	44
49	44
49	44
49	44
49	44
49	44
49	44
49	44
49	44
49	44
49	44
49	44
49	44
49	44
49	44
49	44
49	44
49	44
49	44
49	44
49	44
49	44
49	44
49	44
49	44
49	44
49	44
49	44
49	44
49	44
49	44
49	45
49	45
49	45
49	45
49	45
49	45
49	46
49	46
49	46
49	46
49	46
49	46
49	46
49	46
49	46
49	46
49	46
49	46
49	46
49	46
49	46
49	46
49	46
49	46
49	46
49	46
49	46
49	46
49	46
49	46
49	46
49	46
49	46
49	46
49	46
49	46
49	46
49	46
49	46
49	46
49	46
49	46
49	46
49	46
49	46
49	46
49	46
49	46
49	46
49	46
49	46
49	46
49	46
49	46
49	46
49	46
49	46
49	46
49	46
49	46
49	46
49	46
49	46
49	46
49	46
49	46
49	46
49	46
49	46
49	46
49	46
49	46
49	46
49	46
49	46
49	46
49	46
49	46
49	46
49	46
49	46
49	46
49	46
49	46
49	46
49	46
49	46
49	46
49	46
49	46
49	46
49	46
49	46
49	46
49	46
49	46
49	46
49	46
49	46
49	46
49	46
49	46
49	46
49	46
49	46
49	46
49	46
49	46
49	46
49	46
49	46
49	46
49	46
49	46
49	46
49	46
49	46
49	46
49	46
49	46
49	46
49	46
49	46
49	46
49	46
49	46
49	46
49	46
49	46
49	46
49	46
49	46
49	46
49	46
49	46
49	46
49	46
49	46
49	46
49	46
49	46
49	46
49	46
49	46
49	46
49	46
49	46
49	46
49	46
49	46
49	46
49	46
49	46
49	46
49	46
49	46
49	46
49	46
49	46
49	46
49	46
49	46
49	46
49	46
49	46
49	46
49	46
49	46
49	46
49	46
49	46
49	46
49	46
49	46
49	46
49	46
49	46
49	46
49	46
49	46
49	46
49	46
49	46
49	46
49	46
49	46
49	46
49	46
49	46
49	46
49	46
49	46
49	46
49	46
49	46
49	46
49	46
49	46
49	46
49	46
49	46
49	46
49	46
49	46
49	46
49	46
49	46
49	46
49	46
49	46
49	46
49	46
49	46
49	46
49	46
49	46
49	46
49	46
49	46
49	46
49	46
49	46
49	46
49	46
49	46
49	46
49	46
49	46
49	46
49	46
49	46
49	46
49	46
49	46
49	46
49	46
49	46
49	46
49	46
49	46
49	46
49	46
49	46
49	46
49	46
49	46
49	46
49	46
49	46
49	46
49	46
49	46
49	46
49	46
49	46
49	46
49	46
49	46
49	46
49	46
49	46
49	46
49	46
49	46
49	46
49	46
49	46
49	46
49	46
49	46
49	46
49	46
49	46
49	46
49	46
49	46
49	46
49	46
49	46
49	46
49	46
49	46
49	46
49	46
49	46
49	46
49	46
49	46
49	46
49	46
49	46
49	46
49	46
49	46
49	46
49	46
49	46
49	46
49	46
49	46
49	46
49	46
49	46
49	46
49	46
49	46
49	46
49	46
49	46
49	46
49	46
49	46
49	46
49	46
49	46
49	46
49	46
49	46
49	46
49	46
49	46
49	46
49	46
49	46
49	46
49	46
49	46
49	46
49	46
49	46
49	46
50	46
50	47
50	47
50	47
50	47
50	47
50	47
50	47
50	47
50	47
50	47
50	47
50	47
50	47
50	47
50	47
50	47
50	47
50	47
50	47
50	47
50	47
50	47
50	47
50	47
50	47
50	47
50	47
50	47
50	47
50	47
50	47
50	47
50	47
50	47
50	47
50	47
50	47
50	47
50	47
50	47
50	47
50	47
50	47
50	47
50	47
50	47
50	47
50	47
50	47
50	47
50	47
50	47
50	47
50	47
50	47
50	47
50	47
50	47
50	47
50	47
50	47
50	47
50	47
50	47
50	47
50	47
50	47
50	47
50	47
50	47
50	47
50	47
50	47
50	47
50	47
50	47
50	47
50	47
50	47
50	47
50	47
50	47
50	47
50	47
50	47
50	47
50	47
50	47
50	47
50	47
50	47
50	47
50	47
50	47
50	47
50	47
50	47
50	47
50	47
50	47
50	47
50	47
50	47
50	47
50	47
50	47
50	47
50	47
50	47
50	47
50	47
50	47
50	47
50	47
50	47
50	47
50	47
50	47
50	47
50	47
50	47
50	47
50	47
50	47
50	47
50	47
50	47
50	47
50	47
50	47
50	47
50	47
50	47
50	47
50	47
50	47
51	47
51	47
51	47
51	47
51	47
51	47
51	47
51	47
51	47
51	47
51	47
51	47
51	47
51	47
51	47
51	47
51	47
51	47
51	47
51	47
51	47
51	47
51	47
51	47
51	47
51	47
51	47
51	47
51	47
51	47
51	47
51	47
51	47
51	47
51	47
51	47
51	47
51	47
51	47
51	47
51	47
51	47
51	47
51	47
51	47
51	47
51	47
51	47
51	47
51	47
51	47
51	47
51	47
51	47
51	47
51	47
51	47
51	47
51	47
51	47
51	47
51	47
51	47
51	47
51	47
51	47
51	47
51	47
51	47
51	47
51	47
51	47
51	47
51	47
51	47
51	47
51	47
51	47
51	47
51	47
51	47
51	47
51	47
51	47
51	47
51	47
51	47
51	47
51	47
51	47
51	47
51	47
51	47
51	47
51	47
51	47
51	47
51	47
51	47
51	47
51	47
52	47
52	47
52	47
52	47
52	47
53	47
53	48
53	48
53	48
53	48
53	48
53	48
53	48
53	48
53	48
53	48
53	48
53	48
53	48
53	48
53	48
53	48
53	48
53	48
53	48
53	48
53	48
53	48
53	48
53	48
53	48
53	48
53	48
53	48
53	48
53	48
53	48
53	48
53	48
53	48
53	48
53	48
53	48
53	48
53	48
53	48
53	48
53	48
53	48
53	48
53	48
53	48
53	48
53	48
53	48
53	48
53	49
53	49
53	49
53	49
53	49
53	49
53	49
53	49
53	49
53	49
53	49
53	49
53	49
53	49
53	49
53	49
53	49
53	49
53	49
53	49
53	49
53	49
53	49
53	49
53	49
53	49
53	49
53	49
53	49
53	49
53	49
53	49
53	49
53	50
53	50
53	50
53	50
53	50
53	50
53	50
53	50
53	50
53	50
53	51
53	51
54	51
54	51
54	51
54	51
54	51
54	51
54	51
54	51
54	51
54	51
54	51
54	51
54	51
54	51
54	51
54	51
54	51
54	51
54	51
54	51
54	51
54	51
54	51
54	51
54	51
54	51
54	51
54	51
54	51
54	51
54	51
54	51
54	51
54	51
54	51
54	51
54	51
54	51
54	51
54	51
54	51
54	51
54	51
54	51
54	51
54	51
54	51
54	51
54	51
54	51
54	51
54	51
54	51
54	51
54	51
54	51
54	51
54	51
54	51
54	51
54	51
54	51
54	51
54	51
54	51
54	51
54	51
54	51
54	51
54	51
54	51
54	51
54	51
54	51
54	51
54	51
54	51
54	51
54	51
54	51
54	51
54	51
55	51
55	51
55	51
55	51
55	51
55	51
55	51
55	51
55	51
55	51
55	51
55	51
55	51
55	51
55	51
55	51
55	51
55	51
55	51
55	51
55	51
55	51
55	51
55	51
55	51
55	51
55	51
55	51
55	51
55	51
55	51
55	51
55	51
55	51
55	51
55	51
55	51
55	51
55	51
55	51
55	51
55	51
55	51
55	51
55	51
55	51
55	51
55	51
55	51
55	51
55	51
55	51
55	51
55	51
55	51
55	51
55	51
55	51
55	51
55	51
55	51
55	51
55	51
55	51
55	51
55	51
55	51
55	51
55	51
55	51
55	51
55	51
55	51
55	51
55	51
55	51
55	51
55	51
55	51
55	51
55	51
55	51
55	51
55	51
55	51
55	51
55	51
55	51
55	51
55	51
55	51
55	51
55	51
55	51
55	51
55	51
55	51
55	51
55	51
55	51
55	51
55	51
55	51
55	51
55	51
55	51
55	51
55	51
55	51
55	51
55	51
55	51
56	51
57	52
57	53
57	53
57	53
57	53
57	53
57	53
57	53
57	53
57	53
57	53
57	53
57	53
57	54
57	54
57	54
57	54
57	54
57	54
57	54
57	54
57	54
57	54
57	54
57	54
57	54
57	54
57	54
57	54
57	54
57	54
57	54
57	54
57	54
57	54
57	54
57	55
57	55
57	55
57	55
57	55
57	55
58	55
58	55
58	55
58	55
58	55
58	55
58	55
58	55
58	55
58	55
58	55
58	55
58	55
58	55
58	55
58	55
58	55
58	55
58	55
58	55
58	55
58	55
58	55
58	55
58	55
58	55
58	55
58	55
58	55
58	55
58	55
58	55
58	55
58	55
58	55
58	55
58	55
58	56
58	56
58	56
59	57
60	58
60	58
60	58
60	58
60	58
60	58
60	58
60	58
60	58
60	58
60	58
60	58
60	58
60	58
60	58
60	58
60	58
60	58
60	58
60	58
60	58
60	58
60	58
60	58
60	58
60	58
60	58
60	58
60	58
60	58
60	58
60	58
60	58
60	58
61	58
61	58
61	58
61	58
61	58
61	58
61	58
61	58
61	58
61	58
61	58
61	58
61	58
61	59
61	59
61	59
61	59
62	59
62	59
62	59
62	60
62	60
62	60
62	60
62	60
62	60
62	60
62	60
62	60
62	60
62	60
62	60
62	60
62	60
62	60
62	60
62	60
62	60
62	60
62	60
62	60
63	60
63	61
63	62
63	62
63	62
63	62
63	62
63	62
63	62
63	62
63	62
63	62
63	62
63	62
63	62
63	62
63	62
63	62
63	62
63	62
63	62
63	62
63	62
63	62
63	62
63	62
63	62
63	62
64	62
64	63
64	63
64	63
64	63
64	63
64	63
64	63
64	63
64	63
64	63
64	63
64	63
64	63
64	63
64	63
64	63
64	63
64	63
64	63
64	63
64	63
64	63
64	63
64	63
64	63
64	63
64	63
64	63
64	63
64	63
64	63
64	63
64	63
64	63
64	63
64	63
64	63
64	63
64	63
64	63
64	63
64	63
64	63
64	63
64	63
64	63
64	63
64	63
64	63
64	63
64	63
64	63
64	63
64	63
64	63
64	63
64	63
64	63
64	63
64	63
64	63
64	63
64	63
64	63
64	63
64	63
64	63
64	63
64	63
64	63
65	63
65	64
65	64
65	64
65	64
65	64
65	64
65	64
65	64
65	64
65	64
66	64
66	65
66	65
66	65
66	65
67	65
68	65
68	66
68	66
68	66
68	66
68	67
68	68
68	68
68	68
69	68
69	68
69	68
69	68
69	68
69	68
69	68
69	68
69	68
69	68
70	68
70	69
70	70
70	70
70	70
70	71
70	71
70	71
70	71
71	71
71	72
71	72
71	72
71	72
71	72
71	72
71	72
71	72
71	72
71	72
71	72
71	72
71	72
71	72
71	72
71	72
71	72
71	72
71	72
71	73
71	73
71	73
71	73
71	73
71	73
71	73
71	73
71	73
71	73
71	73
71	73
71	73
71	73
71	73
71	73
71	73
71	73
71	73
71	73
71	73
71	73
71	73
71	73
71	73
71	73
71	73
71	73
71	74
71	74
71	74
71	74
71	74
71	74
71	74
71	74
71	74
71	75
71	75
71	75
71	75
71	75
71	75
71	75
71	75
71	75
71	75
71	75
71	75
71	75
71	75
71	75
71	75
71	75
71	75
71	75
71	75
71	75
71	75
71	75
71	75
71	75
71	75
71	75
71	75
71	75
71	75
71	75
71	75
71	75
71	75
71	75
71	75
71	75
71	75
71	75
71	75
71	75
71	75
71	75
71	75
71	75
71	75
71	76
71	76
71	76
71	76
71	76
71	77
71	77
71	78
71	78
71	78
71	78
71	78
71	78
71	78
71	78
71	78
71	78
71	78
71	78
71	78
71	78
71	78
71	78
71	78
71	78
71	78
71	78
71	78
71	78
71	78
71	78
71	78
71	78
71	78
71	78
71	78
71	78
71	78
71	78
71	78
71	78
71	78
71	78
71	78
71	78
71	78
71	78
71	78
71	78
72	78
72	79
72	79
72	79
72	79
72	79
72	79
73	79
73	80
73	80
73	80
73	80
73	80
73	80
73	80
73	80
73	80
73	80
73	80
73	80
73	80
73	80
73	80
73	80
73	80
73	80
73	80
73	80
73	80
73	80
73	80
73	80
73	80
73	80
73	80
73	80
73	80
73	80
73	80
73	80
73	80
73	80
73	80
73	80
73	80
73	80
73	80
73	80
73	80
73	80
73	80
73	80
73	80
73	80
73	80
73	80
73	80
73	80
73	80
73	80
74	80
74	80
74	80
75	80
75	81
75	81
75	81
75	81
75	81
75	81
75	81
75	81
75	81
75	81
75	81
75	81
75	81
75	81
75	81
75	81
75	82
75	82
75	82
75	82
75	82
75	82
75	82
75	82
75	82
75	82
75	82
75	82
75	82
75	82
75	82
75	82
75	82
75	82
76	82
76	83
76	83
76	83
76	83
76	83
76	83
76	83
76	83
76	83
76	83
76	83
76	83
76	83
76	83
76	83
77	83
77	83
77	83
77	83
77	83
77	83
77	83
77	83
77	83
77	83
77	83
77	83
77	83
77	83
77	83
78	83
79	83
80	84
80	84
80	84
80	85
80	85
80	85
80	85
80	85
80	85
80	85
80	85
80	85
80	85
80	85
80	85
80	85
80	85
80	85
80	85
80	85
80	85
80	85
80	85
80	85
80	85
80	85
80	85
80	85
80	85
80	85
80	85
80	85
80	85
80	85
80	85
80	85
80	85
80	85
80	85
80	85
80	85
80	85
80	85
80	85
80	85
80	85
80	85
81	85
81	86
81	86
81	86
81	86
81	86
81	86
81	86
81	86
81	86
81	86
81	86
81	86
81	86
81	86
81	86
81	86
81	86
81	86
81	86
81	86
81	86
81	86
81	86
81	86
81	86
81	86
81	86
81	86
81	86
81	86
81	86
81	86
81	86
81	86
81	87
81	87
82	87
82	87
82	87
82	87
82	87
82	87
82	87
82	87
82	87
82	87
82	87
82	87
82	87
82	87
82	87
82	87
82	87
82	87
82	87
82	87
82	87
83	87
84	88
84	88
84	88
84	88
84	88
84	88
84	88
84	88
84	88
84	88
84	88
84	89
84	89
85	89
85	90
85	91
86	91
86	92
86	92
86	92
86	92
86	92
86	92
86	92
86	92
86	92
87	92
88	93
88	93
88	93
88	93
88	93
88	93
88	93
88	93
88	93
88	93
88	93
88	93
88	93
88	93
88	93
88	93
88	93
88	93
88	93
88	93
88	93
88	93
88	93
88	93
88	93
88	93
88	93
88	93
88	93
88	93
88	93
88	93
88	93
88	93
88	93
88	93
88	93
88	93
88	93
88	93
88	93
88	93
88	93
88	93
88	93
88	93
88	93
88	94
88	95
88	95
88	95
88	95
88	95
88	95
88	95
88	95
89	95
89	95
89	95
89	95
90	95
90	95
90	95
90	95
90	95
90	95
90	95
90	95
90	95
90	95
90	95
90	95
90	95
90	95
90	95
90	95
90	95
90	95
90	95
90	95
90	95
90	95
90	95
90	95
90	95
90	95
90	95
90	95
90	95
90	95
90	95
90	95
90	95
90	95
90	95
90	95
90	95
90	95
90	95
90	95
90	95
90	95
90	95
90	95
90	95
90	95
90	95
90	95
90	95
90	95
90	95
90	95
90	95
90	95
90	95
90	95
90	95
90	95
90	95
90	95
90	95
90	95
90	95
90	95
90	95
90	95
90	95
90	95
90	95
90	95
90	95
90	95
90	95
91	95
91	95
91	95
91	95
91	96
91	96
91	96
91	96
91	96
91	96
92	96
92	97
92	97
92	97
92	97
92	97
92	97
92	97
92	97
92	97
92	97
92	97
92	97
92	97
92	97
92	97
92	97
92	97
92	97
92	97
92	97
92	97
92	97
92	97
92	97
92	97
92	97
92	97
92	97
92	97
92	97
92	97
92	97
92	97
92	97
92	97
92	97
93	97
93	98
94	98
94	99
94	99
94	99
94	99
94	99
94	99
94	99
94	99
94	99
94	99
94	99
94	99
94	99
94	100
94	100
94	100
94	100
94	100
94	100
94	100
94	100
94	100
94	100
94	100
94	100
94	100
94	100
94	100
94	100
94	100
94	100
94	100
94	100
94	100
94	100
94	100
94	100
94	100
94	100
94	100
94	100
94	100
94	100
94	100
94	100
94	100
94	100
94	100
94	100
94	100
94	100
94	100
94	100
94	100
94	100
94	100
94	100
94	100
94	100
94	100
94	100
94	100
94	100
94	100
94	100
94	100
94	100
94	100
94	100
94	100
94	100
94	100
94	100
94	100
94	100
94	100
94	100
95	100
95	101
95	101
96	101
96	101
96	102
96	102
96	102
96	102
96	102
96	102
96	102
96	102
96	102
96	102
96	102
96	102
96	102
97	102
97	103
97	103
97	103
97	103
97	103
97	103
97	103
97	103
97	103
97	103
97	103
97	103
97	103
97	103
97	103
97	103
97	103
97	103
97	103
97	103
97	103
97	103
97	103
97	103
97	103
97	103
97	103
97	103
97	103
97	103
97	104
97	104
97	104
97	104
97	104
97	104
97	104
97	104
97	104
98	104
98	104
98	104
98	104
98	104
98	104
98	104
98	104
98	104
98	104
98	104
98	104
98	104
98	104
98	104
98	104
98	104
98	104
98	104
98	104
98	104
98	104
98	104
98	104
98	104
98	104
98	104
98	104
98	104
98	104
98	104
98	104
98	104
98	104
98	104
98	104
98	104
98	105
98	105
98	105
98	105
98	106
98	106
98	106
98	106
98	106
98	106
98	106
98	106
98	106
98	107
98	107
98	107
98	107
98	107
98	107
98	107
98	107
98	107
98	107
98	108
98	108
98	108
98	108
98	108
98	108
98	108
98	108
98	108
98	108
98	108
98	108
98	108
98	108
98	108
98	108
98	108
98	108
98	108
98	108
98	108
98	108
98	108
98	108
98	108
99	108
99	109
99	109
99	109
99	109
99	109
99	109
99	109
99	109
99	109
99	109
99	109
99	109
99	109
99	109
99	109
99	109
99	109
99	109
99	109
99	109
99	109
99	109
99	109
99	109
99	109
99	109
100	109
100	110
100	110
100	110
100	110
100	110
100	110
100	110
100	110
100	110
100	110
100	110
100	110
100	110
100	110
100	110
100	110
100	110
100	110
100	110
100	110
100	110
100	110
100	110
100	110
100	110
100	110
100	110
100	110
100	110
100	110
100	110
100	110
100	110
100	110
100	110
100	110
100	110
100	110
100	110
100	110
100	110
100	110
100	110
100	110
100	110
100	110
100	110
100	110
100	110
100	110
100	110
100	110
100	110
100	110
100	110
100	110
100	110
100	110
100	110
100	110
100	110
100	110
100	110
100	110
100	110
100	110
100	110
100	110
100	111
100	111
100	111
100	111
100	111
100	111
100	111
100	111
100	111
100	111
100	111
100	111
100	111
100	111
100	111
100	111
100	111
100	111
100	111
100	111
100	111
100	111
100	111
100	111
100	111
100	111
100	111
100	111
100	111
100	111
100	111
100	111
100	111
100	111
100	111
100	111
100	111
100	111
100	111
100	111
100	111
100	111
100	111
100	111
100	111
100	111
100	111
100	111
100	111
100	111
100	111
100	111
100	111
100	111
100	111
100	111
100	111
100	111
100	111
100	111
100	111
100	111
100	111
100	111
100	111
100	111
100	111
100	111
100	111
100	111
100	111
100	111
100	111
100	111
100	111
100	111
100	111
100	111
100	111
100	111
100	111
100	111
100	112
100	112
100	112
100	112
100	112
100	112
100	112
100	112
100	112
100	112
100	112
100	112
100	112
100	112
100	112
100	112
100	112
100	112
100	112
100	112
100	112
100	112
100	112
100	112
100	112
100	112
100	112
100	112
100	112
100	112
100	112
100	112
100	112
100	112
100	112
100	112
100	112
100	112
100	112
100	112
100	112
100	112
100	112
100	112
100	112
100	112
100	112
100	112
100	112
100	112
100	112
100	112
100	112
100	112
100	112
100	112
100	112
100	112
100	112
100	112
100	112
100	112
100	112
100	112
100	112
100	112
100	112
100	112
100	112
100	112
100	112
100	112
100	112
100	112
100	112
100	112
100	112
100	112
100	112
100	112
100	112
100	112
100	112
100	112
100	112
100	112
100	112
100	112
100	112
100	112
100	112
100	112
100	112
100	112
100	112
100	112
100	112
100	112
100	112
100	112
100	112
100	112
100	112
100	112
100	112
100	112
100	112
100	112
101	112
101	112
101	112
101	112
101	112
101	112
101	112
101	112
101	112
101	112
101	112
101	112
101	112
101	112
101	112
101	113
101	113
101	113
101	113
101	113
101	113
101	113
101	113
101	113
101	113
101	113
101	113
101	113
101	113
101	113
101	113
101	113
101	113
101	-1
101	-1
101	-1
101	-1
101	-1
101	-1
101	-1
101	-1
102	-1
102	-1
102	-1
102	-1
102	-1
102	-1
102	-1
102	-1
102	-1
102	-1
102	-1
102	-1
102	-1
102	-1
102	-1
102	-1
102	-1
102	-1
102	-1
102	-1
102	-1
102	-1
102	-1
102	-1
102	-1
102	-1
103	-1
103	-1
103	-1
103	-1
103	-1
103	-1
103	-1
103	-1
103	-1
103	-1
103	-1
103	-1
103	-1
103	-1
103	-1
103	-1
103	-1
103	-1
103	-1
103	-1
103	-1
103	-1
103	-1
103	-1
103	-1
103	-1
103	-1
103	-1
103	-1
103	-1
103	-1
103	-1
103	-1
104	-1
104	-1
104	-1
104	-1
104	-1
104	-1
104	-1
104	-1
104	-1
104	-1
104	-1
104	-1
104	-1
104	-1
104	-1
