-1	0
-1	0
-1	0
-1	0
-1	0
-1	0
-1	0
-1	0
-1	0
-1	0
-1	0
-1	0
-1	0
-1	0
-1	0
-1	0
-1	0
-1	1
-1	1
-1	1
-1	1
-1	1
-1	1
-1	1
-1	1
-1	1
-1	1
-1	1
-1	1
-1	1
-1	1
-1	1
-1	1
-1	1
-1	1
-1	1
-1	1
-1	1
-1	1
-1	1
-1	1
-1	1
-1	1
-1	1
-1	1
-1	1
-1	1
-1	1
-1	1
-1	1
-1	1
-1	1
-1	1
-1	1
-1	2
-1	2
-1	2
-1	2
-1	2
-1	2
-1	2
-1	2
-1	2
-1	2
-1	2
-1	2
-1	2
-1	2
-1	2
-1	2
-1	2
-1	2
-1	2
-1	2
-1	2
-1	2
0	2
0	2
0	2
0	2
0	2
0	2
0	2
0	2
0	2
0	2
0	2
0	2
0	2
0	2
0	2
0	2
0	2
0	2
0	2
0	2
0	2
0	2
0	2
0	2
0	2
0	2
0	2
0	2
0	2
0	2
0	2
0	2
0	2
0	2
1	2
1	2
1	2
1	2
1	2
1	2
1	2
1	2
1	2
1	2
1	2
1	2
1	2
1	2
1	2
1	2
1	2
1	2
1	2
1	2
1	2
1	2
1	2
1	2
1	2
1	2
1	2
1	2
1	2
1	2
1	2
1	2
1	2
1	2
1	2
1	2
1	2
1	2
1	2
1	2
1	2
1	2
1	2
1	2
1	2
1	2
1	2
1	2
1	2
1	2
1	2
1	2
1	2
1	2
1	2
1	2
1	2
1	2
1	2
1	2
1	2
1	2
1	2
1	2
1	2
1	2
1	2
1	2
1	2
1	2
1	2
1	2
1	2
1	2
1	2
1	2
1	2
1	2
1	2
1	2
1	2
1	2
1	2
1	2
1	2
1	3
1	3
1	3
1	3
1	3
1	3
1	3
1	3
1	3
1	3
1	3
1	3
1	3
1	3
1	3
1	3
1	3
1	3
1	3
1	3
1	3
1	3
1	3
1	3
1	3
1	3
1	3
1	3
1	3
1	3
1	3
1	3
1	3
1	3
1	3
1	3
1	3
1	3
1	3
1	3
1	3
1	3
1	3
1	3
1	3
1	3
1	3
1	3
1	3
1	3
1	3
1	3
1	3
1	3
1	3
1	3
1	3
1	3
1	3
1	3
1	3
1	3
1	3
1	3
1	3
1	3
1	3
1	3
1	3
1	3
1	3
1	3
1	3
1	3
1	3
1	3
1	3
1	3
1	3
1	3
1	3
1	3
1	3
1	3
1	3
1	3
1	3
1	3
1	3
1	3
1	3
1	3
1	3
1	3
1	3
1	3
1	3
1	3
1	3
1	3
1	3
1	3
1	3
1	3
1	3
1	3
1	3
1	3
1	3
1	3
1	3
1	4
1	4
1	4
1	4
1	4
1	4
1	4
1	4
1	4
1	4
1	4
1	4
1	4
1	4
1	4
1	4
1	4
1	4
1	4
1	4
1	4
1	4
1	4
1	4
1	4
1	4
1	4
1	4
1	4
1	4
1	4
1	4
1	4
1	4
1	4
1	4
1	4
1	4
1	4
1	4
1	4
1	4
1	4
1	4
1	4
1	4
1	4
1	4
1	4
1	4
1	4
1	4
2	4
2	4
2	4
2	4
2	4
2	4
2	4
2	4
2	4
2	4
2	4
2	4
2	4
2	4
2	4
2	4
2	4
2	4
2	4
2	4
2	4
2	4
2	4
2	4
2	4
2	4
2	4
2	4
2	4
2	4
2	4
2	4
2	4
2	4
2	4
2	4
2	4
2	4
2	4
2	4
2	4
2	4
2	4
2	4
2	4
2	4
2	4
2	4
2	4
2	4
2	4
2	4
2	4
2	4
2	4
2	4
2	4
2	4
2	4
2	4
2	4
2	4
2	4
2	4
2	4
2	4
2	4
2	4
2	4
2	5
2	5
2	5
2	5
2	5
2	6
2	6
2	6
2	6
2	6
2	6
2	6
2	6
2	6
2	6
2	6
2	6
2	6
2	6
2	6
2	6
2	6
2	6
2	6
2	6
2	6
2	6
2	6
2	6
2	6
2	6
2	6
2	6
2	6
2	6
2	6
2	6
2	6
2	6
2	6
2	6
2	6
2	6
2	6
2	6
2	6
2	6
2	6
2	6
2	6
2	6
2	6
2	6
2	6
2	6
2	6
2	6
2	6
2	6
2	6
2	6
2	6
2	6
2	6
2	6
2	6
2	6
2	6
2	6
2	6
2	6
2	6
2	6
2	6
2	6
2	6
2	6
2	6
2	6
2	6
2	6
2	6
2	6
2	6
2	6
2	6
2	6
2	6
2	6
2	6
2	6
2	6
2	6
2	6
3	6
3	6
3	6
3	6
3	6
3	6
3	6
3	6
3	6
3	6
3	6
3	6
3	6
3	6
3	6
3	6
3	6
3	6
3	6
3	6
3	6
3	6
3	6
3	6
4	6
4	6
4	6
4	6
4	6
4	6
4	6
4	6
4	6
4	6
4	7
4	7
4	7
4	7
4	7
4	7
4	7
4	7
4	7
4	7
4	7
4	7
4	7
4	7
4	7
4	7
4	7
4	7
4	7
4	7
4	7
4	7
4	7
4	7
4	7
4	7
4	7
4	7
4	7
4	7
5	7
5	7
5	7
5	7
5	7
5	7
5	7
6	7
6	8
6	8
6	8
6	8
6	8
6	8
6	8
6	8
6	9
6	9
6	9
6	9
6	9
6	9
6	9
6	9
6	9
6	9
6	9
6	9
6	9
6	9
6	9
6	9
6	9
6	9
6	9
6	9
6	9
6	9
6	9
6	9
6	9
6	9
6	9
6	9
6	9
6	9
6	9
6	9
6	9
6	9
6	9
6	9
6	9
6	9
6	9
6	9
6	9
6	9
6	9
6	9
6	9
6	10
6	10
6	10
6	10
6	10
6	10
6	10
6	10
6	10
6	10
6	10
6	10
6	10
6	10
6	10
6	10
6	10
6	10
6	10
6	10
6	10
6	10
6	10
6	10
6	10
6	10
6	10
6	10
6	10
6	10
6	10
6	10
6	10
6	10
6	10
6	10
6	10
6	10
6	10
6	10
6	10
6	10
6	10
6	10
6	10
6	10
6	10
6	10
6	10
6	10
6	10
7	10
7	10
7	10
7	10
7	10
7	10
7	10
7	10
7	10
7	10
7	10
7	10
7	10
7	10
7	10
7	10
7	10
7	10
7	10
7	10
7	10
7	10
7	10
7	10
7	10
7	10
7	10
7	10
7	10
7	10
7	10
7	10
7	10
7	10
7	10
7	10
7	10
7	10
7	10
7	10
7	10
7	10
7	10
7	10
7	10
7	10
7	10
7	10
7	10
7	10
7	10
7	10
7	10
7	10
7	10
7	10
7	10
7	10
7	10
7	10
7	10
7	10
7	10
8	10
8	11
8	11
8	11
8	11
8	11
8	11
8	11
8	11
8	12
8	12
8	12
8	12
8	12
8	12
9	12
9	12
9	12
9	12
9	12
9	12
10	12
10	13
10	13
10	13
10	13
10	13
10	14
10	14
10	14
10	14
10	14
10	14
10	14
10	14
10	14
10	14
11	14
11	14
11	14
11	14
11	14
11	14
11	14
11	14
11	14
11	14
11	14
12	14
12	14
12	14
12	14
12	14
12	14
12	14
12	14
12	14
12	14
12	14
12	14
12	14
12	14
12	14
12	14
12	14
12	14
13	14
13	14
13	14
13	14
13	14
13	14
13	14
13	14
13	14
13	14
13	14
13	14
13	14
13	14
13	14
13	14
13	14
13	14
13	14
14	14
14	14
14	14
14	14
14	14
14	14
14	14
14	14
14	14
14	14
14	14
14	15
14	15
14	15
14	15
14	15
15	15
15	16
15	16
15	16
15	16
15	16
15	16
15	16
15	16
15	16
15	16
15	16
15	16
15	16
15	16
15	16
15	16
15	16
15	16
15	16
15	16
15	16
15	16
15	16
15	16
15	16
15	16
15	16
15	16
15	16
15	16
15	16
15	16
15	16
15	16
15	16
15	16
15	16
15	16
15	16
15	16
15	16
15	16
15	16
15	16
15	16
15	16
15	16
15	16
15	16
15	16
15	16
15	16
15	16
15	16
15	16
15	16
15	16
15	16
15	16
15	16
15	16
15	16
15	16
15	16
15	16
15	16
15	16
15	16
15	16
15	16
15	16
15	16
15	16
15	16
16	16
16	16
16	16
16	16
16	16
16	16
16	16
16	16
17	16
18	16
18	17
18	17
18	17
18	17
18	17
18	17
18	17
18	17
18	17
18	17
18	17
18	17
18	17
18	17
18	17
18	17
18	17
19	17
19	17
19	17
19	17
19	17
19	17
19	17
19	17
19	17
19	17
19	17
19	17
19	17
19	17
19	17
19	17
19	17
19	17
19	17
19	17
19	17
19	17
19	17
19	17
19	17
19	17
19	17
19	17
19	17
19	17
19	17
19	17
19	17
19	17
19	17
19	17
19	17
19	17
20	17
20	17
20	17
20	17
20	17
20	17
20	17
20	17
20	17
20	17
20	17
21	17
21	17
21	17
22	17
22	17
22	17
22	17
22	17
22	17
22	17
22	17
22	17
22	17
22	17
22	17
22	17
22	17
22	17
22	17
22	17
22	17
22	17
22	17
22	17
22	17
22	17
22	17
22	17
22	17
22	17
22	17
22	17
22	17
22	17
22	17
22	17
22	17
22	17
22	17
22	17
22	17
22	17
22	17
22	17
22	17
22	17
22	17
22	17
22	17
22	17
22	17
22	17
22	17
22	17
22	17
22	17
22	17
22	17
22	17
22	17
22	17
22	17
22	17
22	17
22	17
22	17
22	17
22	17
22	17
22	17
22	17
22	17
22	17
22	17
22	17
22	17
22	17
22	17
22	17
22	17
22	17
22	17
22	17
22	17
22	17
22	17
22	17
22	17
22	17
22	17
22	17
22	17
22	17
22	17
22	17
22	17
22	17
22	17
22	17
22	17
22	17
22	17
23	17
23	18
23	18
23	18
23	18
23	18
23	18
23	18
23	18
23	18
23	18
23	18
23	18
24	18
24	19
24	19
24	19
24	19
24	19
24	19
24	19
24	19
24	19
25	19
25	20
25	20
26	20
26	21
26	21
26	21
26	21
26	21
26	21
26	21
26	21
26	21
26	21
26	21
26	21
26	21
26	21
26	21
26	21
26	21
26	21
26	21
26	21
26	21
26	21
26	21
26	21
26	21
26	21
26	21
26	21
26	21
26	21
26	21
26	21
26	21
27	21
27	21
27	21
27	21
27	21
27	21
27	22
27	22
27	22
27	22
27	22
27	22
27	22
28	22
28	23
28	23
29	23
29	23
29	23
29	23
29	23
29	23
29	23
29	23
29	23
29	23
29	23
29	23
29	23
29	23
29	23
29	23
29	23
29	23
29	23
29	23
29	23
29	23
29	23
29	23
29	23
29	23
29	23
29	23
29	23
29	23
29	23
29	23
29	23
29	23
29	23
29	23
29	23
29	23
29	23
29	23
29	23
29	23
29	24
29	24
29	24
29	24
29	24
29	24
29	24
29	24
29	24
29	24
29	24
29	24
29	24
29	24
29	24
29	24
29	24
29	24
29	24
29	24
29	24
29	24
29	24
29	24
29	24
29	24
29	24
29	24
29	24
29	24
29	24
29	24
29	24
29	24
29	24
29	24
29	24
29	24
29	24
29	24
29	24
29	24
29	24
29	24
29	24
29	24
29	24
29	24
29	24
29	24
29	24
29	24
29	24
29	24
29	24
29	24
29	24
29	24
29	24
29	24
29	24
29	24
29	24
29	24
29	24
29	24
29	24
29	24
29	24
29	24
29	24
29	24
29	24
29	24
29	24
29	24
29	24
29	24
29	24
29	24
29	24
29	24
29	24
29	24
29	24
29	24
29	24
29	24
29	24
29	24
29	24
29	24
29	24
29	24
29	24
29	24
29	24
29	24
29	24
29	24
29	24
29	24
29	24
29	24
29	24
29	24
29	24
29	24
29	24
29	24
29	24
29	24
29	24
29	24
29	24
29	24
29	24
29	24
30	24
30	24
30	24
30	24
30	24
30	24
30	24
30	24
30	24
30	24
30	24
30	24
30	24
30	24
30	24
30	24
30	24
30	24
30	24
30	24
30	24
30	24
30	24
30	24
30	24
30	24
30	24
30	24
30	24
30	24
30	24
30	24
30	24
30	24
30	24
30	24
30	24
30	24
30	24
30	24
30	24
30	24
30	24
30	24
30	24
30	24
30	24
30	24
30	24
30	24
30	24
31	24
31	24
31	24
31	24
31	24
31	24
31	24
31	24
31	24
31	24
31	24
32	24
32	24
32	24
32	24
32	24
32	24
32	24
32	24
32	24
32	24
32	24
32	24
32	24
32	24
32	24
32	24
32	24
32	24
32	24
32	24
32	24
32	24
32	24
33	24
33	25
33	25
33	25
33	25
33	25
33	25
33	25
33	25
33	25
33	25
33	25
33	25
33	25
33	25
33	25
33	25
33	25
33	25
33	25
33	25
33	25
33	25
33	25
34	25
34	25
34	25
34	25
34	25
34	25
34	25
34	25
34	25
34	25
34	25
35	25
35	25
35	25
35	25
35	25
35	25
35	25
35	25
35	25
36	25
36	25
36	25
36	25
36	25
36	25
36	25
36	25
36	25
36	25
36	25
36	25
36	25
36	25
36	25
36	25
36	25
36	25
36	25
36	25
36	25
36	25
37	25
37	26
37	26
37	26
37	26
37	26
37	26
37	26
37	26
37	26
37	26
37	26
37	26
37	26
37	26
37	26
37	26
37	26
37	26
37	26
37	26
37	26
37	26
37	26
37	26
37	26
37	26
37	26
37	26
37	26
37	26
37	26
37	26
37	26
37	26
37	26
37	26
37	26
37	26
37	26
37	27
37	27
37	27
37	27
37	28
37	28
37	28
37	28
37	28
38	28
38	29
38	29
38	30
38	30
38	30
38	30
38	30
38	30
38	30
38	30
38	30
38	30
38	30
38	30
38	30
38	30
38	30
38	30
38	30
38	30
38	30
38	30
38	30
38	30
38	30
38	30
38	30
38	30
38	30
38	30
38	30
38	30
38	30
38	30
38	30
38	30
38	30
38	30
38	30
38	30
38	30
38	30
38	30
38	30
38	30
38	30
38	30
38	30
38	30
38	30
38	30
38	30
38	30
38	30
38	30
38	30
38	30
38	30
38	30
38	30
38	30
38	30
38	30
38	30
38	30
38	30
38	30
38	30
38	30
38	30
38	30
38	30
38	30
38	30
38	30
38	30
38	30
38	30
38	30
38	30
38	30
38	30
38	30
38	30
38	30
38	30
38	30
38	30
38	30
38	30
38	30
38	30
38	30
38	30
38	30
38	30
38	30
38	30
38	30
38	30
38	30
38	30
38	30
38	30
38	30
38	30
38	30
38	30
38	30
38	30
38	30
38	30
38	30
38	30
38	30
38	31
38	31
38	31
38	31
38	31
39	31
39	31
39	31
40	31
40	31
40	31
40	31
40	31
40	31
40	31
40	31
40	31
40	31
40	31
40	31
40	31
40	31
40	31
40	31
40	31
40	31
40	31
40	31
40	31
40	31
40	31
40	31
40	31
40	31
40	31
40	31
40	31
41	31
41	32
41	32
41	32
41	32
41	32
41	32
41	32
41	32
41	32
41	32
41	32
41	32
41	32
41	32
41	32
41	32
41	32
41	32
41	32
41	32
41	32
41	32
41	32
41	32
41	32
41	32
41	32
41	32
41	32
41	32
41	32
41	32
41	32
41	32
41	32
41	32
41	32
42	32
42	33
42	33
42	33
42	33
42	33
42	33
42	33
42	33
42	33
42	33
42	33
42	33
42	33
42	33
42	33
42	33
42	33
42	33
42	33
42	33
42	33
42	33
42	33
42	33
42	33
42	33
42	33
42	33
42	33
42	33
42	33
42	33
42	33
42	33
42	33
42	33
42	33
42	33
42	33
42	33
42	33
42	33
42	33
42	33
42	33
42	33
42	33
42	33
42	33
43	33
43	34
43	34
43	34
43	34
43	34
43	34
43	34
43	34
43	34
43	34
43	34
43	34
43	34
43	34
43	34
43	34
43	34
43	34
43	34
43	34
43	34
43	34
43	34
43	34
43	34
43	34
43	34
43	34
43	34
43	34
43	34
43	34
43	34
43	34
43	34
43	34
43	34
43	34
43	34
43	34
43	34
43	34
43	34
43	34
43	34
43	34
43	34
43	34
43	34
43	34
43	34
43	34
43	34
43	34
43	34
43	34
43	34
43	34
43	34
43	34
43	34
43	34
43	34
43	34
43	34
43	34
43	34
43	34
43	34
43	34
43	34
43	34
44	34
44	34
44	34
44	34
44	34
44	34
44	34
44	34
44	34
44	34
44	34
44	34
44	34
44	34
44	34
44	34
44	34
44	34
44	34
44	34
44	34
44	34
44	34
44	34
44	34
44	34
44	34
44	34
44	34
44	34
44	34
44	34
44	34
44	34
44	34
44	34
44	34
44	34
44	34
44	34
44	34
44	34
44	34
44	34
44	34
44	34
44	34
44	34
44	34
44	34
44	34
44	34
44	34
44	34
44	34
44	34
44	34
44	34
44	34
44	34
44	34
44	34
44	34
44	34
44	34
44	34
44	34
44	34
44	34
44	34
44	34
44	34
44	34
44	34
44	34
44	34
44	34
44	34
45	34
45	34
45	34
45	34
45	34
45	34
45	34
45	34
45	34
45	34
45	34
45	34
45	34
45	34
45	34
45	34
45	34
45	34
45	34
45	34
45	35
45	35
45	35
45	35
45	35
45	35
45	35
45	35
45	35
45	35
45	35
45	35
45	35
45	35
45	35
45	35
45	35
45	35
45	35
45	35
45	35
45	35
45	35
45	35
45	35
45	35
45	35
45	35
45	35
45	35
45	35
45	35
45	35
45	35
45	35
45	35
45	35
45	35
45	35
45	35
45	35
45	35
45	35
45	35
45	35
45	35
45	35
45	35
46	35
46	36
46	36
46	36
46	36
46	36
47	36
47	37
47	37
47	37
47	37
47	37
47	37
47	37
47	37
47	37
47	37
47	37
47	37
47	37
48	37
48	38
48	38
48	38
48	38
48	38
48	38
48	38
48	38
48	38
48	38
48	38
48	38
48	38
48	38
48	38
48	38
48	38
49	38
49	39
49	39
49	39
49	39
49	39
49	39
49	39
49	39
49	39
49	39
49	39
49	39
49	39
49	39
49	39
49	39
49	39
49	39
49	39
49	39
49	39
49	39
49	39
49	39
49	40
49	40
49	40
49	40
49	40
49	40
49	40
49	40
49	40
49	40
49	40
49	40
49	40
49	40
49	40
49	40
49	40
49	40
49	40
49	40
49	40
49	40
49	40
49	40
49	40
49	40
49	40
49	40
49	40
49	40
49	40
49	40
49	40
49	40
49	40
49	40
49	40
49	40
49	40
49	40
49	40
49	40
49	40
49	40
49	40
49	40
49	40
49	40
49	40
49	40
49	40
49	40
49	40
49	40
49	40
49	40
49	40
49	40
49	40
49	40
49	40
49	40
49	41
49	41
49	41
49	41
49	41
49	41
49	41
49	41
49	41
49	41
49	41
49	41
49	41
49	42
49	42
49	42
49	42
49	42
49	42
49	42
49	42
49	42
49	42
49	42
49	43
49	43
49	43
50	43
50	44
50	44
50	45
50	45
50	45
50	45
50	45
50	45
50	45
50	45
50	45
50	45
50	45
50	45
50	45
50	45
50	45
50	45
50	45
50	45
50	45
50	45
50	45
50	45
50	45
50	45
50	45
50	45
50	45
50	45
50	45
50	45
51	45
51	45
51	45
51	45
51	45
51	45
51	45
52	45
52	45
52	45
52	45
52	45
52	45
52	45
52	45
52	45
52	45
52	45
52	45
52	45
52	45
52	45
52	45
52	45
52	45
52	45
52	45
52	45
52	45
52	45
52	45
52	45
52	45
52	45
52	45
52	45
52	45
52	45
52	45
52	45
52	46
52	46
52	46
52	46
53	46
53	46
53	46
53	46
53	46
53	46
53	46
53	46
53	46
53	46
53	46
53	46
53	46
53	46
53	46
53	46
53	46
53	46
54	46
54	46
54	46
54	46
54	46
54	46
54	46
54	46
54	46
54	46
54	46
54	46
54	46
54	46
54	46
54	46
54	46
54	46
54	46
54	46
54	46
54	46
54	46
54	46
55	46
55	46
55	46
55	46
55	46
55	46
55	46
55	46
55	46
55	46
55	46
55	46
55	46
55	46
55	46
55	46
55	46
55	46
55	47
56	47
56	47
56	47
56	47
56	47
56	47
56	47
56	47
56	47
56	47
56	47
56	47
56	47
56	47
56	47
56	47
56	47
56	47
57	47
57	48
57	48
57	48
57	48
57	48
57	48
57	48
57	48
57	48
57	48
57	48
58	48
58	48
58	48
58	48
58	48
58	48
58	48
58	48
58	48
58	48
58	48
58	48
58	48
58	48
58	48
58	48
59	48
60	48
60	48
60	48
60	48
60	48
60	48
60	48
60	49
60	49
60	49
60	49
60	49
60	49
60	49
60	49
60	49
60	50
60	50
60	50
60	50
60	50
60	50
60	50
60	50
60	50
60	50
60	50
60	50
60	50
60	50
60	50
60	50
60	50
60	50
60	50
60	50
60	50
60	50
60	50
60	50
60	50
60	50
60	50
60	50
60	50
60	50
60	50
60	50
60	50
60	50
60	50
60	50
60	50
60	50
60	50
60	50
60	50
60	50
60	50
60	50
60	50
60	50
60	50
60	50
60	50
61	50
61	50
61	50
61	50
61	50
61	50
61	50
61	50
61	50
61	50
61	50
61	50
61	50
61	50
61	50
61	50
61	50
61	50
61	50
61	50
61	50
61	50
61	50
61	50
61	50
62	50
62	51
62	51
62	51
62	51
62	51
63	51
63	52
63	52
63	52
63	52
63	52
63	52
63	52
63	52
63	52
63	52
63	52
63	52
63	52
63	52
63	52
63	52
63	52
63	52
63	52
63	52
63	52
63	52
63	52
64	52
64	53
64	53
64	53
64	53
64	53
64	53
64	53
64	53
64	54
64	55
64	55
64	55
64	55
64	55
64	55
64	55
64	56
64	56
64	56
64	56
65	56
65	56
65	56
65	56
65	56
65	56
65	56
65	56
65	56
65	56
65	56
65	56
65	56
66	56
66	57
66	57
66	57
66	57
66	57
66	57
66	57
66	57
67	57
67	57
67	57
67	57
67	57
67	57
67	57
67	57
67	57
67	57
67	57
67	57
67	57
67	57
67	57
67	57
67	57
67	57
67	57
67	57
67	57
67	57
67	57
67	57
67	57
67	57
67	57
67	57
67	57
67	57
67	57
68	57
68	58
68	58
68	58
68	58
68	58
68	58
68	58
68	58
68	58
68	58
68	58
68	58
68	58
69	58
69	58
69	58
69	58
69	58
69	58
69	58
69	58
69	58
70	58
70	59
70	59
70	59
70	59
70	59
70	59
70	59
70	59
70	59
70	59
70	59
70	59
70	59
70	59
70	59
70	59
70	59
70	59
70	59
70	59
70	59
70	59
70	59
70	59
70	60
70	60
70	60
70	60
70	60
70	60
70	60
70	61
71	61
71	62
71	62
71	62
71	62
71	62
71	62
71	62
71	62
71	62
71	62
71	62
71	62
71	62
71	62
71	62
71	62
71	62
71	62
71	62
71	62
71	62
71	62
71	62
71	62
71	63
72	63
72	64
72	64
72	64
72	64
72	64
72	64
72	64
72	64
72	64
72	64
73	64
73	65
73	65
74	65
74	65
74	65
74	65
74	65
74	65
74	65
74	65
74	65
74	65
74	65
74	65
74	65
74	65
74	65
74	65
74	65
74	65
74	65
74	65
74	65
74	65
74	66
74	66
74	66
74	66
74	66
74	66
74	66
74	66
74	66
74	66
74	66
74	66
74	66
74	66
74	66
74	66
74	66
74	66
74	66
74	66
74	66
74	66
74	66
74	66
74	67
74	67
74	67
74	67
74	67
74	67
74	67
74	67
74	67
74	67
74	67
74	67
74	67
74	67
74	67
74	67
74	67
74	67
74	67
74	67
74	67
74	67
74	67
74	67
74	67
74	67
74	67
74	67
74	67
74	67
74	67
74	67
74	67
74	67
74	67
74	67
74	67
74	67
74	67
74	67
74	67
74	67
74	67
74	67
74	67
74	67
74	67
74	67
74	67
74	67
74	67
74	67
75	67
75	67
75	67
75	67
75	67
75	67
75	67
75	67
75	67
75	67
75	67
75	67
75	67
75	67
75	67
75	67
75	67
75	68
75	68
75	68
75	68
75	68
75	68
75	68
75	68
75	68
75	68
75	68
76	68
76	69
77	69
77	69
77	69
77	69
77	69
77	69
77	69
77	69
77	69
77	69
77	69
77	69
77	69
77	69
77	69
77	69
77	69
77	69
77	69
77	69
78	69
78	69
78	69
78	69
78	69
78	69
78	69
78	70
78	70
78	70
78	70
78	70
78	70
78	70
79	70
79	70
79	70
79	70
79	70
79	70
79	71
79	71
79	71
79	71
79	71
79	71
79	71
79	72
79	72
79	72
79	72
79	72
79	72
79	72
79	72
79	72
79	72
79	72
79	72
79	72
79	72
79	72
79	72
79	72
79	72
79	73
79	73
79	73
79	73
79	73
79	73
79	73
79	73
79	73
80	73
80	73
80	73
80	73
80	73
80	73
80	73
80	73
80	73
80	73
80	73
80	73
80	73
80	73
80	73
80	73
80	73
80	73
80	73
80	73
80	73
81	73
81	74
81	74
81	74
81	74
81	74
81	74
81	74
81	74
81	74
81	74
81	74
81	74
81	74
81	74
81	74
81	74
81	74
81	74
81	74
81	74
81	74
81	74
81	74
81	74
81	74
81	74
81	74
81	74
81	74
81	74
81	74
81	74
81	74
81	74
81	74
81	74
81	74
81	74
81	74
81	74
81	74
81	74
81	74
81	74
81	74
81	74
81	74
81	74
81	74
81	74
81	74
81	74
81	74
81	74
81	74
81	74
81	74
81	74
81	74
81	74
81	74
81	74
81	74
81	74
81	74
81	74
81	74
81	74
81	74
81	74
81	74
81	74
81	74
81	74
81	74
81	74
81	74
81	74
81	74
81	74
81	74
81	74
81	74
81	74
81	74
81	75
81	75
81	75
81	75
81	75
81	75
81	75
81	75
81	75
81	75
81	75
81	75
81	75
81	75
81	75
81	75
81	75
81	75
81	75
81	75
81	75
81	75
81	75
81	75
81	75
81	75
81	75
81	75
81	75
81	75
81	75
81	75
81	75
81	75
81	75
81	75
81	75
81	75
81	75
81	75
81	75
81	75
81	75
81	75
81	75
81	75
81	75
81	75
81	75
81	75
81	75
81	75
81	75
81	75
81	75
81	75
81	75
81	75
81	75
81	75
81	75
81	75
81	75
81	75
81	75
81	75
81	75
81	75
81	75
81	75
81	75
81	75
81	75
81	75
81	75
81	75
81	75
81	75
81	75
81	75
81	75
81	75
81	75
81	75
81	75
81	75
81	75
81	75
81	75
81	75
81	75
81	75
81	75
81	75
81	75
81	75
81	75
81	75
81	75
81	75
81	75
81	75
81	75
81	75
81	75
81	75
81	75
81	75
81	75
81	75
81	75
81	75
81	75
81	75
81	75
81	75
81	75
81	75
81	75
81	75
81	75
81	75
81	75
81	75
81	75
81	75
81	75
81	75
81	75
81	75
81	75
81	75
81	75
81	75
81	75
81	75
81	75
81	75
81	75
81	75
81	75
81	75
81	75
81	75
81	75
81	75
81	75
81	75
81	75
81	75
81	75
81	75
81	75
81	75
81	75
81	75
81	75
81	75
81	75
81	75
81	75
81	75
81	75
81	75
81	75
81	75
81	75
81	75
81	75
81	75
81	75
81	75
81	75
81	75
81	75
81	75
81	75
81	75
81	75
81	75
81	75
81	75
81	75
81	75
81	75
81	75
81	75
81	75
81	75
81	75
81	75
81	75
81	75
81	75
82	75
82	76
82	76
82	76
82	76
82	76
82	76
82	76
82	76
82	76
82	76
82	76
82	76
82	76
82	76
82	76
82	76
82	76
82	76
82	76
82	76
82	76
82	76
82	76
82	76
82	76
82	76
82	76
82	76
82	76
82	76
82	76
82	76
82	76
82	76
82	76
82	76
82	76
82	76
82	76
82	76
82	76
82	76
82	76
82	76
82	76
82	76
82	76
82	76
82	76
82	76
82	77
82	77
82	77
82	77
82	77
82	77
83	77
83	78
83	78
83	78
83	78
83	79
83	79
83	79
83	79
83	79
83	79
83	79
83	79
83	79
83	79
83	79
83	79
83	79
83	79
83	79
83	79
83	79
83	79
83	79
83	79
83	79
83	79
83	79
83	79
83	79
83	79
83	79
83	79
83	79
83	79
83	79
83	79
83	79
83	79
83	79
83	79
83	79
83	79
83	79
83	79
83	79
83	79
83	79
83	79
83	79
83	79
83	79
83	79
83	79
83	79
83	79
83	79
83	79
83	79
83	79
83	79
83	79
83	79
83	79
83	79
83	79
83	79
83	79
83	79
83	79
83	79
83	79
83	79
83	79
83	79
83	79
83	79
83	79
83	79
83	79
83	79
83	79
83	79
83	79
83	79
83	79
83	79
83	79
83	79
83	79
83	79
83	79
84	79
84	79
84	79
84	79
84	79
84	79
84	79
84	79
84	79
84	79
84	79
84	79
84	79
84	79
84	79
84	79
84	79
84	79
84	79
84	79
84	79
84	79
84	79
84	79
84	79
84	79
84	79
85	79
85	79
85	79
85	79
85	79
85	79
85	79
85	79
85	79
85	79
85	79
85	79
85	79
85	79
85	79
85	79
85	79
85	79
85	79
85	79
85	79
85	79
85	79
85	79
85	79
85	79
85	79
85	79
85	79
85	79
85	79
85	79
85	79
85	80
85	80
85	80
85	80
85	80
86	80
86	80
86	80
86	80
86	80
86	80
86	80
86	80
86	80
86	80
86	80
86	80
87	80
87	80
87	80
87	80
87	80
87	80
87	80
87	80
87	80
88	80
88	80
89	80
89	81
89	81
89	81
89	81
90	81
90	82
90	82
90	82
90	82
90	82
90	82
91	82
91	82
91	82
91	82
91	82
91	82
91	82
91	82
91	82
91	82
91	82
91	82
91	83
91	83
91	83
91	83
91	83
91	83
91	83
91	83
91	83
91	83
91	83
91	83
91	83
91	84
91	84
91	84
91	84
91	84
91	84
91	84
91	84
91	84
91	84
91	84
91	84
91	84
91	84
91	84
91	84
91	84
91	84
91	84
91	84
91	84
91	84
91	84
91	84
91	84
91	84
91	84
91	84
91	84
91	84
91	84
91	84
91	84
91	84
91	84
91	84
92	84
92	85
92	85
92	85
92	85
92	85
92	85
92	85
92	85
92	85
92	85
92	85
92	85
92	85
92	85
92	85
92	85
92	85
92	85
93	85
93	85
93	85
93	85
93	85
93	85
93	85
93	85
93	85
93	85
93	85
93	85
93	85
93	85
93	85
93	85
93	85
93	85
93	85
93	85
93	85
93	85
93	85
93	85
93	85
93	85
93	85
93	85
93	85
93	85
93	85
93	85
93	85
93	85
93	85
93	85
93	85
93	85
93	85
93	85
93	85
93	85
93	85
93	85
93	85
93	85
93	85
93	85
93	85
93	85
94	85
94	85
94	85
94	85
94	85
94	85
94	85
94	85
94	85
94	85
94	85
94	85
94	85
94	85
94	85
94	85
94	85
94	85
94	85
94	85
94	85
94	85
94	85
94	85
94	85
94	85
94	85
94	85
94	85
94	85
94	85
94	85
94	85
94	85
94	85
94	85
94	85
94	85
94	85
94	85
94	85
94	85
94	85
94	85
94	85
95	85
95	86
95	86
95	86
95	86
95	86
95	86
95	86
95	86
95	86
95	86
96	86
96	86
96	86
96	86
97	86
97	87
97	87
97	87
97	87
97	87
97	87
97	87
97	87
97	87
97	87
97	87
97	87
97	87
97	87
97	87
97	87
97	87
97	87
97	87
97	87
97	87
97	87
97	88
98	88
98	89
98	89
98	89
99	89
99	89
100	89
100	90
100	90
100	90
100	90
100	90
100	90
100	90
100	90
100	90
100	90
100	90
100	90
100	90
100	90
100	90
100	90
100	90
100	90
100	90
100	90
100	90
101	90
101	90
101	90
102	90
102	90
102	90
102	90
102	90
102	90
102	90
102	90
102	90
102	90
102	90
102	90
102	90
102	90
102	90
102	90
102	90
102	90
102	90
102	90
102	90
102	90
102	90
102	90
102	90
102	90
102	90
102	90
102	90
102	90
102	90
102	91
102	91
102	91
102	92
102	92
102	92
102	92
102	92
102	92
102	92
102	92
102	92
103	92
103	92
103	92
103	92
103	92
103	92
103	92
103	92
103	92
103	92
103	92
103	92
103	92
103	92
103	92
103	92
103	92
103	92
103	92
103	92
103	92
103	92
103	92
103	92
103	92
103	92
103	92
104	92
104	93
104	93
105	93
105	94
105	94
105	94
105	94
106	94
106	95
106	95
106	95
106	95
106	95
106	95
106	95
106	95
106	95
106	95
106	95
106	95
106	95
106	95
106	95
106	95
106	95
106	95
106	95
106	95
106	95
106	96
106	96
106	96
107	96
107	96
108	97
108	97
108	98
108	98
108	98
108	98
108	98
108	98
108	98
108	98
108	98
108	98
108	98
108	98
108	98
108	98
108	98
109	98
109	99
109	99
109	99
109	99
109	99
109	99
109	99
109	99
109	99
109	99
109	99
109	99
109	99
109	99
109	99
109	99
109	99
109	99
109	99
109	99
109	99
109	100
109	100
109	100
109	100
109	100
109	100
109	100
109	100
109	100
109	100
109	100
109	100
109	100
109	100
109	100
109	100
109	100
109	100
109	100
109	100
109	100
109	100
109	100
109	100
109	100
109	100
109	100
109	100
109	100
109	100
110	100
110	101
110	101
110	101
110	101
110	101
110	101
110	102
110	102
110	102
110	102
110	102
110	102
110	102
110	103
110	103
110	103
110	103
110	103
110	103
111	103
111	103
111	103
111	103
111	103
112	103
112	103
112	103
112	103
112	103
112	103
112	103
112	103
112	103
112	103
112	103
112	103
112	103
113	103
113	104
113	104
113	104
114	104
114	104
114	104
114	104
114	104
114	104
114	104
114	104
114	104
114	104
115	104
115	104
115	104
115	104
115	104
115	104
116	104
116	105
116	105
116	105
116	105
116	105
116	105
116	105
116	105
116	105
116	105
116	105
116	105
116	105
116	105
116	105
116	105
117	105
118	106
118	107
118	107
118	107
118	107
119	107
119	108
120	108
120	108
120	108
120	108
120	108
120	108
121	108
121	108
121	108
121	108
121	108
121	108
121	108
121	108
121	108
121	108
121	108
121	108
121	108
121	108
121	108
121	108
121	108
121	108
121	108
122	108
122	108
122	108
122	108
122	108
122	108
122	108
122	108
122	108
122	108
122	108
122	108
122	108
122	108
122	108
122	108
122	108
122	108
122	108
122	108
122	108
122	108
122	108
122	108
122	108
122	108
122	108
122	109
122	109
122	109
122	109
122	109
122	109
123	109
123	110
123	110
123	110
123	110
123	110
123	110
123	110
123	110
123	110
123	110
123	110
123	110
123	110
123	110
123	110
123	110
123	110
123	110
123	110
123	110
123	110
123	110
123	110
123	110
123	110
123	110
123	110
123	110
123	110
123	110
123	110
123	110
123	110
123	110
123	110
123	110
123	110
123	110
123	110
123	110
123	110
123	110
123	110
123	110
123	110
123	110
123	110
123	110
123	110
123	110
123	110
123	110
123	110
123	110
123	110
123	110
124	110
124	111
124	111
124	111
124	111
124	111
124	111
124	111
124	111
124	111
124	111
124	111
124	111
124	111
124	111
124	111
124	111
124	111
124	111
124	111
124	111
124	111
124	111
124	111
124	111
124	111
124	111
124	111
124	111
124	111
124	111
124	111
124	111
124	111
124	111
124	111
124	111
124	111
124	111
124	112
124	112
124	113
124	113
124	113
124	113
124	113
124	113
124	113
124	113
124	113
124	113
124	113
124	113
124	113
124	113
124	113
124	113
124	113
124	113
124	113
124	113
124	113
124	113
124	113
124	113
125	114
125	115
126	115
126	115
126	115
126	115
126	115
126	115
126	115
126	115
126	115
126	115
126	115
126	115
126	115
126	115
126	115
126	115
126	115
126	115
126	115
126	115
126	115
126	115
126	115
126	115
126	115
126	115
126	115
126	115
126	115
126	115
126	115
126	115
126	115
126	115
126	115
126	115
126	115
126	115
126	115
126	115
126	115
126	115
126	115
126	115
126	115
126	115
126	115
126	115
126	115
126	115
126	115
127	115
128	116
128	116
128	117
128	117
128	117
128	117
128	117
128	117
128	117
128	117
128	117
128	117
128	117
128	117
128	117
128	117
128	117
128	117
128	117
128	117
128	117
128	117
128	117
128	117
128	117
128	117
128	117
128	117
128	117
128	117
128	117
128	117
128	117
128	117
128	117
128	117
128	117
128	117
128	117
128	117
128	118
128	118
128	118
128	118
128	118
128	118
128	118
128	118
128	118
128	118
128	118
128	118
128	118
128	118
128	118
128	118
128	118
128	118
128	118
128	118
128	118
128	118
128	118
128	118
128	118
128	118
128	118
128	118
128	118
128	118
128	118
128	118
128	118
128	118
128	118
128	118
128	118
128	118
128	119
128	119
128	119
128	119
128	119
128	119
128	119
128	119
128	119
128	119
128	119
128	119
128	119
128	119
128	119
128	119
128	119
128	119
128	119
128	119
128	119
128	119
128	119
128	119
128	119
128	119
128	119
128	119
128	119
128	119
128	119
128	119
128	119
128	119
128	119
128	119
128	119
128	119
128	119
128	119
128	119
128	119
128	119
128	119
128	119
128	119
128	120
128	120
128	120
128	120
128	120
128	120
128	120
128	120
128	120
128	120
128	120
128	120
128	120
128	120
128	120
128	120
128	120
128	120
128	120
128	120
128	120
128	120
128	120
128	120
128	120
128	120
128	120
128	120
128	120
128	120
128	120
128	120
128	120
128	120
128	120
128	120
128	120
128	120
128	120
128	120
128	120
128	120
128	120
128	120
128	120
128	120
128	120
128	120
128	120
128	120
128	120
128	120
128	120
128	120
128	120
128	120
128	120
128	120
128	120
128	120
128	120
128	120
128	120
128	120
128	120
128	120
128	120
128	120
128	120
128	120
128	120
128	120
128	120
128	120
128	120
128	121
128	121
128	121
128	121
128	121
128	121
128	121
128	121
128	121
128	121
128	121
128	121
128	121
128	121
128	121
128	121
128	121
128	121
128	121
128	121
128	121
128	121
128	121
128	121
128	121
128	121
128	121
128	121
128	121
128	121
128	121
128	121
128	121
128	121
128	121
128	121
128	121
128	121
128	121
128	121
128	121
128	121
128	121
128	121
128	121
128	121
128	121
128	121
128	121
128	121
128	121
128	121
128	121
128	121
128	121
128	121
128	121
128	121
128	121
128	121
129	121
129	122
129	122
130	122
130	123
130	123
130	123
130	123
130	123
130	123
130	123
130	123
130	123
130	123
130	123
130	123
130	123
130	123
130	123
130	123
130	123
130	123
130	123
130	123
130	124
130	124
130	124
130	124
130	124
130	124
130	124
130	124
130	124
130	124
130	124
130	124
130	124
130	124
130	124
130	124
130	124
130	124
130	124
130	124
131	124
131	125
131	125
132	125
133	126
133	126
133	126
133	126
133	126
133	126
133	126
133	126
133	126
133	126
133	126
133	126
133	126
133	126
134	126
134	127
134	127
134	127
134	127
134	127
134	127
134	127
135	127
135	128
135	128
136	128
136	129
136	129
136	129
136	129
136	129
136	129
136	129
136	129
136	129
136	129
136	129
136	129
136	129
136	129
136	129
136	129
136	129
136	129
136	129
136	129
136	129
136	129
136	129
136	129
136	129
136	129
136	129
136	129
136	129
136	129
136	129
136	129
136	129
136	129
136	129
136	129
136	129
136	129
136	129
137	129
137	130
137	130
137	130
137	130
137	130
137	130
137	130
137	130
137	130
137	130
138	130
138	130
138	130
138	130
138	130
138	130
138	130
138	130
139	131
140	132
140	133
140	133
140	133
140	133
140	133
140	134
141	134
141	134
141	134
141	134
141	134
141	135
141	135
141	135
141	135
141	135
141	135
141	135
141	136
141	136
141	136
141	136
141	136
141	136
141	136
141	136
141	136
141	136
141	136
141	136
141	136
141	136
141	136
141	136
141	136
141	136
141	136
141	136
141	136
142	136
142	136
142	137
142	138
142	138
142	138
142	138
143	138
143	139
143	139
143	139
143	139
143	139
143	139
143	139
143	139
143	139
143	139
143	140
143	140
143	141
143	141
143	141
143	141
143	141
143	141
143	141
143	141
143	142
143	142
143	142
143	142
143	142
143	142
143	142
143	142
143	142
143	142
143	142
143	142
143	142
143	142
143	142
144	142
144	142
144	142
144	142
144	142
144	142
144	142
144	142
144	142
144	142
144	142
144	142
144	142
144	142
144	142
144	142
144	142
144	142
144	142
144	142
144	142
144	142
145	142
145	143
145	143
145	143
145	143
145	143
145	143
145	143
145	143
145	143
145	143
145	143
145	143
145	143
145	143
145	143
145	143
145	143
146	143
146	143
146	143
146	143
146	143
146	143
146	143
146	143
146	143
146	143
146	143
146	143
146	144
146	144
146	145
146	145
146	145
146	145
146	145
146	145
146	145
146	145
146	145
146	145
146	145
146	145
146	145
146	145
146	145
146	145
146	145
146	145
146	145
146	145
146	145
146	145
146	145
146	145
146	145
146	145
146	145
146	145
146	145
146	145
146	146
146	146
146	146
146	146
146	146
146	146
146	146
146	146
146	146
146	146
146	146
146	146
146	146
146	146
146	146
146	146
146	146
146	146
146	146
146	146
146	146
146	146
146	146
146	146
147	146
147	147
147	147
147	147
147	147
147	147
147	147
147	147
147	147
148	147
148	148
148	148
148	148
148	148
148	148
148	148
148	148
148	148
148	148
148	148
148	148
148	148
148	148
148	148
148	148
148	148
148	148
148	148
148	148
148	149
148	149
148	149
148	149
148	149
148	149
148	149
148	149
148	149
148	149
148	149
149	149
149	149
149	149
149	149
149	149
149	149
149	149
149	149
149	149
149	149
149	149
149	149
149	149
149	150
150	150
150	151
150	151
150	151
150	151
150	151
150	151
150	151
150	151
150	151
150	151
150	151
150	151
150	151
150	151
150	151
150	151
150	151
150	152
150	152
150	152
150	152
151	152
151	152
151	152
151	152
151	152
151	152
151	152
151	152
151	152
151	152
151	152
151	152
151	152
151	152
151	152
151	152
151	152
151	152
151	152
151	152
151	152
151	152
151	152
152	152
152	152
152	152
152	152
152	152
152	152
152	152
152	152
152	152
152	152
152	152
152	152
152	152
152	152
152	152
152	153
152	153
152	153
152	153
152	153
152	153
152	153
152	153
152	153
152	153
152	154
152	154
152	154
152	154
152	154
152	154
152	154
152	154
152	154
152	154
152	154
152	154
152	154
152	154
152	154
152	154
153	154
153	155
153	155
153	155
153	155
153	155
153	155
153	155
153	156
153	156
153	156
153	156
153	156
153	156
153	156
153	156
153	156
153	156
153	156
153	156
153	156
153	156
153	156
153	156
153	156
154	156
154	157
154	157
154	157
154	157
154	157
154	157
154	157
154	157
154	157
154	157
154	157
154	157
154	157
154	157
154	157
154	157
154	157
154	157
154	157
154	157
154	157
154	157
154	157
154	157
154	157
154	157
154	157
154	157
154	157
154	157
154	157
154	157
154	157
154	157
154	157
154	157
154	157
154	157
154	157
154	157
155	157
155	158
155	158
155	158
155	158
155	158
155	158
155	158
155	158
155	158
155	158
155	158
155	158
155	158
155	158
155	158
155	158
155	158
155	158
155	158
155	158
155	158
155	158
155	158
155	158
155	158
155	158
155	158
155	158
155	158
155	158
155	158
155	158
155	158
155	158
155	158
155	158
155	158
155	158
155	158
155	158
155	158
155	158
155	158
155	158
155	158
155	158
155	158
155	158
155	158
155	158
155	158
155	158
155	158
155	158
155	158
155	158
155	158
155	158
155	158
155	158
155	158
155	158
155	158
155	158
155	158
156	158
156	158
156	158
156	158
156	158
156	158
156	158
156	158
156	158
156	158
156	158
156	158
156	-1
156	-1
156	-1
156	-1
156	-1
156	-1
156	-1
156	-1
