       1   10
       2   10
       3   10
       4   10
       5   10
       6   10
       7   10
       8   10
       9   10
      10   10
      11   10
      12   10
      13   10
      14   12
      15   12
      16   12
      17   12
      18   12
      19   12
      20    1
      21    1
      22    1
      23    1
      24    1
      25    1
      26    1
      27    1
      28    1
      29   12
      30   12
      31    4
      32    4
      33    4
      34    4
      35    4
      36    4
      37    4
      38    4
      39    4
      40    5
      41    3
      42    6
      43   12
      44   12
      45   12
      46   12
      47    8
      48   12
      49   12
      50   12
      51   12
      52   12
      53   12
      54   12
      55   10
      56   10
      57   10
      58   10
      59   10
      60   10
      61   10
      62   10
      63   10
      64   10
      65   10
      66   10
      67   10
      68   10
      69   10
      70   10
      71   10
      72   10
      73   10
      74   10
      75   10
      76   10
      77   10
      78   10
      79   10
      80    6
      81    5
      82    3
      83    3
      84    3
      85    3
      86    3
      87    3
      88    3
      89    3
      90    3
      91    5
      92    3
      93    3
      94    3
      95    3
      96    3
      97    1
      98    1
      99   12
     100   12
     101   12
     102   12
     103    8
     104   12
     105   12
     106    7
     107    6
     108    5
     109    3
     110    1
     111    1
     112    1
     113    1
     114    3
     115    1
     116   12
     117   12
     118   12
     119   12
     120    1
     121   12
     122   12
     123   12
     124   12
     125   12
     126    2
     127   12
     128   12
     129   12
     130    8
     131    8
     132    8
     133   12
     134   12
     135   12
     136    4
     137    4
     138    4
     139    4
     140    4
     141    4
     142    4
     143    4
     144   12
     145   12
     146   12
     147   12
     148   12
     149   12
     150   12
     151   12
     152   12
     153   12
     154   12
     155   12
     156   12
     157   12
     158   12
     159   12
     160   12
     161   12
     162    7
     163    8
     164   12
     165    8
     166   12
     167   12
     168   12
     169   12
     170   12
     171   12
     172   12
     173   12
     174   12
     175    8
     176   12
     177   12
     178   12
     179   12
     180   12
     181    8
     182   12
     183   12
     184   12
     185   12
     186    8
     187   12
     188   12
     189   12
     190   12
     191   12
     192   12
     193   12
     194   12
     195   12
     196   12
     197   12
     198   12
     199   12
     200   12
     201   12
     202   12
     203   12
     204    8
     205    8
     206    8
     207   12
     208   12
     209   12
     210   12
     211   12
     212   12
     213   12
     214   12
     215   12
     216   12
     217   12
     218   12
     219   12
     220   12
     221   12
     222   12
     223   12
     224   12
     225   12
     226   13
     227   13
     228   13
     229   13
     230   13
     231   13
     232   13
     233   13
     234   13
     235   13
     236   13
     237   13
     238   13
     239   13
     240   13
     241   12
     242   12
     243   12
     244    8
     245   12
     246   12
     247   12
     248   12
     249   12
     250   12
     251   12
     252   12
     253   12
     254   12
     255    8
     256    8
     257   12
     258   12
     259   12
     260   12
     261   12
     262   12
     263   12
     264   12
     265   12
     266   12
     267   12
     268   12
     269   12
     270   12
     271   12
     272   12
     273   12
     274    7
     275    8
     276    7
     277    8
     278   12
     279   13
     280   13
     281   13
     282   13
     283   13
     284   13
     285   13
     286   13
     287   13
     288   13
     289   13
     290   13
     291   13
     292   13
     293   13
     294   13
     295   13
     296   13
     297   13
     298   13
     299   13
     300   13
     301   13
     302   13
     303   13
     304   13
     305   13
     306   13
     307   13
     308   13
     309   12
     310   12
     311   10
     312   12
     313   12
     314   12
     315   12
     316   12
     317    7
     318    7
     319    6
     320   12
     321    9
     322   15
     323   15
     324   15
     325   15
     326   15
     327   15
     328   15
     329   15
     330   15
     331   15
     332   15
     333   15
     334   13
     335   13
     336   13
     337   13
     338   13
     339   13
     340   13
     341   13
     342   12
     343   12
     344   12
     345   12
     346    8
     347    8
     348    8
     349   12
     350    7
     351    8
     352   12
     353    7
     354    8
     355   12
     356   12
     357   12
     358   12
     359   12
     360    7
     361    8
     362   12
     363   12
     364   12
     365   12
     366   12
     367   12
     368   12
     369   12
     370   12
     371    8
     372   12
     373   12
     374   12
     375   12
     376   12
     377   12
     378   12
     379   12
     380   12
     381   12
     382    8
     383    8
     384   12
     385   12
     386   12
     387   12
     388   12
     389   12
     390   12
     391   12
     392   10
     393   10
     394   10
     395   10
     396   10
     397   10
     398   10
     399   10
     400   10
     401   10
     402   10
     403   10
     404   10
     405   10
     406   10
     407   10
     408    8
     409   12
     410   12
     411   12
     412   12
     413   12
     414   12
     415   12
     416   12
     417   12
     418   12
     419   12
     420   12
     421   12
     422    8
     423   12
     424   12
     425   12
     426   12
     427   12
     428   12
     429   10
     430   10
     431   10
     432   10
     433   10
     434   10
     435   10
     436   10
     437   10
     438   10
     439   10
     440   10
     441   10
     442   10
     443   10
     444   10
     445   10
     446   10
     447   10
     448   10
     449   10
     450   10
     451   10
     452   10
     453   10
     454   10
     455   10
     456   10
     457   10
     458   10
     459   10
     460   13
     461   13
     462   13
     463   13
     464   13
     465   13
     466   13
     467   13
     468   13
     469   13
     470   13
     471   13
     472   13
     473   13
     474   13
     475   13
     476   13
     477   13
     478   13
     479   13
     480   13
     481   13
     482   13
     483   13
     484   13
     485   13
     486   13
     487   13
     488   13
     489   13
     490   13
     491   13
     492   13
     493   13
     494   13
     495   13
     496   13
     497   13
     498   13
     499   13
     500   13
     501   13
     502   13
     503   13
     504   13
     505   13
     506   13
     507   13
     508   13
     509   13
     510   13
     511   13
     512   13
     513   13
     514   13
     515   13
     516   13
     517   13
     518   13
     519   13
     520   13
     521   13
     522   13
     523   13
     524   13
     525   13
     526   13
     527   13
     528   13
     529   13
     530   13
     531   13
     532   13
     533   13
     534   13
     535   13
     536   13
     537   13
     538   13
     539   13
     540   13
     541   13
     542   13
     543   13
     544   13
     545   13
     546   13
     547   13
     548   13
     549   13
     550   13
     551   13
     552   13
     553   13
     554   13
     555   13
     556   13
     557   13
     558   13
     559   13
     560   13
     561   13
     562   13
     563   13
     564   13
     565    8
     566   12
     567   12
     568   12
     569   12
     570   12
     571   12
     572   12
     573   12
     574   12
     575   12
     576    8
     577   12
     578    8
     579   12
     580   12
     581   12
     582   12
     583   12
     584   12
     585   12
     586   12
     587   12
     588   12
     589   12
     590   12
     591    8
     592   13
     593   13
     594   13
     595   13
     596   13
     597   13
     598   13
     599   13
     600   13
     601   13
     602   13
     603   13
     604   13
     605   13
     606   13
     607   13
     608   13
     609   13
     610   13
     611   13
     612   13
     613   13
     614   13
     615   13
     616   13
     617   13
     618   13
     619   13
     620   13
     621   13
     622   13
     623   13
     624   13
     625   13
     626   13
     627   13
     628   13
     629   13
     630   13
     631   13
     632   13
     633   13
     634    8
     635    8
     636   13
     637   13
     638   13
     639   13
     640   13
     641   13
     642   13
     643   13
     644   13
     645   13
     646   13
     647   13
     648   13
     649   13
     650   13
     651   13
     652   13
     653   13
     654   13
     655   13
     656   13
     657   13
     658   13
     659   13
     660   13
     661   13
     662   13
     663   13
     664   13
     665   13
     666   13
     667   13
     668   13
     669   13
     670   13
     671   13
     672   13
     673   13
     674   13
     675   13
     676   13
     677   13
     678   13
     679   13
     680   13
     681   13
     682   13
     683   13
     684   13
     685   13
     686   13
     687   13
     688   13
     689   13
     690   13
     691   13
     692   13
     693   13
     694   13
     695   13
     696   13
     697   13
     698   13
     699   13
     700   13
     701   13
     702   13
     703   13
     704   13
     705   13
     706   13
     707   13
     708   13
     709   13
     710   13
     711   13
     712   13
     713   13
     714   13
     715   13
     716   13
     717   13
     718   13
     719   13
     720   13
     721   13
     722   13
     723   13
     724   13
     725   13
     726   13
     727   13
     728   13
     729   13
     730   13
     731   13
     732   13
     733   13
     734   13
     735   13
     736   13
     737   13
     738   13
     739   13
     740   13
     741   13
     742   13
     743   13
     744   13
     745   13
     746   13
     747   13
     748   13
     749   13
     750   13
     751   13
     752   13
     753   13
     754   13
     755   13
     756   13
     757   13
     758   13
     759   13
     760   13
     761   13
     762   13
     763   13
     764   13
     765   13
     766   13
     767   13
     768   13
     769   13
     770   13
     771   13
     772   13
     773   13
     774   13
     775   13
     776   13
     777   13
     778   13
     779   13
     780   13
     781   13
     782   13
     783   13
     784   13
     785   13
     786   13
     787   13
     788   13
     789   13
     790   13
     791   13
     792   13
     793   13
     794   13
     795   13
     796   13
     797   13
     798   13
     799   13
     800   13
     801   13
     802   13
     803   13
     804   13
     805   13
     806   13
     807   13
     808   13
     809   13
     810   13
     811   13
     812   13
     813   13
     814   13
     815   10
     816   10
     817   10
     818   10
     819   10
     820   10
     821   10
     822   10
     823   10
     824   10
     825   10
     826   10
     827   10
     828   10
     829   10
     830   10
     831   10
     832   10
     833   10
     834   10
     835   10
     836   10
     837   10
     838   10
     839   10
     840   10
     841   10
     842   10
     843   10
     844   10
     845   10
     846   10
     847   10
     848   10
     849   10
     850   10
     851   10
     852   10
     853   10
     854   10
     855   10
     856    9
     857   12
     858   12
     859   12
     860   12
     861   12
     862    8
     863   12
     864    8
     865   12
     866    8
     867   12
     868   12
     869   12
     870   12
     871   12
     872   12
     873   12
     874   12
     875   12
     876   12
     877    8
     878   12
     879    7
     880    6
     881    5
     882    1
     883    1
     884    1
     885    7
     886   12
     887   12
     888    8
     889    8
     890    7
     891    8
     892   12
     893   12
     894    8
     895    8
     896   12
     897   12
     898    7
     899    7
     900    1
     901    1
     902    1
     903    1
     904    1
     905    1
     906    1
     907    1
     908    1
     909    1
     910    1
     911    1
     912    1
     913    1
     914    1
     915    1
     916    5
     917    1
     918    1
     919    1
     920    1
     921   12
     922   12
     923    4
     924    1
     925    1
     926    3
     927    3
     928    5
     929    6
     930    1
     931    6
     932    6
     933    6
     934   12
     935   12
     936   12
     937    1
     938    1
     939    1
     940    1
     941    3
     942    3
     943    6
     944    7
     945   12
     946   12
     947   12
     948    7
     949   12
     950   12
     951    8
     952   12
     953   12
     954    9
     955    6
     956    5
     957    2
     958    2
     959    2
     960   12
     961   12
     962   12
     963   12
     964    8
     965    8
     966    7
     967   12
     968   12
     969   12
     970   12
     971    7
     972   12
     973   12
     974   12
     975    7
     976    7
     977   12
     978   12
     979   12
     980    7
     981    7
     982   12
     983   12
     984   12
     985    8
     986    8
     987   12
     988   12
     989   12
     990   12
     991   12
     992   12
     993   12
     994   12
     995   12
     996    8
     997   12
     998    8
     999    8
    1000   12
    1001    7
    1002    7
    1003    7
    1004   12
    1005   12
    1006   12
    1007   12
    1008   12
    1009   12
    1010    8
    1011   12
    1012   12
    1013   12
    1014   12
    1015   12
    1016   12
    1017   12
    1018   12
    1019   12
    1020    7
    1021    7
    1022    8
    1023   12
    1024   12
    1025   12
    1026    8
    1027    7
    1028   12
    1029   12
    1030   12
    1031   12
    1032   12
    1033    8
    1034    7
    1035    7
    1036    8
    1037   12
    1038    7
    1039    7
    1040    8
    1041   12
    1042   12
    1043    8
    1044    7
    1045    8
    1046    8
    1047    8
    1048   12
    1049   12
    1050    8
    1051   12
    1052    8
    1053   12
    1054   12
    1055    7
    1056    6
    1057    3
    1058    3
    1059    4
    1060    4
    1061    4
    1062    5
    1063    4
    1064    4
    1065    4
    1066    4
    1067    4
    1068    4
    1069    4
    1070    4
    1071    5
    1072    4
    1073    4
    1074    4
    1075    4
    1076    4
    1077    4
    1078    4
    1079    4
    1080    4
    1081    4
    1082    4
    1083    5
    1084    1
    1085    1
    1086    1
    1087    1
    1088   12
    1089   12
    1090   12
    1091   12
    1092    1
    1093    1
    1094    1
    1095    1
    1096    1
    1097    1
    1098    1
    1099    1
    1100    1
    1101    1
    1102    1
    1103    1
    1104    1
    1105    1
    1106    1
    1107    1
    1108    1
    1109    1
    1110    1
    1111    1
    1112    1
    1113   12
    1114   12
    1115   12
    1116    1
    1117    1
    1118    1
    1119    1
    1120    1
    1121    1
    1122    1
    1123    1
    1124    1
    1125   12
    1126   10
    1127   10
    1128   10
    1129   10
    1130   10
    1131   10
    1132   10
    1133   10
    1134   10
    1135   10
    1136   10
    1137   10
    1138   10
    1139   10
    1140   10
    1141   10
    1142   10
    1143   10
    1144   10
    1145   10
    1146   10
    1147   10
    1148   10
    1149   10
    1150   10
    1151   10
    1152   10
    1153   10
    1154   10
    1155   10
    1156   10
    1157   10
    1158   10
    1159   10
    1160   10
    1161   10
    1162   10
    1163   10
    1164   10
    1165   10
    1166   10
    1167   10
    1168   10
    1169   10
    1170   10
    1171   10
    1172   10
    1173   10
    1174   10
    1175   10
    1176   10
    1177   10
    1178   10
    1179   10
    1180   10
    1181   10
    1182   10
    1183   10
    1184   10
    1185   10
    1186   10
    1187   10
    1188   10
    1189   12
    1190   12
    1191   12
    1192    6
    1193    5
    1194    5
    1195    1
    1196    1
    1197    1
    1198    6
    1199    3
    1200   12
    1201   12
    1202   12
    1203   12
    1204    6
    1205    6
    1206    6
    1207   12
    1208    7
    1209    7
    1210    7
    1211    7
    1212    8
    1213    8
    1214    8
    1215   12
    1216   12
    1217    6
    1218   12
    1219   12
    1220    7
    1221    8
    1222   12
    1223   12
    1224    6
    1225    6
    1226    5
    1227    1
    1228    8
    1229   12
    1230    8
    1231    6
    1232    6
    1233    3
    1234    6
    1235    2
    1236    2
    1237    6
    1238    5
    1239    6
    1240    6
    1241    6
    1242    8
    1243    6
    1244    7
    1245    5
    1246    7
    1247   12
    1248   12
    1249    7
    1250    6
    1251    8
    1252   12
    1253    9
    1254    6
    1255    8
    1256    6
    1257    6
    1258   12
    1259    7
    1260   12
    1261    8
    1262    7
    1263   12
    1264    7
    1265    7
    1266    7
    1267    7
    1268    8
    1269   12
    1270    7
    1271   12
    1272    7
    1273    6
    1274    1
    1275    1
    1276    7
    1277   12
    1278    8
    1279   12
    1280    7
    1281    1
    1282    1
    1283    1
    1284    6
    1285    1
    1286    1
    1287    1
    1288    6
    1289    1
    1290    1
    1291    6
    1292    5
    1293    2
    1294    7
    1295    8
    1296   12
    1297   12
    1298   12
    1299   12
    1300   12
    1301   12
    1302   12
    1303   12
    1304    6
    1305    4
    1306    6
    1307    6
    1308    5
    1309    1
    1310    7
    1311    7
    1312   12
    1313    7
    1314    7
    1315    7
    1316   12
    1317   12
    1318   12
    1319    6
    1320   12
    1321    9
    1322   10
    1323   12
    1324   12
    1325   12
    1326   12
    1327    1
    1328    3
    1329    3
    1330    1
    1331    6
    1332    9
    1333   11
    1334   11
    1335   11
    1336   11
    1337   11
    1338   11
    1339   11
    1340   11
    1341   11
    1342   11
    1343   11
    1344   11
    1345   11
    1346   11
    1347   11
    1348   11
    1349   11
    1350   11
    1351   11
    1352   11
    1353   11
    1354   10
    1355   10
    1356   10
    1357   10
    1358   10
    1359   12
    1360   12
    1361   12
    1362   12
    1363   12
    1364   12
    1365   12
    1366   12
    1367    1
    1368    1
    1369    1
    1370   12
    1371   12
    1372   12
    1373   12
    1374   12
    1375   12
    1376   12
    1377   12
    1378    1
    1379   12
    1380   12
    1381   12
    1382    4
    1383    4
    1384    6
    1385    8
    1386   12
    1387   12
    1388   12
    1389   12
    1390   12
    1391   12
    1392   12
    1393   12
    1394   12
    1395   12
    1396    4
    1397    6
    1398   12
    1399   12
    1400   12
    1401    8
    1402   12
    1403   12
    1404   12
    1405   12
    1406   12
    1407   12
    1408   12
    1409    7
    1410   12
    1411    9
    1412    9
    1413   12
    1414   12
    1415   12
    1416    7
    1417   12
    1418    7
    1419    6
    1420    6
    1421    6
    1422    6
    1423    7
    1424    8
    1425    7
    1426   12
    1427   12
    1428    7
    1429    9
    1430   10
    1431    7
    1432   12
    1433   10
    1434   10
    1435   10
    1436    9
    1437   12
    1438   12
    1439    9
    1440   10
    1441   10
    1442   10
    1443    9
    1444    9
    1445   12
    1446   12
    1447   12
    1448    9
    1449    7
    1450   12
    1451   11
    1452    9
    1453    9
    1454   10
    1455   10
    1456   12
    1457   12
    1458   12
    1459   12
    1460   12
    1461   12
    1462   12
    1463   12
    1464   12
    1465   12
    1466   12
    1467   12
    1468    8
    1469   12
    1470   12
    1471    7
    1472   12
    1473   12
    1474   12
    1475   12
    1476   12
    1477   10
    1478   10
    1479   10
    1480   12
    1481   12
    1482   12
    1483    1
    1484    1
    1485    3
    1486    3
    1487    6
    1488    6
    1489    7
    1490   12
    1491   12
    1492    7
    1493    8
    1494    7
    1495   12
    1496   12
    1497    7
    1498   12
    1499   12
    1500   12
    1501    8
    1502   12
    1503    9
    1504    9
    1505    9
    1506   10
    1507   10
    1508    9
    1509   12
    1510    9
    1511    9
    1512    9
    1513    7
    1514    7
    1515    7
    1516    7
    1517    7
    1518   12
    1519   12
    1520   12
    1521   12
    1522   12
    1523    9
    1524   12
    1525   12
    1526   12
    1527    7
    1528    7
    1529   12
    1530    7
    1531    7
    1532    6
    1533    3
    1534    1
    1535    1
    1536    1
    1537   12
    1538   12
    1539   12
    1540   12
    1541   12
    1542   12
    1543   12
    1544    7
    1545   12
    1546   12
    1547   12
    1548    8
    1549   12
    1550    8
    1551    7
    1552    6
    1553   12
    1554    8
    1555    6
    1556    6
    1557    8
    1558    6
    1559    6
    1560    6
    1561    6
    1562    1
    1563    1
    1564   12
    1565   12
    1566    7
    1567    7
    1568   12
    1569   12
    1570   12
    1571    7
    1572    6
    1573    5
    1574    6
    1575    3
    1576    4
    1577    4
    1578    1
    1579    1
    1580    1
    1581    1
    1582    1
    1583    1
    1584    1
    1585    1
    1586   12
    1587   12
    1588   12
    1589   12
    1590   12
    1591   12
    1592   12
    1593   12
    1594   12
    1595   10
    1596   10
    1597   10
    1598   10
    1599   10
    1600   10
    1601   10
    1602   10
    1603   10
    1604   10
    1605   10
    1606   10
    1607   10
    1608   10
    1609    6
    1610    3
    1611    1
    1612   12
    1613   12
    1614    7
    1615   12
    1616    1
    1617    1
    1618    6
    1619    3
    1620    6
    1621    6
    1622    5
    1623    3
    1624    1
    1625    8
    1626   12
    1627   12
    1628   12
    1629   12
    1630   12
    1631   12
    1632   12
    1633   12
    1634   12
    1635    8
    1636    7
    1637    6
    1638    6
    1639    3
    1640    1
    1641    1
    1642    1
    1643    6
    1644    7
    1645   12
    1646    7
    1647    6
    1648    1
    1649    7
    1650    5
    1651    1
    1652    1
    1653    1
    1654   12
    1655   12
    1656   12
    1657   12
    1658    1
    1659    1
    1660    6
    1661   12
    1662   10
    1663    6
    1664    6
    1665    1
    1666    1
    1667    1
    1668    1
    1669    1
    1670    6
    1671    3
    1672    5
    1673    6
    1674   12
    1675   12
    1676   12
    1677   12
    1678   10
    1679   10
    1680   10
    1681   10
    1682   10
    1683   10
    1684   10
    1685   10
    1686   10
    1687   10
    1688    9
    1689   11
    1690   11
    1691    9
    1692   10
    1693   10
    1694   11
    1695   11
    1696   11
    1697   11
    1698   11
    1699   11
    1700   11
    1701   11
    1702    9
    1703   10
    1704   10
    1705   10
    1706   10
    1707   10
    1708   12
    1709   12
    1710    6
    1711    7
    1712   12
    1713    7
    1714    7
    1715    8
    1716   12
    1717   12
    1718   12
    1719   12
    1720   12
    1721   12
    1722    7
    1723    7
    1724   12
    1725    7
    1726   12
    1727   12
    1728    7
    1729   12
    1730    7
    1731   10
    1732   10
    1733   10
    1734   12
    1735   12
    1736   12
    1737    8
    1738   12
    1739    7
    1740    8
    1741   12
    1742   12
    1743    7
    1744    7
    1745    7
    1746   12
    1747    9
    1748    9
    1749   10
    1750   12
    1751    7
    1752    7
    1753   12
    1754    9
    1755    9
    1756    9
    1757    9
    1758   10
    1759   10
    1760    8
    1761    7
    1762   10
    1763   10
    1764   10
    1765   10
    1766    7
    1767   12
    1768   12
    1769    9
    1770   12
    1771   12
    1772    7
    1773    6
    1774    3
    1775    3
    1776    3
    1777    5
    1778    6
    1779   12
    1780   12
    1781    7
    1782    7
    1783    7
    1784    7
    1785    8
    1786   12
    1787   12
    1788   12
    1789    7
    1790    7
    1791   12
    1792   12
    1793   12
    1794    7
    1795   12
    1796    8
    1797   10
    1798   10
    1799   10
    1800   10
    1801   10
    1802   10
    1803   10
    1804   10
    1805   10
    1806   10
    1807   10
    1808   10
    1809   10
    1810   10
    1811   10
    1812   10
    1813   10
    1814   10
    1815   10
    1816   10
    1817   10
    1818   10
    1819   10
    1820   10
    1821   12
    1822    8
    1823   12
    1824   12
    1825   10
    1826   10
    1827   10
    1828   10
    1829   10
    1830   10
    1831   10
    1832   10
    1833   10
    1834   10
    1835   10
    1836   10
    1837   10
    1838   10
    1839   10
    1840   10
    1841   10
    1842   10
    1843   10
    1844   10
    1845   10
    1846   10
    1847   10
    1848   10
    1849   10
    1850   10
    1851   10
    1852   10
    1853   10
    1854   10
    1855   10
    1856   10
    1857   10
    1858   10
    1859   10
    1860   10
    1861   10
    1862   10
    1863   10
    1864   10
    1865   10
    1866   10
    1867   10
    1868   10
    1869   10
    1870   10
    1871   10
    1872   10
    1873   10
    1874   10
    1875   10
    1876   10
    1877   10
    1878   10
    1879   10
    1880   10
    1881   10
    1882   10
    1883   10
    1884   10
    1885   10
    1886   10
    1887   10
    1888   10
    1889   10
    1890   10
    1891   10
    1892   10
    1893   10
    1894   11
    1895   11
    1896   11
    1897   11
    1898   11
    1899   11
    1900   11
    1901   11
    1902   11
    1903   11
    1904   11
    1905   11
    1906   11
    1907   11
    1908   11
    1909   11
    1910   11
    1911   11
    1912   11
    1913   11
    1914    2
    1915    2
    1916    2
    1917    2
    1918   12
    1919    7
    1920    7
    1921    8
    1922   12
    1923    9
    1924   11
    1925   11
    1926   11
    1927   11
    1928   11
    1929   11
    1930    9
    1931   10
    1932   10
    1933   10
    1934    9
    1935    9
    1936   11
    1937   11
    1938    9
    1939    2
    1940    2
    1941    2
    1942    2
    1943    6
    1944    7
    1945    7
    1946    9
    1947   11
    1948   12
    1949   12
    1950   12
    1951    7
    1952    8
    1953    8
    1954   12
    1955   12
    1956    8
    1957   12
    1958   12
    1959    9
    1960   10
    1961   10
    1962   10
    1963   11
    1964   11
    1965   11
    1966   11
    1967   11
    1968   12
    1969   12
    1970    9
    1971    6
    1972   12
    1973   10
    1974   10
    1975   10
    1976   10
    1977   12
    1978    7
    1979    8
    1980   12
    1981    7
    1982    6
    1983    2
    1984   12
    1985   12
    1986    6
    1987    8
    1988    7
    1989    9
    1990   12
    1991   11
    1992   12
    1993    2
    1994    2
    1995    2
    1996    1
    1997    3
    1998    3
    1999    1
    2000    1
    2001    3
    2002    3
    2003    4
    2004    3
    2005    6
    2006    6
    2007    6
    2008    7
    2009   12
    2010   12
    2011    7
    2012    7
    2013    7
    2014    7
    2015    8
    2016    8
    2017    8
    2018    8
    2019    7
    2020    8
    2021   12
    2022   12
    2023   12
    2024    7
    2025    8
    2026    8
    2027    8
    2028   11
    2029   11
    2030    2
    2031    2
    2032    1
    2033    3
    2034    5
    2035    5
    2036    6
    2037   12
    2038   12
    2039   10
    2040   10
    2041   10
    2042   10
    2043   10
    2044   10
    2045    9
    2046    9
    2047   10
    2048   10
    2049   12
    2050   12
    2051    1
    2052    1
    2053    1
    2054    3
    2055    3
    2056    3
    2057    3
    2058    6
    2059    6
    2060    1
    2061    1
    2062    6
    2063   10
    2064   10
    2065   10
    2066   10
    2067   10
    2068   10
    2069   10
    2070   10
    2071   11
    2072   11
    2073   11
    2074   11
    2075   11
    2076   11
    2077   11
    2078   11
    2079   11
    2080   11
    2081   11
    2082   11
    2083   11
    2084   11
    2085   11
    2086   11
    2087   11
    2088   11
    2089    9
    2090    9
    2091    6
    2092    5
    2093    8
    2094   12
    2095   11
    2096    9
    2097   12
    2098   12
    2099    9
    2100    9
    2101    9
    2102    2
    2103    2
    2104    6
    2105    6
    2106    5
    2107    6
    2108    5
    2109    3
    2110    3
    2111    3
    2112    3
    2113    2
    2114    5
    2115    5
    2116    6
    2117    6
    2118    1
    2119   12
    2120   12
    2121   12
    2122    6
    2123    6
    2124    2
    2125    2
    2126    2
    2127    5
    2128    6
    2129    6
    2130    6
    2131    6
    2132    5
    2133    1
    2134    2
    2135    5
    2136    6
    2137    6
    2138    6
    2139    2
    2140    3
    2141    6
    2142    6
    2143    6
    2144    7
    2145    8
    2146    7
    2147    6
    2148    8
    2149    6
    2150    7
    2151    8
    2152   12
    2153    8
    2154    8
    2155    8
    2156    7
    2157    6
    2158    7
    2159    7
    2160    8
    2161    7
    2162    8
    2163   12
    2164   12
    2165   12
    2166   12
    2167   12
    2168    8
    2169    7
    2170    6
    2171    5
    2172    1
    2173    1
    2174    1
    2175    6
    2176    6
    2177    2
    2178    2
    2179   12
    2180    8
    2181    8
    2182    9
    2183   11
    2184   11
    2185   11
    2186   11
    2187   11
    2188   11
    2189    8
    2190   11
    2191    8
    2192   12
    2193    8
    2194   12
    2195   12
    2196   12
    2197   12
    2198   12
    2199   12
    2200    8
    2201    8
    2202    8
    2203    7
    2204    8
    2205    8
    2206   12
    2207    8
    2208    7
    2209    8
    2210    7
    2211    8
    2212    8
    2213   12
    2214   12
    2215   12
    2216    6
    2217    5
    2218    6
    2219   12
    2220   12
    2221    7
    2222    2
    2223    2
    2224    2
    2225    6
    2226    6
    2227    9
    2228    2
    2229    2
    2230    6
    2231   12
    2232    5
    2233    6
    2234    7
    2235   10
    2236   10
    2237   10
    2238   10
    2239   10
    2240   10
    2241   10
    2242    7
    2243   11
    2244   10
    2245   10
    2246   10
    2247    6
    2248    9
    2249   11
    2250   11
    2251   11
    2252   11
    2253   11
    2254   11
    2255   12
    2256   12
    2257   12
    2258   12
    2259   11
    2260   11
    2261   11
    2262   11
    2263   11
    2264    9
    2265    9
    2266    9
    2267   11
    2268   11
    2269   11
    2270   11
    2271    8
    2272    5
    2273    6
    2274    6
    2275    5
    2276    2
    2277   12
    2278   12
    2279   12
    2280   12
    2281    8
    2282   12
    2283   12
    2284   12
    2285   12
    2286    6
    2287   12
    2288    7
    2289   12
    2290   12
    2291    8
    2292    6
    2293    6
    2294    3
    2295    1
    2296   12
    2297   12
    2298    2
    2299    2
    2300    5
    2301    6
    2302    6
    2303    6
    2304    1
    2305    5
    2306   12
    2307   10
    2308    9
    2309    9
    2310   11
    2311   11
    2312   11
    2313    8
    2314   12
    2315   12
    2316    8
    2317    6
    2318    6
    2319    2
    2320    2
    2321    2
    2322    2
    2323    6
    2324    6
    2325    6
    2326    6
    2327    5
    2328    1
    2329    7
    2330    1
    2331    5
    2332    1
    2333    5
    2334    6
    2335    7
    2336    8
    2337   11
    2338   11
    2339    6
    2340    6
    2341    6
    2342    2
    2343    2
    2344    2
    2345    2
    2346    5
    2347    7
    2348    6
    2349    6
    2350    5
    2351    3
    2352    6
    2353    3
    2354    6
    2355    6
    2356    6
    2357    6
    2358    6
    2359    6
    2360    6
    2361    6
    2362   12
    2363   12
    2364   12
    2365    6
    2366    6
    2367    9
    2368    2
    2369    2
    2370    2
    2371    2
    2372    5
    2373    6
    2374    7
    2375    8
    2376    8
    2377    8
    2378    8
    2379    8
    2380   12
    2381    7
    2382    6
    2383    6
    2384    5
    2385    6
    2386    3
    2387    6
    2388    6
    2389    7
    2390   12
    2391   12
    2392   12
    2393    9
    2394    7
    2395   12
    2396    7
    2397   15
    2398   15
    2399    9
    2400    6
    2401    7
    2402    7
    2403    6
    2404    9
    2405    8
    2406   12
    2407    8
    2408    8
    2409    7
    2410    7
    2411    8
    2412    7
    2413   12
    2414    8
    2415    7
    2416    5
    2417    5
    2418    5
    2419    6
    2420   12
    2421   12
    2422    7
    2423    8
    2424    6
    2425    2
    2426    2
    2427    2
    2428    6
    2429    6
    2430    5
    2431    6
    2432    7
    2433   11
    2434   11
    2435   11
    2436   11
    2437   11
    2438   11
    2439   12
    2440   12
    2441   12
    2442    9
    2443    8
    2444    7
    2445   12
    2446   12
    2447   12
    2448   12
    2449   12
    2450   12
    2451   12
    2452   12
    2453   12
    2454   12
    2455   12
    2456   12
    2457   12
    2458   12
    2459   12
    2460   12
    2461   12
    2462   12
    2463   12
    2464   12
    2465   12
    2466    8
    2467    7
    2468   12
    2469   12
    2470   12
    2471   12
    2472    8
    2473    8
    2474   10
    2475   10
    2476    9
    2477   10
    2478   10
    2479   10
    2480   10
    2481   10
    2482   10
    2483   10
    2484   10
    2485   10
    2486   11
    2487   11
    2488   11
    2489   11
    2490   11
    2491   12
    2492   12
    2493   12
    2494   12
    2495   12
    2496   12
    2497   12
    2498   10
    2499   10
    2500   10
    2501   10
    2502   10
    2503   10
    2504   10
    2505   10
    2506   10
    2507   10
    2508   10
    2509   10
    2510   10
    2511   10
    2512   10
    2513   10
    2514   10
    2515   10
    2516   10
    2517   10
    2518   10
    2519   10
    2520   10
    2521   10
    2522   10
    2523   10
    2524   10
    2525   10
    2526   10
    2527   10
    2528   10
    2529   10
    2530   10
    2531   10
    2532   10
    2533   10
    2534   10
    2535   10
    2536   10
    2537   10
    2538   10
    2539   10
    2540   10
    2541   10
    2542   10
    2543   10
    2544    9
    2545   10
    2546   10
    2547   10
    2548   10
    2549   10
    2550   10
    2551   10
    2552   10
    2553   10
    2554   10
    2555   12
    2556   12
    2557    8
    2558   12
    2559    1
    2560    5
    2561    6
    2562    6
    2563    5
    2564    6
    2565    8
    2566   10
    2567   10
    2568   10
    2569   12
    2570    8
    2571    8
    2572    6
    2573    1
    2574   12
    2575   10
    2576   10
    2577   10
    2578   10
    2579   10
    2580   10
    2581    9
    2582   12
    2583   12
    2584    5
    2585    4
    2586    5
    2587    6
    2588    6
    2589    5
    2590    9
    2591   10
    2592   10
    2593   10
    2594   10
    2595   10
    2596   10
    2597    9
    2598   10
    2599   10
    2600   10
    2601   10
    2602   10
    2603   10
    2604   10
    2605   10
    2606   10
    2607   10
    2608   10
    2609   11
    2610   11
    2611   11
    2612   11
    2613   11
    2614   11
    2615   11
    2616   11
    2617   11
    2618   11
    2619   11
    2620   11
    2621   11
    2622   11
    2623   11
    2624   12
    2625    7
    2626    9
    2627   11
    2628   11
    2629   11
    2630    9
    2631    9
    2632    2
    2633    6
    2634    6
    2635    6
    2636   11
    2637   11
    2638   11
    2639   11
    2640   11
    2641   10
    2642   10
    2643    6
    2644    1
    2645    1
    2646    3
    2647    6
    2648    6
    2649    6
    2650    3
    2651    6
    2652    5
    2653    6
    2654    5
    2655    5
    2656    6
    2657    6
    2658    6
    2659   12
    2660   12
    2661   12
    2662    7
    2663   12
    2664   12
    2665   12
    2666    8
    2667   12
    2668    7
    2669   12
    2670    7
    2671    7
    2672    6
    2673    3
    2674    5
    2675    6
    2676    5
    2677    6
    2678    6
    2679    6
    2680    2
    2681    2
    2682    2
    2683    2
    2684    6
    2685   12
    2686   12
    2687   12
    2688   10
    2689   10
    2690   10
    2691   10
    2692   10
    2693   10
    2694   10
    2695   10
    2696   11
    2697   11
    2698   11
    2699   11
    2700   12
    2701   12
    2702   12
    2703    8
    2704   12
    2705   12
    2706   12
    2707    6
    2708    6
    2709    6
    2710    7
    2711    7
    2712    7
    2713    7
    2714   12
    2715    6
    2716    7
    2717    6
    2718    6
    2719    6
    2720    6
    2721    5
    2722    3
    2723    5
    2724    2
    2725    2
    2726    2
    2727    6
    2728    5
    2729    1
    2730    1
    2731    1
    2732    6
    2733    5
    2734    5
    2735    6
    2736   10
    2737   10
    2738   10
    2739   10
    2740   10
    2741   10
    2742    9
    2743   11
    2744   11
    2745    9
    2746   11
    2747    9
    2748    2
    2749    6
    2750    5
    2751    6
    2752    9
    2753   11
    2754   11
    2755   11
    2756   11
    2757   11
    2758   11
    2759   11
    2760   12
    2761    6
    2762    9
    2763    9
    2764   11
    2765   11
    2766   11
    2767   11
    2768   11
    2769   11
    2770    9
    2771   11
    2772   11
    2773   11
    2774   11
    2775   11
    2776   11
    2777   11
    2778   11
    2779   11
    2780   11
    2781   11
    2782   11
    2783   11
    2784   11
    2785   11
    2786   11
    2787   11
    2788   11
    2789   11
    2790    9
    2791   11
    2792   11
    2793   11
    2794   11
    2795   11
    2796   11
    2797   11
    2798   11
    2799   11
    2800   11
    2801   11
    2802   11
    2803   11
    2804   11
    2805   11
    2806   11
    2807    9
    2808   11
    2809   11
    2810   11
    2811   11
    2812    9
    2813   11
    2814   11
    2815   11
    2816   11
    2817   11
    2818   11
    2819   11
    2820   11
    2821   11
    2822   11
    2823   11
    2824    9
    2825   11
    2826    8
    2827   12
    2828    8
    2829   15
    2830   12
    2831   12
    2832    9
    2833    8
    2834    8
    2835   12
    2836   12
    2837   12
    2838    7
    2839    6
    2840    7
    2841    6
    2842    6
    2843    7
    2844   12
    2845   12
    2846   12
    2847   12
    2848   12
    2849    1
    2850    1
    2851    1
    2852    1
    2853    3
    2854    3
    2855    3
    2856    3
    2857    3
    2858    3
    2859    3
    2860    3
    2861    3
    2862    4
    2863    4
    2864    4
    2865    3
    2866    3
    2867    3
    2868    3
    2869    3
    2870    3
    2871    6
    2872    6
    2873   12
    2874   12
    2875    1
    2876    5
    2877    5
    2878    6
    2879   12
    2880   12
    2881   12
    2882   12
    2883   11
    2884   11
    2885    9
    2886    9
    2887   12
    2888    9
    2889   12
    2890    8
    2891   11
    2892   11
    2893   11
    2894   11
    2895   11
    2896   11
    2897   11
    2898    9
    2899    9
    2900   11
    2901   11
    2902    9
    2903    9
    2904    9
    2905    9
    2906   11
    2907    9
    2908    2
    2909    2
    2910    2
    2911    3
    2912    3
    2913    3
    2914    3
    2915    5
    2916    3
    2917    3
    2918    3
    2919    5
    2920    3
    2921    3
    2922    3
    2923    3
    2924    5
    2925    6
    2926    5
    2927    5
    2928    5
    2929    5
    2930    5
    2931    5
    2932    6
    2933    7
    2934    8
    2935   12
    2936    8
    2937    7
    2938    8
    2939   12
    2940   12
    2941    8
    2942    7
    2943   12
    2944    7
    2945    6
    2946    3
    2947    3
    2948    1
    2949   12
    2950   12
    2951    7
    2952    6
    2953    5
    2954    5
    2955    5
    2956    3
    2957    3
    2958    1
    2959    1
    2960    1
    2961    1
    2962    1
    2963    1
    2964    1
    2965    1
    2966    3
    2967    1
    2968    1
    2969    3
    2970    5
    2971    6
    2972    3
    2973    3
    2974    3
    2975    4
    2976    4
    2977    4
    2978    4
    2979    4
    2980    4
    2981    4
    2982    4
    2983    4
    2984    3
    2985    3
    2986    3
    2987    1
    2988    1
    2989    1
    2990    1
    2991    1
    2992    1
    2993    1
    2994    1
    2995    1
    2996    5
    2997    1
    2998    6
    2999    1
    3000    1
    3001    1
    3002    5
    3003    5
    3004    2
    3005    2
    3006    2
    3007    2
    3008    2
    3009    1
    3010    1
    3011    2
    3012    7
    3013   12
    3014   12
    3015   12
    3016   12
    3017   12
    3018   12
    3019   12
    3020   12
    3021   12
    3022    8
    3023   12
    3024   12
    3025   12
    3026    8
    3027   12
    3028    8
    3029    7
    3030    7
    3031   12
    3032   12
    3033   12
    3034    8
    3035   12
    3036   12
    3037   12
    3038    2
    3039    2
    3040    2
    3041    2
    3042    2
    3043    5
    3044    3
    3045    6
    3046    3
    3047    3
    3048    1
    3049    1
    3050    1
    3051    1
    3052    1
    3053   12
    3054   12
    3055   12
    3056   12
    3057    9
    3058   12
    3059    8
    3060   12
    3061   12
    3062    6
    3063    1
    3064    1
    3065    5
    3066    4
    3067    6
    3068    2
    3069    2
    3070    2
    3071    2
    3072    2
    3073    2
    3074    2
    3075    2
    3076    1
    3077    1
    3078    1
    3079   12
    3080    8
    3081   12
    3082   12
    3083    9
    3084    6
    3085    2
    3086    2
    3087    6
    3088    5
    3089    2
    3090    6
    3091    6
    3092    6
    3093    6
    3094   11
    3095   11
    3096   12
    3097    8
    3098    7
    3099   10
    3100   10
    3101   10
    3102   10
    3103   10
    3104   10
    3105   10
    3106   10
    3107   12
    3108    1
    3109    1
    3110    1
    3111    1
    3112    5
    3113    5
    3114    5
    3115    1
    3116    1
    3117    1
    3118    1
    3119    1
    3120    1
    3121    1
    3122    3
    3123    4
    3124    4
    3125    4
    3126    4
    3127    3
    3128    3
    3129    3
    3130    4
    3131    6
    3132   12
    3133   12
    3134   12
    3135    8
    3136   11
    3137   11
    3138    7
    3139    7
    3140    7
    3141    8
    3142   12
    3143   11
    3144   11
    3145   11
    3146   11
    3147   11
    3148    9
    3149   11
    3150   11
    3151   11
    3152   11
    3153   11
    3154   11
    3155    7
    3156    8
    3157   12
    3158   12
    3159   12
    3160    1
    3161    1
    3162    1
    3163    1
    3164    1
    3165    3
    3166    3
    3167    1
    3168    1
    3169    1
    3170    1
    3171    3
    3172    3
    3173    3
    3174    3
    3175    3
    3176    3
    3177    6
    3178    8
    3179   12
    3180   12
    3181   12
    3182   12
    3183   12
    3184   12
    3185   12
    3186   12
    3187   12
    3188    8
    3189   12
    3190   12
    3191   12
    3192   12
    3193   12
    3194   12
    3195   12
    3196   12
    3197   12
    3198    8
    3199    6
    3200    5
    3201    3
    3202    3
    3203    3
    3204    3
    3205    3
    3206    3
    3207    3
    3208    3
    3209    1
    3210    1
    3211    1
    3212    3
    3213    3
    3214    3
    3215    3
    3216    2
    3217    2
    3218    2
    3219    7
    3220    8
    3221    8
    3222   12
    3223   12
    3224   12
    3225   12
    3226   12
    3227   12
    3228   12
    3229   12
    3230   12
    3231   12
    3232    7
    3233    6
    3234    3
    3235    1
    3236    1
    3237    1
    3238    1
    3239    1
    3240   12
    3241   12
    3242    8
    3243    8
    3244   12
    3245   12
    3246    8
    3247    9
    3248   11
    3249   11
    3250   11
    3251    7
    3252    8
    3253    8
    3254   12
    3255   12
    3256    8
    3257    7
    3258    8
    3259    8
    3260    8
    3261    9
    3262   12
    3263    8
    3264    8
    3265    7
    3266   12
    3267   12
    3268   12
    3269   12
    3270    8
    3271   12
    3272   12
    3273   12
    3274   12
    3275   12
    3276   12
    3277    7
    3278    6
    3279    7
    3280    7
    3281    7
    3282    6
    3283    3
    3284    3
    3285    3
    3286    3
    3287    3
    3288    1
    3289    1
    3290    1
    3291    3
    3292    1
    3293    1
    3294    1
    3295    1
    3296    1
    3297    1
    3298    1
    3299    3
    3300    3
    3301    3
    3302    6
    3303    7
    3304   12
    3305   12
    3306   12
    3307   12
    3308    7
    3309    6
    3310   12
    3311   12
    3312    6
    3313    5
    3314    5
    3315    5
    3316    5
    3317    8
    3318    7
    3319    8
    3320    8
    3321    8
    3322    7
    3323    8
    3324   12
    3325    8
    3326    7
    3327    7
    3328    8
    3329    6
    3330    6
    3331   12
    3332   12
    3333    8
    3334   12
    3335   12
    3336    8
    3337   11
    3338    9
    3339    8
    3340    9
    3341   11
    3342   11
    3343   11
    3344    9
    3345    9
    3346   11
    3347    9
    3348   11
    3349   11
    3350   11
    3351   11
    3352   11
    3353   10
    3354   10
    3355   10
    3356    8
    3357    8
    3358    8
    3359   12
    3360   12
    3361   12
    3362   12
    3363    2
    3364    5
    3365    3
    3366    3
    3367    3
    3368    6
    3369   12
    3370    6
    3371    4
    3372    1
    3373    1
    3374    1
    3375    1
    3376    1
    3377    1
    3378    1
    3379    7
    3380    7
    3381    7
    3382    8
    3383    8
    3384    7
    3385    7
    3386    5
    3387    5
    3388    2
    3389    5
    3390    6
    3391    8
    3392   12
    3393   11
    3394   11
    3395   11
    3396   12
    3397    7
    3398    7
    3399   12
    3400   12
    3401   12
    3402    7
    3403    7
    3404    7
    3405    7
    3406   12
    3407    8
    3408    8
    3409    8
    3410    7
    3411    7
    3412    8
    3413    7
    3414    7
    3415    8
    3416    8
    3417    8
    3418    7
    3419    6
    3420    6
    3421    7
    3422    8
    3423   12
    3424   12
    3425   12
    3426   12
    3427    6
    3428    6
    3429   12
    3430   12
    3431   12
    3432   12
    3433   12
    3434    7
    3435    7
    3436    8
    3437    8
    3438    7
    3439   12
    3440   12
    3441    7
    3442    7
    3443   12
    3444   12
    3445    6
    3446    4
    3447    1
    3448    1
    3449    1
    3450    1
    3451    1
    3452    1
    3453    1
    3454    1
    3455    1
    3456    1
    3457    1
    3458    1
    3459    1
    3460   12
    3461   12
    3462   12
    3463   12
    3464    6
    3465    3
    3466    3
    3467    3
    3468    3
    3469    1
    3470    1
    3471    2
    3472    2
    3473   12
    3474   12
    3475   12
    3476   12
    3477   12
    3478   12
    3479   12
    3480    6
    3481    3
    3482    2
    3483    2
    3484    2
    3485    2
    3486    2
    3487    2
    3488    2
    3489    2
    3490    2
    3491    2
    3492    2
    3493    7
    3494    8
    3495   12
    3496    7
    3497   12
    3498    7
    3499    9
    3500   11
    3501   11
    3502   11
    3503   11
    3504    9
    3505   11
    3506   11
    3507   11
    3508    9
    3509    9
    3510   11
    3511   11
    3512   11
    3513   11
    3514   11
    3515   11
    3516    9
    3517   11
    3518    9
    3519    6
    3520    7
    3521    7
    3522    8
    3523   15
    3524   15
    3525    9
    3526   11
    3527   11
    3528   11
    3529   11
    3530   11
    3531   11
    3532   11
    3533    9
    3534   11
    3535   11
    3536   11
    3537   11
    3538   11
    3539   11
    3540   11
    3541   11
    3542   11
    3543   11
    3544   11
    3545   11
    3546   11
    3547   11
    3548   11
    3549   11
    3550   11
    3551    9
    3552    8
    3553   12
    3554   12
    3555   12
    3556   12
    3557    6
    3558    5
    3559    3
    3560    3
    3561    3
    3562    4
    3563    4
    3564    4
    3565    3
    3566    3
    3567    3
    3568    3
    3569    3
    3570    4
    3571    4
    3572    4
    3573    4
    3574    4
    3575    4
    3576    4
    3577    4
    3578    4
    3579    4
    3580    4
    3581    4
    3582    4
    3583    4
    3584    4
    3585    4
    3586    4
    3587    4
    3588    4
    3589    4
    3590    4
    3591    4
    3592    4
    3593    4
    3594    4
    3595    4
    3596    4
    3597    4
    3598    4
    3599    4
    3600    4
    3601    4
    3602   12
    3603   12
    3604   12
    3605   12
    3606   12
    3607   12
    3608   12
    3609   12
    3610   12
    3611   12
    3612   12
    3613   12
    3614   12
    3615   12
    3616    1
    3617    1
    3618    1
    3619    3
    3620    3
    3621    3
    3622    3
    3623    3
    3624    1
    3625   12
    3626   12
    3627   12
    3628    2
    3629    2
    3630   12
    3631   12
    3632   12
    3633   12
    3634   12
    3635   12
    3636    8
    3637   12
    3638   12
    3639   12
    3640   12
    3641    8
    3642   12
    3643    8
    3644   12
    3645    8
    3646   12
    3647   12
    3648   12
    3649   12
    3650   12
    3651   12
    3652   12
    3653   12
    3654   12
    3655   12
    3656   12
    3657   12
    3658   12
    3659   12
    3660   12
    3661   12
    3662   12
    3663   12
    3664   12
    3665   12
    3666   12
    3667   12
    3668   12
    3669   12
    3670   12
    3671   12
    3672   12
    3673   12
    3674    8
    3675   12
    3676   12
    3677   12
    3678   12
    3679   12
    3680   12
    3681   12
    3682   12
    3683   12
    3684   12
    3685   12
    3686   12
    3687   12
    3688   12
    3689   12
    3690   12
    3691   12
    3692   12
    3693   12
    3694   12
    3695   12
    3696   12
    3697   12
    3698   13
    3699   13
    3700   13
    3701   13
    3702   13
    3703   13
    3704   13
    3705   13
    3706   13
    3707   13
    3708   13
    3709   13
    3710   13
    3711   13
    3712   13
    3713   13
    3714   13
    3715   13
    3716   13
    3717   13
    3718   12
    3719   12
    3720    4
    3721    6
    3722   12
    3723   12
    3724   12
    3725   12
    3726   12
    3727   12
    3728    1
    3729    1
    3730    3
    3731    3
    3732    3
    3733    5
    3734    6
    3735   10
    3736   10
    3737   10
    3738   10
    3739   10
    3740   10
    3741   10
    3742   10
    3743   10
    3744   10
    3745   10
    3746   10
    3747   10
    3748   10
    3749   10
    3750   10
    3751   10
    3752   10
    3753   10
    3754   10
    3755   10
    3756   10
    3757   10
    3758   10
    3759   10
    3760   10
    3761   10
    3762   10
    3763   10
    3764   10
    3765   10
    3766   10
    3767   10
    3768   10
    3769   10
    3770   10
    3771   10
    3772   10
    3773   10
    3774   10
    3775   10
    3776   10
    3777   10
    3778   10
    3779   10
    3780   10
    3781   10
    3782   10
    3783   10
    3784   10
    3785   10
    3786   10
    3787   10
    3788   10
    3789   10
    3790   10
    3791   10
    3792   10
    3793   10
    3794   11
    3795   11
    3796   11
    3797   11
    3798   11
    3799   11
    3800   11
    3801   11
    3802   11
    3803   11
    3804   11
    3805   11
    3806   11
    3807   11
    3808   11
    3809   11
    3810   11
    3811   11
    3812   11
    3813   11
    3814   12
    3815    2
    3816    7
    3817   10
    3818   10
    3819   10
    3820   10
    3821   10
    3822   10
    3823   10
    3824   10
    3825   10
    3826   10
    3827   12
    3828   12
    3829    8
    3830    6
    3831    5
    3832    5
    3833    3
    3834    6
    3835    5
    3836    5
    3837    3
    3838    5
    3839    6
    3840   12
    3841   12
    3842   11
    3843   11
    3844   11
    3845   11
    3846   11
    3847   11
    3848   11
    3849    9
    3850   11
    3851   11
    3852   11
    3853   11
    3854    9
    3855   11
    3856   11
    3857   11
    3858   11
    3859   11
    3860   11
    3861   11
    3862   11
    3863   11
    3864   11
    3865   11
    3866   11
    3867   11
    3868   11
    3869   11
    3870   11
    3871   10
    3872   10
    3873   10
    3874   10
    3875   10
    3876   10
    3877   10
    3878   10
    3879   10
    3880   10
    3881   10
    3882   10
    3883   10
    3884   10
    3885   10
    3886   11
    3887   11
    3888   10
    3889   10
    3890   10
    3891   10
    3892   10
    3893   10
    3894   10
    3895   10
    3896   11
    3897   11
    3898   11
    3899   10
    3900   10
    3901   10
    3902   10
    3903   10
    3904   10
    3905   10
    3906   10
    3907   10
    3908   10
    3909   10
    3910   10
    3911   10
    3912   10
    3913   10
    3914   10
    3915   10
    3916   10
    3917   10
    3918   10
    3919   10
    3920   10
    3921   10
    3922   10
    3923   10
    3924   10
    3925   10
    3926   10
    3927   10
    3928   10
    3929   10
    3930   10
    3931   10
    3932   10
    3933   10
    3934   10
    3935   10
    3936   10
    3937   10
    3938   10
    3939   10
    3940   10
    3941   10
    3942   10
    3943   10
    3944   10
    3945   10
    3946   10
    3947   10
    3948   10
    3949   10
    3950   10
    3951   10
    3952   10
    3953   10
    3954   10
    3955   11
    3956   11
    3957   11
    3958   11
    3959   11
    3960   11
    3961   11
    3962   11
    3963   11
    3964   11
    3965   11
    3966   11
    3967   11
    3968   11
    3969   11
    3970   11
    3971   11
    3972   11
    3973   11
    3974   11
    3975   11
    3976   11
    3977   11
    3978   10
    3979   10
    3980   10
    3981   10
    3982   10
    3983   10
    3984   10
    3985   10
    3986   10
    3987   10
    3988   10
    3989   13
    3990   13
    3991   13
    3992   13
    3993   13
    3994   13
    3995   13
    3996   13
    3997   13
    3998   13
    3999   13
    4000   13
    4001   13
    4002   13
    4003   13
    4004   13
    4005   13
    4006   13
    4007   13
    4008   13
    4009   13
    4010   13
    4011   13
    4012   13
    4013   13
    4014   13
    4015   14
    4016   14
    4017   14
    4018   14
    4019   14
    4020   14
    4021   14
    4022   14
    4023   14
    4024   14
    4025   14
    4026   14
    4027   14
    4028   14
    4029   14
    4030   14
    4031   14
    4032   14
    4033   14
    4034   14
    4035   12
    4036   12
    4037   12
    4038   12
    4039   12
    4040   12
    4041   12
    4042   12
    4043   12
    4044   11
    4045   11
    4046   11
    4047   11
    4048   11
    4049   11
    4050   11
    4051   11
    4052   11
    4053   11
    4054   11
    4055   11
    4056   11
    4057   11
    4058   11
    4059   11
    4060   11
    4061   11
    4062   11
    4063   11
    4064   11
    4065   10
    4066   10
    4067   10
    4068   10
    4069   10
    4070   10
    4071   10
    4072   10
    4073   10
    4074   10
    4075   11
    4076   11
    4077   11
    4078   11
    4079   11
    4080   11
    4081   11
    4082   11
    4083   11
    4084   11
    4085   11
    4086   11
    4087   11
    4088   11
    4089   11
    4090   11
    4091   11
    4092   11
    4093   11
    4094   11
    4095   11
    4096   11
    4097   11
    4098   11
    4099   11
    4100   11
    4101   11
    4102   11
    4103   11
    4104   11
    4105   11
    4106   11
    4107   11
    4108   11
    4109   11
    4110   11
    4111   11
    4112   11
    4113   11
    4114   11
    4115   11
    4116   11
    4117   11
    4118   11
    4119   11
    4120   11
    4121   11
    4122   11
    4123   11
    4124   11
    4125   11
    4126   11
    4127   11
    4128   11
    4129   11
    4130   11
    4131   11
    4132   11
    4133   11
    4134   11
    4135   11
    4136   11
    4137   11
    4138   11
    4139   11
    4140   11
    4141   11
    4142   11
    4143   11
    4144   11
    4145   11
    4146   11
    4147   11
    4148   11
    4149   11
    4150   11
    4151   11
    4152   11
    4153   11
    4154   11
    4155   11
    4156   11
    4157   11
    4158   11
    4159   11
    4160   11
    4161   11
    4162   11
    4163   11
    4164   11
    4165   11
    4166   11
    4167   11
    4168   11
    4169   11
    4170   11
    4171   11
    4172   11
    4173   11
    4174   11
    4175   11
    4176   11
    4177   11
    4178   11
    4179   10
    4180   10
    4181   10
    4182   12
    4183   12
    4184   12
    4185    8
    4186    8
    4187   11
    4188   11
    4189   11
    4190   11
    4191   11
    4192    7
    4193    7
    4194   10
    4195   10
    4196   12
    4197    8
    4198    8
    4199    9
    4200   11
    4201    9
    4202   10
    4203   10
    4204   10
    4205    8
    4206    2
    4207    6
    4208    6
    4209    3
    4210    3
    4211    1
    4212    1
    4213    1
    4214   12
    4215   12
    4216   12
    4217   10
    4218   10
    4219   10
    4220   10
    4221   11
    4222   11
    4223   11
    4224   11
    4225   11
    4226   11
    4227   11
    4228   11
    4229   11
    4230   11
    4231   11
    4232   11
    4233   10
    4234   10
    4235   10
    4236   10
    4237   10
    4238   10
    4239   10
    4240   10
    4241   10
    4242   10
    4243   10
    4244    9
    4245    9
    4246   11
    4247   11
    4248   11
    4249   11
    4250    9
    4251   10
    4252   10
    4253   10
    4254   10
    4255   10
    4256   10
    4257    9
    4258   11
    4259   11
    4260   11
    4261   11
    4262   11
    4263   11
    4264   11
    4265   11
    4266   11
    4267   11
    4268   11
    4269   11
    4270   11
    4271   11
    4272   11
    4273   11
    4274   11
    4275   11
    4276   11
    4277   11
    4278   11
    4279    9
    4280   11
    4281   11
    4282   11
    4283    9
    4284   11
    4285   11
    4286   11
    4287    9
    4288   11
    4289   11
    4290   11
    4291   11
    4292   11
    4293   11
    4294    9
    4295   11
    4296   11
    4297   10
    4298   10
    4299   12
    4300   12
    4301    5
    4302    6
    4303    5
    4304    3
    4305    3
    4306    2
    4307    2
    4308    2
    4309    2
    4310    2
    4311    2
    4312    2
    4313   12
    4314    9
    4315   11
    4316   11
    4317   11
    4318    9
    4319   11
    4320    9
    4321   11
    4322   11
    4323   11
    4324    9
    4325   11
    4326   11
    4327   11
    4328   11
    4329   11
    4330    2
    4331    2
    4332    2
    4333    2
    4334    5
    4335    5
    4336    6
    4337    5
    4338    6
    4339    2
    4340    6
    4341    7
    4342    7
    4343   12
    4344   12
    4345   12
    4346    8
    4347    7
    4348    1
    4349    7
    4350    6
    4351    6
    4352    2
    4353    1
    4354    1
    4355   12
    4356   12
    4357   12
    4358   12
    4359   12
    4360   12
    4361   12
    4362    8
    4363   12
    4364   12
    4365   12
    4366   12
    4367   12
    4368   12
    4369   12
    4370   12
    4371   12
    4372    7
    4373    1
    4374    1
    4375    3
    4376    3
    4377    6
    4378    5
    4379    3
    4380    5
    4381    6
    4382    7
    4383   12
    4384   12
    4385    8
    4386    7
    4387    7
    4388   12
    4389   12
    4390   12
    4391   12
    4392   12
    4393   12
    4394   12
    4395   12
    4396   12
    4397   12
    4398   12
    4399    7
    4400   12
    4401   12
    4402    7
    4403    6
    4404    3
    4405    1
    4406    1
    4407    1
    4408    2
    4409    2
    4410    2
    4411    7
    4412    8
    4413    7
    4414   12
    4415   12
    4416    7
    4417    7
    4418    7
    4419    8
    4420    7
    4421    7
    4422    7
    4423    8
    4424    8
    4425    8
    4426    7
    4427   12
    4428   12
    4429   12
    4430   12
    4431   12
    4432    9
    4433   12
    4434   12
    4435    2
    4436    5
    4437    6
    4438    7
    4439    6
    4440    1
    4441    5
    4442    1
    4443    1
    4444    1
    4445    1
    4446    1
    4447   12
    4448   12
    4449    7
    4450   12
    4451    7
    4452    6
    4453    4
    4454    4
    4455    4
    4456    6
    4457    4
    4458    4
    4459   12
    4460   12
    4461    7
    4462    2
    4463   12
    4464   12
    4465    8
    4466    8
    4467    8
    4468   12
    4469   12
    4470   12
    4471    4
    4472    4
    4473    4
    4474    6
    4475   12
    4476   12
    4477   12
    4478    4
    4479    4
    4480    4
    4481    4
    4482    4
    4483    6
    4484    7
    4485   12
    4486   12
    4487   12
    4488   12
    4489   12
    4490   12
    4491   12
    4492   12
    4493   12
    4494    7
    4495    8
    4496    8
    4497    7
    4498   12
    4499   12
    4500   12
    4501   12
    4502   12
    4503    7
    4504    8
    4505   12
    4506    6
    4507    5
    4508    3
    4509    3
    4510    3
    4511    3
    4512    3
    4513    3
    4514    3
    4515    1
    4516    1
    4517    1
    4518    1
    4519    1
    4520    1
    4521    1
    4522    1
    4523    1
    4524    1
    4525    1
    4526    1
    4527    1
    4528    5
    4529    1
    4530    1
    4531    1
    4532    1
    4533   12
    4534   12
    4535   12
    4536   12
    4537    9
    4538    9
    4539   12
    4540   12
    4541   12
    4542    6
    4543    6
    4544    2
    4545    2
    4546    2
    4547   12
    4548   12
    4549    6
    4550    6
    4551    3
    4552    1
    4553    1
    4554    1
    4555    1
    4556    1
    4557    1
    4558    1
    4559    1
    4560    1
    4561    1
    4562    1
    4563    1
    4564    1
    4565    1
    4566    1
    4567    1
    4568    1
    4569    6
    4570    5
    4571    6
    4572   12
    4573    7
    4574   12
    4575   12
    4576   12
    4577   12
    4578    8
    4579    6
    4580    5
    4581    2
    4582   12
    4583   12
    4584   12
    4585   12
    4586    2
    4587    6
    4588    5
    4589    6
    4590    6
    4591    5
    4592    1
    4593    1
    4594    1
    4595    5
    4596    6
    4597    6
    4598    5
    4599    2
    4600    2
    4601    2
    4602    2
    4603    5
    4604    6
    4605    6
    4606    2
    4607    2
    4608   12
    4609   12
    4610   12
    4611    8
    4612    8
    4613   12
    4614   12
    4615   12
    4616   12
    4617    8
    4618    8
    4619    7
    4620    8
    4621    8
    4622    7
    4623    8
    4624   12
    4625   12
    4626   12
    4627    7
    4628    6
    4629    6
    4630    6
    4631    1
    4632    1
    4633    1
    4634    1
    4635    1
    4636    1
    4637    5
    4638    5
    4639    6
    4640   11
    4641   11
    4642   11
    4643   11
    4644   11
    4645   11
    4646   11
    4647   11
    4648    8
    4649    7
    4650   12
    4651   12
    4652   11
    4653   11
    4654   12
    4655    8
    4656   12
    4657   12
    4658   12
    4659   12
    4660   12
    4661    1
    4662    1
    4663    1
    4664    1
    4665    1
    4666    1
    4667    6
    4668   12
    4669   12
    4670   12
    4671   12
    4672   12
    4673   12
    4674   12
    4675   12
    4676   12
    4677   12
    4678   12
    4679    6
    4680    6
    4681    3
    4682    2
    4683    2
    4684    9
    4685   12
    4686   12
    4687    8
    4688    8
    4689    6
    4690    5
    4691    5
    4692    6
    4693    3
    4694    1
    4695    5
    4696    6
    4697    6
    4698    3
    4699    1
    4700    1
    4701    1
    4702    1
    4703    1
    4704    1
    4705    1
    4706    1
    4707    3
    4708    6
    4709    5
    4710    1
    4711    1
    4712    1
    4713    1
    4714    1
    4715    1
    4716    1
    4717    1
    4718    5
    4719    6
    4720    6
    4721    5
    4722    1
    4723   12
    4724   12
    4725   12
    4726    8
    4727    6
    4728    1
    4729    3
    4730    5
    4731    6
    4732    7
    4733    7
    4734    7
    4735    8
    4736   12
    4737   12
    4738    7
    4739   12
    4740   12
    4741    8
    4742   11
    4743   12
    4744    8
    4745    8
    4746    8
    4747    6
    4748    6
    4749    5
    4750    2
    4751    2
    4752    2
    4753    6
    4754    7
    4755    8
    4756    8
    4757    8
    4758   11
    4759   11
    4760   11
    4761    7
    4762   12
    4763   11
    4764   11
    4765   11
    4766   11
    4767   11
    4768   11
    4769   11
    4770   11
    4771   11
    4772   11
    4773   11
    4774   12
    4775    8
    4776    8
    4777    7
    4778    7
    4779    7
    4780   12
    4781   12
    4782   12
    4783    8
    4784    8
    4785   12
    4786   12
    4787    8
    4788    7
    4789    8
    4790   12
    4791    8
    4792    7
    4793    6
    4794    6
    4795    7
    4796    8
    4797   12
    4798    8
    4799    8
    4800    7
    4801    7
    4802    7
    4803    7
    4804    7
    4805    7
    4806    7
    4807    7
    4808    7
    4809    7
    4810    7
    4811    2
    4812    2
    4813    2
    4814    3
    4815    3
    4816    3
    4817    5
    4818    6
    4819    6
    4820    5
    4821    2
    4822    2
    4823    2
    4824    2
    4825    8
    4826    8
    4827    7
    4828    8
    4829    7
    4830   10
    4831   12
    4832   12
    4833   12
    4834    8
    4835   12
    4836   12
    4837    6
    4838    6
    4839    3
    4840    6
    4841    7
    4842    6
    4843    6
    4844    6
    4845    6
    4846    6
    4847   12
    4848   12
    4849    9
    4850   11
    4851   11
    4852   11
    4853    2
    4854    2
    4855    2
    4856    6
    4857   10
    4858   10
    4859   10
    4860   10
    4861   10
    4862   10
    4863   10
    4864   10
    4865   10
    4866   10
    4867   12
    4868   12
    4869   12
    4870    6
    4871    6
    4872    3
    4873    3
    4874    1
    4875    3
    4876    3
    4877    3
    4878    1
    4879    1
    4880    3
    4881    3
    4882    5
    4883    5
    4884    7
    4885    8
    4886   12
    4887   12
    4888    7
    4889   10
    4890   12
    4891    7
    4892    8
    4893   11
    4894   11
    4895   11
    4896   11
    4897   11
    4898   11
    4899   11
    4900   11
    4901   11
    4902   11
    4903   11
    4904   11
    4905   11
    4906   11
    4907   11
    4908   11
    4909   11
    4910   11
    4911   11
    4912   11
    4913   11
    4914   11
    4915   11
    4916   11
    4917   11
    4918   11
    4919   11
    4920   11
    4921   11
    4922   11
    4923    9
    4924    9
    4925   10
    4926   10
    4927   10
    4928   10
    4929   10
    4930   10
    4931   10
    4932   10
    4933   10
    4934   11
    4935   11
    4936   11
    4937   11
    4938   11
    4939   11
    4940   11
    4941   11
    4942   11
    4943   10
    4944   10
    4945   10
    4946   10
    4947   10
    4948   11
    4949   11
    4950   11
    4951   10
    4952   10
    4953   10
    4954   10
    4955   13
    4956   13
    4957   13
    4958   13
    4959   13
    4960   13
    4961   13
    4962   13
    4963   13
    4964   13
    4965   13
    4966   13
    4967   13
    4968   13
    4969   13
    4970   13
    4971   13
    4972   13
    4973   13
    4974   13
    4975   13
    4976   13
    4977   13
    4978   13
    4979   13
    4980   13
    4981   13
    4982   13
    4983   13
    4984   13
    4985   13
    4986   13
    4987   13
    4988   13
    4989   13
    4990   13
    4991   13
    4992   13
    4993   13
    4994   13
    4995   13
    4996   13
    4997   13
    4998   13
    4999   13
    5000   13
