       1   11
       2    9
       3   11
       4   11
       5   11
       6   11
       7   11
       8   11
       9   11
      10   12
      11   12
      12   12
      13   12
      14   12
      15   12
      16   10
      17   10
      18   10
      19   10
      20   10
      21   11
      22   11
      23   11
      24   11
      25   11
      26   11
      27   11
      28   11
      29   11
      30   11
      31   11
      32   11
      33   11
      34   11
      35   11
      36   11
      37   11
      38   11
      39   11
      40   11
      41   11
      42   11
      43   11
      44   11
      45   11
      46   11
      47   11
      48   11
      49   11
      50   11
      51   11
      52   11
      53   11
      54   11
      55   11
      56   11
      57    6
      58    1
      59    1
      60    1
      61    8
      62    9
      63   10
      64   10
      65   10
      66   10
      67   10
      68   10
      69   10
      70   10
      71   10
      72   10
      73   11
      74   11
      75   11
      76   10
      77   10
      78   10
      79   11
      80   11
      81   11
      82   10
      83   10
      84   10
      85   10
      86   10
      87   10
      88   10
      89   10
      90   10
      91   10
      92   12
      93   12
      94   12
      95   12
      96   12
      97   10
      98   10
      99   10
     100   10
     101   10
     102   10
     103   10
     104   10
     105   10
     106   10
     107   10
     108   10
     109   10
     110   10
     111   10
     112   10
     113   10
     114   10
     115   10
     116   10
     117   10
     118   10
     119   10
     120   10
     121   10
     122   10
     123   10
     124   10
     125    7
     126   12
     127   12
     128   12
     129   12
     130    8
     131    8
     132    6
     133    5
     134    3
     135    3
     136    3
     137    1
     138    1
     139    1
     140    1
     141    2
     142    2
     143    2
     144    2
     145   12
     146   12
     147   12
     148   12
     149    6
     150    3
     151    3
     152    3
     153    3
     154   12
     155   12
     156   12
     157   12
     158    1
     159    3
     160    4
     161    5
     162    1
     163    1
     164    1
     165    1
     166    1
     167    1
     168    1
     169    7
     170    7
     171    6
     172    5
     173    3
     174    1
     175    3
     176    5
     177    1
     178    1
     179    6
     180    3
     181    3
     182    3
     183    6
     184    5
     185    3
     186    3
     187    3
     188    3
     189    3
     190    3
     191    1
     192    1
     193    2
     194   12
     195   12
     196   12
     197   12
     198    7
     199   12
     200   12
     201   10
     202   10
     203   10
     204   10
     205   13
     206   14
     207   14
     208   14
     209   13
     210   13
     211   13
     212   13
     213   13
     214   13
     215   10
     216   13
     217   13
     218   13
     219   13
     220   13
     221   13
     222   13
     223   13
     224   13
     225   13
     226   13
     227   13
     228   13
     229   13
     230   13
     231    9
     232   10
     233    9
     234   10
     235   10
     236   10
     237   10
     238   10
     239   10
     240   10
     241   10
     242   10
     243   10
     244    6
     245    6
     246   14
     247   14
     248   14
     249   14
     250   14
     251   12
     252    7
     253   12
     254   12
     255   12
     256    8
     257   12
     258   12
     259   12
     260   12
     261   12
     262   12
     263   12
     264   10
     265   10
     266   12
     267   12
     268   12
     269   12
     270    8
     271    8
     272    8
     273    8
     274   15
     275   15
     276   15
     277   15
     278   15
     279   15
     280   15
     281   15
     282    8
     283    6
     284    1
     285    1
     286    1
     287    1
     288    1
     289    2
     290    6
     291    7
     292    8
     293    8
     294    8
     295   12
     296   12
     297    8
     298    6
     299    3
     300    1
     301    1
     302    1
     303    1
     304    7
     305   12
     306    7
     307    8
     308   12
     309   12
     310   10
     311    9
     312   10
     313   10
     314   10
     315    8
     316    7
     317    8
     318   12
     319    7
     320    8
     321    7
     322    8
     323    7
     324   12
     325    8
     326    7
     327    8
     328    5
     329    6
     330    5
     331    6
     332    8
     333    8
     334    8
     335   12
     336   12
     337    8
     338    8
     339    7
     340    8
     341    8
     342    7
     343    7
     344   12
     345   12
     346   12
     347    7
     348    5
     349    3
     350    1
     351    6
     352    5
     353    1
     354    7
     355   12
     356   12
     357    7
     358    7
     359    6
     360    6
     361    7
     362    8
     363    8
     364   12
     365   12
     366   12
     367    8
     368    8
     369   10
     370   10
     371   10
     372   10
     373    8
     374    7
     375    8
     376    8
     377   12
     378    8
     379   10
     380   10
     381   10
     382   10
     383    9
     384    9
     385   11
     386   11
     387   11
     388   11
     389   11
     390   11
     391   11
     392   11
     393   11
     394   11
     395   11
     396   11
     397    9
     398   11
     399   11
     400   11
     401   11
     402   11
     403   11
     404   11
     405    2
     406    3
     407    6
     408    2
     409    9
     410   12
     411   12
     412   12
     413    2
     414   11
     415   10
     416   12
     417   12
     418   12
     419   12
     420    6
     421    1
     422    1
     423    6
     424    5
     425    1
     426    6
     427    6
     428    5
     429    1
     430   12
     431   12
     432    7
     433    8
     434   10
     435   12
     436   12
     437   12
     438    7
     439   12
     440    8
     441    6
     442    5
     443    1
     444    1
     445    1
     446    6
     447    6
     448    5
     449    6
     450    5
     451    1
     452   12
     453    7
     454   12
     455   12
     456   12
     457   12
     458    8
     459    8
     460   10
     461    8
     462    9
     463   10
     464   10
     465   11
     466   11
     467    9
     468   11
     469    9
     470    8
     471    8
     472    7
     473   11
     474    8
     475   12
     476    1
     477    1
     478    6
     479    7
     480    8
     481   10
     482   10
     483   10
     484    9
     485   11
     486   11
     487    9
     488   10
     489   10
     490   10
     491   10
     492   10
     493   10
     494   10
     495   10
     496   10
     497    6
     498    1
     499    1
     500    6
     501    6
     502    1
     503    1
     504    1
     505    5
     506    1
     507    1
     508    6
     509    6
     510    3
     511    1
     512    1
     513    1
     514    1
     515    1
     516    1
     517    1
     518    1
     519    5
     520    5
     521    6
     522   12
     523    7
     524   12
     525    7
     526    6
     527    1
     528    1
     529    1
     530    1
     531   12
     532   12
     533   12
     534   12
     535   12
     536   12
     537   12
     538   12
     539   12
     540    5
     541    6
     542    3
     543    3
     544    3
     545    1
     546   12
     547   12
     548   12
     549   12
     550   12
     551    7
     552   12
     553   12
     554   12
     555   12
     556   12
     557   12
     558   12
     559   12
     560   12
     561   12
     562   12
     563    8
     564    8
     565   12
     566   12
     567   12
     568   12
     569   12
     570   12
     571   12
     572   12
     573    7
     574    7
     575   12
     576   12
     577   12
     578    1
     579    1
     580    3
     581    6
     582    8
     583   12
     584   12
     585   12
     586   12
     587   12
     588    1
     589    1
     590    1
     591    1
     592    1
     593    1
     594    1
     595    6
     596    7
     597   12
     598   12
     599   12
     600   12
     601    1
     602    1
     603    6
     604    5
     605    1
     606    1
     607    1
     608    1
     609    1
     610    1
     611    3
     612    6
     613    5
     614    1
     615   12
     616   12
     617   12
     618   13
     619   13
     620   13
     621   13
     622   13
     623   13
     624   13
     625   14
     626   14
     627   14
     628   14
     629   12
     630   12
     631    8
     632   12
     633   12
     634   12
     635    6
     636    3
     637    1
     638    1
     639    1
     640    1
     641    1
     642    1
     643   12
     644   12
     645   12
     646   12
     647    1
     648    1
     649    1
     650    1
     651    3
     652    6
     653    8
     654   12
     655   12
     656   12
     657   12
     658   12
     659   12
     660   12
     661   12
     662   12
     663   12
     664   12
     665    7
     666   12
     667   12
     668    7
     669   14
     670   14
     671   14
     672   14
     673   14
     674   14
     675   14
     676   14
     677   14
     678   13
     679   13
     680   13
     681   13
     682   13
     683   13
     684   13
     685   13
     686   13
     687   13
     688   13
     689   13
     690   13
     691   13
     692   13
     693   13
     694   13
     695   13
     696   13
     697   13
     698   13
     699    9
     700    9
     701   12
     702   12
     703   12
     704   12
     705   12
     706   12
     707   12
     708   12
     709   12
     710    8
     711   12
     712   12
     713    6
     714    5
     715    4
     716   14
     717   14
     718   14
     719   14
     720   14
     721   14
     722   14
     723   14
     724   14
     725   14
     726   14
     727   14
     728   14
     729   12
     730   12
     731   12
     732    7
     733   14
     734   14
     735   14
     736   12
     737   12
     738   12
     739    1
     740    7
     741    6
     742    3
     743    1
     744    1
     745    1
     746    1
     747   12
     748   12
     749   14
     750   14
     751   13
     752   13
     753   13
     754   13
     755   13
     756   13
     757   13
     758   13
     759   13
     760   13
     761   13
     762   13
     763   13
     764   13
     765   13
     766   13
     767   13
     768   13
     769   13
     770   12
     771   12
     772    7
     773   12
     774   12
     775   14
     776   14
     777   14
     778   14
     779   14
     780   14
     781   14
     782   14
     783   14
     784   14
     785   13
     786   12
     787   12
     788   12
     789   12
     790   12
     791    7
     792   12
     793   12
     794   12
     795   12
     796   12
     797   12
     798   12
     799    8
     800   12
     801   12
     802   12
     803   12
     804   12
     805   12
     806   12
     807   12
     808    7
     809   14
     810   14
     811   14
     812   14
     813   14
     814   14
     815   14
     816    9
     817    7
     818   12
     819   12
     820   12
     821   12
     822   12
     823   12
     824   12
     825   12
     826    1
     827    1
     828    4
     829    6
     830   12
     831   12
     832   12
     833   12
     834   12
     835   12
     836    7
     837    1
     838    1
     839    1
     840    1
     841    5
     842    7
     843   12
     844   12
     845   12
     846   12
     847   12
     848   12
     849   12
     850   12
     851   12
     852   12
     853    7
     854    7
     855   12
     856   12
     857   12
     858   13
     859   13
     860   13
     861   13
     862   13
     863   13
     864   13
     865   13
     866   13
     867   13
     868   13
     869   13
     870   13
     871   13
     872   13
     873   13
     874   13
     875   13
     876   10
     877   10
     878   10
     879    6
     880   12
     881   12
     882   12
     883   12
     884   12
     885   12
     886    8
     887   12
     888   12
     889   12
     890   12
     891   10
     892   10
     893   10
     894   10
     895   10
     896   10
     897   12
     898   12
     899    8
     900   12
     901   12
     902   12
     903   12
     904   12
     905   11
     906   11
     907   11
     908   11
     909   12
     910   12
     911   12
     912   12
     913   12
     914   12
     915   12
     916   12
     917   12
     918   12
     919   12
     920   12
     921   12
     922    8
     923   12
     924   12
     925    8
     926    8
     927   12
     928    7
     929    8
     930   12
     931   12
     932   12
     933   12
     934    7
     935   12
     936   12
     937   12
     938    8
     939    8
     940   12
     941    8
     942    7
     943    7
     944    8
     945   12
     946    7
     947    8
     948    5
     949    6
     950    8
     951    7
     952    7
     953    8
     954    8
     955    8
     956   12
     957   12
     958    8
     959    5
     960    6
     961    6
     962    7
     963    8
     964    8
     965    7
     966   12
     967   12
     968   12
     969   10
     970    9
     971    8
     972    7
     973    6
     974    3
     975    6
     976    8
     977   12
     978    6
     979    1
     980    7
     981    7
     982   12
     983    7
     984    7
     985    7
     986   12
     987   12
     988    6
     989    1
     990    1
     991    1
     992   12
     993   12
     994   12
     995   12
     996   12
     997   12
     998   12
     999    7
    1000   12
    1001    8
    1002   12
    1003   12
    1004   12
    1005   12
    1006    7
    1007    7
    1008    8
    1009    7
    1010   12
    1011   12
    1012   12
    1013   12
    1014   12
    1015   12
    1016   12
    1017    7
    1018    8
    1019    8
    1020   12
    1021    6
    1022    5
    1023    3
    1024    3
    1025    5
    1026    4
    1027    6
    1028    6
    1029    5
    1030    5
    1031    6
    1032    5
    1033    6
    1034    6
    1035    6
    1036    5
    1037    3
    1038    1
    1039    2
    1040    2
    1041    2
    1042    2
    1043    5
    1044    5
    1045    6
    1046    8
    1047    8
    1048    8
    1049    8
    1050    8
    1051   12
    1052   12
    1053   12
    1054    7
    1055   12
    1056   12
    1057   12
    1058    8
    1059    8
    1060   12
    1061    8
    1062    7
    1063    1
    1064    6
    1065    5
    1066    5
    1067    6
    1068    6
    1069   12
    1070    7
    1071    8
    1072   12
    1073    7
    1074    8
    1075    8
    1076   12
    1077    6
    1078    6
    1079    1
    1080    1
    1081    1
    1082    1
    1083    3
    1084    6
    1085   12
    1086   12
    1087    1
    1088    1
    1089    1
    1090    1
    1091    1
    1092    3
    1093    6
    1094    8
    1095   12
    1096   12
    1097   12
    1098   12
    1099    8
    1100   10
    1101   10
    1102   10
    1103    8
    1104    7
    1105    8
    1106    8
    1107    7
    1108   12
    1109    8
    1110   12
    1111   10
    1112   10
    1113   11
    1114   11
    1115   11
    1116   10
    1117   10
    1118   10
    1119   10
    1120    8
    1121   12
    1122    8
    1123    6
    1124    5
    1125    4
    1126    4
    1127    3
    1128    5
    1129    6
    1130    3
    1131    3
    1132    1
    1133    1
    1134    8
    1135    8
    1136    8
    1137    8
    1138    8
    1139    8
    1140   12
    1141   12
    1142   12
    1143   12
    1144   12
    1145   12
    1146   12
    1147   15
    1148    8
    1149    7
    1150    8
    1151    8
    1152   10
    1153   10
    1154   10
    1155   10
    1156   10
    1157   10
    1158   12
    1159    9
    1160    6
    1161    3
    1162    6
    1163    8
    1164   12
    1165    7
    1166    6
    1167    5
    1168    3
    1169    5
    1170    3
    1171    1
    1172    1
    1173    1
    1174    2
    1175    2
    1176    6
    1177    5
    1178    6
    1179    6
    1180    6
    1181    1
    1182   12
    1183   12
    1184    6
    1185    6
    1186    8
    1187    6
    1188    3
    1189    1
    1190    1
    1191    1
    1192    1
    1193    5
    1194    6
    1195    3
    1196    1
    1197    7
    1198    7
    1199    7
    1200   12
    1201    7
    1202    7
    1203   12
    1204    6
    1205    4
    1206    7
    1207   10
    1208   10
    1209   10
    1210   10
    1211   10
    1212   10
    1213   10
    1214   10
    1215   10
    1216   10
    1217   10
    1218   10
    1219   10
    1220   10
    1221   10
    1222   10
    1223   10
    1224   10
    1225   12
    1226   12
    1227   12
    1228   12
    1229   12
    1230   12
    1231   12
    1232   10
    1233   10
    1234   10
    1235   10
    1236   10
    1237   10
    1238   10
    1239   10
    1240   10
    1241   10
    1242   10
    1243   10
    1244   10
    1245   10
    1246   10
    1247   10
    1248   10
    1249   10
    1250   10
    1251   10
    1252   10
    1253   10
    1254   10
    1255   10
    1256   10
    1257   10
    1258   10
    1259   10
    1260   10
    1261   12
    1262   12
    1263    1
    1264    5
    1265    5
    1266    6
    1267    6
    1268   12
    1269   12
    1270   12
    1271   11
    1272   11
    1273   11
    1274   11
    1275   11
    1276   11
    1277   11
    1278   11
    1279   11
    1280   11
    1281   11
    1282   11
    1283   11
    1284   10
    1285   10
    1286   10
    1287   10
    1288   12
    1289   12
    1290   12
    1291   12
    1292   12
    1293   12
    1294   12
    1295    6
    1296    3
    1297    3
    1298    4
    1299    4
    1300    6
    1301   12
    1302    7
    1303   14
    1304   14
    1305   14
    1306   14
    1307   14
    1308   14
    1309   14
    1310   14
    1311   14
    1312    6
    1313   14
    1314   14
    1315   14
    1316    1
    1317    1
    1318    3
    1319    6
    1320   12
    1321   12
    1322   12
    1323   12
    1324   12
    1325   10
    1326   10
    1327   10
    1328   10
    1329   10
    1330   10
    1331   10
    1332    8
    1333   12
    1334   12
    1335    8
    1336   12
    1337   12
    1338   12
    1339    7
    1340   12
    1341   12
    1342    8
    1343    8
    1344    8
    1345    8
    1346    8
    1347    7
    1348    1
    1349    1
    1350    3
    1351    3
    1352    3
    1353    3
    1354    6
    1355    6
    1356    5
    1357    5
    1358    6
    1359   12
    1360   12
    1361   12
    1362   12
    1363    1
    1364    1
    1365    1
    1366    1
    1367    1
    1368    1
    1369    5
    1370    6
    1371    6
    1372   12
    1373    5
    1374    6
    1375    6
    1376    1
    1377   12
    1378   12
    1379   12
    1380    9
    1381    7
    1382    7
    1383    8
    1384    7
    1385    6
    1386    6
    1387    7
    1388    7
    1389    6
    1390    6
    1391    1
    1392    1
    1393    5
    1394    6
    1395   12
    1396   12
    1397    8
    1398    7
    1399    7
    1400   12
    1401   12
    1402   12
    1403   12
    1404   12
    1405    7
    1406    7
    1407    7
    1408   12
    1409    8
    1410   12
    1411    8
    1412   12
    1413   12
    1414   12
    1415    7
    1416    6
    1417    8
    1418    1
    1419   12
    1420    6
    1421    6
    1422    6
    1423    6
    1424    6
    1425    5
    1426    5
    1427   12
    1428    8
    1429    8
    1430    8
    1431    8
    1432    8
    1433    7
    1434    6
    1435    1
    1436    1
    1437    1
    1438    6
    1439    6
    1440    1
    1441    5
    1442    1
    1443    1
    1444    6
    1445    5
    1446    1
    1447    1
    1448    1
    1449    5
    1450    5
    1451    6
    1452    5
    1453    3
    1454    1
    1455   12
    1456    7
    1457    8
    1458   12
    1459   12
    1460    7
    1461    6
    1462    5
    1463    6
    1464    8
    1465    7
    1466    6
    1467    7
    1468    7
    1469    7
    1470   12
    1471   12
    1472    8
    1473    7
    1474    7
    1475   12
    1476    7
    1477   12
    1478    8
    1479    8
    1480    7
    1481    8
    1482    7
    1483   12
    1484   12
    1485    8
    1486    8
    1487    8
    1488    8
    1489    8
    1490    8
    1491   12
    1492   12
    1493   12
    1494   12
    1495   10
    1496   10
    1497   10
    1498   10
    1499   11
    1500   11
    1501   11
    1502   11
    1503   11
    1504   11
    1505   11
    1506   10
    1507   10
    1508   10
    1509   10
    1510   10
    1511   10
    1512   10
    1513   10
    1514   10
    1515   10
    1516   10
    1517   10
    1518   10
    1519   10
    1520    9
    1521   10
    1522   10
    1523   10
    1524   12
    1525    7
    1526    8
    1527   10
    1528    9
    1529   12
    1530   12
    1531   12
    1532   12
    1533    7
    1534   10
    1535   10
    1536   10
    1537   10
    1538   10
    1539    9
    1540   11
    1541   10
    1542    7
    1543   12
    1544    8
    1545    7
    1546    7
    1547    8
    1548   12
    1549   12
    1550   12
    1551   12
    1552   12
    1553    6
    1554    6
    1555    3
    1556    1
    1557    1
    1558    1
    1559    1
    1560    1
    1561    1
    1562    5
    1563    6
    1564    1
    1565    6
    1566    6
    1567    1
    1568    1
    1569    1
    1570    3
    1571    6
    1572    6
    1573    6
    1574    6
    1575    1
    1576    1
    1577    1
    1578    1
    1579    1
    1580    6
    1581    3
    1582    4
    1583    5
    1584    1
    1585    1
    1586    6
    1587    5
    1588    5
    1589    6
    1590    8
    1591   12
    1592   12
    1593   12
    1594   10
    1595   11
    1596   11
    1597    9
    1598   10
    1599   10
    1600   10
    1601    9
    1602    9
    1603   11
    1604   10
    1605   10
    1606   10
    1607    9
    1608   10
    1609   10
    1610   10
    1611   10
    1612   10
    1613   10
    1614   10
    1615   10
    1616   12
    1617   12
    1618   12
    1619   12
    1620   12
    1621   12
    1622   12
    1623   12
    1624   12
    1625   12
    1626   12
    1627   12
    1628   12
    1629   12
    1630   12
    1631   12
    1632   12
    1633   12
    1634   12
    1635   12
    1636   12
    1637   12
    1638   12
    1639   12
    1640   12
    1641   12
    1642    9
    1643   11
    1644   11
    1645   11
    1646   11
    1647   11
    1648   11
    1649   11
    1650   11
    1651   10
    1652   10
    1653   10
    1654   10
    1655   10
    1656   10
    1657   11
    1658   11
    1659   11
    1660   11
    1661   11
    1662   11
    1663   11
    1664   11
    1665   11
    1666   11
    1667   11
    1668   11
    1669    9
    1670   10
    1671   10
    1672    6
    1673    5
    1674    3
    1675    5
    1676    7
    1677    6
    1678    5
    1679    1
    1680    1
    1681    1
    1682    1
    1683    2
    1684    2
    1685    2
    1686    6
    1687    8
    1688    7
    1689    8
    1690   12
    1691    8
    1692    7
    1693   12
    1694   10
    1695   10
    1696   10
    1697   11
    1698   11
    1699   11
    1700   11
    1701   11
    1702    8
    1703    8
    1704    7
    1705   12
    1706   11
    1707   11
    1708   11
    1709   11
    1710    9
    1711   11
    1712   12
    1713    8
    1714   12
    1715    6
    1716    6
    1717    2
    1718    8
    1719    9
    1720   11
    1721   11
    1722   11
    1723   11
    1724   11
    1725   11
    1726   11
    1727   11
    1728   11
    1729   11
    1730   11
    1731   11
    1732   11
    1733   11
    1734   11
    1735   11
    1736   11
    1737   11
    1738   11
    1739   12
    1740    6
    1741    5
    1742    6
    1743    5
    1744    6
    1745    5
    1746    6
    1747    3
    1748    5
    1749    6
    1750    5
    1751    6
    1752    7
    1753   12
    1754    6
    1755    5
    1756    6
    1757    6
    1758    5
    1759    1
    1760    1
    1761    6
    1762   12
    1763    7
    1764    8
    1765    7
    1766    6
    1767    1
    1768    1
    1769    1
    1770    1
    1771    1
    1772    1
    1773    1
    1774    2
    1775    8
    1776   10
    1777   10
    1778    9
    1779    8
    1780    6
    1781   11
    1782   11
    1783   11
    1784   12
    1785    8
    1786   12
    1787    8
    1788    8
    1789   11
    1790    9
    1791   11
    1792   11
    1793   11
    1794   11
    1795   11
    1796   10
    1797   10
    1798   10
    1799   10
    1800   10
    1801   10
    1802   10
    1803   10
    1804   10
    1805   10
    1806   10
    1807   10
    1808   10
    1809   10
    1810   10
    1811   10
    1812   10
    1813   10
    1814   10
    1815   10
    1816   10
    1817   10
    1818   10
    1819   10
    1820   10
    1821   12
    1822   12
    1823   12
    1824   12
    1825   12
    1826   12
    1827   12
    1828   12
    1829   12
    1830   12
    1831   12
    1832   12
    1833   12
    1834   12
    1835   12
    1836   12
    1837   12
    1838   12
    1839   12
    1840   12
    1841   12
    1842   12
    1843   12
    1844   12
    1845   12
    1846   12
    1847   12
    1848   12
    1849   12
    1850   12
    1851   12
    1852   12
    1853   12
    1854   12
    1855   12
    1856   12
    1857   12
    1858   12
    1859   12
    1860   12
    1861   12
    1862   12
    1863   12
    1864   12
    1865   12
    1866   12
    1867   12
    1868   12
    1869   12
    1870   12
    1871   12
    1872   12
    1873   12
    1874   12
    1875   12
    1876   12
    1877   12
    1878   12
    1879   12
    1880   12
    1881   12
    1882   12
    1883   12
    1884   12
    1885   12
    1886   12
    1887   12
    1888   12
    1889   12
    1890   12
    1891   12
    1892   12
    1893   12
    1894   12
    1895   12
    1896   12
    1897   12
    1898   12
    1899   12
    1900   12
    1901   12
    1902   12
    1903   12
    1904   12
    1905   12
    1906   12
    1907   12
    1908   12
    1909   12
    1910   12
    1911   12
    1912   12
    1913   12
    1914   12
    1915   12
    1916   12
    1917   12
    1918   12
    1919   12
    1920   12
    1921   12
    1922   12
    1923   12
    1924   12
    1925   12
    1926   12
    1927   12
    1928   12
    1929   12
    1930   12
    1931   12
    1932   12
    1933   12
    1934   12
    1935   12
    1936   12
    1937   12
    1938   12
    1939   12
    1940   12
    1941   12
    1942   12
    1943   12
    1944   12
    1945   12
    1946   12
    1947   12
    1948   12
    1949   12
    1950   12
    1951   12
    1952   12
    1953   12
    1954   12
    1955   12
    1956   12
    1957   12
    1958   12
    1959   10
    1960   10
    1961   10
    1962   10
    1963   10
    1964    9
    1965   12
    1966   12
    1967   10
    1968   10
    1969   10
    1970   11
    1971   11
    1972   11
    1973   11
    1974   11
    1975   11
    1976   11
    1977   11
    1978   11
    1979   11
    1980   11
    1981   10
    1982   10
    1983   10
    1984   10
    1985   10
    1986   12
    1987   12
    1988   12
    1989    8
    1990    8
    1991   12
    1992    8
    1993    7
    1994    8
    1995    7
    1996    8
    1997   12
    1998   12
    1999   12
    2000   12
    2001    7
    2002    8
    2003   12
    2004    8
    2005    8
    2006    7
    2007    6
    2008    1
    2009    1
    2010    1
    2011    1
    2012    1
    2013    1
    2014    1
    2015    6
    2016    7
    2017    7
    2018   12
    2019    6
    2020    6
    2021    1
    2022    5
    2023    3
    2024    6
    2025    6
    2026    8
    2027    8
    2028    8
    2029   12
    2030   12
    2031    6
    2032    1
    2033    1
    2034    6
    2035    8
    2036   12
    2037   12
    2038   12
    2039   12
    2040    8
    2041    7
    2042   12
    2043   12
    2044   12
    2045   12
    2046    1
    2047    1
    2048    1
    2049    1
    2050    1
    2051    6
    2052    6
    2053    7
    2054    5
    2055    6
    2056    6
    2057    6
    2058   12
    2059   12
    2060    8
    2061    8
    2062   12
    2063   12
    2064    8
    2065   12
    2066    6
    2067    1
    2068    1
    2069    1
    2070    1
    2071   12
    2072   12
    2073   12
    2074   12
    2075   12
    2076   12
    2077   12
    2078   12
    2079   12
    2080   12
    2081    7
    2082   12
    2083    1
    2084    1
    2085    1
    2086    1
    2087    6
    2088   15
    2089   15
    2090   15
    2091    7
    2092   12
    2093   12
    2094   12
    2095   12
    2096   12
    2097    8
    2098   12
    2099   12
    2100   12
    2101    7
    2102   14
    2103   14
    2104   14
    2105    7
    2106    2
    2107    2
    2108   12
    2109   12
    2110   12
    2111    7
    2112   12
    2113   12
    2114   12
    2115    7
    2116   12
    2117   12
    2118   12
    2119    6
    2120    1
    2121    1
    2122    1
    2123    7
    2124    1
    2125   12
    2126   12
    2127   12
    2128   12
    2129    7
    2130   12
    2131   12
    2132   12
    2133    7
    2134    1
    2135    1
    2136   12
    2137   12
    2138   12
    2139   12
    2140   12
    2141   12
    2142    7
    2143    6
    2144    1
    2145    1
    2146    1
    2147    1
    2148   12
    2149   12
    2150   12
    2151   12
    2152    8
    2153   12
    2154   12
    2155   12
    2156   12
    2157   14
    2158   14
    2159   14
    2160   14
    2161    7
    2162   15
    2163   12
    2164   12
    2165   12
    2166   12
    2167   12
    2168   12
    2169   12
    2170   12
    2171   12
    2172    7
    2173   12
    2174    8
    2175    8
    2176   12
    2177   12
    2178   12
    2179   12
    2180   12
    2181    9
    2182   11
    2183    9
    2184   12
    2185   12
    2186   12
    2187   12
    2188   12
    2189   12
    2190    7
    2191   12
    2192    9
    2193   14
    2194   14
    2195   14
    2196   14
    2197   14
    2198   14
    2199   14
    2200    6
    2201    8
    2202   12
    2203   12
    2204   12
    2205   12
    2206   12
    2207   12
    2208   12
    2209   12
    2210   12
    2211    7
    2212   12
    2213   12
    2214    8
    2215    7
    2216   12
    2217    8
    2218    7
    2219    8
    2220    8
    2221    8
    2222    8
    2223   12
    2224   12
    2225   12
    2226   12
    2227   12
    2228    8
    2229    7
    2230    1
    2231    1
    2232    1
    2233    8
    2234   12
    2235   12
    2236    8
    2237    8
    2238    8
    2239    7
    2240    8
    2241    8
    2242   12
    2243   15
    2244    8
    2245    8
    2246   12
    2247   12
    2248    8
    2249    7
    2250    7
    2251    7
    2252   12
    2253   12
    2254    8
    2255    8
    2256   12
    2257    7
    2258   12
    2259   12
    2260   12
    2261   10
    2262    9
    2263   10
    2264   10
    2265   10
    2266   10
    2267   10
    2268   10
    2269    6
    2270    6
    2271    5
    2272    3
    2273    1
    2274    1
    2275    1
    2276    1
    2277    1
    2278    6
    2279    5
    2280    3
    2281    6
    2282    7
    2283    7
    2284    8
    2285    7
    2286    7
    2287   12
    2288   12
    2289    7
    2290    8
    2291    6
    2292    5
    2293    1
    2294    1
    2295    1
    2296    1
    2297    1
    2298    1
    2299   12
    2300    7
    2301    7
    2302    8
    2303   12
    2304    8
    2305   15
    2306   15
    2307   15
    2308    6
    2309    5
    2310    3
    2311    1
    2312    5
    2313    1
    2314    1
    2315    6
    2316    6
    2317    3
    2318    5
    2319    6
    2320    6
    2321    3
    2322    3
    2323    3
    2324    3
    2325    5
    2326    5
    2327    3
    2328    3
    2329    1
    2330   12
    2331    9
    2332    2
    2333    2
    2334    6
    2335    5
    2336    6
    2337    8
    2338   12
    2339    7
    2340   12
    2341   12
    2342   12
    2343   12
    2344    8
    2345   12
    2346   12
    2347    1
    2348    1
    2349    6
    2350    6
    2351    5
    2352    1
    2353    5
    2354    1
    2355    6
    2356    1
    2357    1
    2358    1
    2359    1
    2360    7
    2361    8
    2362    7
    2363    8
    2364    8
    2365    8
    2366   15
    2367   15
    2368    7
    2369    8
    2370   12
    2371    1
    2372    1
    2373    1
    2374    6
    2375    8
    2376   12
    2377   12
    2378   12
    2379   12
    2380    9
    2381    6
    2382    5
    2383    1
    2384    1
    2385    6
    2386    7
    2387   12
    2388    7
    2389    6
    2390    7
    2391    7
    2392   12
    2393    8
    2394    7
    2395    8
    2396    7
    2397    7
    2398   12
    2399    7
    2400    7
    2401    6
    2402    6
    2403    6
    2404    2
    2405    2
    2406    2
    2407   12
    2408   12
    2409   12
    2410   12
    2411    1
    2412    3
    2413    3
    2414    3
    2415    3
    2416    5
    2417    6
    2418    7
    2419    8
    2420    8
    2421   12
    2422    7
    2423    6
    2424    1
    2425    1
    2426    1
    2427    1
    2428    6
    2429    7
    2430    8
    2431    8
    2432    8
    2433    8
    2434    6
    2435    2
    2436    2
    2437    2
    2438    5
    2439    6
    2440    5
    2441    1
    2442    1
    2443    5
    2444    6
    2445    3
    2446    6
    2447    7
    2448    7
    2449    8
    2450   12
    2451   12
    2452   12
    2453   12
    2454    6
    2455   12
    2456    6
    2457    1
    2458    3
    2459    6
    2460    8
    2461    8
    2462    7
    2463    1
    2464    5
    2465    1
    2466    1
    2467    1
    2468    1
    2469    1
    2470    1
    2471    1
    2472    3
    2473    6
    2474    8
    2475    6
    2476    7
    2477    6
    2478    7
    2479   12
    2480    5
    2481    7
    2482   12
    2483   12
    2484    8
    2485    8
    2486    7
    2487   10
    2488   10
    2489   10
    2490   10
    2491    9
    2492   11
    2493   11
    2494   11
    2495   11
    2496   11
    2497   11
    2498   11
    2499    6
    2500    5
    2501    1
    2502    1
    2503   12
    2504    8
    2505   12
    2506   12
    2507   10
    2508   10
    2509   10
    2510   10
    2511   10
    2512   10
    2513   10
    2514   10
    2515   10
    2516    9
    2517   12
    2518   12
    2519   12
    2520   12
    2521   12
    2522   10
    2523   10
    2524   10
    2525   10
    2526   10
    2527   10
    2528   10
    2529   10
    2530   10
    2531   10
    2532   10
    2533   10
    2534   10
    2535   10
    2536   10
    2537   10
    2538   10
    2539    9
    2540    9
    2541    9
    2542    8
    2543   12
    2544   10
    2545   10
    2546   10
    2547   10
    2548   10
    2549   10
    2550   10
    2551   10
    2552   10
    2553   10
    2554   10
    2555   10
    2556   10
    2557   10
    2558   10
    2559   10
    2560   10
    2561   10
    2562   10
    2563   10
    2564   10
    2565   10
    2566   10
    2567   10
    2568   10
    2569    9
    2570    6
    2571    5
    2572    3
    2573    3
    2574    3
    2575    3
    2576    3
    2577    1
    2578    1
    2579   12
    2580   12
    2581    6
    2582    3
    2583    6
    2584    8
    2585   11
    2586   11
    2587   10
    2588   10
    2589   10
    2590   10
    2591   10
    2592   10
    2593   12
    2594    6
    2595    9
    2596   11
    2597   11
    2598   11
    2599   11
    2600   11
    2601   11
    2602   11
    2603    8
    2604   12
    2605   12
    2606    8
    2607   10
    2608   10
    2609    8
    2610   15
    2611   12
    2612   12
    2613   12
    2614   12
    2615   12
    2616   12
    2617   12
    2618   12
    2619   12
    2620    6
    2621    5
    2622    1
    2623   12
    2624    7
    2625    7
    2626    7
    2627    7
    2628    7
    2629    8
    2630   12
    2631    8
    2632    6
    2633    8
    2634    8
    2635    1
    2636    1
    2637    1
    2638    1
    2639    3
    2640    6
    2641    1
    2642    1
    2643    6
    2644    6
    2645    1
    2646    6
    2647    5
    2648    6
    2649    5
    2650    5
    2651   12
    2652    8
    2653    8
    2654   12
    2655    2
    2656    5
    2657    6
    2658    6
    2659    8
    2660   12
    2661   12
    2662    8
    2663    8
    2664    8
    2665    8
    2666    8
    2667   12
    2668    5
    2669    6
    2670    6
    2671    8
    2672    6
    2673    6
    2674    5
    2675    4
    2676    4
    2677    4
    2678    4
    2679    4
    2680    4
    2681    4
    2682    4
    2683    6
    2684    3
    2685    5
    2686    4
    2687    4
    2688    1
    2689    1
    2690    1
    2691    6
    2692    5
    2693    1
    2694    1
    2695    1
    2696    5
    2697    2
    2698    5
    2699    1
    2700    1
    2701   12
    2702   12
    2703    8
    2704    7
    2705    8
    2706    8
    2707    7
    2708   12
    2709    1
    2710    6
    2711   12
    2712   12
    2713    1
    2714    1
    2715    1
    2716    1
    2717    1
    2718    1
    2719    5
    2720    6
    2721    5
    2722    6
    2723    6
    2724   12
    2725    8
    2726    6
    2727    5
    2728    3
    2729    3
    2730    3
    2731    3
    2732    3
    2733    3
    2734    3
    2735    3
    2736    3
    2737    5
    2738    5
    2739    1
    2740    1
    2741    1
    2742    7
    2743    8
    2744   12
    2745    6
    2746    6
    2747    7
    2748    7
    2749    6
    2750    7
    2751    7
    2752    6
    2753    1
    2754    1
    2755    6
    2756    6
    2757    1
    2758   12
    2759   12
    2760   12
    2761    8
    2762    8
    2763    7
    2764   12
    2765    8
    2766    7
    2767    7
    2768    8
    2769    8
    2770    6
    2771    5
    2772    3
    2773    1
    2774    1
    2775    1
    2776    2
    2777    2
    2778   11
    2779   11
    2780   11
    2781   11
    2782   11
    2783   11
    2784    9
    2785    8
    2786    7
    2787    8
    2788    8
    2789    8
    2790    7
    2791   12
    2792   10
    2793   10
    2794   10
    2795   12
    2796    7
    2797    6
    2798    2
    2799    5
    2800    6
    2801    1
    2802    3
    2803    6
    2804    8
    2805   12
    2806    8
    2807    7
    2808    8
    2809    8
    2810    8
    2811    8
    2812   10
    2813   10
    2814   10
    2815   10
    2816   10
    2817   10
    2818   10
    2819   10
    2820    7
    2821    8
    2822    6
    2823    3
    2824    3
    2825    3
    2826    3
    2827    4
    2828    4
    2829    4
    2830    5
    2831    4
    2832    4
    2833    5
    2834    1
    2835    1
    2836   12
    2837   12
    2838   12
    2839   12
    2840    8
    2841   12
    2842   12
    2843    6
    2844    5
    2845    5
    2846    6
    2847    1
    2848    1
    2849    6
    2850    5
    2851    2
    2852    2
    2853    2
    2854    2
    2855   12
    2856    6
    2857    1
    2858   12
    2859   12
    2860   10
    2861   10
    2862   10
    2863   10
    2864   10
    2865   10
    2866   10
    2867   10
    2868   10
    2869   10
    2870    7
    2871   12
    2872   12
    2873   12
    2874   12
    2875   12
    2876    8
    2877    8
    2878    7
    2879    7
    2880   12
    2881   12
    2882    9
    2883    9
    2884    9
    2885    9
    2886    9
    2887    9
    2888    9
    2889    9
    2890    9
    2891    9
    2892   10
    2893   10
    2894   10
    2895   10
    2896   10
    2897   10
    2898   10
    2899   10
    2900    8
    2901   12
    2902    8
    2903   10
    2904   10
    2905   10
    2906   10
    2907   10
    2908   10
    2909   10
    2910   10
    2911   10
    2912   10
    2913   10
    2914   10
    2915   10
    2916   10
    2917   10
    2918   10
    2919   10
    2920   10
    2921    9
    2922    7
    2923    1
    2924    1
    2925    1
    2926    1
    2927    1
    2928    1
    2929    1
    2930    1
    2931    1
    2932    1
    2933    1
    2934    6
    2935    8
    2936   12
    2937   12
    2938    8
    2939   12
    2940    8
    2941    6
    2942    8
    2943   12
    2944   12
    2945   12
    2946   12
    2947   12
    2948    8
    2949    7
    2950    8
    2951    6
    2952    6
    2953    8
    2954    8
    2955    8
    2956    8
    2957   10
    2958    9
    2959   12
    2960   10
    2961   10
    2962    8
    2963    8
    2964    7
    2965    6
    2966    5
    2967    7
    2968    8
    2969    8
    2970    8
    2971    8
    2972   12
    2973    7
    2974   12
    2975   12
    2976   12
    2977    1
    2978    6
    2979    7
    2980    6
    2981    3
    2982    3
    2983    5
    2984    5
    2985    5
    2986    1
    2987    1
    2988    1
    2989    6
    2990    5
    2991    3
    2992    1
    2993    1
    2994    6
    2995    2
    2996    1
    2997   12
    2998    7
    2999    6
    3000    6
    3001    7
    3002    8
    3003    7
    3004   12
    3005   12
    3006   12
    3007   12
    3008   12
    3009   12
    3010   12
    3011    8
    3012    8
    3013    7
    3014    8
    3015    7
    3016   12
    3017    7
    3018    7
    3019   12
    3020   12
    3021   12
    3022   12
    3023    6
    3024    6
    3025    6
    3026   12
    3027    6
    3028    6
    3029    7
    3030    8
    3031    7
    3032    7
    3033    8
    3034    8
    3035    8
    3036    8
    3037    8
    3038   12
    3039   12
    3040    8
    3041   12
    3042   12
    3043    6
    3044    7
    3045    7
    3046   12
    3047   12
    3048    6
    3049    7
    3050    6
    3051    6
    3052    8
    3053    8
    3054    8
    3055    8
    3056    7
    3057    7
    3058    8
    3059    7
    3060    1
    3061    3
    3062    6
    3063    7
    3064    8
    3065   12
    3066    8
    3067    7
    3068   12
    3069    8
    3070   12
    3071    8
    3072    7
    3073    8
    3074    7
    3075    6
    3076    6
    3077    8
    3078    8
    3079    7
    3080    6
    3081    5
    3082    1
    3083    1
    3084    5
    3085    1
    3086    8
    3087    6
    3088    8
    3089    8
    3090    8
    3091    6
    3092    5
    3093    6
    3094    6
    3095    1
    3096    1
    3097    1
    3098    1
    3099    6
    3100    5
    3101    1
    3102    1
    3103    5
    3104    6
    3105    8
    3106    8
    3107    9
    3108    9
    3109   11
    3110   11
    3111    9
    3112    9
    3113   10
    3114   10
    3115    7
    3116    8
    3117    6
    3118    5
    3119    3
    3120    3
    3121    3
    3122    5
    3123    6
    3124    6
    3125   12
    3126    6
    3127    5
    3128   12
    3129    7
    3130    6
    3131    6
    3132    6
    3133    8
    3134   12
    3135    1
    3136    1
    3137    1
    3138    1
    3139    1
    3140    6
    3141    1
    3142    6
    3143    1
    3144   12
    3145    8
    3146   10
    3147   10
    3148   10
    3149   10
    3150   10
    3151   10
    3152   10
    3153   10
    3154   10
    3155   10
    3156   10
    3157    8
    3158   10
    3159   10
    3160    9
    3161   10
    3162   10
    3163   10
    3164   12
    3165   12
    3166    8
    3167    7
    3168    7
    3169    1
    3170    1
    3171   12
    3172    7
    3173    7
    3174   12
    3175    8
    3176   12
    3177   12
    3178    7
    3179    8
    3180    8
    3181    8
    3182    7
    3183    8
    3184    7
    3185    7
    3186    6
    3187    7
    3188    7
    3189    7
    3190    6
    3191    6
    3192    3
    3193   12
    3194    8
    3195    7
    3196    8
    3197   12
    3198    6
    3199    6
    3200    6
    3201    8
    3202    8
    3203    8
    3204    8
    3205    7
    3206    7
    3207    7
    3208   12
    3209   12
    3210    7
    3211    1
    3212    1
    3213    3
    3214    5
    3215    3
    3216    6
    3217    8
    3218    6
    3219    6
    3220    3
    3221    1
    3222    1
    3223    1
    3224    1
    3225   12
    3226   12
    3227    8
    3228    6
    3229    6
    3230    1
    3231    1
    3232    1
    3233    6
    3234    5
    3235    6
    3236    6
    3237    3
    3238    1
    3239   12
    3240    8
    3241    8
    3242    7
    3243    7
    3244    6
    3245    1
    3246    7
    3247   12
    3248   12
    3249    7
    3250    7
    3251   12
    3252    7
    3253    7
    3254    6
    3255    6
    3256    5
    3257    1
    3258    3
    3259    1
    3260    1
    3261    5
    3262    5
    3263    6
    3264    6
    3265    3
    3266    1
    3267    1
    3268    1
    3269    1
    3270    6
    3271    5
    3272    2
    3273    6
    3274    6
    3275    6
    3276    6
    3277    1
    3278    7
    3279   12
    3280   12
    3281   12
    3282    3
    3283    3
    3284    3
    3285    5
    3286    6
    3287    1
    3288    7
    3289    8
    3290   12
    3291    9
    3292   11
    3293   11
    3294   11
    3295   11
    3296    2
    3297    5
    3298    1
    3299    1
    3300    1
    3301    5
    3302    1
    3303    1
    3304    1
    3305    6
    3306    5
    3307    3
    3308    3
    3309    1
    3310    6
    3311   12
    3312   12
    3313   12
    3314   12
    3315   12
    3316    7
    3317    7
    3318    8
    3319    9
    3320    9
    3321    9
    3322    9
    3323    9
    3324    9
    3325    9
    3326    9
    3327    9
    3328    9
    3329   12
    3330    7
    3331   12
    3332   12
    3333   12
    3334   12
    3335    8
    3336   12
    3337   12
    3338   10
    3339   10
    3340   10
    3341    9
    3342   12
    3343   12
    3344   12
    3345   12
    3346   12
    3347   10
    3348   10
    3349   10
    3350   10
    3351   12
    3352   12
    3353    8
    3354    7
    3355    8
    3356   12
    3357   11
    3358   11
    3359   11
    3360   11
    3361   11
    3362   11
    3363    7
    3364   12
    3365    5
    3366    6
    3367    6
    3368   12
    3369   12
    3370    8
    3371   12
    3372    6
    3373    6
    3374    6
    3375    6
    3376    6
    3377    6
    3378    3
    3379    3
    3380    3
    3381    1
    3382    1
    3383    5
    3384   12
    3385   12
    3386    7
    3387    7
    3388   12
    3389   12
    3390   12
    3391   12
    3392    7
    3393    8
    3394   12
    3395    7
    3396    6
    3397    1
    3398   12
    3399    8
    3400    8
    3401   12
    3402    7
    3403    7
    3404   12
    3405   12
    3406   12
    3407   12
    3408   12
    3409   12
    3410   12
    3411    7
    3412    7
    3413    8
    3414    8
    3415    8
    3416    8
    3417    8
    3418    8
    3419    8
    3420    7
    3421    7
    3422    7
    3423    7
    3424    8
    3425   12
    3426   12
    3427   12
    3428    7
    3429    8
    3430    7
    3431    7
    3432    6
    3433   12
    3434    8
    3435   11
    3436    9
    3437   11
    3438   11
    3439   11
    3440   11
    3441   11
    3442   12
    3443   12
    3444   12
    3445    6
    3446    6
    3447    7
    3448    7
    3449    7
    3450    7
    3451    8
    3452    8
    3453    8
    3454    8
    3455    8
    3456    8
    3457    8
    3458   12
    3459    5
    3460    5
    3461    6
    3462    8
    3463   12
    3464    6
    3465    7
    3466   12
    3467    7
    3468    8
    3469   12
    3470   12
    3471   11
    3472   11
    3473   11
    3474    9
    3475   11
    3476    9
    3477   12
    3478   12
    3479    8
    3480    8
    3481   12
    3482    9
    3483   11
    3484   11
    3485   11
    3486   11
    3487   10
    3488   10
    3489   10
    3490   10
    3491   10
    3492   10
    3493   10
    3494   10
    3495   10
    3496   10
    3497   10
    3498   10
    3499   10
    3500    9
    3501    9
    3502   11
    3503   11
    3504    9
    3505   11
    3506   11
    3507   10
    3508   10
    3509   10
    3510   10
    3511   10
    3512   10
    3513    7
    3514    8
    3515   10
    3516   10
    3517   11
    3518   11
    3519   12
    3520    1
    3521    3
    3522    6
    3523   10
    3524   10
    3525    8
    3526    8
    3527    8
    3528    8
    3529   12
    3530   12
    3531   12
    3532    8
    3533    8
    3534    8
    3535   12
    3536   12
    3537   12
    3538    8
    3539    9
    3540   10
    3541   10
    3542    8
    3543   12
    3544   12
    3545    6
    3546    4
    3547    1
    3548    1
    3549    8
    3550   12
    3551   12
    3552   10
    3553   10
    3554   10
    3555    8
    3556   10
    3557   10
    3558   10
    3559   10
    3560   10
    3561   10
    3562   10
    3563   10
    3564   10
    3565   10
    3566    7
    3567    1
    3568    7
    3569    1
    3570    6
    3571    5
    3572    1
    3573    6
    3574    6
    3575    8
    3576    8
    3577    8
    3578    7
    3579    6
    3580    8
    3581   12
    3582    8
    3583   12
    3584   12
    3585   12
    3586   12
    3587   12
    3588    7
    3589    7
    3590    8
    3591   12
    3592    7
    3593    7
    3594    6
    3595    5
    3596    8
    3597   12
    3598   12
    3599    8
    3600    8
    3601    8
    3602    7
    3603    8
    3604   12
    3605    8
    3606    8
    3607    8
    3608    7
    3609    7
    3610    6
    3611    6
    3612   12
    3613    8
    3614    6
    3615    6
    3616    3
    3617    1
    3618    1
    3619    7
    3620   12
    3621   10
    3622   10
    3623   10
    3624   10
    3625   10
    3626   10
    3627   10
    3628   10
    3629   10
    3630   10
    3631   12
    3632    8
    3633   15
    3634   15
    3635   15
    3636   15
    3637   15
    3638    6
    3639    5
    3640    5
    3641    6
    3642    8
    3643   12
    3644   12
    3645    8
    3646    8
    3647    8
    3648    8
    3649    8
    3650   12
    3651    8
    3652   12
    3653    8
    3654    8
    3655    8
    3656    8
    3657    8
    3658    8
    3659    7
    3660    6
    3661    7
    3662    7
    3663   12
    3664   12
    3665   14
    3666   14
    3667   14
    3668   14
    3669   14
    3670   14
    3671   14
    3672   14
    3673   14
    3674   14
    3675   14
    3676    2
    3677    2
    3678    2
    3679    2
    3680    2
    3681    6
    3682   14
    3683   14
    3684   14
    3685   14
    3686    6
    3687    1
    3688    1
    3689    1
    3690   12
    3691   12
    3692    1
    3693    1
    3694    1
    3695    1
    3696    8
    3697    7
    3698    7
    3699    1
    3700    1
    3701   14
    3702    7
    3703    1
    3704    1
    3705    1
    3706    6
    3707    1
    3708    1
    3709    1
    3710    6
    3711   12
    3712   12
    3713    1
    3714    1
    3715    1
    3716    1
    3717    1
    3718    3
    3719    6
    3720   12
    3721   12
    3722   14
    3723    1
    3724    1
    3725    1
    3726    1
    3727    3
    3728    6
    3729    8
    3730   12
    3731   12
    3732   12
    3733   12
    3734    8
    3735    8
    3736   12
    3737   12
    3738    6
    3739    5
    3740    3
    3741    3
    3742    1
    3743    1
    3744    1
    3745    1
    3746    1
    3747   12
    3748   12
    3749   12
    3750   12
    3751   12
    3752   12
    3753   12
    3754    6
    3755    3
    3756    3
    3757    3
    3758    2
    3759    2
    3760    6
    3761    2
    3762    2
    3763    2
    3764    2
    3765   14
    3766   14
    3767   13
    3768   13
    3769   13
    3770   13
    3771   13
    3772   14
    3773   14
    3774   14
    3775   14
    3776   14
    3777   14
    3778   14
    3779   14
    3780    7
    3781   12
    3782   12
    3783   14
    3784   14
    3785   14
    3786   14
    3787   14
    3788   14
    3789   14
    3790   14
    3791   14
    3792   14
    3793   14
    3794   14
    3795   14
    3796   14
    3797   14
    3798   14
    3799    8
    3800   12
    3801   12
    3802   12
    3803   12
    3804    8
    3805    8
    3806    6
    3807    3
    3808    3
    3809    1
    3810    1
    3811    1
    3812    1
    3813    1
    3814    6
    3815    3
    3816    1
    3817    1
    3818    1
    3819    1
    3820    6
    3821    5
    3822    3
    3823    3
    3824    3
    3825    3
    3826    1
    3827    1
    3828    6
    3829    1
    3830    1
    3831    1
    3832    3
    3833    6
    3834    3
    3835    3
    3836    3
    3837    3
    3838    6
    3839    7
    3840   12
    3841    1
    3842    1
    3843    1
    3844    3
    3845    6
    3846    3
    3847    6
    3848    8
    3849    8
    3850    8
    3851   12
    3852   12
    3853    1
    3854    1
    3855    1
    3856    1
    3857    6
    3858    7
    3859   12
    3860    1
    3861    1
    3862    1
    3863    1
    3864    6
    3865    8
    3866    8
    3867    8
    3868    1
    3869    1
    3870    1
    3871    3
    3872    6
    3873    1
    3874    1
    3875    1
    3876    1
    3877    1
    3878    1
    3879    5
    3880    6
    3881    1
    3882    1
    3883    1
    3884    3
    3885    6
    3886    3
    3887    6
    3888    6
    3889    6
    3890    1
    3891    1
    3892    5
    3893    6
    3894    1
    3895    1
    3896    1
    3897    1
    3898    1
    3899    7
    3900   12
    3901   11
    3902    9
    3903   10
    3904   12
    3905   12
    3906   12
    3907   12
    3908    9
    3909   15
    3910   14
    3911   14
    3912   14
    3913   14
    3914    1
    3915    1
    3916    1
    3917    1
    3918    1
    3919    3
    3920    5
    3921    6
    3922   12
    3923   12
    3924   12
    3925   12
    3926   12
    3927   12
    3928    1
    3929    1
    3930    1
    3931    1
    3932    6
    3933   14
    3934   14
    3935   14
    3936   14
    3937   14
    3938    1
    3939    6
    3940    7
    3941    1
    3942   14
    3943   14
    3944   14
    3945   14
    3946   14
    3947   14
    3948   14
    3949   14
    3950   14
    3951    9
    3952   13
    3953   13
    3954   13
    3955   13
    3956   13
    3957   13
    3958   13
    3959   13
    3960   13
    3961   13
    3962   14
    3963   14
    3964   14
    3965   14
    3966   14
    3967    6
    3968    3
    3969    1
    3970    1
    3971    1
    3972   12
    3973    7
    3974    2
    3975    2
    3976    2
    3977    2
    3978    9
    3979    6
    3980    3
    3981    1
    3982    1
    3983   12
    3984   12
    3985   12
    3986   12
    3987    6
    3988    3
    3989    1
    3990    1
    3991   14
    3992   14
    3993   14
    3994    6
    3995    3
    3996    1
    3997    1
    3998    1
    3999   12
    4000   12
    4001   10
    4002   10
    4003   10
    4004    7
    4005   14
    4006   14
    4007   13
    4008   13
    4009   13
    4010   13
    4011   13
    4012   13
    4013   13
    4014   13
    4015   13
    4016   13
    4017   13
    4018   13
    4019   10
    4020   10
    4021   10
    4022   10
    4023   10
    4024   10
    4025   10
    4026   10
    4027   10
    4028   10
    4029   10
    4030   10
    4031   10
    4032   10
    4033   10
    4034   10
    4035   10
    4036   10
    4037   10
    4038   10
    4039   10
    4040   10
    4041   10
    4042   10
    4043   10
    4044   10
    4045   10
    4046   10
    4047   10
    4048   10
    4049   10
    4050    8
    4051   12
    4052    8
    4053    8
    4054    7
    4055    8
    4056   10
    4057   10
    4058   10
    4059   10
    4060   10
    4061   10
    4062   10
    4063   10
    4064   10
    4065   10
    4066   10
    4067   10
    4068   10
    4069    8
    4070    8
    4071   10
    4072   10
    4073    8
    4074    6
    4075    5
    4076    6
    4077    9
    4078    9
    4079   11
    4080    9
    4081   11
    4082   11
    4083   11
    4084   10
    4085   10
    4086   10
    4087   10
    4088   10
    4089   11
    4090   11
    4091   11
    4092   11
    4093   11
    4094   11
    4095   11
    4096    9
    4097   10
    4098   10
    4099   11
    4100   11
    4101   11
    4102   11
    4103   11
    4104    8
    4105   10
    4106   10
    4107   10
    4108   10
    4109   10
    4110   10
    4111   10
    4112   10
    4113   10
    4114   10
    4115   10
    4116   10
    4117   10
    4118   10
    4119    9
    4120    9
    4121    6
    4122    3
    4123    6
    4124    3
    4125    1
    4126    1
    4127    8
    4128    6
    4129    3
    4130    1
    4131    1
    4132    6
    4133    6
    4134    2
    4135    2
    4136    1
    4137    1
    4138    6
    4139    6
    4140    6
    4141    5
    4142    6
    4143    4
    4144   12
    4145    8
    4146   11
    4147   11
    4148   11
    4149   11
    4150   11
    4151   11
    4152   11
    4153   11
    4154   11
    4155   11
    4156   11
    4157   11
    4158   11
    4159   10
    4160   10
    4161   10
    4162   10
    4163   10
    4164   10
    4165   10
    4166   10
    4167   10
    4168   10
    4169   10
    4170   10
    4171   10
    4172   11
    4173   11
    4174   11
    4175   11
    4176   10
    4177   10
    4178   10
    4179   10
    4180   10
    4181   10
    4182   10
    4183   10
    4184   10
    4185   10
    4186   11
    4187   11
    4188   11
    4189    2
    4190    3
    4191    6
    4192    6
    4193    3
    4194    6
    4195    7
    4196   11
    4197   11
    4198   11
    4199   11
    4200   11
    4201   11
    4202   11
    4203   11
    4204   11
    4205   11
    4206   11
    4207    9
    4208   11
    4209   11
    4210   11
    4211   11
    4212   11
    4213   11
    4214    9
    4215   11
    4216    9
    4217   10
    4218   10
    4219   10
    4220   10
    4221   10
    4222   10
    4223   10
    4224   10
    4225   10
    4226   10
    4227   11
    4228   11
    4229   11
    4230   11
    4231   11
    4232   11
    4233    9
    4234   11
    4235   11
    4236   11
    4237    8
    4238    8
    4239   12
    4240    8
    4241    6
    4242    8
    4243   12
    4244   12
    4245   10
    4246   10
    4247   10
    4248   10
    4249   10
    4250   10
    4251   10
    4252   10
    4253   10
    4254   10
    4255   10
    4256   10
    4257   10
    4258   10
    4259   10
    4260   10
    4261   10
    4262   10
    4263   10
    4264   10
    4265   10
    4266   10
    4267   10
    4268   10
    4269   10
    4270   10
    4271   10
    4272   10
    4273   10
    4274   10
    4275   10
    4276   10
    4277   10
    4278    8
    4279    8
    4280    8
    4281    8
    4282    8
    4283    7
    4284    8
    4285    8
    4286    8
    4287   12
    4288   11
    4289   11
    4290   11
    4291    8
    4292    8
    4293   12
    4294    8
    4295    7
    4296    1
    4297    1
    4298    1
    4299    1
    4300    1
    4301    1
    4302    1
    4303    6
    4304    3
    4305    5
    4306    5
    4307    6
    4308    5
    4309    6
    4310    6
    4311    1
    4312    3
    4313    3
    4314    6
    4315   12
    4316    7
    4317   12
    4318    6
    4319    1
    4320    1
    4321    1
    4322    1
    4323    3
    4324    5
    4325    6
    4326    8
    4327   12
    4328   12
    4329    1
    4330    1
    4331    6
    4332    8
    4333    7
    4334    6
    4335    7
    4336    7
    4337    6
    4338    5
    4339    1
    4340    1
    4341    1
    4342    1
    4343    6
    4344    7
    4345    6
    4346    1
    4347    1
    4348    1
    4349    1
    4350    1
    4351    3
    4352    5
    4353    5
    4354    6
    4355    1
    4356    5
    4357    1
    4358    6
    4359   12
    4360    8
    4361    8
    4362    7
    4363    8
    4364   12
    4365    8
    4366    8
    4367    7
    4368   12
    4369    8
    4370    6
    4371    2
    4372    2
    4373    7
    4374   12
    4375   12
    4376    8
    4377    8
    4378    6
    4379    6
    4380    6
    4381    1
    4382    3
    4383    6
    4384    7
    4385    8
    4386   12
    4387   12
    4388   12
    4389    2
    4390    6
    4391    7
    4392    7
    4393    5
    4394    6
    4395    7
    4396    8
    4397    6
    4398    4
    4399    6
    4400    8
    4401    7
    4402    8
    4403    7
    4404    8
    4405    7
    4406    8
    4407    8
    4408   12
    4409   12
    4410   12
    4411    7
    4412    9
    4413   10
    4414   12
    4415   12
    4416   12
    4417   12
    4418    6
    4419    7
    4420    8
    4421    1
    4422    6
    4423    6
    4424    3
    4425   12
    4426   12
    4427    7
    4428    8
    4429    6
    4430    6
    4431    6
    4432    6
    4433    6
    4434    3
    4435    3
    4436    5
    4437    6
    4438    3
    4439    3
    4440    2
    4441    2
    4442    2
    4443    2
    4444   11
    4445   11
    4446   11
    4447   11
    4448   11
    4449   10
    4450   10
    4451   10
    4452   10
    4453   10
    4454   10
    4455   10
    4456   10
    4457   10
    4458   10
    4459   10
    4460   10
    4461   10
    4462   10
    4463   10
    4464    9
    4465   10
    4466   10
    4467   10
    4468   10
    4469   10
    4470   10
    4471   10
    4472   10
    4473   10
    4474   10
    4475   10
    4476   10
    4477   10
    4478   10
    4479   10
    4480   10
    4481   10
    4482   10
    4483   10
    4484   10
    4485   10
    4486   10
    4487   10
    4488   10
    4489   10
    4490   10
    4491   10
    4492   10
    4493   10
    4494   10
    4495   10
    4496   13
    4497   13
    4498   13
    4499   13
    4500   13
    4501   13
    4502   13
    4503   13
    4504   13
    4505   13
    4506   10
    4507   10
    4508   10
    4509   10
    4510   10
    4511   10
    4512   10
    4513   10
    4514   10
    4515    8
    4516    8
    4517   12
    4518    8
    4519    2
    4520    3
    4521    3
    4522    3
    4523    3
    4524    5
    4525    5
    4526    6
    4527    7
    4528    8
    4529    8
    4530    6
    4531    1
    4532    1
    4533    1
    4534    1
    4535   12
    4536   12
    4537    8
    4538   12
    4539    7
    4540    8
    4541   10
    4542   10
    4543   10
    4544   10
    4545   10
    4546    8
    4547   12
    4548   12
    4549   12
    4550   12
    4551   12
    4552    7
    4553    8
    4554    8
    4555    8
    4556   12
    4557   12
    4558    1
    4559    1
    4560    1
    4561    1
    4562    1
    4563    6
    4564    5
    4565    6
    4566    7
    4567   15
    4568   15
    4569   15
    4570   15
    4571    7
    4572   15
    4573   12
    4574   12
    4575    7
    4576    6
    4577    1
    4578   12
    4579   12
    4580    7
    4581    7
    4582   12
    4583    6
    4584   14
    4585   14
    4586   14
    4587   14
    4588   14
    4589   13
    4590   13
    4591   13
    4592   13
    4593   13
    4594   13
    4595   13
    4596   13
    4597   13
    4598   13
    4599   13
    4600   13
    4601   13
    4602   13
    4603   13
    4604   13
    4605   13
    4606   13
    4607   13
    4608   13
    4609   13
    4610   13
    4611   13
    4612   13
    4613   13
    4614   13
    4615   13
    4616   13
    4617   13
    4618   13
    4619   13
    4620   13
    4621   13
    4622   13
    4623   13
    4624   13
    4625   13
    4626   13
    4627   13
    4628   13
    4629   13
    4630   13
    4631   13
    4632   13
    4633   13
    4634   13
    4635   13
    4636   13
    4637   13
    4638   13
    4639   13
    4640   13
    4641   13
    4642   13
    4643   13
    4644   13
    4645   13
    4646   13
    4647   13
    4648   13
    4649   13
    4650   13
    4651   13
    4652   13
    4653   13
    4654   13
    4655   13
    4656   13
    4657   13
    4658   13
    4659   13
    4660   13
    4661   13
    4662   14
    4663   14
    4664   14
    4665   14
    4666   14
    4667   14
    4668   13
    4669   13
    4670   13
    4671   13
    4672   13
    4673   13
    4674   13
    4675   13
    4676   13
    4677   13
    4678   13
    4679   13
    4680   13
    4681   13
    4682   13
    4683   13
    4684   13
    4685   13
    4686   13
    4687   13
    4688   13
    4689   13
    4690   13
    4691   13
    4692   13
    4693   13
    4694   13
    4695   13
    4696   13
    4697   13
    4698   13
    4699   13
    4700   13
    4701   13
    4702   13
    4703   14
    4704   14
    4705   14
    4706   13
    4707   13
    4708   13
    4709   13
    4710   13
    4711   13
    4712   13
    4713   13
    4714   13
    4715   13
    4716   13
    4717   13
    4718   13
    4719   13
    4720   13
    4721   13
    4722   13
    4723   13
    4724   13
    4725   13
    4726   13
    4727   13
    4728   13
    4729   13
    4730   13
    4731   13
    4732   13
    4733   13
    4734   13
    4735   13
    4736   14
    4737   14
    4738   12
    4739   12
    4740    7
    4741   12
    4742   12
    4743   12
    4744   12
    4745   12
    4746   12
    4747   12
    4748    8
    4749   12
    4750    6
    4751    1
    4752    1
    4753    1
    4754    1
    4755   12
    4756   12
    4757   12
    4758    6
    4759    3
    4760    3
    4761    3
    4762    5
    4763   12
    4764   12
    4765   12
    4766    6
    4767    1
    4768    1
    4769   12
    4770   12
    4771    8
    4772    6
    4773    1
    4774    7
    4775    7
    4776   12
    4777   12
    4778   12
    4779   12
    4780    6
    4781    1
    4782    1
    4783    1
    4784    6
    4785    1
    4786    1
    4787   12
    4788   12
    4789    6
    4790    3
    4791    1
    4792   12
    4793   12
    4794   12
    4795   12
    4796   12
    4797    7
    4798   12
    4799    7
    4800    8
    4801   12
    4802    8
    4803   12
    4804   12
    4805   12
    4806   12
    4807    8
    4808   12
    4809   12
    4810    1
    4811    1
    4812    1
    4813    1
    4814    7
    4815   12
    4816    2
    4817    2
    4818    9
    4819    9
    4820   12
    4821   12
    4822    6
    4823    1
    4824    1
    4825    6
    4826    1
    4827   12
    4828    7
    4829    5
    4830    1
    4831   12
    4832    8
    4833    8
    4834   12
    4835    9
    4836   12
    4837   12
    4838    6
    4839    5
    4840    3
    4841   14
    4842   14
    4843   14
    4844   14
    4845   14
    4846   14
    4847    7
    4848   12
    4849   12
    4850   12
    4851    6
    4852    3
    4853    1
    4854    1
    4855    1
    4856    6
    4857    3
    4858    3
    4859    3
    4860    3
    4861    1
    4862    1
    4863    1
    4864    5
    4865    6
    4866    6
    4867    3
    4868    3
    4869    3
    4870    3
    4871    3
    4872    6
    4873    3
    4874    3
    4875    1
    4876    1
    4877    1
    4878    1
    4879   12
    4880   12
    4881   12
    4882   12
    4883    1
    4884    3
    4885    6
    4886   12
    4887   12
    4888   13
    4889   13
    4890   13
    4891   13
    4892   13
    4893   13
    4894   13
    4895   13
    4896   13
    4897   13
    4898   13
    4899   13
    4900   13
    4901   13
    4902   13
    4903   13
    4904    8
    4905   12
    4906   12
    4907   12
    4908   12
    4909   12
    4910   12
    4911    8
    4912   12
    4913   12
    4914   12
    4915   12
    4916   12
    4917   12
    4918   12
    4919   12
    4920   12
    4921    9
    4922   14
    4923   14
    4924   14
    4925   14
    4926   14
    4927   14
    4928   14
    4929   14
    4930   14
    4931   14
    4932    7
    4933    7
    4934   12
    4935   12
    4936   12
    4937   12
    4938    6
    4939    6
    4940    1
    4941    1
    4942    1
    4943    1
    4944    1
    4945   12
    4946   12
    4947    6
    4948    6
    4949    3
    4950    1
    4951    1
    4952    1
    4953    1
    4954    1
    4955    1
    4956    1
    4957    6
    4958    6
    4959    1
    4960    1
    4961    1
    4962    3
    4963    6
    4964    3
    4965    1
    4966    1
    4967    6
    4968    5
    4969    1
    4970    1
    4971    7
    4972   12
    4973   12
    4974    6
    4975   12
    4976   12
    4977   12
    4978    6
    4979    6
    4980    3
    4981    3
    4982    6
    4983    6
    4984    6
    4985    3
    4986    1
    4987    1
    4988    1
    4989    1
    4990   12
    4991   12
    4992    6
    4993    1
    4994    1
    4995    6
    4996    3
    4997    6
    4998    1
    4999    3
    5000    6
