54773353	54773867	
54069793	54070241	
57632776	57633250	
58299106	58299533	
54140375	54140802	
49736141	49736669	
53553156	53553522	
45342503	45342862	
49208354	49208778	
54608485	54608949	
53374645	53375048	
54973479	54973853	
53715277	53715645	
69684770	69685121	
52419171	52419777	
50134918	50135256	
54095573	54095897	
49381842	49382216	
50449753	50450137	
54793067	54793417	
54595089	54595476	
51735190	51735536	
48136000	48136363	
50464264	50464679	
57856442	57856792	
49482028	49482411	
57846716	57847039	
48357101	48357445	
54762466	54762812	
52477179	52477561	
50339347	50339675	
54601605	54601907	
46384376	46384718	
54754623	54754973	
69550853	69551211	
57569671	57570013	
56334023	56334362	
53607082	53607424	
52463267	52463591	
57977090	57977509	
53264251	53264599	
54798184	54798551	
57852883	57853199	
50505321	50505696	
56519939	56520294	
57233677	57234015	
58176313	58176638	
49524010	49524373	
57381341	57381688	
46465940	46466244	
52550590	52550932	
52374144	52374481	
48111313	48111637	
56130952	56131327	
57576744	57577093	
56039930	56040340	
51441518	51441866	
50038347	50038668	
50433022	50433352	
50260889	50261233	
52417493	52417830	
53902361	53902685	
54688009	54688345	
56617788	56618367	
48173084	48173414	
53278602	53278919	
54426367	54426679	
49012256	49012587	
50468978	50469278	
49741373	49741744	
52672782	52673082	
54150967	54151286	
50171926	50172273	
49189648	49189955	
49284481	49284808	
48231410	48231741	
53493231	53493541	
57506102	57506434	
58026823	58027192	
51745734	51746020	
58150515	58150848	
53845506	53845793	
53583919	53584272	
54137435	54137719	
54764041	54764357	
54585380	54585666	
53459737	53460052	
58015540	58015969	
49690300	49690635	
57395232	57395555	
49437575	49437914	
49330198	49330542	
52269074	52269373	
49491805	49492138	
52607301	52607615	
46122629	46122928	
50101363	50101680	
49974351	49974637	
48936145	48936430	
54613889	54614220	
54399764	54400045	
49628938	49629252	
53746424	53746702	
56858117	56858411	
52364655	52364919	
58087419	58087728	
68616971	68617238	
69548427	69548719	
52545857	52546180	
52557739	52557997	
49682156	49682439	
48343291	48343582	
49247068	49247342	
53259100	53259438	
57518056	57518362	
54920935	54921236	
49628198	49628545	
56987946	56988221	
57637501	57637782	
49457722	49458044	
53681553	53681830	
49725416	49725709	
56118436	56118717	
57607113	57607420	
52317233	52317554	
58197153	58197420	
69464163	69464436	
56600356	56600627	
65950542	65950845	
57849982	57850242	
50898492	50898795	
49390538	49390835	
50478750	50479025	
52414559	52414852	
54990264	54990555	
54610834	54611112	
51925750	51926024	
53718512	53718799	
54718428	54718699	
53815390	53815671	
54788041	54788355	
52976835	52977123	
56513191	56513464	
45564297	45564548	
52386933	52387217	
56440953	56441213	
49389223	49389539	
49486001	49486265	
56389949	56390221	
57608093	57608382	
57030450	57030755	
63187818	63188082	
53447464	53447722	
63192946	63193232	
55052499	55052766	
64237626	64237939	
50170159	50170397	
54833486	54833724	
50360721	50361537	
52288783	52289041	
52615870	52616153	
54997026	54997280	
56617788	56618367	
48558977	48559189	
53739046	53739312	
52397909	52398135	
50156874	50157120	
56013456	56013775	
56479025	56479269	
53273246	53273590	
48109172	48109394	
56132637	56132871	
55462217	55462511	
58225216	58225482	
64943433	64943648	
57463286	57463508	
53937296	53937492	
56050208	56050474	
56099686	56099909	
52533377	52533616	
62653874	62654111	
50030723	50030974	
50482442	50482688	
68434282	68434541	
51815123	51815350	
51818791	51819027	
50232863	50233101	
54378689	54378926	
57401961	57402195	
56984118	56984332	
50360721	50361537	
56586803	56587035	
65196023	65196286	
56320513	56320746	
56660513	56660709	
53298849	53299117	
49367888	49368177	
57566861	57567151	
53273712	53274050	
55387094	55387319	
49752483	49752731	
65091864	65092052	
53605668	53605833	
48583373	48583596	
57487074	57487319	
67255004	67255243	
55466933	55467162	
45524657	45524872	
48137870	48138115	
56696200	56696460	
49412398	49412611	
52071972	52072183	
52217786	52218000	
69964670	69964899	
64667605	64667799	
62604192	62604400	
69751342	69751575	
49730871	49731105	
54342831	54342995	
54730308	54730531	
55247800	55248008	
57028851	57029037	
65190083	65190317	
48161008	48161234	
56583371	56583634	
65996347	65996571	
58129717	58129950	
54382978	54383232	
51128523	51128732	
67835630	67835842	
48031032	48031240	
52513836	52514090	
57701608	57701836	
52515676	52515874	
50368028	50368254	
56511966	56512159	
52537378	52537597	
66803164	66803295	
47055257	47055447	
47377842	47378043	
69224071	69224295	
62586514	62586715	
62517563	62517785	
51159098	51159334	
59507616	59507813	
53345903	53346327	
55143057	55143239	
66481269	66481413	
45937680	45937886	
63207130	63207271	
65002041	65002222	
53775746	53775946	
49371788	49372028	
53086139	53086340	
67082752	67082876	
45168725	45168866	
69977112	69977248	
63328953	63329149	
47465097	47465290	
49297792	49297960	
66563552	66563731	
54185504	54185928	
57657605	57657844	
55537145	55537348	
55074305	55074433	
56727993	56728162	
56423605	56423776	
69809624	69809785	
59543892	59544097	
48551361	48551476	
69201849	69202049	
49947361	49947475	
57151395	57151575	
56771114	56771275	
56545411	56545835	
53370120	53370307	
66501273	66501453	
56709931	56710037	
47473289	47473454	
56665051	56665167	
52784905	52785018	
56472787	56472966	
68752733	68752882	
48680426	48680850	
49677769	49678193	
56551611	56551813	
64746088	64746232	
50708547	50708751	
52320602	52320816	
67419407	67419550	
62831987	62832094	
46518963	46519112	
57030844	57031083	
53645269	53645693	
49763739	49763852	
47701537	47701961	
65284777	65284937	
57636859	57637058	
48099193	48099617	
52709492	52709916	
53661706	53662130	
56473113	56473244	
64219894	64220025	
49515021	49515132	
49907957	49908155	
63545793	63546217	
56075297	56075470	
68337213	68337373	
63497304	63497728	
57400424	57400595	
51911575	51911999	
56907641	56907757	
55351832	55352256	
57670729	57671153	
56967258	56967468	
65700310	65700734	
48264245	48264669	
57480307	57480731	
63814002	63814170	
63670491	63670915	
52766484	52766594	
68461549	68461973	
51663252	51663676	
49504396	49504820	
57156973	57157153	
69979508	69979932	
48730314	48730738	
56324626	56324735	
47415143	47415249	
53721195	53721619	
55153510	55153934	
52283619	52284043	
46696830	46697254	
57520937	57521361	
58377018	58377176	
68507429	68507853	
62400018	62400153	
67087658	67088082	
66079279	66079703	
48212827	48213251	
53568715	53569139	
55095936	55096360	
49463254	49463678	
62829565	62829710	
48153214	48153432	
69864529	69864953	
66663545	66663969	
52565791	52566215	
48232395	48232819	
56114769	56115193	
47802053	47802477	
65517212	65517636	
69677928	69678352	
56349737	56350161	
55465905	55466329	
69647744	69648168	
57881401	57881825	
49626678	49627102	
54645436	54645860	
51380746	51381170	
58015540	58015969	
50017330	50017465	
51421868	51422292	
45609070	45609494	
45662862	45663286	
50296123	50296547	
48848436	48848860	
53455463	53455887	
48045544	48045670	
63492620	63493044	
64233146	64233570	
48080543	48080665	
54397790	54398214	
63462619	63463043	
66377375	66377799	
48196009	48196433	
53870634	53871058	
53061261	53061685	
52755851	52756275	
67411896	67412320	
51656493	51656917	
48152863	48153034	
52645861	52646285	
55117413	55117837	
49942814	49943238	
56190827	56191251	
58739807	58740231	
56995204	56995628	
66672885	66673309	
48202752	48203176	
48299000	48299424	
62996831	62997255	
62975544	62975968	
67749611	67750035	
52306810	52307234	
68800037	68800461	
49413742	49414166	
67555083	67555507	
58153168	58153592	
46156258	46156682	
52773943	52774367	
53846457	53846881	
56652044	56652468	
54694705	54695129	
50569197	50569621	
48576750	48577174	
56740451	56740875	
49682381	49682490	
50495364	50495788	
49147351	49147473	
53109207	53109631	
49328088	49328512	
46119508	46119932	
62387521	62387945	
48591228	48591652	
47996738	47997162	
57505351	57505775	
49619345	49619769	
46736248	46736672	
51770911	51771335	
56435228	56435652	
64539003	64539427	
51031672	51032096	
46525491	46525915	
69590448	69590872	
54731176	54731600	
53264426	53264850	
48836215	48836639	
56214452	56214876	
56862196	56862620	
52821856	52822280	
55582713	55583137	
47791392	47791816	
56053503	56053927	
47071558	47071982	
52801673	52802097	
52699836	52700260	
53465896	53466320	
50677264	50677688	
52789560	52789984	
64195821	64196245	
58169637	58170061	
66538905	66539329	
45366563	45366987	
47426313	47426737	
68395272	68395696	
51640371	51640795	
54798451	54798561	
55635816	55636240	
54608485	54608949	
45516529	45516953	
49331003	49331427	
67851639	67852063	
58570046	58570470	
58208941	58209365	
63308383	63308807	
66497206	66497630	
52900928	52901352	
47940833	47941257	
69257624	69258048	
52928235	52928659	
51984430	51984854	
46546985	46547409	
48579920	48580344	
48211841	48212265	
68552186	68552610	
63220830	63221254	
48191220	48191644	
54528680	54529104	
49690467	49690891	
52535084	52535508	
49750811	49751235	
53615114	53615538	
52721290	52721714	
54966638	54967062	
66543675	66544099	
65090096	65090520	
56711453	56711877	
47069460	47069884	
51441672	51442096	
67809228	67809652	
51611677	51612101	
57496458	57496882	
59797013	59797437	
53432439	53432863	
65195118	65195542	
55026086	55026510	
53091135	53091559	
55118976	55119400	
66627749	66628173	
54562828	54563252	
56545611	56546035	
65694518	65694942	
57406751	57407175	
45782328	45782752	
46776709	46777133	
57456451	57456875	
57589695	57590119	
50067218	50067642	
54691725	54692149	
49760367	49760791	
56680605	56681029	
52955832	52956256	
56615996	56616420	
58197251	58197675	
54149380	54149804	
67616053	67616477	
54785035	54785459	
51610835	51611259	
60888019	60888443	
49483551	49483975	
53681712	53682136	
54891271	54891695	
47755100	47755524	
64649966	64650390	
54344156	54344580	
64575444	64575868	
57977415	57977528	
57606218	57606642	
54202793	54203217	
52981222	52981646	
50261058	50261482	
68630831	68631255	
50526270	50526694	
57915332	57915756	
54552926	54553350	
54355171	54355595	
48803527	48803951	
49408312	49408736	
48249285	48249709	
54532028	54532452	
62415576	62416000	
66745932	66746356	
68892444	68892868	
57618634	57619058	
50561014	50561438	
52208016	52208440	
56499022	56499446	
64785990	64786414	
58119767	58120191	
57885203	57885627	
48166620	48167044	
66356824	66357248	
58934249	58934673	
53591411	53591835	
55083782	55084206	
50435834	50436258	
56660593	56661017	
51685630	51686054	
68041496	68041920	
57940147	57940571	
49656694	49657118	
65002141	65002565	
45567054	45567478	
51813268	51813692	
57144938	57145362	
48210999	48211423	
57487227	57487651	
56651195	56651619	
53875768	53876192	
53292260	53292684	
49280827	49281251	
51914272	51914696	
49350630	49351054	
54197404	54197828	
57643006	57643430	
57569820	57570244	
58135898	58136322	
53370203	53370627	
49454261	49454685	
57341414	57341838	
69265734	69266158	
67613827	67614251	
59507708	59508132	
54161450	54161874	
69306803	69307227	
49374341	49374765	
53444964	53445388	
54793245	54793669	
55909479	55909903	
52924686	52925110	
54095718	54096142	
60650842	60651266	
57425091	57425515	
54692733	54693157	
68710801	68711225	
50469126	50469550	
45205852	45206276	
56215975	56216399	
52807575	52807999	
57561848	57562272	
46911344	46911768	
48577362	48577786	
50144124	50144548	
57400513	57400937	
49368007	49368431	
53472536	53472960	
49151984	49152408	
52444479	52444903	
51219142	51219566	
62993771	62994195	
51420124	51420548	
52774143	52774567	
53377915	53378339	
56220972	56221396	
49366488	49366912	
63377424	63377848	
51398132	51398556	
52374292	52374716	
56890583	56890757	
53271698	53272122	
59198510	59198934	
48402736	48403160	
53618242	53618666	
46747899	46748323	
55117614	55118038	
50616131	50616555	
52264939	52265363	
56656694	56657118	
51159221	51159645	
68880178	68880602	
54345991	54346415	
53646047	53646471	
55462382	55462806	
48294250	48294674	
46764973	46765397	
47327724	47328148	
56627290	56627714	
47771683	47772107	
56652248	56652672	
57549825	57550249	
55777630	55778054	
47587602	47588026	
52979608	52980032	
52680821	52681245	
51477158	51477582	
49974478	49974902	
52565996	52566420	
51646294	51646718	
69058717	69059141	
51862312	51862736	
53321137	53321561	
52417673	52418097	
49259581	49260005	
66429065	66429489	
57294249	57294673	
57454731	57455155	
46398820	46399244	
53634676	53635100	
69080292	69080716	
49691067	49691491	
48424899	48425323	
49741533	49741957	
50019849	50020273	
49012415	49012839	
64981228	64981652	
56984205	56984629	
50639334	50639758	
56895277	56895701	
47588295	47588719	
50464264	50464679	
48336095	48336519	
67555283	67555707	
56334200	56334624	
56099780	56100204	
53593525	53593949	
50364434	50364858	
49370210	49370634	
50710946	50711370	
55016794	55017218	
65088390	65088814	
45270326	45270750	
54751673	54752097	
45514993	45515417	
54342898	54343322	
51128587	51129011	
49110654	49111078	
53455686	53456110	
55329077	55329501	
69960399	69960823	
45324734	45325158	
52557866	52558290	
54375330	54375754	
63196738	63197162	
59740019	59740443	
48499807	48500231	
52709691	52710115	
60202045	60202469	
53153472	53153896	
54406817	54407241	
57634278	57634702	
48591432	48591856	
65277270	65277694	
57844257	57844681	
51566149	51566573	
64237746	64238170	
57628889	57629313	
58145195	58145619	
50655411	50655835	
57664744	57665168	
46286923	46287347	
57197961	57198385	
55840079	55840503	
52935932	52936356	
50416146	50416570	
50289602	50290026	
54185714	54186138	
53574198	53574622	
49330360	49330784	
60499987	60500411	
54748817	54749241	
50628156	50628580	
52672931	52673355	
69782059	69782483	
52376263	52376687	
66239570	66239994	
54133950	54134374	
52646075	52646499	
57495745	57496169	
57539292	57539716	
58499513	58499937	
49980932	49981356	
52939962	52940386	
