29 2
57 4
76 1
79 2
103 1
113 4
127 2
143 2
158 2
164 1
192 2
216 1
217 2
218 1
220 4
241 4
257 2
300 4
309 1
332 2
340 4
352 2
388 4
414 4
425 1
462 4
463 2
683 1
701 1
737 2
778 1
793 4
798 1
808 1
810 2
841 1
846 2
920 2
1036 4
1038 4
1154 4
1491 2
1592 1
1695 1
1711 4
1751 2
1758 2
1765 1
1801 1
1828 1
1839 1
1842 1
1859 2
1861 2
1865 4
1880 4
1908 2
1912 2
1948 4
1971 1
1974 2
2011 2
2026 2
2027 4
2101 1
2163 1
2216 2
2341 1
2474 4
2478 1
2518 4
2522 4
2541 1
2542 2
2545 2
2563 1
2588 2
2594 1
2598 4
2619 2
2668 4
2672 4
2700 1
2704 2
2707 2
2716 1
2720 4
2736 4
2773 2
2776 1
2791 2
2831 4
2849 2
2854 1
2868 2
2870 4
2878 4
2882 2
2896 4
2905 1
2970 1
2973 1
2976 4
2978 1
2981 2
2985 1
2994 1
3005 1
3012 4
3014 1
3024 4
3072 4
3866 2
3898 4
3939 1
3976 4
4241 1
4343 4
4432 1
4452 2
4496 2
4559 4
4593 2
4594 4
4641 1
4650 1
4655 4
4661 1
4684 1
4693 2
4699 1
4711 4
4731 4
4746 4
4751 4
4773 1
4795 2
4813 1
4828 1
4848 4
4916 1
4926 4
4944 4
4947 2
4949 4
4958 1
4963 2
