24 2
41 4
50 4
52 4
54 4
61 4
64 1
112 2
114 2
123 1
138 2
169 2
173 4
191 2
197 2
217 4
230 4
323 1
328 1
342 1
352 4
353 2
391 2
412 1
415 4
455 4
457 1
490 4
501 4
505 1
510 1
512 1
570 1
583 1
587 4
588 4
590 1
591 1
592 2
597 1
612 1
622 4
681 1
706 2
707 2
712 4
715 2
727 1
780 4
797 1
825 1
843 1
875 2
876 1
879 2
937 2
988 2
989 2
995 1
1006 2
1010 4
1017 4
1057 4
1058 1
1100 4
1138 4
1142 4
1182 4
1186 2
1197 1
1226 1
1232 2
1250 2
1251 1
1276 4
1288 2
1311 1
1324 4
1355 1
1400 4
1402 4
1464 4
1497 4
1519 4
1548 4
1565 1
1592 1
1598 2
1604 2
1633 4
1643 2
1646 4
1649 4
1698 1
1737 1
1761 2
1824 4
1851 2
1860 1
2147 4
2260 4
2306 2
2311 1
2372 1
2385 4
2399 1
2410 2
2463 4
2485 2
2486 2
2515 4
2537 2
2689 2
2725 2
2799 2
2890 1
2919 2
2944 1
3039 4
3104 2
3129 1
3249 2
3271 4
3272 1
3278 1
3310 1
3321 1
3330 1
3360 2
3398 1
3407 0
3449 4
3496 1
3524 1
3537 4
3559 4
3582 4
3615 2
3634 4
3709 4
3732 1
3896 1
3954 2
3964 1
4030 2
4091 2
4099 1
4109 1
4125 4
4177 4
4178 4
4183 1
4190 4
4194 1
4210 2
4218 1
4259 2
4261 1
4263 1
4277 1
4341 2
4347 2
4373 1
4380 2
4426 4
4460 2
4482 4
4494 4
4510 1
4514 2
4670 0
4723 4
4734 4
4741 4
4762 1
4831 2
4834 1
4845 2
4862 4
4865 1
4869 1
4935 1
4963 1
4972 4
4976 1
5000 1
