6 1
21 1
31 2
33 4
34 4
40 2
50 2
67 1
70 1
85 2
89 4
91 4
96 4
114 4
120 1
127 1
146 2
147 4
152 1
169 1
172 1
189 2
225 2
228 2
234 4
235 1
314 1
344 1
346 2
352 4
353 1
359 4
372 2
408 1
409 4
413 2
416 1
431 4
447 1
561 4
590 2
605 2
616 2
629 1
641 4
657 1
678 1
682 4
684 4
690 4
768 2
799 2
846 4
851 4
888 4
911 4
920 1
929 4
932 2
941 1
952 2
959 2
962 4
974 4
976 2
985 2
990 1
998 4
1002 1
1005 4
1007 4
1018 4
1020 1
1025 2
1034 1
1056 1
1081 4
1101 2
1132 1
1137 4
1145 2
1158 1
1165 1
1169 1
1171 4
1177 4
1178 2
1207 4
1213 1
1231 2
1232 4
1243 4
1252 2
1253 2
1258 2
1264 2
1296 4
1297 1
1298 1
1301 1
1310 2
1326 1
1334 4
1342 4
1349 4
1370 4
1391 4
1392 1
1406 4
1413 4
1426 2
1449 1
1454 1
1469 2
1474 2
1475 1
1496 2
1520 1
1533 4
1551 2
1555 1
1569 4
1574 2
1583 1
1586 4
1612 1
1639 2
1644 4
1677 2
1680 2
1683 4
1690 1
1720 2
1722 4
1735 2
1740 1
1784 4
1796 1
1864 4
1963 1
2085 4
2088 1
2108 1
2110 4
2111 2
2114 1
2126 4
2150 4
2166 4
2189 2
2196 4
2204 4
2205 1
2206 1
2217 1
2224 1
2264 2
2266 4
2305 4
2309 1
2316 2
2319 1
2324 4
2328 1
2335 4
2337 2
2340 1
2343 2
2353 1
2371 2
2374 4
2377 2
2382 1
2389 1
2394 1
2431 4
2436 1
2450 2
2451 4
2454 1
2475 2
2477 4
2479 2
2489 4
2495 4
2505 1
2513 4
2519 4
2520 4
2525 1
2532 2
2533 1
2543 1
2566 4
2571 4
2574 1
2579 2
2588 2
2589 2
2592 4
2593 4
2598 2
2601 4
2604 2
2607 2
2608 1
2612 1
2616 2
2619 0
2627 2
2633 1
2636 2
2638 1
2643 4
2657 1
2667 1
2673 4
2688 1
2690 1
2694 1
2699 1
2700 1
2703 4
2726 2
2732 1
2739 4
2750 2
2762 1
2767 1
2782 4
2816 2
2826 1
2833 2
2834 1
2845 2
2854 4
2865 4
2874 1
2876 1
2880 4
2882 2
2903 1
2907 1
2914 4
2923 1
2941 2
2942 4
2943 4
2948 1
2957 2
2967 2
2972 1
2979 4
2984 4
2986 4
2987 4
2988 2
2991 2
2992 4
3004 1
3065 2
3066 2
3072 1
3080 2
3085 4
3087 2
3109 1
3111 2
3118 1
3149 2
3160 4
3167 4
3185 1
3190 1
3209 4
3216 1
3260 1
3264 1
3353 2
3360 4
3383 2
3385 2
3386 2
3388 1
3391 1
3395 1
3399 2
3413 4
3419 1
3429 4
3432 2
3444 4
3451 4
3465 1
3468 2
3470 2
3471 1
3498 2
3502 1
3514 4
3535 1
3543 2
3567 2
3569 4
3574 2
3582 2
3586 1
3590 1
3592 4
3602 4
3604 1
3612 4
3636 4
3653 1
3673 2
3674 2
3687 1
3692 1
3698 1
3707 4
3717 4
3725 1
3735 4
3749 2
3757 4
3856 2
3857 2
3864 1
3869 4
3878 1
3880 1
3896 4
3897 4
3954 2
3993 2
4004 2
4005 4
4014 2
4017 4
4019 4
4027 4
4044 4
4045 1
4058 2
4075 4
4096 2
4099 4
4100 4
4122 2
4132 1
4137 2
4167 1
4190 4
4194 2
4195 2
4209 1
4252 1
4274 2
4276 2
4279 4
4281 4
4282 1
4304 4
4339 4
4343 4
4351 1
4353 1
4386 0
4388 1
4392 1
4416 2
4431 1
4439 4
4440 4
4455 1
4479 4
4522 4
4566 1
4570 1
4605 4
4647 4
4778 1
4868 1
4889 4
4941 4
4989 2
