       1    1
       2    1
       3    1
       4    1
       5    1
       6    1
       7    1
       8    1
       9    1
      10    1
      11    1
      12    1
      13    1
      14    1
      15    5
      16    5
      17    6
      18   12
      19   10
      20   10
      21   10
      22   10
      23   10
      24   10
      25   10
      26   10
      27   10
      28   10
      29   10
      30   10
      31   10
      32   10
      33   10
      34   10
      35   10
      36   11
      37   11
      38   10
      39   10
      40   10
      41   10
      42   10
      43   10
      44   10
      45   10
      46   10
      47   10
      48   10
      49    9
      50   11
      51   11
      52   11
      53   11
      54   11
      55   11
      56   11
      57   11
      58   11
      59   10
      60   10
      61   10
      62   10
      63   10
      64   10
      65   10
      66   10
      67   10
      68   10
      69   10
      70   10
      71   10
      72   10
      73   10
      74   10
      75   10
      76   10
      77   10
      78   10
      79   10
      80   10
      81   10
      82   10
      83   10
      84   10
      85   10
      86   10
      87   10
      88   10
      89   10
      90   12
      91   12
      92    1
      93    1
      94    1
      95    1
      96    1
      97    5
      98    5
      99    6
     100   10
     101   10
     102   10
     103   10
     104   10
     105   10
     106   10
     107   10
     108   10
     109   10
     110   10
     111   10
     112   10
     113   10
     114   10
     115    9
     116   10
     117   10
     118   10
     119   10
     120   10
     121   10
     122   10
     123   10
     124   10
     125   10
     126   10
     127   10
     128   10
     129   10
     130   10
     131   10
     132   10
     133   10
     134   10
     135   10
     136   10
     137   10
     138   10
     139   10
     140   10
     141   11
     142   11
     143   11
     144   11
     145   11
     146   11
     147   11
     148   11
     149   11
     150   11
     151   11
     152   11
     153   11
     154   11
     155   10
     156   10
     157   10
     158   10
     159   10
     160   10
     161   12
     162   12
     163   12
     164    1
     165    1
     166    1
     167    1
     168    1
     169    1
     170    4
     171    4
     172    6
     173   12
     174   12
     175    6
     176    3
     177    3
     178    3
     179    1
     180    1
     181    1
     182    1
     183    1
     184   12
     185   10
     186   10
     187   10
     188   10
     189   10
     190   10
     191   10
     192   10
     193   10
     194   10
     195   10
     196   10
     197   10
     198   10
     199   10
     200   10
     201   10
     202   10
     203   10
     204   10
     205   10
     206   11
     207   11
     208   11
     209   11
     210   10
     211   10
     212   10
     213   10
     214   10
     215   10
     216   10
     217   10
     218   10
     219   10
     220   10
     221   10
     222   10
     223   10
     224   10
     225   10
     226   10
     227   10
     228   10
     229   10
     230   10
     231   10
     232   10
     233   10
     234   10
     235   10
     236   10
     237   10
     238   10
     239   10
     240   10
     241   10
     242   10
     243   10
     244   10
     245   10
     246   10
     247   10
     248   10
     249   10
     250   10
     251   10
     252   10
     253   10
     254   10
     255   10
     256   10
     257   10
     258   10
     259   10
     260   10
     261   10
     262   10
     263   10
     264   10
     265   10
     266   10
     267   10
     268   10
     269   10
     270   11
     271   10
     272   10
     273   10
     274   10
     275   10
     276   10
     277   10
     278   10
     279   11
     280   11
     281   11
     282   11
     283   11
     284   11
     285   11
     286   11
     287   11
     288   11
     289   11
     290   11
     291   11
     292   11
     293   11
     294   11
     295   11
     296   11
     297   11
     298   11
     299   11
     300   11
     301   11
     302   11
     303   11
     304   11
     305   11
     306   10
     307   10
     308   10
     309   10
     310   10
     311   10
     312   10
     313   10
     314   10
     315   10
     316   10
     317   10
     318   10
     319   10
     320   10
     321   10
     322   10
     323   10
     324   10
     325   10
     326   10
     327   10
     328   10
     329   10
     330   10
     331   10
     332   10
     333   10
     334   10
     335   10
     336   10
     337   10
     338   10
     339   10
     340   10
     341   10
     342   10
     343   10
     344   10
     345   10
     346   10
     347   10
     348   10
     349   10
     350   10
     351   10
     352    7
     353   12
     354   12
     355   12
     356    1
     357    1
     358    5
     359    6
     360   12
     361   10
     362   10
     363   10
     364   10
     365    6
     366    5
     367    4
     368    4
     369    4
     370    4
     371    4
     372    4
     373    4
     374    4
     375    4
     376    4
     377    4
     378    4
     379    4
     380    4
     381    4
     382    4
     383    4
     384    1
     385    1
     386    1
     387    1
     388   12
     389   12
     390   12
     391   12
     392    1
     393    1
     394    1
     395    1
     396   12
     397   12
     398   12
     399   10
     400   10
     401   10
     402   10
     403   10
     404   10
     405   10
     406    9
     407   11
     408   11
     409   11
     410   11
     411   11
     412   11
     413   11
     414   11
     415   11
     416   11
     417   11
     418   11
     419   11
     420   10
     421   10
     422   10
     423   10
     424   10
     425   10
     426   10
     427   10
     428   10
     429   10
     430   10
     431   10
     432   10
     433   10
     434   10
     435   10
     436   10
     437   10
     438   10
     439   10
     440   10
     441   11
     442   11
     443   11
     444   11
     445   11
     446   11
     447   11
     448   11
     449   11
     450   11
     451   11
     452   11
     453   11
     454   11
     455   11
     456   11
     457   11
     458   11
     459   11
     460   11
     461   11
     462   11
     463   11
     464   11
     465   11
     466   11
     467   11
     468   11
     469   11
     470   11
     471   11
     472   11
     473   11
     474   11
     475   11
     476   11
     477   11
     478   11
     479   11
     480   11
     481   11
     482   11
     483   11
     484   11
     485   11
     486   11
     487   11
     488   11
     489   11
     490   11
     491   11
     492   11
     493   11
     494   11
     495   11
     496   11
     497   11
     498   11
     499   11
     500    9
     501   12
     502   12
     503    8
     504    8
     505    8
     506    7
     507    7
     508    7
     509    8
     510    7
     511    7
     512    8
     513   12
     514   12
     515   12
     516   12
     517    8
     518   12
     519    7
     520    8
     521   12
     522    7
     523    8
     524   12
     525    8
     526   12
     527    1
     528    1
     529    1
     530    1
     531    1
     532    1
     533    1
     534    3
     535    3
     536    3
     537    3
     538    3
     539    4
     540    5
     541    5
     542    4
     543    4
     544    4
     545    4
     546    4
     547    4
     548    6
     549    6
     550   12
     551    8
     552   12
     553    7
     554    8
     555    8
     556   12
     557   12
     558   12
     559   12
     560   12
     561   12
     562   12
     563   12
     564    8
     565    6
     566    2
     567    7
     568    8
     569    7
     570    8
     571   12
     572   12
     573   10
     574   10
     575   12
     576    7
     577   10
     578   10
     579   10
     580   10
     581   10
     582   10
     583   10
     584   10
     585   10
     586   10
     587    9
     588   11
     589    9
     590   11
     591   11
     592   11
     593   11
     594   11
     595   11
     596   11
     597   11
     598   11
     599    6
     600    6
     601    2
     602    2
     603    2
     604    6
     605    7
     606    6
     607   12
     608   12
     609   12
     610   10
     611   10
     612   10
     613   10
     614   10
     615   10
     616   10
     617   10
     618   10
     619   10
     620   10
     621    8
     622   12
     623    1
     624    1
     625    1
     626    1
     627    1
     628    3
     629    3
     630    3
     631    4
     632    4
     633    4
     634    5
     635    5
     636    5
     637    3
     638    6
     639    6
     640    3
     641    3
     642    1
     643    1
     644    1
     645    1
     646   12
     647   12
     648   12
     649   12
     650   12
     651   10
     652   10
     653   10
     654   10
     655   10
     656   10
     657   10
     658   10
     659   10
     660   10
     661   10
     662   10
     663   10
     664   10
     665   10
     666   10
     667   11
     668   11
     669   11
     670   11
     671   11
     672   11
     673   11
     674   11
     675   11
     676   11
     677   11
     678   11
     679   11
     680    9
     681   10
     682    8
     683   12
     684   12
     685    7
     686   10
     687   10
     688   10
     689   10
     690   10
     691   10
     692   10
     693   10
     694   10
     695   10
     696   10
     697    7
     698    8
     699   10
     700   10
     701   10
     702   10
     703   10
     704   10
     705   10
     706   10
     707   11
     708   11
     709   11
     710   11
     711   11
     712   11
     713   11
     714   11
     715   11
     716   11
     717   11
     718   11
     719   11
     720   11
     721   11
     722   11
     723   10
     724   10
     725   10
     726   10
     727   10
     728   10
     729   10
     730   10
     731   10
     732   10
     733   10
     734   10
     735   10
     736   10
     737   10
     738   10
     739   10
     740   12
     741   12
     742    6
     743    5
     744    3
     745    4
     746    4
     747    4
     748    4
     749    3
     750    3
     751    3
     752    3
     753    1
     754    1
     755    1
     756    1
     757    1
     758    1
     759    1
     760    1
     761    1
     762    1
     763    1
     764   12
     765   12
     766   12
     767    1
     768    1
     769    1
     770    1
     771    1
     772    1
     773    1
     774   12
     775   10
     776   10
     777   10
     778   10
     779   10
     780   10
     781   10
     782   10
     783   10
     784   10
     785   10
     786   10
     787   10
     788   10
     789   10
     790   10
     791   10
     792   10
     793   10
     794   10
     795   10
     796   10
     797   10
     798   10
     799   10
     800   10
     801   10
     802   10
     803   10
     804   10
     805   10
     806   10
     807   10
     808   10
     809   10
     810   10
     811   10
     812   10
     813   10
     814   10
     815   10
     816   10
     817   10
     818   10
     819   11
     820   11
     821   11
     822   11
     823   11
     824   11
     825   11
     826   11
     827   11
     828   11
     829   11
     830   11
     831   11
     832   11
     833   11
     834   11
     835   11
     836   10
     837   10
     838   10
     839   10
     840   10
     841   10
     842   10
     843   10
     844   10
     845   12
     846    6
     847    3
     848    3
     849    1
     850    1
     851   12
     852   12
     853    8
     854    8
     855   12
     856    8
     857   12
     858    7
     859    8
     860    8
     861   12
     862   12
     863    7
     864    8
     865    7
     866   10
     867   10
     868   10
     869   10
     870   10
     871   10
     872   10
     873   10
     874   10
     875   10
     876   10
     877   10
     878   10
     879   10
     880   10
     881   10
     882   10
     883   10
     884   10
     885   10
     886   10
     887   10
     888   10
     889   10
     890   10
     891   10
     892   10
     893   10
     894   10
     895   10
     896   10
     897   10
     898   10
     899   10
     900   10
     901   10
     902   10
     903   10
     904   10
     905   10
     906   10
     907   10
     908   10
     909   10
     910   10
     911   10
     912   10
     913   10
     914   10
     915   10
     916   10
     917   10
     918   10
     919   10
     920   10
     921   10
     922   10
     923   10
     924   10
     925   10
     926   10
     927   10
     928   10
     929   10
     930   10
     931   10
     932   10
     933   10
     934   10
     935   10
     936   10
     937   10
     938   10
     939   10
     940   10
     941   10
     942   10
     943   10
     944   10
     945   10
     946   10
     947   10
     948   10
     949   10
     950   10
     951   10
     952   10
     953   10
     954   10
     955   10
     956   10
     957   10
     958   10
     959   10
     960   10
     961   10
     962   10
     963   10
     964   10
     965   10
     966   10
     967   10
     968   10
     969   10
     970   10
     971   10
     972   10
     973   10
     974   10
     975   10
     976   10
     977   10
     978   10
     979   10
     980   10
     981   10
     982   10
     983   10
     984   10
     985   10
     986   10
     987   10
     988   10
     989   10
     990   10
     991   10
     992   10
     993   10
     994   12
     995   12
     996   12
     997   12
     998   12
     999    8
    1000    6
    1001    6
    1002    6
    1003    2
    1004    1
    1005    1
    1006    1
    1007   12
    1008   12
    1009   12
    1010   12
    1011    1
    1012    1
    1013    1
    1014    1
    1015    1
    1016    2
    1017    2
    1018    3
    1019    3
    1020    3
    1021    3
    1022    3
    1023    3
    1024    3
    1025    3
    1026    3
    1027    3
    1028    3
    1029    3
    1030    3
    1031    5
    1032    5
    1033    6
    1034    9
    1035   10
    1036   10
    1037   10
    1038   12
    1039   12
    1040   12
    1041   12
    1042   12
    1043   12
    1044   12
    1045   12
    1046   12
    1047   12
    1048   12
    1049    8
    1050    8
    1051   12
    1052   12
    1053   12
    1054   12
    1055    7
    1056   12
    1057   12
    1058   12
    1059   12
    1060   12
    1061    8
    1062   12
    1063   12
    1064   12
    1065    8
    1066   12
    1067   12
    1068    1
    1069    1
    1070    4
    1071    4
    1072    4
    1073    4
    1074    4
    1075    4
    1076    4
    1077    4
    1078    4
    1079    4
    1080    4
    1081    4
    1082    4
    1083    5
    1084    6
    1085    8
    1086   12
    1087   12
    1088   12
    1089   12
    1090   12
    1091   12
    1092   12
    1093   12
    1094   12
    1095    7
    1096    7
    1097    8
    1098    7
    1099    7
    1100    8
    1101   12
    1102   12
    1103   12
    1104   12
    1105   12
    1106   12
    1107   12
    1108   12
    1109   12
    1110   12
    1111   12
    1112   12
    1113   12
    1114   12
    1115    8
    1116   10
    1117   10
    1118   10
    1119   10
    1120   10
    1121   10
    1122   10
    1123   12
    1124   12
    1125   12
    1126   12
    1127   12
    1128   12
    1129    8
    1130   12
    1131   12
    1132   12
    1133   12
    1134   12
    1135   12
    1136   12
    1137    7
    1138   12
    1139   12
    1140   12
    1141   12
    1142    7
    1143    7
    1144   10
    1145   10
    1146   10
    1147   10
    1148   12
    1149   12
    1150   12
    1151   12
    1152   12
    1153   12
    1154   12
    1155   12
    1156   12
    1157   12
    1158   12
    1159   12
    1160   12
    1161   12
    1162   12
    1163   12
    1164   12
    1165   12
    1166   12
    1167   12
    1168   12
    1169   12
    1170   12
    1171   12
    1172   12
    1173    4
    1174    4
    1175    4
    1176    7
    1177   12
    1178   12
    1179   12
    1180   12
    1181    8
    1182    9
    1183    8
    1184   12
    1185   12
    1186   12
    1187    8
    1188   12
    1189    8
    1190   12
    1191   12
    1192   12
    1193    7
    1194    7
    1195   12
    1196    7
    1197   12
    1198    8
    1199    7
    1200    8
    1201    8
    1202   12
    1203    8
    1204    7
    1205   12
    1206    1
    1207    6
    1208    7
    1209   12
    1210   10
    1211   10
    1212   10
    1213   10
    1214   10
    1215   10
    1216   10
    1217   10
    1218   12
    1219   12
    1220   12
    1221   12
    1222   12
    1223   12
    1224   12
    1225   12
    1226   12
    1227   12
    1228   12
    1229    8
    1230    8
    1231   12
    1232   12
    1233   12
    1234   12
    1235   12
    1236   12
    1237    5
    1238    6
    1239    3
    1240    1
    1241    3
    1242    3
    1243    3
    1244    1
    1245    1
    1246    1
    1247   12
    1248   12
    1249    7
    1250   12
    1251   12
    1252    9
    1253   11
    1254   11
    1255   11
    1256   12
    1257    8
    1258    8
    1259   12
    1260   12
    1261   12
    1262    7
    1263    7
    1264   10
    1265   10
    1266   10
    1267   10
    1268   10
    1269   10
    1270   10
    1271   10
    1272   10
    1273    9
    1274    9
    1275    9
    1276   10
    1277   10
    1278   10
    1279   10
    1280   10
    1281    8
    1282   12
    1283    8
    1284   10
    1285   10
    1286   10
    1287   10
    1288    8
    1289   10
    1290   10
    1291   10
    1292   10
    1293   10
    1294   10
    1295   10
    1296   10
    1297   10
    1298   10
    1299   10
    1300   10
    1301   10
    1302   10
    1303   10
    1304   10
    1305   10
    1306   10
    1307   10
    1308   10
    1309   10
    1310   10
    1311   10
    1312   10
    1313   10
    1314   10
    1315   10
    1316   10
    1317   10
    1318   10
    1319   10
    1320   10
    1321   10
    1322   10
    1323    7
    1324    7
    1325    8
    1326   10
    1327   10
    1328   10
    1329   10
    1330   11
    1331   11
    1332   11
    1333   11
    1334   11
    1335   10
    1336   10
    1337   10
    1338   10
    1339   10
    1340   10
    1341   12
    1342    1
    1343    1
    1344    1
    1345    3
    1346    5
    1347    6
    1348    8
    1349    8
    1350   12
    1351   12
    1352   12
    1353   12
    1354    7
    1355    6
    1356   12
    1357   12
    1358   12
    1359   12
    1360   12
    1361   12
    1362   12
    1363   12
    1364   12
    1365   12
    1366   12
    1367   12
    1368   12
    1369   12
    1370   12
    1371   12
    1372   12
    1373   12
    1374   12
    1375   12
    1376   12
    1377   12
    1378   12
    1379   12
    1380   12
    1381   12
    1382   12
    1383   12
    1384   10
    1385   10
    1386   10
    1387   10
    1388   10
    1389   10
    1390   10
    1391   10
    1392   10
    1393   10
    1394   10
    1395   10
    1396   10
    1397   10
    1398   10
    1399   10
    1400   10
    1401   10
    1402   10
    1403   10
    1404   10
    1405   10
    1406   10
    1407   10
    1408   10
    1409   10
    1410   10
    1411   10
    1412   10
    1413   10
    1414   10
    1415   10
    1416   10
    1417   10
    1418   10
    1419   10
    1420   10
    1421   10
    1422   10
    1423   10
    1424   10
    1425   10
    1426   10
    1427   10
    1428   10
    1429   10
    1430   10
    1431   10
    1432   10
    1433   10
    1434   10
    1435   10
    1436   10
    1437   10
    1438   10
    1439   10
    1440   10
    1441   10
    1442   10
    1443   10
    1444   10
    1445   10
    1446   10
    1447   10
    1448   10
    1449   10
    1450   10
    1451   10
    1452   10
    1453   10
    1454   10
    1455   10
    1456   10
    1457   10
    1458   10
    1459   10
    1460   10
    1461   10
    1462   10
    1463   10
    1464   10
    1465   10
    1466   10
    1467   10
    1468   10
    1469   10
    1470   10
    1471   10
    1472   10
    1473   10
    1474   10
    1475   10
    1476   10
    1477   10
    1478   10
    1479   10
    1480   10
    1481   10
    1482   10
    1483   10
    1484    9
    1485   10
    1486   10
    1487   10
    1488   10
    1489   10
    1490   10
    1491   10
    1492   10
    1493   10
    1494   12
    1495   12
    1496    8
    1497   12
    1498   12
    1499   12
    1500    8
    1501    8
    1502   12
    1503    7
    1504    7
    1505   12
    1506   12
    1507   12
    1508   12
    1509   12
    1510   12
    1511    8
    1512   12
    1513   12
    1514    8
    1515    8
    1516   12
    1517   12
    1518   12
    1519   12
    1520   12
    1521    7
    1522    8
    1523   12
    1524    7
    1525   12
    1526   12
    1527   12
    1528   12
    1529   12
    1530   12
    1531   12
    1532   12
    1533   12
    1534   12
    1535   12
    1536   12
    1537   12
    1538   12
    1539    8
    1540   12
    1541   12
    1542   12
    1543   12
    1544   12
    1545   12
    1546   12
    1547   12
    1548   12
    1549   13
    1550   13
    1551   13
    1552   13
    1553   13
    1554   13
    1555   13
    1556   13
    1557   13
    1558   13
    1559   13
    1560   13
    1561   13
    1562   13
    1563   13
    1564   13
    1565   13
    1566   13
    1567   13
    1568   13
    1569   13
    1570   12
    1571    8
    1572   12
    1573   12
    1574   12
    1575   12
    1576   12
    1577    7
    1578    6
    1579    1
    1580    1
    1581    1
    1582    1
    1583    1
    1584    1
    1585    1
    1586    1
    1587    1
    1588    1
    1589    1
    1590    1
    1591    1
    1592    1
    1593    1
    1594    1
    1595   12
    1596   12
    1597   12
    1598   12
    1599   12
    1600   12
    1601   12
    1602   12
    1603   12
    1604   12
    1605   12
    1606   12
    1607   12
    1608   12
    1609   12
    1610   12
    1611   12
    1612   12
    1613   12
    1614   12
    1615   12
    1616    1
    1617    1
    1618    3
    1619    3
    1620    3
    1621    5
    1622    6
    1623   12
    1624   12
    1625   12
    1626   12
    1627   12
    1628   12
    1629   12
    1630   12
    1631    9
    1632    6
    1633    3
    1634    4
    1635    4
    1636    4
    1637    4
    1638    4
    1639    3
    1640    3
    1641    3
    1642    4
    1643    4
    1644    4
    1645    3
    1646    3
    1647    1
    1648    1
    1649    1
    1650    1
    1651    1
    1652    1
    1653    1
    1654    1
    1655    1
    1656    1
    1657    1
    1658   12
    1659   12
    1660   12
    1661    1
    1662    1
    1663    1
    1664    1
    1665    1
    1666    1
    1667    1
    1668    1
    1669    1
    1670    1
    1671    1
    1672    1
    1673   12
    1674   12
    1675   12
    1676   12
    1677   12
    1678   12
    1679    8
    1680   12
    1681   12
    1682   12
    1683   12
    1684   12
    1685   12
    1686   12
    1687   12
    1688   12
    1689   12
    1690   12
    1691   12
    1692   12
    1693    8
    1694   12
    1695    8
    1696   12
    1697   12
    1698   12
    1699   12
    1700   12
    1701   12
    1702   12
    1703   12
    1704   10
    1705   10
    1706   10
    1707   10
    1708   10
    1709   12
    1710   12
    1711   12
    1712   12
    1713   12
    1714   12
    1715   12
    1716   12
    1717   12
    1718   12
    1719   12
    1720   12
    1721   12
    1722   12
    1723   12
    1724    8
    1725   12
    1726   12
    1727   12
    1728   12
    1729   12
    1730   12
    1731   12
    1732   12
    1733   12
    1734   12
    1735   12
    1736    1
    1737    1
    1738    8
    1739    8
    1740    8
    1741   12
    1742   12
    1743   12
    1744   12
    1745   12
    1746   12
    1747   12
    1748   12
    1749   12
    1750   12
    1751   12
    1752    8
    1753    8
    1754   12
    1755   12
    1756   12
    1757   12
    1758    7
    1759   12
    1760   12
    1761   12
    1762   12
    1763   12
    1764    4
    1765    4
    1766    4
    1767    4
    1768    4
    1769    4
    1770    5
    1771    6
    1772    7
    1773   12
    1774   12
    1775   12
    1776   12
    1777   12
    1778   12
    1779   12
    1780   12
    1781   12
    1782   12
    1783   12
    1784   12
    1785   12
    1786   12
    1787   12
    1788   12
    1789   12
    1790   12
    1791   12
    1792    8
    1793   12
    1794   12
    1795   12
    1796   12
    1797   12
    1798   13
    1799   13
    1800   13
    1801   13
    1802   13
    1803   13
    1804   13
    1805   13
    1806   13
    1807   13
    1808   12
    1809   12
    1810   12
    1811   12
    1812   12
    1813    8
    1814    8
    1815   12
    1816   12
    1817   12
    1818   12
    1819   12
    1820   12
    1821   12
    1822   12
    1823    7
    1824   12
    1825   12
    1826   12
    1827   12
    1828   12
    1829   12
    1830   12
    1831   12
    1832   12
    1833   12
    1834   12
    1835   12
    1836    7
    1837    7
    1838   12
    1839   12
    1840   12
    1841    8
    1842    8
    1843    7
    1844    8
    1845   12
    1846   12
    1847   12
    1848   12
    1849   12
    1850    7
    1851   12
    1852   12
    1853   12
    1854    8
    1855   12
    1856   12
    1857   12
    1858   12
    1859    8
    1860   12
    1861   12
    1862   12
    1863    8
    1864   12
    1865   12
    1866   12
    1867   12
    1868   12
    1869   12
    1870   12
    1871   12
    1872   12
    1873   12
    1874   12
    1875   12
    1876   12
    1877   12
    1878    6
    1879    3
    1880    3
    1881    1
    1882    1
    1883    1
    1884    1
    1885   12
    1886   12
    1887   12
    1888   12
    1889   12
    1890   12
    1891   12
    1892   12
    1893   12
    1894   12
    1895   12
    1896   12
    1897   12
    1898    7
    1899   12
    1900   12
    1901   12
    1902   12
    1903   12
    1904   12
    1905   12
    1906   12
    1907   12
    1908   12
    1909   12
    1910   12
    1911   12
    1912   12
    1913   12
    1914   12
    1915   12
    1916   12
    1917   12
    1918   12
    1919   12
    1920   12
    1921   12
    1922   12
    1923    7
    1924   12
    1925   12
    1926   12
    1927   12
    1928    8
    1929   12
    1930    8
    1931   12
    1932   12
    1933   12
    1934   12
    1935   12
    1936    8
    1937   12
    1938   12
    1939   12
    1940   12
    1941   12
    1942   12
    1943   12
    1944   12
    1945    8
    1946    7
    1947    8
    1948   12
    1949   12
    1950   12
    1951   12
    1952   12
    1953   12
    1954   12
    1955   12
    1956   12
    1957   12
    1958   12
    1959   12
    1960   12
    1961   12
    1962   12
    1963   12
    1964   12
    1965   12
    1966   12
    1967   12
    1968   12
    1969   12
    1970   12
    1971   12
    1972   12
    1973   12
    1974   12
    1975   12
    1976   12
    1977   12
    1978   12
    1979   12
    1980   12
    1981   12
    1982   12
    1983    8
    1984    8
    1985   12
    1986    7
    1987   12
    1988   12
    1989   12
    1990   12
    1991   12
    1992   12
    1993   12
    1994   12
    1995   12
    1996   12
    1997   12
    1998   12
    1999   12
    2000   12
    2001   12
    2002   12
    2003   12
    2004   12
    2005   12
    2006   12
    2007    7
    2008    8
    2009   12
    2010   12
    2011   12
    2012   12
    2013   12
    2014   12
    2015   12
    2016   12
    2017   12
    2018   12
    2019   12
    2020   12
    2021   12
    2022   12
    2023   12
    2024   12
    2025   12
    2026   12
    2027   12
    2028   12
    2029   12
    2030   12
    2031   12
    2032   12
    2033   12
    2034   12
    2035   12
    2036   12
    2037   12
    2038   13
    2039   13
    2040   13
    2041   13
    2042   12
    2043   12
    2044   12
    2045   12
    2046   12
    2047   12
    2048   12
    2049   12
    2050    8
    2051   12
    2052   12
    2053   12
    2054   12
    2055   12
    2056   12
    2057   12
    2058   12
    2059   12
    2060   12
    2061   12
    2062   12
    2063   12
    2064   13
    2065   13
    2066   13
    2067   13
    2068   13
    2069   13
    2070   13
    2071   13
    2072   13
    2073   13
    2074   13
    2075   13
    2076   13
    2077   13
    2078   13
    2079   13
    2080   13
    2081   13
    2082   13
    2083   13
    2084   13
    2085   12
    2086    8
    2087    8
    2088    8
    2089   12
    2090   12
    2091   12
    2092   12
    2093   12
    2094   12
    2095   12
    2096   12
    2097   12
    2098   12
    2099   12
    2100   12
    2101   12
    2102   12
    2103    7
    2104   12
    2105   13
    2106   13
    2107   13
    2108   13
    2109   13
    2110   13
    2111   13
    2112   13
    2113   13
    2114   13
    2115   13
    2116   13
    2117   13
    2118   13
    2119   13
    2120   13
    2121   13
    2122   13
    2123   13
    2124   13
    2125   13
    2126   13
    2127   13
    2128   13
    2129   13
    2130   13
    2131   13
    2132   13
    2133   13
    2134   13
    2135   13
    2136   13
    2137   13
    2138   13
    2139   13
    2140   13
    2141   13
    2142   13
    2143   13
    2144   13
    2145   13
    2146   13
    2147   13
    2148   13
    2149   13
    2150   13
    2151   13
    2152   13
    2153   13
    2154   13
    2155   13
    2156   13
    2157   13
    2158   13
    2159   13
    2160   13
    2161   13
    2162   13
    2163   13
    2164   13
    2165   13
    2166   13
    2167   13
    2168   13
    2169   13
    2170   13
    2171   13
    2172   13
    2173   13
    2174   13
    2175   13
    2176   13
    2177   13
    2178   13
    2179   13
    2180   13
    2181   13
    2182   13
    2183   13
    2184   13
    2185   13
    2186   13
    2187   13
    2188   13
    2189   13
    2190   13
    2191   13
    2192   13
    2193   13
    2194   13
    2195   13
    2196   13
    2197   13
    2198   13
    2199   13
    2200   13
    2201   13
    2202   13
    2203   13
    2204   13
    2205   13
    2206   13
    2207   13
    2208   13
    2209   13
    2210   13
    2211   13
    2212   13
    2213   13
    2214   13
    2215   13
    2216   13
    2217   13
    2218   13
    2219   13
    2220   13
    2221   13
    2222   13
    2223   13
    2224   13
    2225   13
    2226   13
    2227   13
    2228   13
    2229   13
    2230   13
    2231   13
    2232   13
    2233   13
    2234   13
    2235   13
    2236   13
    2237   13
    2238   13
    2239   13
    2240   13
    2241   13
    2242   13
    2243   13
    2244   13
    2245   13
    2246   13
    2247   13
    2248   13
    2249   13
    2250   10
    2251   11
    2252   11
    2253   11
    2254   11
    2255   11
    2256   11
    2257   11
    2258   11
    2259    9
    2260   10
    2261    8
    2262   10
    2263   10
    2264   10
    2265   10
    2266   10
    2267   10
    2268   10
    2269   10
    2270   10
    2271   10
    2272   10
    2273   10
    2274   10
    2275   10
    2276   10
    2277   10
    2278   10
    2279   10
    2280   10
    2281   10
    2282   10
    2283   10
    2284   10
    2285   11
    2286   11
    2287   10
    2288   10
    2289   10
    2290   10
    2291   10
    2292   10
    2293   10
    2294   10
    2295   10
    2296   10
    2297   10
    2298   10
    2299    8
    2300    8
    2301   10
    2302   10
    2303   10
    2304   10
    2305   10
    2306   10
    2307   10
    2308   10
    2309   10
    2310   12
    2311   12
    2312    8
    2313    8
    2314   13
    2315   13
    2316   13
    2317   13
    2318   13
    2319   13
    2320   13
    2321   13
    2322   13
    2323   13
    2324   13
    2325   13
    2326   13
    2327   13
    2328   13
    2329   13
    2330   13
    2331   13
    2332   13
    2333   13
    2334   13
    2335   13
    2336   13
    2337   13
    2338   13
    2339   13
    2340   13
    2341   13
    2342   13
    2343   13
    2344    8
    2345   12
    2346    7
    2347    8
    2348   12
    2349   12
    2350   12
    2351   12
    2352   12
    2353    8
    2354   12
    2355   12
    2356   12
    2357   12
    2358   12
    2359   12
    2360   12
    2361   12
    2362   12
    2363   12
    2364   12
    2365   12
    2366   12
    2367   12
    2368   12
    2369   12
    2370   12
    2371   12
    2372   12
    2373   12
    2374    6
    2375    1
    2376    1
    2377    1
    2378    1
    2379    1
    2380    3
    2381    3
    2382    5
    2383    6
    2384    7
    2385   12
    2386   12
    2387   12
    2388   12
    2389   12
    2390   12
    2391   12
    2392   12
    2393   12
    2394   12
    2395   12
    2396   12
    2397   12
    2398    7
    2399   12
    2400    8
    2401   12
    2402   12
    2403   12
    2404   12
    2405   10
    2406   10
    2407   10
    2408   10
    2409   10
    2410   10
    2411   10
    2412   10
    2413   10
    2414   10
    2415   10
    2416   10
    2417   10
    2418   10
    2419   10
    2420   10
    2421   10
    2422   10
    2423   10
    2424   10
    2425   10
    2426   10
    2427   10
    2428   10
    2429   10
    2430   10
    2431   10
    2432   10
    2433   10
    2434   10
    2435   10
    2436   10
    2437   10
    2438   10
    2439   10
    2440   10
    2441   10
    2442   10
    2443   10
    2444   10
    2445   10
    2446   10
    2447   10
    2448   10
    2449   10
    2450   10
    2451   10
    2452   10
    2453   10
    2454   10
    2455   10
    2456   10
    2457   10
    2458   10
    2459   10
    2460   10
    2461   10
    2462   10
    2463   10
    2464   10
    2465   10
    2466   10
    2467   10
    2468   10
    2469   10
    2470   10
    2471   10
    2472   10
    2473   12
    2474   12
    2475   12
    2476   10
    2477   10
    2478    6
    2479    5
    2480    1
    2481    1
    2482   12
    2483   12
    2484   12
    2485   12
    2486   10
    2487   10
    2488   10
    2489   10
    2490   10
    2491   10
    2492   10
    2493   10
    2494   10
    2495   10
    2496   10
    2497   10
    2498   10
    2499   10
    2500   10
    2501   10
    2502   10
    2503   12
    2504    1
    2505    1
    2506    1
    2507    1
    2508    1
    2509    1
    2510    1
    2511    1
    2512    1
    2513    3
    2514    6
    2515    6
    2516    1
    2517    1
    2518    1
    2519    1
    2520    1
    2521    1
    2522    1
    2523    1
    2524    3
    2525    3
    2526    6
    2527   12
    2528   15
    2529   15
    2530   12
    2531   10
    2532   10
    2533   10
    2534   10
    2535   10
    2536   10
    2537   12
    2538   12
    2539   12
    2540    8
    2541    7
    2542    8
    2543    8
    2544   12
    2545   12
    2546   12
    2547   12
    2548   12
    2549   12
    2550   13
    2551   13
    2552   13
    2553   13
    2554   13
    2555   13
    2556   13
    2557   13
    2558   13
    2559   13
    2560   13
    2561   13
    2562   13
    2563   13
    2564   13
    2565   13
    2566   13
    2567   10
    2568   10
    2569   10
    2570   10
    2571   10
    2572   10
    2573   10
    2574   10
    2575   10
    2576   10
    2577   10
    2578   10
    2579   10
    2580   10
    2581   10
    2582   10
    2583   10
    2584   10
    2585   10
    2586   10
    2587   10
    2588   10
    2589   10
    2590   10
    2591   10
    2592   10
    2593   12
    2594   12
    2595   12
    2596   13
    2597   13
    2598   13
    2599   13
    2600   13
    2601   13
    2602   13
    2603   13
    2604   13
    2605   13
    2606   13
    2607   13
    2608   13
    2609   13
    2610   12
    2611   12
    2612   12
    2613    8
    2614   12
    2615   12
    2616   12
    2617   12
    2618   13
    2619   13
    2620   13
    2621   13
    2622   13
    2623   13
    2624   13
    2625   13
    2626   13
    2627   13
    2628   13
    2629   13
    2630   13
    2631   13
    2632   13
    2633   13
    2634   13
    2635   13
    2636   12
    2637   12
    2638    8
    2639   12
    2640   12
    2641   12
    2642   12
    2643   12
    2644    8
    2645    8
    2646    8
    2647   12
    2648   12
    2649   12
    2650   12
    2651    8
    2652   12
    2653   12
    2654   12
    2655   12
    2656   12
    2657    8
    2658   12
    2659   12
    2660   12
    2661   12
    2662   12
    2663   12
    2664    8
    2665   13
    2666   13
    2667   13
    2668   13
    2669   13
    2670   13
    2671   13
    2672   13
    2673   13
    2674   13
    2675   13
    2676   13
    2677   13
    2678   13
    2679   13
    2680   13
    2681   13
    2682   13
    2683   13
    2684   13
    2685   13
    2686   13
    2687   13
    2688   13
    2689   13
    2690   13
    2691   13
    2692   13
    2693   13
    2694   13
    2695   13
    2696   13
    2697   13
    2698    8
    2699   13
    2700   13
    2701   13
    2702   13
    2703   13
    2704   13
    2705   13
    2706   13
    2707   13
    2708   13
    2709   13
    2710   13
    2711   13
    2712   13
    2713   13
    2714   13
    2715   13
    2716   13
    2717   13
    2718   13
    2719   13
    2720   13
    2721   13
    2722   13
    2723   13
    2724   13
    2725   13
    2726   13
    2727   13
    2728   13
    2729   13
    2730   13
    2731   13
    2732   13
    2733   13
    2734   13
    2735   13
    2736   13
    2737   13
    2738   13
    2739   13
    2740   13
    2741   13
    2742   13
    2743   13
    2744   13
    2745   13
    2746   13
    2747   13
    2748   13
    2749   13
    2750   13
    2751   13
    2752   13
    2753   13
    2754   13
    2755   13
    2756   13
    2757   13
    2758   13
    2759   13
    2760   13
    2761   13
    2762   13
    2763   13
    2764   13
    2765   13
    2766   13
    2767   13
    2768   13
    2769   13
    2770   13
    2771   13
    2772   13
    2773   13
    2774   13
    2775   13
    2776   13
    2777   13
    2778   13
    2779   13
    2780   13
    2781   13
    2782   13
    2783   12
    2784    6
    2785    5
    2786    1
    2787    1
    2788   12
    2789    8
    2790   12
    2791   12
    2792   12
    2793    8
    2794    8
    2795   12
    2796    8
    2797   12
    2798   12
    2799   12
    2800   13
    2801   13
    2802   13
    2803   13
    2804   13
    2805   13
    2806   13
    2807   13
    2808   13
    2809   13
    2810   13
    2811   13
    2812   13
    2813   13
    2814   13
    2815   13
    2816   13
    2817   13
    2818   13
    2819   13
    2820   13
    2821   13
    2822   13
    2823   13
    2824   13
    2825   13
    2826   13
    2827   13
    2828   13
    2829   13
    2830   13
    2831   13
    2832   13
    2833   13
    2834   13
    2835   10
    2836   10
    2837   10
    2838   10
    2839   10
    2840   10
    2841   10
    2842   10
    2843   10
    2844   10
    2845   10
    2846   10
    2847   10
    2848   10
    2849   10
    2850   10
    2851   10
    2852   10
    2853   10
    2854   10
    2855   10
    2856   10
    2857   10
    2858   10
    2859   10
    2860   10
    2861   10
    2862   10
    2863   10
    2864   10
    2865   10
    2866   10
    2867   10
    2868   10
    2869   10
    2870   10
    2871   10
    2872   10
    2873   10
    2874   10
    2875   10
    2876   10
    2877   10
    2878   10
    2879   10
    2880   10
    2881   10
    2882   10
    2883   10
    2884   10
    2885   10
    2886   10
    2887   10
    2888   10
    2889   10
    2890   10
    2891   10
    2892   10
    2893   10
    2894   10
    2895   10
    2896   10
    2897   10
    2898   10
    2899   10
    2900   10
    2901   10
    2902   10
    2903   10
    2904   10
    2905   10
    2906   10
    2907   10
    2908   10
    2909   10
    2910   10
    2911   10
    2912   10
    2913   10
    2914   10
    2915   12
    2916    1
    2917    1
    2918    1
    2919    1
    2920    3
    2921    5
    2922    6
    2923    1
    2924   12
    2925   12
    2926   12
    2927   12
    2928   12
    2929   10
    2930   10
    2931   10
    2932   10
    2933   10
    2934   10
    2935   10
    2936   10
    2937   10
    2938   10
    2939   10
    2940   10
    2941   10
    2942   10
    2943   10
    2944   10
    2945   10
    2946   10
    2947   10
    2948   10
    2949   10
    2950   10
    2951   10
    2952   10
    2953   10
    2954   10
    2955   10
    2956   10
    2957   10
    2958   10
    2959   10
    2960   10
    2961   10
    2962   10
    2963   10
    2964   10
    2965   10
    2966   10
    2967   10
    2968   10
    2969   10
    2970   10
    2971   10
    2972   10
    2973   10
    2974   10
    2975   10
    2976   10
    2977   10
    2978   10
    2979   10
    2980    8
    2981   10
    2982   10
    2983   10
    2984   10
    2985   10
    2986   10
    2987   10
    2988   10
    2989   10
    2990   10
    2991   10
    2992   10
    2993   10
    2994   10
    2995   10
    2996   10
    2997   10
    2998   10
    2999   10
    3000   10
    3001   10
    3002   10
    3003   10
    3004   10
    3005   10
    3006   10
    3007   10
    3008   10
    3009   10
    3010   10
    3011   10
    3012   10
    3013   10
    3014   10
    3015   10
    3016   10
    3017   10
    3018   10
    3019   10
    3020   10
    3021   10
    3022   10
    3023   10
    3024   10
    3025   10
    3026   10
    3027   10
    3028   10
    3029   10
    3030   10
    3031   10
    3032   10
    3033   10
    3034   10
    3035    9
    3036   10
    3037   10
    3038   10
    3039   10
    3040   10
    3041   10
    3042   10
    3043   10
    3044   10
    3045    9
    3046    6
    3047    1
    3048    1
    3049    1
    3050    1
    3051    1
    3052    1
    3053    1
    3054    1
    3055   12
    3056   12
    3057   12
    3058   12
    3059    1
    3060    1
    3061   12
    3062   12
    3063   12
    3064   12
    3065   12
    3066   12
    3067   12
    3068   12
    3069   12
    3070    8
    3071   12
    3072   12
    3073   12
    3074   12
    3075   12
    3076   12
    3077   10
    3078   10
    3079   10
    3080   10
    3081   10
    3082   10
    3083   10
    3084   10
    3085   10
    3086   10
    3087   10
    3088   10
    3089   10
    3090   10
    3091   10
    3092    8
    3093   12
    3094   12
    3095   10
    3096   10
    3097   10
    3098   10
    3099   10
    3100   10
    3101   10
    3102   10
    3103   12
    3104   12
    3105   12
    3106   12
    3107   10
    3108   10
    3109   10
    3110   10
    3111   10
    3112   10
    3113   10
    3114   10
    3115   12
    3116   12
    3117   12
    3118   12
    3119   12
    3120   12
    3121   12
    3122   12
    3123   12
    3124   12
    3125   12
    3126   12
    3127   12
    3128   12
    3129   12
    3130   12
    3131   12
    3132   12
    3133   12
    3134   12
    3135    8
    3136    7
    3137    7
    3138    7
    3139    8
    3140    8
    3141   12
    3142   12
    3143    8
    3144    7
    3145    7
    3146    8
    3147    8
    3148   12
    3149   12
    3150   12
    3151    8
    3152   12
    3153   12
    3154   12
    3155   12
    3156   12
    3157   12
    3158   12
    3159   12
    3160   12
    3161   12
    3162   12
    3163   12
    3164   12
    3165   12
    3166   12
    3167   12
    3168   12
    3169    8
    3170   12
    3171   12
    3172   12
    3173   12
    3174   12
    3175   12
    3176   12
    3177   12
    3178   12
    3179   12
    3180    8
    3181    8
    3182    7
    3183   12
    3184    8
    3185   12
    3186   12
    3187   12
    3188   12
    3189   12
    3190   12
    3191   12
    3192   12
    3193   12
    3194   12
    3195    7
    3196    7
    3197   12
    3198   12
    3199   12
    3200   12
    3201   12
    3202   12
    3203    8
    3204   12
    3205    8
    3206   12
    3207   12
    3208   12
    3209   12
    3210    8
    3211   12
    3212   12
    3213    8
    3214    8
    3215    8
    3216   12
    3217   12
    3218   12
    3219   12
    3220   12
    3221   12
    3222    7
    3223   12
    3224   12
    3225   12
    3226    1
    3227    4
    3228    4
    3229    4
    3230    4
    3231    4
    3232    4
    3233    4
    3234    4
    3235    4
    3236    4
    3237    4
    3238    4
    3239    4
    3240    4
    3241    4
    3242    5
    3243    4
    3244    4
    3245    4
    3246    4
    3247    6
    3248    7
    3249    7
    3250   12
    3251   12
    3252   12
    3253   12
    3254   12
    3255   12
    3256   12
    3257   12
    3258    1
    3259    1
    3260    1
    3261   12
    3262   12
    3263   12
    3264    1
    3265    1
    3266    1
    3267    1
    3268    6
    3269    7
    3270    7
    3271   12
    3272    6
    3273    3
    3274    1
    3275    1
    3276    1
    3277    1
    3278   10
    3279   10
    3280   10
    3281   10
    3282   10
    3283   10
    3284   10
    3285   10
    3286   10
    3287   10
    3288   10
    3289   10
    3290   10
    3291   12
    3292   12
    3293   12
    3294   12
    3295   12
    3296   12
    3297   12
    3298    8
    3299    7
    3300    1
    3301    1
    3302    1
    3303    1
    3304    1
    3305    1
    3306    1
    3307    3
    3308    3
    3309    3
    3310    3
    3311    4
    3312    4
    3313    4
    3314    4
    3315    4
    3316    5
    3317    3
    3318    6
    3319    4
    3320    4
    3321    4
    3322    4
    3323    4
    3324    4
    3325    5
    3326    6
    3327    6
    3328    1
    3329    1
    3330    1
    3331    1
    3332   12
    3333   12
    3334   12
    3335   12
    3336   12
    3337   12
    3338   12
    3339   12
    3340    6
    3341    6
    3342    8
    3343   12
    3344   12
    3345   12
    3346   12
    3347   12
    3348   12
    3349   12
    3350   12
    3351   12
    3352   12
    3353    6
    3354   12
    3355   12
    3356   12
    3357   12
    3358   12
    3359    1
    3360    1
    3361    1
    3362    1
    3363    1
    3364    1
    3365    1
    3366    1
    3367    7
    3368   12
    3369   12
    3370   12
    3371    7
    3372   12
    3373   12
    3374   12
    3375   12
    3376    8
    3377    6
    3378    3
    3379    3
    3380    1
    3381    1
    3382    1
    3383    3
    3384    3
    3385    1
    3386    1
    3387    1
    3388    1
    3389    1
    3390    1
    3391   12
    3392   12
    3393   12
    3394   12
    3395   12
    3396   15
    3397    8
    3398   15
    3399   15
    3400   15
    3401   15
    3402   15
    3403   15
    3404   15
    3405   15
    3406   15
    3407   15
    3408   15
    3409   15
    3410   15
    3411   15
    3412   15
    3413    8
    3414    8
    3415   12
    3416   12
    3417   12
    3418   12
    3419   12
    3420   12
    3421   12
    3422   12
    3423   12
    3424   12
    3425   12
    3426   12
    3427   12
    3428    1
    3429    1
    3430    1
    3431    1
    3432    5
    3433    1
    3434    1
    3435    2
    3436    5
    3437    5
    3438   12
    3439   12
    3440   12
    3441   12
    3442   12
    3443   12
    3444    8
    3445   12
    3446   12
    3447   12
    3448   12
    3449    1
    3450    1
    3451    1
    3452    1
    3453    8
    3454    8
    3455   12
    3456   12
    3457    1
    3458    1
    3459    1
    3460    1
    3461    1
    3462   12
    3463   12
    3464   12
    3465   12
    3466   12
    3467   12
    3468   12
    3469   12
    3470    1
    3471    1
    3472    1
    3473    1
    3474    1
    3475    1
    3476    1
    3477    1
    3478    1
    3479    1
    3480    1
    3481    1
    3482    1
    3483    1
    3484    1
    3485    1
    3486    1
    3487    1
    3488    1
    3489    1
    3490    1
    3491    1
    3492    1
    3493    1
    3494    1
    3495    1
    3496    1
    3497    1
    3498    4
    3499    4
    3500    4
    3501    4
    3502    3
    3503    3
    3504    3
    3505    3
    3506    6
    3507    7
    3508   12
    3509   12
    3510   12
    3511   12
    3512   12
    3513   12
    3514   12
    3515   12
    3516   12
    3517   12
    3518   12
    3519   12
    3520    8
    3521   12
    3522    7
    3523    6
    3524    6
    3525    1
    3526    1
    3527    4
    3528    4
    3529    4
    3530   12
    3531   12
    3532   12
    3533   12
    3534   12
    3535    4
    3536    4
    3537    4
    3538    4
    3539    4
    3540    1
    3541    5
    3542    1
    3543    1
    3544    1
    3545    1
    3546    1
    3547    1
    3548    1
    3549    1
    3550    1
    3551    1
    3552    1
    3553    1
    3554    1
    3555    1
    3556    1
    3557    1
    3558    1
    3559    1
    3560    1
    3561    1
    3562   12
    3563   12
    3564   12
    3565   12
    3566   12
    3567   12
    3568   12
    3569    6
    3570    4
    3571    4
    3572    1
    3573    1
    3574    1
    3575    1
    3576    1
    3577    1
    3578    1
    3579   12
    3580   12
    3581   12
    3582   12
    3583   12
    3584   12
    3585   12
    3586   12
    3587   12
    3588   12
    3589   12
    3590   12
    3591   12
    3592   12
    3593   12
    3594   10
    3595   10
    3596   10
    3597   10
    3598   10
    3599   10
    3600   12
    3601   12
    3602   12
    3603   12
    3604   12
    3605   12
    3606   12
    3607   12
    3608   12
    3609   12
    3610   12
    3611    8
    3612    8
    3613    7
    3614    8
    3615   12
    3616   12
    3617   12
    3618   12
    3619   12
    3620   12
    3621   12
    3622   12
    3623   12
    3624   12
    3625   12
    3626   12
    3627   12
    3628   12
    3629   12
    3630   12
    3631   12
    3632   12
    3633    8
    3634   12
    3635   12
    3636   12
    3637   12
    3638   12
    3639   12
    3640   12
    3641   12
    3642   12
    3643   12
    3644   12
    3645   12
    3646   12
    3647   12
    3648   12
    3649   12
    3650   12
    3651   12
    3652   12
    3653   12
    3654    8
    3655   12
    3656   12
    3657   12
    3658    7
    3659    7
    3660    7
    3661   12
    3662   12
    3663   12
    3664    7
    3665    8
    3666   12
    3667   12
    3668   12
    3669   12
    3670   12
    3671   12
    3672   12
    3673   12
    3674   12
    3675    8
    3676    7
    3677    7
    3678    8
    3679   12
    3680   12
    3681   12
    3682   12
    3683   12
    3684   12
    3685   12
    3686   12
    3687   12
    3688   12
    3689   12
    3690    7
    3691    8
    3692   12
    3693    7
    3694   12
    3695   12
    3696   12
    3697   12
    3698   12
    3699   12
    3700   12
    3701   12
    3702   12
    3703   12
    3704   12
    3705   12
    3706   12
    3707   12
    3708    7
    3709   12
    3710   12
    3711   12
    3712   12
    3713   12
    3714    8
    3715    8
    3716    8
    3717   12
    3718   12
    3719    6
    3720    4
    3721    4
    3722    4
    3723    5
    3724    1
    3725    6
    3726    6
    3727    4
    3728    1
    3729   12
    3730   12
    3731   12
    3732   12
    3733   12
    3734   12
    3735   12
    3736   12
    3737   12
    3738   12
    3739   12
    3740   12
    3741    8
    3742   12
    3743    7
    3744    8
    3745    7
    3746    8
    3747   12
    3748   12
    3749   12
    3750   12
    3751   12
    3752   12
    3753   12
    3754    8
    3755   12
    3756   12
    3757   12
    3758   12
    3759   12
    3760   12
    3761    8
    3762   12
    3763    8
    3764   12
    3765   12
    3766    8
    3767    7
    3768    7
    3769    8
    3770   12
    3771   12
    3772   12
    3773    8
    3774    8
    3775    8
    3776   12
    3777   12
    3778   12
    3779   12
    3780   12
    3781   12
    3782   12
    3783   12
    3784   12
    3785   12
    3786   12
    3787   12
    3788   12
    3789   12
    3790   12
    3791   12
    3792   12
    3793   12
    3794   12
    3795   12
    3796   12
    3797   12
    3798   12
    3799   12
    3800   12
    3801    8
    3802   12
    3803   12
    3804   12
    3805   12
    3806   12
    3807   12
    3808   12
    3809   12
    3810   12
    3811   12
    3812   12
    3813   12
    3814   12
    3815   12
    3816   12
    3817   12
    3818   12
    3819   12
    3820   12
    3821   12
    3822    8
    3823   12
    3824   12
    3825   12
    3826   12
    3827   12
    3828   12
    3829    9
    3830   13
    3831   13
    3832   13
    3833   13
    3834   13
    3835   13
    3836   13
    3837   13
    3838   13
    3839   13
    3840   13
    3841   13
    3842   13
    3843   13
    3844   13
    3845   13
    3846   12
    3847   12
    3848   12
    3849   12
    3850   12
    3851   12
    3852   12
    3853   12
    3854   12
    3855   12
    3856   12
    3857   12
    3858   12
    3859   12
    3860   12
    3861   12
    3862   12
    3863   12
    3864   12
    3865   12
    3866   12
    3867    4
    3868    4
    3869    4
    3870    4
    3871    5
    3872    7
    3873   12
    3874   12
    3875    8
    3876   12
    3877    8
    3878   12
    3879   12
    3880   12
    3881   12
    3882   12
    3883   12
    3884    8
    3885   12
    3886   12
    3887   12
    3888   12
    3889   12
    3890    7
    3891   12
    3892   12
    3893   12
    3894   12
    3895   12
    3896    8
    3897   12
    3898   12
    3899   12
    3900   12
    3901   12
    3902   12
    3903   12
    3904   12
    3905    8
    3906   12
    3907   12
    3908   12
    3909   12
    3910   12
    3911   12
    3912   12
    3913   12
    3914   12
    3915   12
    3916   12
    3917    8
    3918   12
    3919   12
    3920   12
    3921   12
    3922   12
    3923    8
    3924    8
    3925   12
    3926   12
    3927   12
    3928    8
    3929   12
    3930   12
    3931   12
    3932   12
    3933   12
    3934   12
    3935   12
    3936    7
    3937   12
    3938   12
    3939   12
    3940   12
    3941    8
    3942    8
    3943    7
    3944    8
    3945   12
    3946    7
    3947    8
    3948   12
    3949    7
    3950   12
    3951   12
    3952    8
    3953    8
    3954    7
    3955   12
    3956   12
    3957   12
    3958    7
    3959   12
    3960   12
    3961    7
    3962    7
    3963    8
    3964    8
    3965   12
    3966    8
    3967   12
    3968    6
    3969    7
    3970   12
    3971   12
    3972   12
    3973    8
    3974    6
    3975    6
    3976    6
    3977    6
    3978    8
    3979   12
    3980   12
    3981   12
    3982    8
    3983   12
    3984    8
    3985    7
    3986    7
    3987    6
    3988    7
    3989   12
    3990   12
    3991   12
    3992   12
    3993   12
    3994   12
    3995    8
    3996    8
    3997   12
    3998   12
    3999   12
    4000   12
    4001    6
    4002    6
    4003   12
    4004   12
    4005   12
    4006   12
    4007    4
    4008    4
    4009    5
    4010   12
    4011   12
    4012   12
    4013   12
    4014    4
    4015    4
    4016    4
    4017    4
    4018    1
    4019    7
    4020   12
    4021   12
    4022    1
    4023    1
    4024    4
    4025    4
    4026    4
    4027    4
    4028    4
    4029    5
    4030    7
    4031   12
    4032   12
    4033   12
    4034   12
    4035   12
    4036   12
    4037   12
    4038   12
    4039   12
    4040   12
    4041   12
    4042   12
    4043   12
    4044    8
    4045   12
    4046   12
    4047   12
    4048   12
    4049   12
    4050   12
    4051   12
    4052   12
    4053   12
    4054   12
    4055   12
    4056    8
    4057    7
    4058   12
    4059   12
    4060    7
    4061    7
    4062   12
    4063   12
    4064   15
    4065    8
    4066    7
    4067   12
    4068   12
    4069   12
    4070   12
    4071   12
    4072   12
    4073   12
    4074   12
    4075    8
    4076    8
    4077    8
    4078    7
    4079   12
    4080   12
    4081   12
    4082    8
    4083    8
    4084   15
    4085   15
    4086   15
    4087   15
    4088   15
    4089   15
    4090   15
    4091   15
    4092   15
    4093   15
    4094   15
    4095   15
    4096   15
    4097   15
    4098    7
    4099    7
    4100   12
    4101    8
    4102   12
    4103    1
    4104    1
    4105    1
    4106    1
    4107    1
    4108    1
    4109    3
    4110    3
    4111    3
    4112    6
    4113    4
    4114    1
    4115    1
    4116    1
    4117    1
    4118    1
    4119    1
    4120    1
    4121    1
    4122   12
    4123   12
    4124   12
    4125    8
    4126    7
    4127   12
    4128   12
    4129   12
    4130   12
    4131   12
    4132   12
    4133   12
    4134   12
    4135   12
    4136   12
    4137   12
    4138    7
    4139    5
    4140    3
    4141    3
    4142    3
    4143    3
    4144    3
    4145    1
    4146    3
    4147    5
    4148    5
    4149    3
    4150    3
    4151    3
    4152    1
    4153    1
    4154    3
    4155    3
    4156    3
    4157    4
    4158    5
    4159    4
    4160    4
    4161    4
    4162    4
    4163    5
    4164    4
    4165    5
    4166    5
    4167    1
    4168    1
    4169    1
    4170    1
    4171    1
    4172   12
    4173    8
    4174   12
    4175   12
    4176   12
    4177   12
    4178   12
    4179   12
    4180    8
    4181    5
    4182    6
    4183    6
    4184    1
    4185    1
    4186    1
    4187    6
    4188    7
    4189    7
    4190   12
    4191   12
    4192    1
    4193    7
    4194   12
    4195   12
    4196   12
    4197   12
    4198    9
    4199   15
    4200   15
    4201   15
    4202   15
    4203   15
    4204   15
    4205   15
    4206   15
    4207    6
    4208    5
    4209    3
    4210    3
    4211    1
    4212    1
    4213    1
    4214    1
    4215    1
    4216    1
    4217    1
    4218    1
    4219    1
    4220    1
    4221    1
    4222    1
    4223   12
    4224   10
    4225   10
    4226   10
    4227   10
    4228   10
    4229   10
    4230   10
    4231   10
    4232   10
    4233   10
    4234   10
    4235   10
    4236   10
    4237   10
    4238   10
    4239   10
    4240   10
    4241   10
    4242   10
    4243   10
    4244   10
    4245   10
    4246   10
    4247   10
    4248   10
    4249   10
    4250   10
    4251   10
    4252   10
    4253   10
    4254   10
    4255   10
    4256   10
    4257   10
    4258   10
    4259   10
    4260   10
    4261   10
    4262   10
    4263   10
    4264   10
    4265   10
    4266   10
    4267   10
    4268   10
    4269   10
    4270   10
    4271   10
    4272   10
    4273   10
    4274   10
    4275   10
    4276   10
    4277   10
    4278   10
    4279   10
    4280   10
    4281   10
    4282   10
    4283   10
    4284   11
    4285   11
    4286   11
    4287   11
    4288   11
    4289   11
    4290   11
    4291   11
    4292   11
    4293   11
    4294   11
    4295   11
    4296   11
    4297   11
    4298   11
    4299   11
    4300   11
    4301   11
    4302   10
    4303   10
    4304   12
    4305   12
    4306    1
    4307    1
    4308    1
    4309    1
    4310    1
    4311    1
    4312    1
    4313    1
    4314    1
    4315    1
    4316    1
    4317    1
    4318    1
    4319    1
    4320    3
    4321    3
    4322    1
    4323    3
    4324    4
    4325    6
    4326   12
    4327   10
    4328   10
    4329   10
    4330   10
    4331   10
    4332   10
    4333   10
    4334   10
    4335   10
    4336   10
    4337   10
    4338   10
    4339   10
    4340   10
    4341   10
    4342   10
    4343   10
    4344   10
    4345   10
    4346   10
    4347   10
    4348   10
    4349   10
    4350   10
    4351   10
    4352   10
    4353   10
    4354   10
    4355   10
    4356   10
    4357   10
    4358   10
    4359   10
    4360   10
    4361   10
    4362   10
    4363   10
    4364   10
    4365   10
    4366   10
    4367   10
    4368   10
    4369   10
    4370   10
    4371   10
    4372   10
    4373   10
    4374   10
    4375   10
    4376   10
    4377   10
    4378   10
    4379   10
    4380   10
    4381   10
    4382   10
    4383   10
    4384   10
    4385    8
    4386   12
    4387   12
    4388   11
    4389   11
    4390   10
    4391   10
    4392   10
    4393   10
    4394   10
    4395   10
    4396   10
    4397   10
    4398   10
    4399   10
    4400   10
    4401   10
    4402   10
    4403   10
    4404   10
    4405   10
    4406   10
    4407   10
    4408   10
    4409   10
    4410   10
    4411   10
    4412   10
    4413   10
    4414   10
    4415   10
    4416   10
    4417   10
    4418   10
    4419   10
    4420   10
    4421   10
    4422   10
    4423   12
    4424   12
    4425    6
    4426    3
    4427    3
    4428    3
    4429    3
    4430    3
    4431    3
    4432    4
    4433    4
    4434    4
    4435    4
    4436    4
    4437    4
    4438    4
    4439    4
    4440    4
    4441    4
    4442    4
    4443    4
    4444    4
    4445    4
    4446    4
    4447    4
    4448    4
    4449    4
    4450    4
    4451    1
    4452    1
    4453    1
    4454    1
    4455    1
    4456    1
    4457    1
    4458    1
    4459    1
    4460    1
    4461    1
    4462    1
    4463    1
    4464    1
    4465    1
    4466   12
    4467   12
    4468   12
    4469    1
    4470    1
    4471    1
    4472    1
    4473    5
    4474    7
    4475   12
    4476   12
    4477   12
    4478   12
    4479   12
    4480   12
    4481   12
    4482   12
    4483   12
    4484   12
    4485   12
    4486   12
    4487   12
    4488   12
    4489   12
    4490   10
    4491   10
    4492   10
    4493    9
    4494   12
    4495   12
    4496   12
    4497   12
    4498   12
    4499   12
    4500   12
    4501   12
    4502   12
    4503   12
    4504    8
    4505    8
    4506   12
    4507    8
    4508   12
    4509   12
    4510   12
    4511   12
    4512   12
    4513   12
    4514   12
    4515   12
    4516   12
    4517   13
    4518   13
    4519   13
    4520   13
    4521   13
    4522   13
    4523   13
    4524   13
    4525   13
    4526   13
    4527   13
    4528   13
    4529   13
    4530   13
    4531   13
    4532   13
    4533   13
    4534   13
    4535   13
    4536   13
    4537   13
    4538   13
    4539   13
    4540   13
    4541   13
    4542   13
    4543   13
    4544   13
    4545   13
    4546   13
    4547   13
    4548   12
    4549   12
    4550   12
    4551   12
    4552    8
    4553   12
    4554   12
    4555   12
    4556   12
    4557   12
    4558   12
    4559   12
    4560   12
    4561   12
    4562   12
    4563   12
    4564   12
    4565   12
    4566   12
    4567   12
    4568   12
    4569   12
    4570   12
    4571   12
    4572    8
    4573    8
    4574   12
    4575   12
    4576    8
    4577   12
    4578   12
    4579   12
    4580   12
    4581   12
    4582   12
    4583   12
    4584   12
    4585   12
    4586   12
    4587   12
    4588   12
    4589   12
    4590   12
    4591   12
    4592   12
    4593   12
    4594    8
    4595   12
    4596   12
    4597   12
    4598   12
    4599   12
    4600   12
    4601   12
    4602   12
    4603   12
    4604   12
    4605    8
    4606    8
    4607   12
    4608   12
    4609    7
    4610    8
    4611   12
    4612   12
    4613   12
    4614    7
    4615    8
    4616   12
    4617   12
    4618   12
    4619   13
    4620   13
    4621   13
    4622   13
    4623   13
    4624   13
    4625   13
    4626   13
    4627   13
    4628   13
    4629   13
    4630   13
    4631   13
    4632   13
    4633   13
    4634   13
    4635   13
    4636   13
    4637   13
    4638   13
    4639    8
    4640   12
    4641   12
    4642    8
    4643   12
    4644   12
    4645   12
    4646   12
    4647   12
    4648   12
    4649    7
    4650    8
    4651   12
    4652   12
    4653   12
    4654   12
    4655   12
    4656    7
    4657   12
    4658   12
    4659   12
    4660    8
    4661   12
    4662   12
    4663   12
    4664   12
    4665   12
    4666   12
    4667   12
    4668   12
    4669    8
    4670   12
    4671   12
    4672   12
    4673   12
    4674   12
    4675   12
    4676   12
    4677   12
    4678   12
    4679   12
    4680   12
    4681   12
    4682   12
    4683   12
    4684   12
    4685   12
    4686   12
    4687   12
    4688   12
    4689   12
    4690   12
    4691   12
    4692   12
    4693   12
    4694   12
    4695    8
    4696   12
    4697   12
    4698   12
    4699   12
    4700   12
    4701   12
    4702   12
    4703    1
    4704    1
    4705    1
    4706    1
    4707    1
    4708    1
    4709    1
    4710    1
    4711    1
    4712    3
    4713    3
    4714    6
    4715    6
    4716    6
    4717   12
    4718   12
    4719   12
    4720   12
    4721   12
    4722    6
    4723    1
    4724    1
    4725    1
    4726    1
    4727    1
    4728    1
    4729    1
    4730    1
    4731    1
    4732    3
    4733    6
    4734   12
    4735   12
    4736    8
    4737    8
    4738   12
    4739    8
    4740   12
    4741   12
    4742   12
    4743   12
    4744   12
    4745    8
    4746    7
    4747    8
    4748   12
    4749   12
    4750   12
    4751   12
    4752   12
    4753   12
    4754   12
    4755   12
    4756   12
    4757   12
    4758   12
    4759    7
    4760   12
    4761    6
    4762    5
    4763    3
    4764    3
    4765    3
    4766    1
    4767    1
    4768   12
    4769   12
    4770   12
    4771   12
    4772   12
    4773   12
    4774   12
    4775    6
    4776    3
    4777    3
    4778    3
    4779    3
    4780    3
    4781    3
    4782    1
    4783    1
    4784    1
    4785    1
    4786    1
    4787    1
    4788    1
    4789    1
    4790    1
    4791    1
    4792    1
    4793    1
    4794    5
    4795    1
    4796    1
    4797    1
    4798    1
    4799    1
    4800    1
    4801    1
    4802    1
    4803    1
    4804    3
    4805    3
    4806    1
    4807    1
    4808    1
    4809    1
    4810    1
    4811    1
    4812    1
    4813   12
    4814   12
    4815   12
    4816   12
    4817   12
    4818   12
    4819   12
    4820   12
    4821    6
    4822   12
    4823   12
    4824   12
    4825   12
    4826   12
    4827   12
    4828   12
    4829   12
    4830   12
    4831   12
    4832   12
    4833    8
    4834    8
    4835    8
    4836   12
    4837   12
    4838   12
    4839    8
    4840    8
    4841   12
    4842   12
    4843   12
    4844   12
    4845   12
    4846   12
    4847   12
    4848   12
    4849   12
    4850   12
    4851   12
    4852   12
    4853   12
    4854   12
    4855   12
    4856   12
    4857   12
    4858   12
    4859    8
    4860    7
    4861    8
    4862   12
    4863   12
    4864    7
    4865   12
    4866   12
    4867   12
    4868    8
    4869    8
    4870    8
    4871    6
    4872    8
    4873    7
    4874    8
    4875   12
    4876   12
    4877   12
    4878    7
    4879    8
    4880    7
    4881   12
    4882    7
    4883    8
    4884   12
    4885   12
    4886    8
    4887   12
    4888   12
    4889    8
    4890   12
    4891   12
    4892   12
    4893    7
    4894    8
    4895   12
    4896    7
    4897   12
    4898   12
    4899   12
    4900   12
    4901   12
    4902   12
    4903   12
    4904   12
    4905   12
    4906   12
    4907   12
    4908   12
    4909    6
    4910    6
    4911    5
    4912    3
    4913    3
    4914    3
    4915    3
    4916    3
    4917    3
    4918    3
    4919    3
    4920    3
    4921    3
    4922    3
    4923    3
    4924    3
    4925    6
    4926    5
    4927    5
    4928    3
    4929    3
    4930    3
    4931    3
    4932    3
    4933    3
    4934    5
    4935    3
    4936    5
    4937    5
    4938    3
    4939    3
    4940    3
    4941    3
    4942    3
    4943    3
    4944    3
    4945    1
    4946    1
    4947    3
    4948    3
    4949    3
    4950    1
    4951    1
    4952    1
    4953    1
    4954    1
    4955    1
    4956    1
    4957    7
    4958   12
    4959   12
    4960   12
    4961   12
    4962    8
    4963   12
    4964    6
    4965    3
    4966    1
    4967    1
    4968    1
    4969   12
    4970   12
    4971   12
    4972   12
    4973   12
    4974   12
    4975    8
    4976   12
    4977    7
    4978   12
    4979   12
    4980   12
    4981   12
    4982   12
    4983   12
    4984   12
    4985   12
    4986   12
    4987   12
    4988   12
    4989    8
    4990   12
    4991   12
    4992    8
    4993   12
    4994   12
    4995   12
    4996   12
    4997   12
    4998   12
    4999   12
    5000   12
