       1   10
       2   10
       3   10
       4   10
       5   10
       6   10
       7   10
       8   10
       9   10
      10   10
      11   10
      12   10
      13   10
      14   10
      15   10
      16   10
      17   10
      18   10
      19   10
      20   13
      21   13
      22   13
      23   13
      24   13
      25   13
      26   13
      27   13
      28   13
      29   13
      30   10
      31   10
      32   10
      33   10
      34   10
      35   10
      36   10
      37   10
      38   10
      39   10
      40   10
      41   10
      42   10
      43   10
      44   10
      45   10
      46   10
      47   10
      48   10
      49   10
      50   10
      51   10
      52   10
      53   10
      54   10
      55   10
      56   12
      57   12
      58   12
      59   12
      60   10
      61   10
      62   10
      63   10
      64   10
      65   10
      66   10
      67   10
      68    9
      69   10
      70   10
      71   10
      72   10
      73   10
      74   10
      75   10
      76   10
      77   10
      78   10
      79   10
      80   10
      81   10
      82   10
      83   10
      84   10
      85   10
      86   10
      87   10
      88   10
      89   10
      90   10
      91   10
      92   10
      93   10
      94   10
      95   10
      96   10
      97   10
      98   10
      99   10
     100   10
     101   10
     102   10
     103   10
     104   10
     105   10
     106   10
     107   10
     108   10
     109   10
     110   10
     111   10
     112   12
     113   12
     114   12
     115   12
     116   12
     117    8
     118   12
     119   12
     120   12
     121    7
     122    6
     123    3
     124    3
     125    6
     126    4
     127    4
     128    4
     129    4
     130    5
     131    3
     132    6
     133    5
     134    4
     135    4
     136    4
     137    4
     138    4
     139    1
     140    1
     141    1
     142    1
     143   12
     144    1
     145    1
     146    1
     147    1
     148    1
     149    1
     150    1
     151    1
     152    1
     153    1
     154    1
     155    1
     156    1
     157    1
     158    1
     159    1
     160    1
     161    1
     162    1
     163    1
     164    1
     165   12
     166   12
     167   12
     168   12
     169   12
     170   12
     171   10
     172   12
     173   12
     174   13
     175   13
     176   13
     177   13
     178   13
     179   13
     180   13
     181   13
     182   13
     183   13
     184   13
     185   13
     186   13
     187   13
     188   12
     189   12
     190   12
     191   12
     192   12
     193   12
     194   12
     195   12
     196   12
     197   12
     198   12
     199   12
     200   12
     201    8
     202   12
     203   12
     204   12
     205   12
     206   12
     207   12
     208   12
     209   12
     210   12
     211   12
     212   12
     213    8
     214   12
     215   12
     216   12
     217   12
     218   12
     219   12
     220   12
     221   12
     222   12
     223    5
     224    6
     225    5
     226    3
     227    3
     228    3
     229    3
     230    3
     231    4
     232    4
     233    4
     234   12
     235   12
     236   12
     237   12
     238   12
     239   12
     240    4
     241    1
     242    1
     243    1
     244    1
     245    1
     246    1
     247    1
     248    1
     249    1
     250    1
     251    1
     252    1
     253    1
     254    1
     255    1
     256    1
     257    1
     258    1
     259    1
     260    1
     261    1
     262    1
     263    1
     264    1
     265    1
     266    1
     267    1
     268    1
     269    1
     270    3
     271    3
     272    3
     273    3
     274    3
     275    3
     276    6
     277    7
     278   15
     279   15
     280   15
     281   15
     282   15
     283   15
     284   15
     285   15
     286   15
     287   15
     288   15
     289   15
     290   15
     291   15
     292   15
     293    8
     294   12
     295   12
     296   12
     297   12
     298   12
     299   12
     300   12
     301   12
     302   12
     303    7
     304   12
     305   12
     306   12
     307   12
     308   12
     309    8
     310    7
     311   12
     312   12
     313   12
     314   12
     315    1
     316    1
     317    1
     318    1
     319    3
     320    3
     321    3
     322    5
     323    5
     324    3
     325    3
     326    3
     327    3
     328    3
     329    3
     330    6
     331    6
     332    6
     333   12
     334   12
     335   12
     336   12
     337   12
     338   12
     339   12
     340   12
     341   12
     342   12
     343   12
     344   12
     345   12
     346   12
     347   12
     348   12
     349   12
     350    5
     351    5
     352    6
     353    6
     354    5
     355    6
     356    6
     357    8
     358   12
     359    7
     360    8
     361   12
     362   12
     363   12
     364    5
     365    5
     366    5
     367    6
     368    8
     369    7
     370    8
     371    8
     372    8
     373    7
     374    8
     375    8
     376    7
     377    7
     378   12
     379   12
     380   12
     381   12
     382    8
     383    8
     384   12
     385   12
     386   12
     387   12
     388    6
     389    7
     390    7
     391    7
     392   12
     393   12
     394   12
     395   12
     396   12
     397   12
     398   12
     399   12
     400   12
     401   12
     402   12
     403   12
     404   12
     405   12
     406   12
     407   12
     408   12
     409   12
     410    7
     411    7
     412   12
     413    7
     414    8
     415   12
     416   12
     417   12
     418   12
     419   12
     420   12
     421   12
     422   12
     423   12
     424   12
     425   12
     426   12
     427   12
     428   12
     429   12
     430   12
     431   12
     432    8
     433    8
     434   12
     435    8
     436    8
     437   12
     438   12
     439   12
     440   12
     441   12
     442   12
     443   12
     444   12
     445   12
     446   12
     447   12
     448   12
     449   12
     450   12
     451   12
     452   12
     453   12
     454   12
     455   12
     456   12
     457   12
     458   12
     459   12
     460   12
     461   12
     462   12
     463   12
     464   12
     465   12
     466   12
     467    8
     468    8
     469    8
     470    8
     471    7
     472   12
     473   12
     474   12
     475    7
     476   12
     477   12
     478   12
     479   12
     480   12
     481    8
     482    8
     483    8
     484   12
     485    8
     486   12
     487   12
     488   12
     489   12
     490   12
     491   12
     492   12
     493   12
     494    6
     495    7
     496    8
     497    8
     498    8
     499    8
     500   12
     501   12
     502   12
     503   12
     504   12
     505   12
     506   12
     507   12
     508   12
     509   12
     510   12
     511   12
     512   12
     513   12
     514   12
     515   12
     516    8
     517   12
     518   12
     519   12
     520   12
     521   12
     522   12
     523   12
     524   12
     525    8
     526    8
     527   12
     528    8
     529   12
     530   12
     531   12
     532    8
     533    7
     534    7
     535   12
     536   12
     537   12
     538   12
     539   12
     540   12
     541   12
     542   12
     543   12
     544   12
     545   12
     546   12
     547   12
     548   12
     549   12
     550   12
     551   12
     552   12
     553   12
     554    8
     555    8
     556   12
     557   12
     558   12
     559   12
     560   12
     561   12
     562    1
     563    5
     564    7
     565   12
     566   12
     567   12
     568   12
     569   12
     570   12
     571   12
     572   11
     573   11
     574   11
     575   10
     576   10
     577   10
     578   10
     579   10
     580   10
     581   10
     582   10
     583   10
     584   10
     585   10
     586   10
     587   10
     588   10
     589   12
     590   12
     591   12
     592   12
     593   12
     594   12
     595   12
     596   12
     597   12
     598   12
     599   12
     600   12
     601   12
     602   12
     603   12
     604   12
     605   12
     606   12
     607   12
     608    1
     609    1
     610    1
     611    1
     612    1
     613    1
     614    1
     615    1
     616    1
     617    1
     618    1
     619    6
     620    6
     621    8
     622    7
     623   12
     624   12
     625   12
     626    7
     627    7
     628    8
     629    6
     630    6
     631    2
     632    5
     633    6
     634    6
     635    2
     636    2
     637    2
     638    3
     639    5
     640    5
     641    5
     642    6
     643    6
     644    6
     645    7
     646    7
     647    2
     648    2
     649    2
     650    2
     651    2
     652    2
     653    2
     654    2
     655    5
     656   12
     657    8
     658    6
     659    6
     660   12
     661   12
     662   10
     663   10
     664   11
     665   12
     666    8
     667    7
     668    7
     669    8
     670   12
     671    6
     672    5
     673   12
     674   11
     675   11
     676   11
     677   11
     678    9
     679    9
     680   11
     681   12
     682    8
     683    7
     684   12
     685   12
     686   12
     687    1
     688    1
     689    1
     690    1
     691    1
     692    1
     693    1
     694    1
     695    1
     696    1
     697    1
     698    3
     699    6
     700    6
     701   12
     702    6
     703    5
     704    3
     705    1
     706    1
     707    1
     708    1
     709    1
     710    6
     711   12
     712   12
     713   12
     714   12
     715    8
     716    8
     717    8
     718    7
     719   12
     720   12
     721   12
     722   12
     723   12
     724   12
     725   12
     726   12
     727   12
     728   12
     729   12
     730   12
     731   12
     732   12
     733   12
     734   12
     735    8
     736   15
     737   15
     738   15
     739   15
     740   15
     741   15
     742   12
     743   12
     744   12
     745   12
     746    1
     747    1
     748    6
     749    7
     750    8
     751   12
     752   12
     753   12
     754    7
     755   12
     756    7
     757   12
     758   12
     759   12
     760   12
     761   12
     762    8
     763    8
     764   12
     765   12
     766    8
     767    7
     768   12
     769   12
     770   12
     771   12
     772   12
     773   12
     774   12
     775   10
     776   10
     777   10
     778   10
     779   10
     780   10
     781   10
     782   10
     783   10
     784   10
     785   10
     786    8
     787   10
     788   10
     789   10
     790   11
     791   11
     792   11
     793   11
     794   10
     795   10
     796   10
     797   10
     798   11
     799   12
     800   12
     801   12
     802    8
     803   12
     804   12
     805   12
     806   12
     807   12
     808    1
     809    3
     810    3
     811    1
     812    3
     813    3
     814    5
     815    6
     816    3
     817    3
     818    3
     819    3
     820    3
     821    5
     822    6
     823   12
     824   12
     825   12
     826   12
     827   12
     828   12
     829    8
     830    8
     831    8
     832    2
     833    2
     834    2
     835    2
     836    6
     837    8
     838    8
     839    8
     840    8
     841    6
     842    6
     843    2
     844    2
     845    2
     846    2
     847    3
     848    5
     849    6
     850   10
     851    9
     852   10
     853   10
     854   11
     855    9
     856    9
     857   12
     858   12
     859   12
     860   12
     861   12
     862    1
     863    6
     864    2
     865    2
     866    2
     867    3
     868    3
     869    5
     870    6
     871    2
     872    9
     873    9
     874   11
     875   11
     876    9
     877    7
     878    7
     879    2
     880    2
     881    2
     882    6
     883    3
     884    3
     885    3
     886    3
     887    3
     888    3
     889    6
     890    6
     891    6
     892    7
     893   12
     894   12
     895   12
     896    7
     897    7
     898    2
     899    2
     900    6
     901    8
     902    8
     903    8
     904    6
     905    6
     906   12
     907   12
     908   12
     909   12
     910   12
     911   12
     912   12
     913   12
     914   12
     915   12
     916    9
     917   12
     918    8
     919    7
     920   12
     921    8
     922   12
     923    8
     924   12
     925    7
     926   12
     927    8
     928   12
     929    8
     930    8
     931    6
     932    6
     933    6
     934    8
     935    8
     936    7
     937    8
     938    7
     939    8
     940   12
     941    8
     942   12
     943    6
     944    5
     945    2
     946    9
     947   12
     948    7
     949   12
     950    8
     951    7
     952    6
     953    3
     954    3
     955    3
     956    3
     957    3
     958    3
     959    3
     960    3
     961    3
     962    3
     963    3
     964    3
     965    4
     966    4
     967    1
     968    3
     969    3
     970    3
     971    1
     972    1
     973    3
     974    3
     975    5
     976    1
     977    1
     978    1
     979    1
     980    1
     981    1
     982    1
     983    1
     984    1
     985   12
     986    9
     987   11
     988   11
     989   11
     990    2
     991    2
     992    6
     993    3
     994    3
     995    2
     996    2
     997    2
     998   12
     999   12
    1000   12
    1001   12
    1002   12
    1003    7
    1004    8
    1005   12
    1006    2
    1007    2
    1008   12
    1009   12
    1010   12
    1011    7
    1012   12
    1013   12
    1014   12
    1015   12
    1016   12
    1017   12
    1018    4
    1019    5
    1020    6
    1021   10
    1022   10
    1023   10
    1024   10
    1025   10
    1026    9
    1027    6
    1028    5
    1029    3
    1030    3
    1031    1
    1032   12
    1033   12
    1034    7
    1035    8
    1036   12
    1037    1
    1038    1
    1039    2
    1040    2
    1041    2
    1042    3
    1043    5
    1044    6
    1045    2
    1046    2
    1047    6
    1048   15
    1049   15
    1050   15
    1051   15
    1052    7
    1053    7
    1054    8
    1055    8
    1056    8
    1057    7
    1058    8
    1059   12
    1060    7
    1061    7
    1062    8
    1063    8
    1064    8
    1065    7
    1066    8
    1067    7
    1068    7
    1069    7
    1070    6
    1071    7
    1072    7
    1073    8
    1074   12
    1075    1
    1076    1
    1077    1
    1078    1
    1079    3
    1080    3
    1081    3
    1082    5
    1083    6
    1084   15
    1085   12
    1086    8
    1087   12
    1088   12
    1089    9
    1090    6
    1091    2
    1092    6
    1093    7
    1094    2
    1095    6
    1096    6
    1097    2
    1098    2
    1099    5
    1100    6
    1101    6
    1102    3
    1103    3
    1104    2
    1105    2
    1106    1
    1107    1
    1108    1
    1109    3
    1110    3
    1111    5
    1112    6
    1113    1
    1114    1
    1115    1
    1116    1
    1117    1
    1118    1
    1119    5
    1120    4
    1121    6
    1122    6
    1123    6
    1124   12
    1125    7
    1126    8
    1127    7
    1128    7
    1129    7
    1130    8
    1131   12
    1132   12
    1133    7
    1134    8
    1135    6
    1136   12
    1137   12
    1138   12
    1139   12
    1140   12
    1141   12
    1142   12
    1143    8
    1144    7
    1145   12
    1146   12
    1147   12
    1148   12
    1149    8
    1150    8
    1151   12
    1152   12
    1153   12
    1154   12
    1155   12
    1156    7
    1157    8
    1158    7
    1159    6
    1160    3
    1161    3
    1162    3
    1163    3
    1164    3
    1165    3
    1166    1
    1167    1
    1168    1
    1169    1
    1170    1
    1171    1
    1172    1
    1173    1
    1174    1
    1175   12
    1176   12
    1177   12
    1178   12
    1179    6
    1180    5
    1181    3
    1182    3
    1183    3
    1184    3
    1185    6
    1186    5
    1187    5
    1188    3
    1189    3
    1190    5
    1191    5
    1192    5
    1193    5
    1194    3
    1195    3
    1196    5
    1197    4
    1198    4
    1199    4
    1200    4
    1201    3
    1202    6
    1203    3
    1204    1
    1205    1
    1206    3
    1207    1
    1208   12
    1209   12
    1210   12
    1211    1
    1212    1
    1213    1
    1214    1
    1215    1
    1216    1
    1217    1
    1218    1
    1219    1
    1220    1
    1221    1
    1222    1
    1223    1
    1224    1
    1225    1
    1226    1
    1227    1
    1228    1
    1229   12
    1230   12
    1231    6
    1232    6
    1233    6
    1234    5
    1235    6
    1236    6
    1237    3
    1238    3
    1239    1
    1240    3
    1241    3
    1242    1
    1243    1
    1244   12
    1245   12
    1246   12
    1247   12
    1248   12
    1249   12
    1250   12
    1251    8
    1252   12
    1253   12
    1254   12
    1255   12
    1256   12
    1257   12
    1258   12
    1259   12
    1260   12
    1261   12
    1262   15
    1263    6
    1264    5
    1265    8
    1266    8
    1267   12
    1268   12
    1269   12
    1270   12
    1271   12
    1272   12
    1273   12
    1274   12
    1275    1
    1276    1
    1277    1
    1278    1
    1279    3
    1280    3
    1281    3
    1282    3
    1283    6
    1284    6
    1285   12
    1286    7
    1287    8
    1288    6
    1289    5
    1290    2
    1291    2
    1292    1
    1293    1
    1294    3
    1295    6
    1296    1
    1297    1
    1298    1
    1299    1
    1300    1
    1301    1
    1302    1
    1303    1
    1304    3
    1305    3
    1306    3
    1307    3
    1308    3
    1309    3
    1310    3
    1311    3
    1312    5
    1313    6
    1314   12
    1315   12
    1316    2
    1317    2
    1318    2
    1319    2
    1320    2
    1321   12
    1322    6
    1323   12
    1324   12
    1325   12
    1326    6
    1327    3
    1328    5
    1329    2
    1330    1
    1331    5
    1332    6
    1333    7
    1334   12
    1335   12
    1336   12
    1337   12
    1338   12
    1339   12
    1340    7
    1341   12
    1342    8
    1343   12
    1344    7
    1345   12
    1346   12
    1347    7
    1348   12
    1349   12
    1350    2
    1351   12
    1352    8
    1353    7
    1354    8
    1355    7
    1356    7
    1357    8
    1358   12
    1359   12
    1360   12
    1361   12
    1362   12
    1363   11
    1364   11
    1365   11
    1366   11
    1367   11
    1368   11
    1369   11
    1370   11
    1371   11
    1372   11
    1373   11
    1374   11
    1375   11
    1376   11
    1377   11
    1378   11
    1379   11
    1380   11
    1381   11
    1382   11
    1383   11
    1384   11
    1385   10
    1386   10
    1387   10
    1388   10
    1389   10
    1390   10
    1391   10
    1392   10
    1393   10
    1394    9
    1395   10
    1396   10
    1397   10
    1398   10
    1399   10
    1400   10
    1401   10
    1402   10
    1403   10
    1404   10
    1405   10
    1406   10
    1407   10
    1408   10
    1409   10
    1410   10
    1411   10
    1412   10
    1413   10
    1414   10
    1415   10
    1416   10
    1417   10
    1418   10
    1419   10
    1420   10
    1421   10
    1422   10
    1423   10
    1424   10
    1425   10
    1426   10
    1427   10
    1428   10
    1429   10
    1430   10
    1431   10
    1432   11
    1433   11
    1434   11
    1435   11
    1436   11
    1437   11
    1438   11
    1439   11
    1440   11
    1441   11
    1442   11
    1443   11
    1444   11
    1445   11
    1446   11
    1447   11
    1448   11
    1449   11
    1450   11
    1451   11
    1452   11
    1453    9
    1454   12
    1455    7
    1456    7
    1457   11
    1458   11
    1459   11
    1460   11
    1461    9
    1462   12
    1463    9
    1464   11
    1465   11
    1466   11
    1467   11
    1468    9
    1469    6
    1470    3
    1471    3
    1472    5
    1473    6
    1474    2
    1475    2
    1476    2
    1477    2
    1478    2
    1479   12
    1480   12
    1481   12
    1482   12
    1483    7
    1484    6
    1485    6
    1486    6
    1487    6
    1488    6
    1489    6
    1490    5
    1491    6
    1492    6
    1493    5
    1494    5
    1495    9
    1496   11
    1497   11
    1498   11
    1499   11
    1500   11
    1501   11
    1502   11
    1503   11
    1504   11
    1505    9
    1506    9
    1507    6
    1508    6
    1509    6
    1510    7
    1511    7
    1512    5
    1513    5
    1514    5
    1515    6
    1516    6
    1517    6
    1518    7
    1519    7
    1520    7
    1521    6
    1522    6
    1523    7
    1524    7
    1525    6
    1526    5
    1527    6
    1528    6
    1529    5
    1530    7
    1531    7
    1532    7
    1533    8
    1534    6
    1535    7
    1536    8
    1537    8
    1538   12
    1539    8
    1540    7
    1541   12
    1542    8
    1543   12
    1544    7
    1545    8
    1546    8
    1547    8
    1548   10
    1549   10
    1550   11
    1551   11
    1552   11
    1553   11
    1554   11
    1555   11
    1556   11
    1557   11
    1558   11
    1559   11
    1560   11
    1561   11
    1562   11
    1563   11
    1564   11
    1565   11
    1566   11
    1567   11
    1568   11
    1569   10
    1570   10
    1571   10
    1572   10
    1573   10
    1574   10
    1575   10
    1576   10
    1577   10
    1578   10
    1579   10
    1580   10
    1581   10
    1582   10
    1583    7
    1584   11
    1585   11
    1586    9
    1587   11
    1588   11
    1589   11
    1590   11
    1591   11
    1592   11
    1593   11
    1594   11
    1595   11
    1596   11
    1597   11
    1598   11
    1599   11
    1600   11
    1601   11
    1602   11
    1603   11
    1604   11
    1605   11
    1606   11
    1607   11
    1608   11
    1609   11
    1610   11
    1611   11
    1612   11
    1613   11
    1614   11
    1615   11
    1616   11
    1617   11
    1618   11
    1619   11
    1620   11
    1621   11
    1622   11
    1623   11
    1624   11
    1625   11
    1626   11
    1627   11
    1628   11
    1629   11
    1630   11
    1631   11
    1632   11
    1633   11
    1634   11
    1635   11
    1636   11
    1637   11
    1638    9
    1639   11
    1640   11
    1641   11
    1642   11
    1643   11
    1644   11
    1645   11
    1646   11
    1647   11
    1648    9
    1649   11
    1650   11
    1651    8
    1652    7
    1653    6
    1654    7
    1655    7
    1656    8
    1657    7
    1658    6
    1659    6
    1660    6
    1661    8
    1662    8
    1663    7
    1664    6
    1665    8
    1666    8
    1667    6
    1668    6
    1669    6
    1670    8
    1671   12
    1672    6
    1673    7
    1674    7
    1675    8
    1676    8
    1677    7
    1678   12
    1679    6
    1680    6
    1681    5
    1682    3
    1683    3
    1684    3
    1685    3
    1686    3
    1687    5
    1688    6
    1689    6
    1690    2
    1691    5
    1692    5
    1693    5
    1694    6
    1695   12
    1696   12
    1697   12
    1698    7
    1699    8
    1700   12
    1701   12
    1702   12
    1703   12
    1704   12
    1705   12
    1706   12
    1707   12
    1708   12
    1709   12
    1710    8
    1711   12
    1712    1
    1713    5
    1714    6
    1715    6
    1716    5
    1717    5
    1718    1
    1719   12
    1720    2
    1721    6
    1722    6
    1723    7
    1724    7
    1725    6
    1726    8
    1727    8
    1728   12
    1729    6
    1730   12
    1731   12
    1732    6
    1733    5
    1734    2
    1735    2
    1736    2
    1737    6
    1738    6
    1739    5
    1740    2
    1741    2
    1742    6
    1743    7
    1744    9
    1745    9
    1746    9
    1747    7
    1748    8
    1749    7
    1750   12
    1751    7
    1752    7
    1753    7
    1754    7
    1755    6
    1756    6
    1757    3
    1758    3
    1759    3
    1760    1
    1761    5
    1762    5
    1763    7
    1764    7
    1765   12
    1766    7
    1767    6
    1768   12
    1769    6
    1770    5
    1771    5
    1772    5
    1773    5
    1774    5
    1775    5
    1776   12
    1777    7
    1778    7
    1779    6
    1780    5
    1781    2
    1782    1
    1783    1
    1784    1
    1785    1
    1786    1
    1787    1
    1788    1
    1789    1
    1790    5
    1791    5
    1792    4
    1793    4
    1794    4
    1795    4
    1796    3
    1797    3
    1798    3
    1799    3
    1800    3
    1801    3
    1802    3
    1803    6
    1804    7
    1805   12
    1806   12
    1807   12
    1808   12
    1809   12
    1810   12
    1811    1
    1812    5
    1813    6
    1814    7
    1815   12
    1816   12
    1817   12
    1818    9
    1819   11
    1820   11
    1821   12
    1822   12
    1823    7
    1824    7
    1825    8
    1826   11
    1827   11
    1828    9
    1829    9
    1830    9
    1831   10
    1832    8
    1833   12
    1834   12
    1835   12
    1836   12
    1837   12
    1838    8
    1839    8
    1840    8
    1841   12
    1842    8
    1843    8
    1844    8
    1845   12
    1846   12
    1847    7
    1848    8
    1849   12
    1850    8
    1851    8
    1852    7
    1853   12
    1854   12
    1855   12
    1856   12
    1857   12
    1858   12
    1859   12
    1860   12
    1861   12
    1862   12
    1863   11
    1864   11
    1865   11
    1866    6
    1867    5
    1868    8
    1869    9
    1870   11
    1871    2
    1872    6
    1873    6
    1874    6
    1875    6
    1876    6
    1877    6
    1878    6
    1879    5
    1880    5
    1881    5
    1882    6
    1883    5
    1884    2
    1885    2
    1886    2
    1887    2
    1888    2
    1889   12
    1890   12
    1891   12
    1892   12
    1893   12
    1894   11
    1895   11
    1896   11
    1897   11
    1898   11
    1899   11
    1900   11
    1901   11
    1902   11
    1903   11
    1904   11
    1905   11
    1906   11
    1907   11
    1908   11
    1909   11
    1910   11
    1911   11
    1912   11
    1913   11
    1914   11
    1915    2
    1916    6
    1917    7
    1918    8
    1919    8
    1920    8
    1921    7
    1922    7
    1923    8
    1924    8
    1925    1
    1926    1
    1927    1
    1928    1
    1929    5
    1930    6
    1931    6
    1932    1
    1933    3
    1934    6
    1935    6
    1936    6
    1937    5
    1938    7
    1939    7
    1940    7
    1941   12
    1942   12
    1943    6
    1944    6
    1945    5
    1946    5
    1947    2
    1948    2
    1949    2
    1950    7
    1951    8
    1952    7
    1953    6
    1954    6
    1955    7
    1956    7
    1957    2
    1958    2
    1959    2
    1960    2
    1961    6
    1962    6
    1963    7
    1964    7
    1965    7
    1966    8
    1967   12
    1968   12
    1969   12
    1970   12
    1971   12
    1972   12
    1973   12
    1974   12
    1975   12
    1976   12
    1977   12
    1978   10
    1979   10
    1980   11
    1981   11
    1982   11
    1983   11
    1984   11
    1985   11
    1986   11
    1987   11
    1988   11
    1989   11
    1990   11
    1991   11
    1992   11
    1993   11
    1994    9
    1995   11
    1996   11
    1997   11
    1998   11
    1999   11
    2000   11
    2001   11
    2002   11
    2003   11
    2004   11
    2005   11
    2006   11
    2007   11
    2008   11
    2009   11
    2010   11
    2011   11
    2012   10
    2013   10
    2014   10
    2015   10
    2016   10
    2017   10
    2018   10
    2019   10
    2020   10
    2021   10
    2022   10
    2023   10
    2024   10
    2025   10
    2026   10
    2027   10
    2028   10
    2029   10
    2030   10
    2031   10
    2032   10
    2033   10
    2034   10
    2035   10
    2036   10
    2037   10
    2038   10
    2039   10
    2040   10
    2041   10
    2042   10
    2043   10
    2044   10
    2045   10
    2046   10
    2047   10
    2048   10
    2049   10
    2050   10
    2051   10
    2052   10
    2053   10
    2054   10
    2055   10
    2056   10
    2057   10
    2058   10
    2059   10
    2060   10
    2061   10
    2062   10
    2063   10
    2064   10
    2065    7
    2066   12
    2067   10
    2068   10
    2069   10
    2070   10
    2071   10
    2072   10
    2073   10
    2074   10
    2075   10
    2076   10
    2077   10
    2078   10
    2079   10
    2080   10
    2081   10
    2082   10
    2083   10
    2084   10
    2085   10
    2086   10
    2087   10
    2088   10
    2089   10
    2090   10
    2091   10
    2092   10
    2093   10
    2094   10
    2095   10
    2096   10
    2097   10
    2098   10
    2099   10
    2100   10
    2101   10
    2102   10
    2103   10
    2104   10
    2105   10
    2106   10
    2107   10
    2108   10
    2109   10
    2110   10
    2111   10
    2112   10
    2113   10
    2114   10
    2115   10
    2116   10
    2117   10
    2118   10
    2119   10
    2120   10
    2121   10
    2122   10
    2123   10
    2124   10
    2125   10
    2126   10
    2127   10
    2128   10
    2129   10
    2130   10
    2131   10
    2132   10
    2133   10
    2134   10
    2135   10
    2136   10
    2137   10
    2138   10
    2139   10
    2140   10
    2141   10
    2142   10
    2143   10
    2144   10
    2145   10
    2146   10
    2147   10
    2148   10
    2149   10
    2150   10
    2151   10
    2152   10
    2153   10
    2154   10
    2155   10
    2156   10
    2157   10
    2158   10
    2159   10
    2160   10
    2161   12
    2162   12
    2163   12
    2164   12
    2165   10
    2166   10
    2167   10
    2168   10
    2169   10
    2170   10
    2171   10
    2172   10
    2173   10
    2174   10
    2175   10
    2176   10
    2177   10
    2178   10
    2179   10
    2180   10
    2181   10
    2182   10
    2183   10
    2184   10
    2185   10
    2186   10
    2187   10
    2188   10
    2189   10
    2190   10
    2191   10
    2192   10
    2193   10
    2194   10
    2195   10
    2196   10
    2197   10
    2198   10
    2199   10
    2200   11
    2201   11
    2202   11
    2203   11
    2204   11
    2205   11
    2206   11
    2207   11
    2208   11
    2209   11
    2210   11
    2211   11
    2212    7
    2213    8
    2214    8
    2215    9
    2216   11
    2217   11
    2218    9
    2219    9
    2220    9
    2221    7
    2222    6
    2223    6
    2224    6
    2225   12
    2226    6
    2227    7
    2228    2
    2229    2
    2230    2
    2231    3
    2232    3
    2233    3
    2234    3
    2235    3
    2236    1
    2237    3
    2238    3
    2239    3
    2240    3
    2241    5
    2242    6
    2243    5
    2244    6
    2245    2
    2246    2
    2247    9
    2248    9
    2249   15
    2250   15
    2251   15
    2252   15
    2253   15
    2254   15
    2255    8
    2256   12
    2257   12
    2258   12
    2259    1
    2260    4
    2261    5
    2262    3
    2263    5
    2264    6
    2265    7
    2266    7
    2267   12
    2268   12
    2269    8
    2270    8
    2271    8
    2272    6
    2273    6
    2274    5
    2275    3
    2276    1
    2277    2
    2278    6
    2279    5
    2280    7
    2281    8
    2282   12
    2283   12
    2284    1
    2285    1
    2286    5
    2287    6
    2288    8
    2289   12
    2290   12
    2291   12
    2292   12
    2293    8
    2294    7
    2295    5
    2296    5
    2297    1
    2298    1
    2299    6
    2300    5
    2301    6
    2302    6
    2303    5
    2304    6
    2305    3
    2306    1
    2307    1
    2308    5
    2309    6
    2310    6
    2311    6
    2312    1
    2313    1
    2314    1
    2315    3
    2316    6
    2317    8
    2318   12
    2319    1
    2320    1
    2321    5
    2322    6
    2323    6
    2324    2
    2325    2
    2326    2
    2327    2
    2328    2
    2329    5
    2330    6
    2331    7
    2332    6
    2333    1
    2334    1
    2335    1
    2336    3
    2337    3
    2338    6
    2339    5
    2340    3
    2341    6
    2342    6
    2343    1
    2344    1
    2345    6
    2346    2
    2347    2
    2348    2
    2349    3
    2350    6
    2351    9
    2352   12
    2353   12
    2354   12
    2355   12
    2356    8
    2357   12
    2358   12
    2359   12
    2360   12
    2361    1
    2362    1
    2363    1
    2364    1
    2365    3
    2366    3
    2367    3
    2368    6
    2369   10
    2370   10
    2371    9
    2372    6
    2373    2
    2374    2
    2375   12
    2376   12
    2377   12
    2378   12
    2379   12
    2380   12
    2381    8
    2382    6
    2383    6
    2384    6
    2385    3
    2386    5
    2387    3
    2388    3
    2389    3
    2390    3
    2391    3
    2392    2
    2393    2
    2394    2
    2395    2
    2396    2
    2397    2
    2398    2
    2399    2
    2400    2
    2401    3
    2402    3
    2403    3
    2404    6
    2405    6
    2406    6
    2407    6
    2408    7
    2409   12
    2410   12
    2411    1
    2412    5
    2413    5
    2414    5
    2415    6
    2416    6
    2417   12
    2418   12
    2419   12
    2420   12
    2421    5
    2422    5
    2423    6
    2424    1
    2425    1
    2426    1
    2427    1
    2428    3
    2429    6
    2430    8
    2431   12
    2432   12
    2433   12
    2434   12
    2435   12
    2436   12
    2437   12
    2438   12
    2439   10
    2440   10
    2441   10
    2442   10
    2443   10
    2444   10
    2445   10
    2446    9
    2447   12
    2448   12
    2449   12
    2450   12
    2451   12
    2452   12
    2453   12
    2454   12
    2455   12
    2456   12
    2457   12
    2458    8
    2459   12
    2460   12
    2461   10
    2462   10
    2463   11
    2464   11
    2465   11
    2466   11
    2467    9
    2468   11
    2469   11
    2470   11
    2471   12
    2472   12
    2473   12
    2474   12
    2475    9
    2476    9
    2477   12
    2478    2
    2479    6
    2480    9
    2481   10
    2482   10
    2483   10
    2484   11
    2485   11
    2486   11
    2487   11
    2488    8
    2489   12
    2490    1
    2491    1
    2492    1
    2493    1
    2494    6
    2495    8
    2496    6
    2497    5
    2498    5
    2499    5
    2500    6
    2501    6
    2502    8
    2503   12
    2504    7
    2505    8
    2506    7
    2507    2
    2508    6
    2509    2
    2510    2
    2511    5
    2512    6
    2513    7
    2514    2
    2515    2
    2516    2
    2517    2
    2518    2
    2519    2
    2520    2
    2521    9
    2522    9
    2523    9
    2524    6
    2525    6
    2526    8
    2527    7
    2528   12
    2529    1
    2530    1
    2531    1
    2532    1
    2533    1
    2534    7
    2535    1
    2536    1
    2537    1
    2538    1
    2539    1
    2540   12
    2541   12
    2542   12
    2543   12
    2544   12
    2545   12
    2546   12
    2547   12
    2548   12
    2549    1
    2550   12
    2551    1
    2552    1
    2553    1
    2554    1
    2555    1
    2556    1
    2557    1
    2558    1
    2559    1
    2560    1
    2561    3
    2562    5
    2563    3
    2564    6
    2565    7
    2566   12
    2567   12
    2568   15
    2569    7
    2570    7
    2571    9
    2572   11
    2573   11
    2574    9
    2575   12
    2576    6
    2577    3
    2578    3
    2579    1
    2580    1
    2581    5
    2582    6
    2583    6
    2584    2
    2585    2
    2586    2
    2587    5
    2588    6
    2589    8
    2590   10
    2591   10
    2592   10
    2593   10
    2594   11
    2595   11
    2596    9
    2597    6
    2598    2
    2599    2
    2600   11
    2601   11
    2602   11
    2603    9
    2604    2
    2605    7
    2606   10
    2607   10
    2608   10
    2609   10
    2610   10
    2611   10
    2612   10
    2613   10
    2614   10
    2615   10
    2616   10
    2617    6
    2618    1
    2619    1
    2620    1
    2621    1
    2622    1
    2623    9
    2624    9
    2625    9
    2626    9
    2627    6
    2628    5
    2629    6
    2630    5
    2631    1
    2632    5
    2633    6
    2634    2
    2635    6
    2636    3
    2637    5
    2638    2
    2639    2
    2640    2
    2641    2
    2642    1
    2643    3
    2644    3
    2645    3
    2646    5
    2647    6
    2648    6
    2649   12
    2650   12
    2651    7
    2652   12
    2653   12
    2654   12
    2655    8
    2656    7
    2657    8
    2658    8
    2659    8
    2660   12
    2661   12
    2662   12
    2663   12
    2664   12
    2665    6
    2666    7
    2667    7
    2668   12
    2669   12
    2670   12
    2671   12
    2672   12
    2673   12
    2674   12
    2675   12
    2676   12
    2677   12
    2678   12
    2679   12
    2680   12
    2681   12
    2682   12
    2683   12
    2684   12
    2685   12
    2686   12
    2687   12
    2688   12
    2689   12
    2690   12
    2691   12
    2692    7
    2693   12
    2694   12
    2695    8
    2696   12
    2697   12
    2698   12
    2699   12
    2700   12
    2701   12
    2702   12
    2703   12
    2704   12
    2705   12
    2706   12
    2707   12
    2708   12
    2709   12
    2710   12
    2711   12
    2712   12
    2713   12
    2714   12
    2715   12
    2716   12
    2717   12
    2718   12
    2719   12
    2720   12
    2721   12
    2722   12
    2723   12
    2724   12
    2725   10
    2726   10
    2727   10
    2728   12
    2729   12
    2730   12
    2731   12
    2732   12
    2733   12
    2734   12
    2735   12
    2736   12
    2737   12
    2738   12
    2739   12
    2740    8
    2741    8
    2742   12
    2743   12
    2744   12
    2745   12
    2746   12
    2747   12
    2748   12
    2749   12
    2750   12
    2751   12
    2752   12
    2753   12
    2754   12
    2755   12
    2756   12
    2757   12
    2758   12
    2759   12
    2760   12
    2761    7
    2762    8
    2763    7
    2764    8
    2765    8
    2766   12
    2767   12
    2768   12
    2769   12
    2770   12
    2771   12
    2772   12
    2773   12
    2774   12
    2775   12
    2776   12
    2777   12
    2778   12
    2779    8
    2780    8
    2781   12
    2782   12
    2783   12
    2784   12
    2785   12
    2786   12
    2787   12
    2788   12
    2789   12
    2790    8
    2791   12
    2792   12
    2793   12
    2794   12
    2795   12
    2796   12
    2797   12
    2798   12
    2799   12
    2800   12
    2801   12
    2802   12
    2803   12
    2804   12
    2805   12
    2806    8
    2807   13
    2808   13
    2809   13
    2810   13
    2811   13
    2812   13
    2813   13
    2814   13
    2815   13
    2816   13
    2817   13
    2818   13
    2819   13
    2820   13
    2821   13
    2822   13
    2823   13
    2824   13
    2825   13
    2826   13
    2827   13
    2828   13
    2829   13
    2830   13
    2831   13
    2832   13
    2833   13
    2834   13
    2835   13
    2836   13
    2837   13
    2838   13
    2839   13
    2840   13
    2841   13
    2842   13
    2843   13
    2844   13
    2845   13
    2846   13
    2847   13
    2848   13
    2849   12
    2850   12
    2851   12
    2852    1
    2853    1
    2854    1
    2855    1
    2856    1
    2857    4
    2858    4
    2859    1
    2860    1
    2861    3
    2862    6
    2863    8
    2864   13
    2865   13
    2866   13
    2867   13
    2868   13
    2869   13
    2870   13
    2871   13
    2872   13
    2873   13
    2874   13
    2875   13
    2876   13
    2877   13
    2878   13
    2879   13
    2880   13
    2881   13
    2882   13
    2883   13
    2884   13
    2885   12
    2886    8
    2887    8
    2888   12
    2889    8
    2890   12
    2891   12
    2892   12
    2893   12
    2894   12
    2895   13
    2896   13
    2897   13
    2898   13
    2899   13
    2900   13
    2901   13
    2902   13
    2903   13
    2904   13
    2905   13
    2906   13
    2907   13
    2908   13
    2909   13
    2910   13
    2911   13
    2912   13
    2913   13
    2914   13
    2915   13
    2916   13
    2917   13
    2918   13
    2919   13
    2920   13
    2921   13
    2922   13
    2923   13
    2924   13
    2925   13
    2926   13
    2927   13
    2928   13
    2929   13
    2930   13
    2931   13
    2932   13
    2933   13
    2934   13
    2935   13
    2936   13
    2937   13
    2938   13
    2939   13
    2940   13
    2941   13
    2942   13
    2943   13
    2944   13
    2945   13
    2946   13
    2947   13
    2948   13
    2949   13
    2950   13
    2951   13
    2952   13
    2953   13
    2954   13
    2955    9
    2956   13
    2957   13
    2958   13
    2959   13
    2960   13
    2961   13
    2962   13
    2963   13
    2964   13
    2965   13
    2966   13
    2967   13
    2968   13
    2969   13
    2970   13
    2971   13
    2972   13
    2973   13
    2974   13
    2975   13
    2976   13
    2977   13
    2978   13
    2979   13
    2980   13
    2981   13
    2982   13
    2983   13
    2984   13
    2985   13
    2986   13
    2987   13
    2988   13
    2989   13
    2990   13
    2991   13
    2992    8
    2993    8
    2994   12
    2995   12
    2996   12
    2997    7
    2998    6
    2999    4
    3000   12
    3001   12
    3002   12
    3003    4
    3004    4
    3005    4
    3006   12
    3007   12
    3008   12
    3009   12
    3010   12
    3011   12
    3012   12
    3013   12
    3014   12
    3015   12
    3016   12
    3017   12
    3018   12
    3019   12
    3020   12
    3021   12
    3022   12
    3023   12
    3024   12
    3025   12
    3026    8
    3027   12
    3028   12
    3029   12
    3030   12
    3031   12
    3032   12
    3033    1
    3034    1
    3035   12
    3036   12
    3037   12
    3038   12
    3039   13
    3040   13
    3041   13
    3042   13
    3043   13
    3044   13
    3045   13
    3046   13
    3047   13
    3048   13
    3049   13
    3050   13
    3051   13
    3052   13
    3053   13
    3054   13
    3055   13
    3056   13
    3057   13
    3058   13
    3059   13
    3060   13
    3061   13
    3062   12
    3063   12
    3064    7
    3065    8
    3066   12
    3067   12
    3068   12
    3069   12
    3070   12
    3071   12
    3072   12
    3073    8
    3074   13
    3075   13
    3076   13
    3077   13
    3078   13
    3079   13
    3080   13
    3081   13
    3082   13
    3083   13
    3084   13
    3085   13
    3086   13
    3087   13
    3088   13
    3089   13
    3090   13
    3091   13
    3092   13
    3093   13
    3094   13
    3095   13
    3096   13
    3097   13
    3098   13
    3099   13
    3100   13
    3101   13
    3102    8
    3103    8
    3104   12
    3105   12
    3106   12
    3107   12
    3108   12
    3109   12
    3110   12
    3111   12
    3112   12
    3113    8
    3114   12
    3115   12
    3116   12
    3117   12
    3118   12
    3119   12
    3120   12
    3121   12
    3122   12
    3123   12
    3124   12
    3125   12
    3126   12
    3127   12
    3128   12
    3129   12
    3130   12
    3131    8
    3132   12
    3133   12
    3134   12
    3135   12
    3136   12
    3137   12
    3138   12
    3139   12
    3140   12
    3141   12
    3142   12
    3143   12
    3144   12
    3145   12
    3146   12
    3147   12
    3148   12
    3149   12
    3150   12
    3151   12
    3152   12
    3153   12
    3154   12
    3155   12
    3156   12
    3157    7
    3158   12
    3159   12
    3160   12
    3161   12
    3162   12
    3163   13
    3164   13
    3165   13
    3166   13
    3167   13
    3168   13
    3169   13
    3170   13
    3171   13
    3172   13
    3173   13
    3174   13
    3175   13
    3176   13
    3177   13
    3178   13
    3179   13
    3180   13
    3181   13
    3182   13
    3183   13
    3184   13
    3185   13
    3186   13
    3187   13
    3188   13
    3189   13
    3190   13
    3191   13
    3192   13
    3193   13
    3194   13
    3195   13
    3196   13
    3197   13
    3198   13
    3199   13
    3200   13
    3201   13
    3202   13
    3203   13
    3204   13
    3205   13
    3206   13
    3207   13
    3208   13
    3209   13
    3210   13
    3211   13
    3212   13
    3213   13
    3214   13
    3215   13
    3216   13
    3217   13
    3218   13
    3219   13
    3220   13
    3221   13
    3222   13
    3223   13
    3224   13
    3225   13
    3226   13
    3227   13
    3228   13
    3229   13
    3230   13
    3231   13
    3232   13
    3233   13
    3234   13
    3235   13
    3236   13
    3237   13
    3238   13
    3239   13
    3240   13
    3241   13
    3242   13
    3243   13
    3244   13
    3245    8
    3246   13
    3247   13
    3248   13
    3249   13
    3250   13
    3251   13
    3252   13
    3253   13
    3254   13
    3255   13
    3256   13
    3257   13
    3258   13
    3259   13
    3260   13
    3261   13
    3262   13
    3263   13
    3264   13
    3265   13
    3266   13
    3267   13
    3268   13
    3269   13
    3270   13
    3271   13
    3272   13
    3273   13
    3274   13
    3275   13
    3276   13
    3277   13
    3278   13
    3279   13
    3280   13
    3281   13
    3282   13
    3283   13
    3284   13
    3285   13
    3286   13
    3287   13
    3288   13
    3289   13
    3290   13
    3291   13
    3292   13
    3293   13
    3294   13
    3295   13
    3296   13
    3297   13
    3298   13
    3299   13
    3300   13
    3301   13
    3302   13
    3303   13
    3304   13
    3305   13
    3306   13
    3307   13
    3308   13
    3309   13
    3310   13
    3311   13
    3312   13
    3313   13
    3314   13
    3315   13
    3316   13
    3317   13
    3318   13
    3319   13
    3320   13
    3321   13
    3322   13
    3323   13
    3324   13
    3325   13
    3326   13
    3327   13
    3328   13
    3329   13
    3330   13
    3331   13
    3332   13
    3333   13
    3334   13
    3335   13
    3336   13
    3337   13
    3338   13
    3339   13
    3340   13
    3341   13
    3342   13
    3343   13
    3344   13
    3345   13
    3346   13
    3347   13
    3348   13
    3349   13
    3350   13
    3351   13
    3352   13
    3353   13
    3354   13
    3355   13
    3356   13
    3357   13
    3358   13
    3359   13
    3360   13
    3361   13
    3362   13
    3363   13
    3364   13
    3365   13
    3366   13
    3367   13
    3368   13
    3369   13
    3370   13
    3371   13
    3372   13
    3373   13
    3374   13
    3375   13
    3376   13
    3377   13
    3378   13
    3379   13
    3380   13
    3381   13
    3382   13
    3383   13
    3384   13
    3385   13
    3386   13
    3387   13
    3388   13
    3389   13
    3390   13
    3391   13
    3392   13
    3393   13
    3394   13
    3395   13
    3396   13
    3397   13
    3398   13
    3399   13
    3400   13
    3401   13
    3402   13
    3403   13
    3404   13
    3405   13
    3406   13
    3407   13
    3408   13
    3409   13
    3410   13
    3411   13
    3412   13
    3413   13
    3414   13
    3415   13
    3416   13
    3417   13
    3418   13
    3419   13
    3420   13
    3421   13
    3422   13
    3423   13
    3424   13
    3425   13
    3426   13
    3427   13
    3428   13
    3429   13
    3430   13
    3431   13
    3432   13
    3433   13
    3434   13
    3435   13
    3436   13
    3437   13
    3438   13
    3439   13
    3440   13
    3441   13
    3442   13
    3443   13
    3444   13
    3445   13
    3446   13
    3447   13
    3448   13
    3449   13
    3450   13
    3451   13
    3452   13
    3453   13
    3454   13
    3455   13
    3456   13
    3457   13
    3458   13
    3459   13
    3460   13
    3461   13
    3462   13
    3463   13
    3464   13
    3465   13
    3466   13
    3467   13
    3468   12
    3469   12
    3470   12
    3471   12
    3472   12
    3473   12
    3474   12
    3475   10
    3476   10
    3477   10
    3478   10
    3479   10
    3480   10
    3481   10
    3482   10
    3483   10
    3484   10
    3485   10
    3486   10
    3487   10
    3488   10
    3489   10
    3490   10
    3491   10
    3492   10
    3493   10
    3494   10
    3495   10
    3496   10
    3497   10
    3498   10
    3499   10
    3500   10
    3501   10
    3502   10
    3503   10
    3504   10
    3505   10
    3506   10
    3507   10
    3508   10
    3509   12
    3510   12
    3511   12
    3512   12
    3513   12
    3514   12
    3515   12
    3516   12
    3517    8
    3518   12
    3519   12
    3520   12
    3521    7
    3522   12
    3523   12
    3524   12
    3525   12
    3526   12
    3527   12
    3528   12
    3529   12
    3530    6
    3531    5
    3532    5
    3533    3
    3534    3
    3535    3
    3536    3
    3537    3
    3538    3
    3539    3
    3540    3
    3541    3
    3542    3
    3543    1
    3544    1
    3545    1
    3546   12
    3547   12
    3548   12
    3549    1
    3550    1
    3551    3
    3552    4
    3553    1
    3554    1
    3555    1
    3556    1
    3557    1
    3558    1
    3559    1
    3560   12
    3561   12
    3562   12
    3563   12
    3564   12
    3565    8
    3566   12
    3567   12
    3568   12
    3569   12
    3570   12
    3571    8
    3572    6
    3573    3
    3574    3
    3575    3
    3576    1
    3577    1
    3578    1
    3579    1
    3580    1
    3581    1
    3582    1
    3583    1
    3584    1
    3585    1
    3586    1
    3587    1
    3588    1
    3589    1
    3590    1
    3591    1
    3592    1
    3593    1
    3594    1
    3595    1
    3596    1
    3597    1
    3598    1
    3599    6
    3600   12
    3601   12
    3602   12
    3603   12
    3604   12
    3605   12
    3606   12
    3607   12
    3608   12
    3609   12
    3610   12
    3611   12
    3612   12
    3613   12
    3614   12
    3615   12
    3616    1
    3617    1
    3618    8
    3619    8
    3620   12
    3621   12
    3622    7
    3623    7
    3624    8
    3625    8
    3626    8
    3627   12
    3628   12
    3629   12
    3630   12
    3631   12
    3632   12
    3633   12
    3634   12
    3635    7
    3636    8
    3637    8
    3638   12
    3639   12
    3640   12
    3641    8
    3642   12
    3643   12
    3644   12
    3645   12
    3646   12
    3647   12
    3648   12
    3649   12
    3650   12
    3651    5
    3652    6
    3653   12
    3654   12
    3655   12
    3656   12
    3657    4
    3658    4
    3659    4
    3660    4
    3661   12
    3662   12
    3663   12
    3664    4
    3665    6
    3666   12
    3667   12
    3668   12
    3669   12
    3670    8
    3671   12
    3672   12
    3673   12
    3674    7
    3675   12
    3676   12
    3677   12
    3678   12
    3679   12
    3680   12
    3681   12
    3682   12
    3683   12
    3684   12
    3685   12
    3686   12
    3687   12
    3688   12
    3689   12
    3690   12
    3691   12
    3692   12
    3693   12
    3694   12
    3695   10
    3696   10
    3697   10
    3698   10
    3699   10
    3700   10
    3701   10
    3702   10
    3703   10
    3704   10
    3705   10
    3706   10
    3707   10
    3708   10
    3709   10
    3710   10
    3711   10
    3712   10
    3713   10
    3714   10
    3715   10
    3716   10
    3717   10
    3718   10
    3719   10
    3720    8
    3721   10
    3722   10
    3723   12
    3724   12
    3725   12
    3726   12
    3727   12
    3728   12
    3729   12
    3730   12
    3731   12
    3732   12
    3733   12
    3734   10
    3735   10
    3736   10
    3737   10
    3738   10
    3739   10
    3740   10
    3741   10
    3742   10
    3743   10
    3744   12
    3745   12
    3746   12
    3747   12
    3748   12
    3749   10
    3750   10
    3751   10
    3752   10
    3753   10
    3754   10
    3755   10
    3756   10
    3757   10
    3758   10
    3759   10
    3760   10
    3761   10
    3762   13
    3763   13
    3764   13
    3765   13
    3766   13
    3767   13
    3768   10
    3769   13
    3770   13
    3771   13
    3772   13
    3773   13
    3774   10
    3775   10
    3776   10
    3777   10
    3778   10
    3779   10
    3780   10
    3781   10
    3782   10
    3783   10
    3784   10
    3785   10
    3786   10
    3787   10
    3788   10
    3789   10
    3790   12
    3791   12
    3792   12
    3793   12
    3794   12
    3795   12
    3796   12
    3797   12
    3798   10
    3799   10
    3800   10
    3801   10
    3802   10
    3803   10
    3804   10
    3805   10
    3806   10
    3807   10
    3808   10
    3809   10
    3810   10
    3811   10
    3812   10
    3813   10
    3814   12
    3815   12
    3816   12
    3817   12
    3818   12
    3819   12
    3820   12
    3821   12
    3822   12
    3823   12
    3824   12
    3825   12
    3826   10
    3827   10
    3828   10
    3829   10
    3830   10
    3831   12
    3832   12
    3833   12
    3834    7
    3835    1
    3836    1
    3837    1
    3838    1
    3839    1
    3840    1
    3841   12
    3842   12
    3843   12
    3844   12
    3845   12
    3846   12
    3847    6
    3848    6
    3849    3
    3850    3
    3851    5
    3852    5
    3853    3
    3854    3
    3855    4
    3856    4
    3857    4
    3858    4
    3859    5
    3860    4
    3861    5
    3862    6
    3863    4
    3864    4
    3865    4
    3866    4
    3867    4
    3868    4
    3869    4
    3870    4
    3871    4
    3872    4
    3873    4
    3874    5
    3875    3
    3876    3
    3877    3
    3878    3
    3879    1
    3880    3
    3881    3
    3882    1
    3883    1
    3884    1
    3885    1
    3886    1
    3887    1
    3888    1
    3889    1
    3890    1
    3891    1
    3892    1
    3893    1
    3894    1
    3895    1
    3896    6
    3897    1
    3898    1
    3899    1
    3900    1
    3901    1
    3902    1
    3903    1
    3904    1
    3905    1
    3906    1
    3907    1
    3908    1
    3909   12
    3910   12
    3911   12
    3912   12
    3913    7
    3914    8
    3915    7
    3916    6
    3917    1
    3918    1
    3919    1
    3920    1
    3921    1
    3922    8
    3923    7
    3924   12
    3925   12
    3926   12
    3927   12
    3928   12
    3929   13
    3930   13
    3931   13
    3932   13
    3933   13
    3934   13
    3935   13
    3936   13
    3937   13
    3938   13
    3939   13
    3940   13
    3941   13
    3942   13
    3943   13
    3944   13
    3945   13
    3946   13
    3947   13
    3948   13
    3949   13
    3950   13
    3951   12
    3952   12
    3953   12
    3954   12
    3955    7
    3956    8
    3957   12
    3958   12
    3959    6
    3960    5
    3961    3
    3962    3
    3963    1
    3964    3
    3965    3
    3966    3
    3967    2
    3968    2
    3969    6
    3970    3
    3971    1
    3972    1
    3973    3
    3974    3
    3975    1
    3976    1
    3977    1
    3978    1
    3979   12
    3980   12
    3981   12
    3982   12
    3983   12
    3984   12
    3985   12
    3986   12
    3987   12
    3988    8
    3989   12
    3990    8
    3991    8
    3992    7
    3993   15
    3994   12
    3995    8
    3996   12
    3997   12
    3998   12
    3999   12
    4000    7
    4001    6
    4002    5
    4003    6
    4004    5
    4005    5
    4006    4
    4007    4
    4008    4
    4009    4
    4010    3
    4011    6
    4012    6
    4013    6
    4014    6
    4015    5
    4016    3
    4017    5
    4018    2
    4019   12
    4020   12
    4021    1
    4022    1
    4023    1
    4024    1
    4025    1
    4026    1
    4027    5
    4028    3
    4029    3
    4030    6
    4031   12
    4032   12
    4033   12
    4034    7
    4035    6
    4036    1
    4037    1
    4038    4
    4039   12
    4040    8
    4041   12
    4042    1
    4043    1
    4044    1
    4045    1
    4046    1
    4047    1
    4048   12
    4049   12
    4050   12
    4051    1
    4052    1
    4053    1
    4054    1
    4055   12
    4056   12
    4057   12
    4058   12
    4059   12
    4060   12
    4061   10
    4062   10
    4063   10
    4064   10
    4065   10
    4066   10
    4067   10
    4068   10
    4069   10
    4070   10
    4071   10
    4072   10
    4073   10
    4074   10
    4075   10
    4076   10
    4077   10
    4078   10
    4079   10
    4080   10
    4081   10
    4082   10
    4083   10
    4084   10
    4085   10
    4086   10
    4087   10
    4088   10
    4089   10
    4090   10
    4091   10
    4092   10
    4093   10
    4094   10
    4095   10
    4096   10
    4097   10
    4098   10
    4099   10
    4100   10
    4101   10
    4102   10
    4103   10
    4104   10
    4105   10
    4106   10
    4107   10
    4108   12
    4109   12
    4110   12
    4111    7
    4112    6
    4113    5
    4114    3
    4115    3
    4116    3
    4117    4
    4118    4
    4119    4
    4120    4
    4121    1
    4122    1
    4123    1
    4124    1
    4125    1
    4126    1
    4127    1
    4128    1
    4129   12
    4130   12
    4131   12
    4132   12
    4133   12
    4134    7
    4135   12
    4136   12
    4137   12
    4138   12
    4139   12
    4140   12
    4141   12
    4142   12
    4143   12
    4144    1
    4145    1
    4146   12
    4147   12
    4148   12
    4149   12
    4150   12
    4151   12
    4152   12
    4153   12
    4154   12
    4155   12
    4156   12
    4157   12
    4158   12
    4159   12
    4160   12
    4161   12
    4162   12
    4163   12
    4164   12
    4165   12
    4166   12
    4167   12
    4168   12
    4169   12
    4170   12
    4171   12
    4172   12
    4173   12
    4174   12
    4175   12
    4176   12
    4177   12
    4178   12
    4179   12
    4180   12
    4181   12
    4182   12
    4183   12
    4184   12
    4185    7
    4186    7
    4187   12
    4188   12
    4189   12
    4190    8
    4191   12
    4192   12
    4193   12
    4194   12
    4195   12
    4196   12
    4197   12
    4198    8
    4199    7
    4200    8
    4201   12
    4202   12
    4203   12
    4204    8
    4205    7
    4206   12
    4207   12
    4208    8
    4209    8
    4210    8
    4211   12
    4212   12
    4213   12
    4214   12
    4215   12
    4216   12
    4217   12
    4218   12
    4219   12
    4220   12
    4221   12
    4222   12
    4223   12
    4224   12
    4225   12
    4226   12
    4227   12
    4228   12
    4229   12
    4230   12
    4231   12
    4232   12
    4233   12
    4234   12
    4235   10
    4236   10
    4237   10
    4238   10
    4239   10
    4240   12
    4241   12
    4242   12
    4243    9
    4244    9
    4245   12
    4246   12
    4247   12
    4248   12
    4249   12
    4250   12
    4251   12
    4252   12
    4253   12
    4254   12
    4255   12
    4256   12
    4257   12
    4258   12
    4259   12
    4260   12
    4261   12
    4262   12
    4263   12
    4264   12
    4265   12
    4266   12
    4267   12
    4268   12
    4269   12
    4270   12
    4271   12
    4272   12
    4273   12
    4274   12
    4275   12
    4276   12
    4277   12
    4278   12
    4279   12
    4280   12
    4281   10
    4282   10
    4283   10
    4284   10
    4285   10
    4286   10
    4287   10
    4288   10
    4289   10
    4290   10
    4291   10
    4292   10
    4293   10
    4294   10
    4295   10
    4296   10
    4297   10
    4298   10
    4299   10
    4300    8
    4301   12
    4302   12
    4303    1
    4304    6
    4305    5
    4306    1
    4307    1
    4308    1
    4309    1
    4310    3
    4311    3
    4312    6
    4313   10
    4314   10
    4315   10
    4316   10
    4317   10
    4318   10
    4319   10
    4320   10
    4321   10
    4322   10
    4323   10
    4324   10
    4325   10
    4326   10
    4327   10
    4328   10
    4329   10
    4330   10
    4331   10
    4332   10
    4333   10
    4334   10
    4335   10
    4336   10
    4337   10
    4338   10
    4339    6
    4340    1
    4341    1
    4342    1
    4343    1
    4344    1
    4345   12
    4346    1
    4347   12
    4348   12
    4349   12
    4350   12
    4351   10
    4352   10
    4353   10
    4354   10
    4355   10
    4356   10
    4357   10
    4358   10
    4359   10
    4360   10
    4361   10
    4362   10
    4363   10
    4364   10
    4365   10
    4366   10
    4367   10
    4368   10
    4369   10
    4370   10
    4371   10
    4372   10
    4373   10
    4374   10
    4375   10
    4376   10
    4377   10
    4378   12
    4379   12
    4380   12
    4381   12
    4382   12
    4383   12
    4384   12
    4385   12
    4386   12
    4387   12
    4388   12
    4389   12
    4390   12
    4391   12
    4392   12
    4393   10
    4394   10
    4395   10
    4396   10
    4397   10
    4398   10
    4399   10
    4400   10
    4401   10
    4402   10
    4403   10
    4404   10
    4405   10
    4406   10
    4407   10
    4408   10
    4409   10
    4410   10
    4411   10
    4412   10
    4413   10
    4414   10
    4415   10
    4416   10
    4417   13
    4418   13
    4419   13
    4420   13
    4421   13
    4422   13
    4423   13
    4424   13
    4425   13
    4426   10
    4427   10
    4428   10
    4429   10
    4430   10
    4431   10
    4432   10
    4433   10
    4434   10
    4435   10
    4436   10
    4437   10
    4438   10
    4439   10
    4440   10
    4441   10
    4442   10
    4443   10
    4444   10
    4445   10
    4446   10
    4447   10
    4448   10
    4449   10
    4450   10
    4451   10
    4452   10
    4453   10
    4454   10
    4455   10
    4456   10
    4457   10
    4458   10
    4459   12
    4460   12
    4461   12
    4462   12
    4463   12
    4464   12
    4465   12
    4466   12
    4467    8
    4468   10
    4469   10
    4470   10
    4471   12
    4472   12
    4473   12
    4474   12
    4475   12
    4476   12
    4477   12
    4478   12
    4479   10
    4480   10
    4481   10
    4482   10
    4483   10
    4484   10
    4485   10
    4486   10
    4487   10
    4488   10
    4489   10
    4490   10
    4491   10
    4492   10
    4493   10
    4494   10
    4495   10
    4496   12
    4497   12
    4498   12
    4499   12
    4500   12
    4501   10
    4502   10
    4503   10
    4504   10
    4505   10
    4506   10
    4507   10
    4508   10
    4509   10
    4510   10
    4511   10
    4512   10
    4513   10
    4514   10
    4515   10
    4516   10
    4517   10
    4518   10
    4519   10
    4520   10
    4521   10
    4522   10
    4523   10
    4524   10
    4525   10
    4526   10
    4527   10
    4528   10
    4529   10
    4530   10
    4531   12
    4532    6
    4533    5
    4534    5
    4535    3
    4536    3
    4537    3
    4538    3
    4539    3
    4540    1
    4541    1
    4542    1
    4543   12
    4544   12
    4545   12
    4546   12
    4547   12
    4548   10
    4549   10
    4550   10
    4551   10
    4552   10
    4553   10
    4554   10
    4555   10
    4556   10
    4557   10
    4558   10
    4559   10
    4560   10
    4561   10
    4562   10
    4563   10
    4564   10
    4565   10
    4566   10
    4567   10
    4568   10
    4569   10
    4570   10
    4571   10
    4572   10
    4573   10
    4574   10
    4575   10
    4576   10
    4577   10
    4578   10
    4579   10
    4580   10
    4581   10
    4582   10
    4583   10
    4584   10
    4585   10
    4586   10
    4587   10
    4588   10
    4589   10
    4590   10
    4591   10
    4592   10
    4593   10
    4594   10
    4595   10
    4596   10
    4597   10
    4598   10
    4599   10
    4600   10
    4601   10
    4602   10
    4603   10
    4604   12
    4605   12
    4606   12
    4607    8
    4608    6
    4609    3
    4610    3
    4611    3
    4612    8
    4613    8
    4614    8
    4615   12
    4616   12
    4617   12
    4618    8
    4619    8
    4620    8
    4621   10
    4622   10
    4623   10
    4624   10
    4625   10
    4626   10
    4627   10
    4628    9
    4629   10
    4630   10
    4631   10
    4632   10
    4633   10
    4634   12
    4635   12
    4636   12
    4637   12
    4638   10
    4639   12
    4640   12
    4641   12
    4642   12
    4643   12
    4644    9
    4645   10
    4646   10
    4647   10
    4648   10
    4649   10
    4650   10
    4651   10
    4652   10
    4653   10
    4654   10
    4655   10
    4656   10
    4657   10
    4658   10
    4659   10
    4660   10
    4661   10
    4662   10
    4663   10
    4664   10
    4665   10
    4666   10
    4667   10
    4668   10
    4669   10
    4670   10
    4671   10
    4672   10
    4673   10
    4674   10
    4675   10
    4676   10
    4677   10
    4678   10
    4679   10
    4680   10
    4681   10
    4682   10
    4683   10
    4684   10
    4685   10
    4686   10
    4687   10
    4688   10
    4689   10
    4690   10
    4691   10
    4692   10
    4693   10
    4694   10
    4695   10
    4696   10
    4697   10
    4698   10
    4699   10
    4700   10
    4701   10
    4702   10
    4703   10
    4704   10
    4705   10
    4706   10
    4707   10
    4708   10
    4709   10
    4710   10
    4711   10
    4712   10
    4713   10
    4714   10
    4715   10
    4716   10
    4717   10
    4718   10
    4719   10
    4720   10
    4721   10
    4722   10
    4723   10
    4724   10
    4725   10
    4726    7
    4727   10
    4728   10
    4729   10
    4730   10
    4731   10
    4732   10
    4733   10
    4734   10
    4735   10
    4736   12
    4737    1
    4738    1
    4739    1
    4740    1
    4741    1
    4742    1
    4743    1
    4744    1
    4745    7
    4746    8
    4747   10
    4748   10
    4749   10
    4750    8
    4751    7
    4752   12
    4753   12
    4754   12
    4755   12
    4756   12
    4757   12
    4758   12
    4759    8
    4760    8
    4761   12
    4762   12
    4763   12
    4764   12
    4765   12
    4766   12
    4767   12
    4768   12
    4769   12
    4770   12
    4771   12
    4772   12
    4773   12
    4774   12
    4775   12
    4776   12
    4777   12
    4778    8
    4779   12
    4780   12
    4781   12
    4782   12
    4783    8
    4784   12
    4785   12
    4786   12
    4787   12
    4788   12
    4789   12
    4790    8
    4791    8
    4792   12
    4793   12
    4794   12
    4795    7
    4796   12
    4797   12
    4798   12
    4799   12
    4800    7
    4801    6
    4802    5
    4803    3
    4804    3
    4805    3
    4806    3
    4807    3
    4808    3
    4809    1
    4810    1
    4811    1
    4812   12
    4813   12
    4814    8
    4815    8
    4816    6
    4817    1
    4818    1
    4819    1
    4820    1
    4821    1
    4822    1
    4823    1
    4824    1
    4825    1
    4826    1
    4827    6
    4828    6
    4829    1
    4830    1
    4831    1
    4832   12
    4833   12
    4834   12
    4835    8
    4836    7
    4837    8
    4838   12
    4839    7
    4840    6
    4841    5
    4842    3
    4843    3
    4844    1
    4845    1
    4846    1
    4847    1
    4848    1
    4849    1
    4850    1
    4851    1
    4852    1
    4853    1
    4854    1
    4855    1
    4856    3
    4857    3
    4858    3
    4859    3
    4860    3
    4861    3
    4862    3
    4863    4
    4864    4
    4865    6
    4866    8
    4867   12
    4868   12
    4869    8
    4870   12
    4871    8
    4872    8
    4873    8
    4874   12
    4875   12
    4876   12
    4877   12
    4878    8
    4879    8
    4880    7
    4881   12
    4882   12
    4883    7
    4884    8
    4885   12
    4886   12
    4887   12
    4888   12
    4889    7
    4890    7
    4891    7
    4892    6
    4893   12
    4894   12
    4895   12
    4896   12
    4897   12
    4898    8
    4899    8
    4900    8
    4901   12
    4902   12
    4903   12
    4904   12
    4905   12
    4906   12
    4907   12
    4908   12
    4909    8
    4910    8
    4911   12
    4912   12
    4913   12
    4914   12
    4915   12
    4916   12
    4917   12
    4918   12
    4919    8
    4920   12
    4921   12
    4922   12
    4923   12
    4924   12
    4925   12
    4926    6
    4927    5
    4928    3
    4929    3
    4930    3
    4931    3
    4932    1
    4933    1
    4934   12
    4935    8
    4936   12
    4937   12
    4938   12
    4939   12
    4940   12
    4941   12
    4942   12
    4943   12
    4944   12
    4945   12
    4946   12
    4947   12
    4948   12
    4949   12
    4950    6
    4951    3
    4952    3
    4953    1
    4954    3
    4955    3
    4956    1
    4957    1
    4958   12
    4959    7
    4960   12
    4961   12
    4962   12
    4963   12
    4964   12
    4965   12
    4966   12
    4967   12
    4968   12
    4969   12
    4970   12
    4971   12
    4972    6
    4973    5
    4974    3
    4975    3
    4976    3
    4977    3
    4978    3
    4979    3
    4980    3
    4981    4
    4982    4
    4983    4
    4984    5
    4985    1
    4986    1
    4987    1
    4988    1
    4989    1
    4990    1
    4991    1
    4992    3
    4993    1
    4994    1
    4995    6
    4996    5
    4997    3
    4998    1
    4999    1
    5000   12
