       1   10
       2   10
       3   10
       4   10
       5    9
       6    9
       7   10
       8   10
       9   10
      10   10
      11    8
      12    9
      13   10
      14   10
      15   10
      16   10
      17   12
      18   12
      19   12
      20   12
      21   12
      22   12
      23   12
      24   12
      25   12
      26   12
      27   12
      28   12
      29   12
      30   12
      31   12
      32   12
      33   12
      34   12
      35   12
      36   12
      37   12
      38   10
      39   10
      40   10
      41   10
      42   10
      43   10
      44   10
      45   10
      46   10
      47   10
      48   10
      49   10
      50   10
      51   13
      52   13
      53   13
      54   13
      55   13
      56   13
      57   13
      58   13
      59   13
      60   13
      61   13
      62   13
      63   13
      64   13
      65   13
      66   13
      67   13
      68   13
      69   13
      70   13
      71   13
      72   13
      73   13
      74   13
      75   13
      76   13
      77   13
      78   13
      79   13
      80   13
      81   13
      82   13
      83   13
      84   13
      85   13
      86   13
      87   13
      88   13
      89   13
      90   13
      91   13
      92   13
      93   13
      94   13
      95   13
      96   13
      97   13
      98   13
      99   13
     100   13
     101   13
     102   13
     103   13
     104   13
     105   13
     106   13
     107   13
     108   13
     109   13
     110   13
     111   13
     112   13
     113   13
     114   13
     115   13
     116   13
     117   13
     118   13
     119   13
     120   13
     121   13
     122   13
     123   13
     124   13
     125   13
     126   13
     127   13
     128   13
     129   13
     130   13
     131   13
     132   13
     133   13
     134   13
     135   13
     136   13
     137   13
     138   13
     139   13
     140   13
     141   13
     142   13
     143   13
     144   13
     145   13
     146   13
     147   13
     148   10
     149   10
     150   13
     151   13
     152   13
     153   13
     154   13
     155   13
     156   13
     157   13
     158   13
     159   13
     160   13
     161   13
     162   13
     163   13
     164   13
     165   13
     166   10
     167   10
     168   10
     169   10
     170   10
     171   10
     172   10
     173   12
     174    8
     175    8
     176    7
     177   12
     178   12
     179   12
     180   12
     181   12
     182    8
     183   12
     184   12
     185   12
     186   12
     187    8
     188    8
     189   12
     190   10
     191   12
     192    9
     193    9
     194   11
     195   11
     196   11
     197   10
     198   10
     199   10
     200   10
     201   10
     202   10
     203   10
     204   10
     205   10
     206   10
     207   10
     208   10
     209   10
     210   10
     211   10
     212   10
     213   10
     214   10
     215   10
     216   10
     217   10
     218   10
     219   10
     220   10
     221   10
     222   10
     223   10
     224   10
     225   10
     226   10
     227   10
     228   10
     229   10
     230   10
     231   10
     232   10
     233   10
     234   10
     235   10
     236   10
     237   10
     238   10
     239   10
     240   10
     241   10
     242   10
     243   10
     244   10
     245   10
     246   10
     247   10
     248   10
     249   10
     250   10
     251   10
     252   10
     253   10
     254   10
     255   10
     256   10
     257   10
     258   10
     259   10
     260   10
     261   10
     262   10
     263   10
     264   10
     265    8
     266   10
     267   10
     268   10
     269   10
     270   10
     271   10
     272   10
     273   10
     274   10
     275   12
     276   12
     277   12
     278   12
     279   12
     280   12
     281   12
     282   12
     283   12
     284   12
     285    6
     286    6
     287    6
     288    5
     289    3
     290    6
     291    5
     292    4
     293    5
     294    5
     295    5
     296    3
     297    3
     298    3
     299    1
     300    1
     301    1
     302    1
     303    1
     304    1
     305    3
     306    5
     307   12
     308   12
     309   12
     310   12
     311    8
     312    6
     313    7
     314    8
     315   12
     316   12
     317   12
     318    6
     319    6
     320    6
     321    5
     322    5
     323    6
     324    4
     325    4
     326    4
     327    4
     328    4
     329    5
     330    3
     331    3
     332    3
     333    4
     334    4
     335    5
     336    5
     337    4
     338    5
     339    3
     340    3
     341    5
     342    1
     343    1
     344    1
     345    1
     346    1
     347    1
     348    1
     349    1
     350    1
     351    1
     352    1
     353    1
     354    1
     355    1
     356   12
     357   12
     358    8
     359    8
     360   12
     361    8
     362    8
     363    7
     364    6
     365    7
     366    8
     367    7
     368    7
     369   12
     370    8
     371    7
     372    7
     373    8
     374   12
     375    8
     376    8
     377    8
     378    7
     379   12
     380   12
     381    8
     382    7
     383    8
     384   12
     385    8
     386    8
     387    8
     388   12
     389   12
     390   12
     391   12
     392   12
     393    8
     394   12
     395   12
     396    8
     397   12
     398   12
     399   12
     400   12
     401    7
     402    6
     403    4
     404    4
     405    4
     406    4
     407    6
     408    5
     409    2
     410    7
     411    8
     412    8
     413   12
     414   12
     415   12
     416   12
     417   12
     418   12
     419   12
     420   12
     421   12
     422   12
     423   12
     424   12
     425   12
     426   12
     427   12
     428   12
     429   12
     430   12
     431   12
     432   12
     433   12
     434    8
     435    8
     436   12
     437   12
     438   12
     439   12
     440   12
     441   12
     442   12
     443   12
     444   12
     445   12
     446   12
     447   12
     448   12
     449   12
     450   12
     451   12
     452   12
     453   12
     454   12
     455    8
     456   12
     457   12
     458   12
     459   12
     460   13
     461   13
     462   13
     463   13
     464   13
     465   13
     466   13
     467   13
     468   13
     469   13
     470   13
     471   13
     472   12
     473   12
     474   12
     475   12
     476    8
     477   12
     478   12
     479   12
     480   12
     481   12
     482   12
     483   12
     484   12
     485   12
     486   12
     487   12
     488   12
     489   12
     490   12
     491   12
     492   12
     493   12
     494   12
     495   12
     496   12
     497   12
     498   12
     499   12
     500   12
     501   12
     502   12
     503   12
     504   12
     505   12
     506   12
     507   12
     508   12
     509    8
     510   12
     511   12
     512   12
     513   12
     514   12
     515   12
     516    8
     517    8
     518   12
     519   12
     520   12
     521    7
     522    5
     523    4
     524    6
     525    6
     526   10
     527   10
     528   10
     529   10
     530   10
     531   10
     532   10
     533   10
     534   10
     535   10
     536   10
     537   10
     538    8
     539   12
     540   12
     541   12
     542   12
     543   12
     544   12
     545   12
     546   12
     547   12
     548   12
     549   12
     550    8
     551   12
     552   12
     553   12
     554   12
     555   10
     556   12
     557   12
     558   12
     559   10
     560   10
     561   12
     562    8
     563   12
     564   12
     565   12
     566   10
     567   10
     568   10
     569   10
     570   13
     571   13
     572   13
     573   13
     574   13
     575   13
     576   13
     577   13
     578   13
     579   13
     580   13
     581   13
     582   13
     583   13
     584   13
     585   13
     586   13
     587   13
     588   13
     589   13
     590   13
     591   13
     592   13
     593   13
     594   13
     595   13
     596   13
     597   13
     598   13
     599   13
     600   13
     601   13
     602   13
     603   13
     604   13
     605   13
     606   13
     607   13
     608   13
     609   13
     610   13
     611   13
     612   13
     613   13
     614   13
     615   13
     616   13
     617   13
     618   13
     619   13
     620   13
     621   13
     622   13
     623   13
     624   13
     625   13
     626   13
     627   13
     628   13
     629   10
     630   10
     631   10
     632   10
     633   13
     634   13
     635   13
     636   13
     637   13
     638   13
     639   13
     640   13
     641   13
     642   13
     643   13
     644   13
     645   13
     646   13
     647   13
     648   13
     649   13
     650   13
     651   13
     652   13
     653   13
     654   13
     655   13
     656   13
     657   13
     658   13
     659   13
     660   13
     661   13
     662   13
     663   13
     664   13
     665   13
     666   13
     667   13
     668   13
     669   13
     670   13
     671   13
     672   13
     673   13
     674   13
     675   13
     676   13
     677   13
     678   13
     679   13
     680   13
     681   13
     682   13
     683   13
     684   13
     685   13
     686   13
     687   13
     688   13
     689   13
     690   13
     691   13
     692   13
     693   13
     694   13
     695   13
     696   13
     697   13
     698   13
     699   13
     700   13
     701   13
     702   13
     703   13
     704   13
     705   13
     706   13
     707   13
     708   13
     709   13
     710   13
     711   13
     712   13
     713   13
     714   13
     715   13
     716   13
     717   13
     718   13
     719   13
     720   13
     721   13
     722   13
     723   13
     724   13
     725   13
     726   13
     727   13
     728   13
     729   13
     730   13
     731   13
     732   13
     733   13
     734   13
     735   13
     736   13
     737   13
     738   13
     739   13
     740   13
     741   13
     742   13
     743   13
     744   13
     745   13
     746   13
     747   13
     748   13
     749   13
     750   13
     751   13
     752   13
     753   13
     754   13
     755   13
     756   13
     757   13
     758   13
     759   13
     760    8
     761    8
     762   12
     763   12
     764   12
     765   12
     766   12
     767   12
     768   12
     769   12
     770   12
     771   12
     772   12
     773   12
     774   12
     775   12
     776   12
     777   12
     778   12
     779   12
     780   12
     781   12
     782   12
     783   12
     784    7
     785    1
     786    1
     787    1
     788    3
     789    5
     790    6
     791   12
     792   10
     793   10
     794   10
     795   10
     796   10
     797   10
     798   10
     799   10
     800   10
     801   10
     802   10
     803   10
     804   10
     805   10
     806   10
     807   10
     808   10
     809   10
     810   10
     811   10
     812   10
     813   10
     814   10
     815    9
     816    6
     817    5
     818    3
     819    3
     820    2
     821    2
     822    5
     823    3
     824    3
     825    3
     826    1
     827    8
     828   12
     829   12
     830   12
     831   12
     832   12
     833   12
     834   12
     835   12
     836   12
     837   12
     838   12
     839   12
     840   12
     841   12
     842   12
     843   12
     844   12
     845   12
     846   12
     847   12
     848    8
     849   12
     850    7
     851   12
     852   12
     853   12
     854   12
     855   12
     856   12
     857   12
     858   12
     859   12
     860    8
     861   12
     862    7
     863   12
     864   12
     865   12
     866    8
     867   12
     868   10
     869   10
     870   10
     871   13
     872   13
     873   13
     874   13
     875   13
     876   13
     877   13
     878   13
     879   13
     880   13
     881   13
     882   13
     883   13
     884   13
     885   13
     886   13
     887   13
     888   13
     889   13
     890   13
     891   13
     892   13
     893   13
     894   13
     895   13
     896   13
     897   13
     898   13
     899   13
     900   13
     901   13
     902   13
     903   13
     904   13
     905   13
     906   13
     907   13
     908   13
     909   10
     910   10
     911   10
     912   13
     913   13
     914   13
     915   13
     916   13
     917   13
     918   13
     919   13
     920   13
     921   13
     922   13
     923   13
     924   13
     925   13
     926   13
     927   13
     928   13
     929   13
     930   10
     931    8
     932    7
     933    8
     934    8
     935   12
     936    8
     937   12
     938   12
     939   12
     940   12
     941   15
     942   12
     943   12
     944   12
     945   12
     946   12
     947   12
     948   12
     949   12
     950    8
     951   12
     952   12
     953   12
     954   12
     955   12
     956   12
     957   12
     958   13
     959   13
     960   13
     961   13
     962   13
     963   13
     964   13
     965   13
     966   13
     967   13
     968   13
     969   13
     970   13
     971   13
     972   13
     973   13
     974   13
     975   13
     976   13
     977   13
     978   13
     979   13
     980   13
     981   13
     982   13
     983   13
     984   13
     985   13
     986   13
     987   13
     988   13
     989   13
     990   13
     991   13
     992   13
     993   13
     994   13
     995   13
     996   13
     997   13
     998   13
     999   13
    1000   13
    1001   13
    1002   13
    1003   13
    1004   13
    1005   13
    1006   13
    1007   13
    1008   13
    1009   13
    1010   13
    1011   13
    1012   13
    1013   13
    1014   13
    1015   13
    1016   13
    1017   13
    1018   13
    1019   13
    1020   13
    1021   13
    1022   13
    1023   13
    1024   13
    1025   13
    1026   13
    1027   13
    1028   13
    1029   13
    1030   13
    1031   13
    1032   13
    1033   13
    1034   15
    1035   15
    1036   15
    1037   15
    1038   12
    1039   12
    1040   12
    1041    8
    1042   12
    1043   12
    1044   12
    1045   12
    1046   12
    1047   12
    1048   12
    1049   12
    1050   12
    1051   10
    1052   10
    1053   10
    1054   10
    1055   10
    1056   10
    1057   10
    1058   10
    1059   10
    1060   10
    1061   10
    1062   10
    1063   10
    1064   10
    1065   10
    1066   10
    1067   12
    1068   12
    1069   12
    1070   12
    1071   12
    1072   12
    1073   10
    1074   12
    1075   12
    1076   12
    1077   12
    1078   12
    1079   10
    1080   12
    1081   12
    1082    8
    1083   12
    1084   10
    1085   10
    1086   10
    1087   10
    1088   12
    1089   12
    1090   12
    1091   12
    1092   12
    1093   12
    1094   12
    1095   12
    1096    8
    1097    7
    1098    6
    1099    9
    1100   12
    1101   12
    1102   12
    1103   12
    1104   12
    1105   12
    1106   12
    1107   12
    1108    7
    1109    7
    1110   12
    1111   12
    1112   12
    1113   12
    1114   12
    1115   12
    1116   12
    1117   12
    1118   12
    1119   12
    1120   12
    1121    7
    1122    8
    1123   15
    1124   15
    1125   15
    1126   15
    1127   15
    1128   15
    1129   15
    1130   15
    1131   15
    1132   15
    1133    6
    1134    7
    1135   15
    1136   15
    1137   15
    1138   15
    1139   15
    1140    8
    1141    7
    1142    6
    1143   15
    1144   15
    1145    8
    1146    8
    1147   15
    1148   12
    1149   12
    1150    8
    1151    8
    1152   15
    1153   15
    1154    8
    1155    7
    1156   15
    1157   15
    1158   15
    1159   15
    1160   15
    1161   15
    1162   15
    1163   15
    1164   15
    1165    7
    1166   12
    1167   13
    1168   13
    1169   13
    1170   13
    1171   13
    1172   13
    1173   13
    1174   13
    1175   13
    1176   13
    1177   13
    1178   13
    1179   13
    1180   13
    1181   13
    1182   13
    1183   13
    1184   13
    1185   13
    1186   13
    1187   13
    1188   13
    1189   13
    1190   13
    1191   13
    1192   13
    1193   13
    1194   13
    1195   13
    1196   13
    1197   13
    1198   13
    1199   13
    1200   13
    1201   13
    1202   13
    1203   13
    1204   13
    1205   10
    1206   10
    1207   10
    1208   10
    1209   10
    1210   10
    1211   10
    1212   10
    1213   10
    1214   10
    1215   10
    1216   10
    1217   10
    1218   10
    1219   10
    1220   10
    1221   10
    1222   10
    1223   10
    1224   10
    1225   10
    1226   10
    1227   10
    1228   13
    1229   13
    1230   13
    1231   13
    1232   13
    1233   13
    1234   13
    1235   10
    1236   10
    1237   10
    1238   13
    1239   13
    1240   13
    1241   13
    1242   13
    1243   13
    1244   13
    1245   13
    1246   13
    1247   13
    1248   13
    1249   13
    1250   13
    1251   13
    1252   13
    1253   13
    1254   13
    1255   13
    1256   13
    1257   13
    1258   13
    1259   13
    1260   13
    1261   13
    1262   13
    1263   10
    1264   10
    1265   10
    1266   10
    1267   10
    1268   13
    1269   13
    1270   13
    1271   13
    1272   10
    1273   10
    1274   10
    1275   10
    1276   10
    1277   10
    1278   10
    1279   10
    1280   10
    1281   10
    1282   10
    1283   10
    1284   10
    1285   10
    1286   10
    1287   10
    1288   10
    1289   10
    1290   10
    1291   10
    1292   10
    1293   10
    1294   10
    1295   12
    1296   12
    1297   12
    1298   12
    1299   12
    1300   12
    1301    1
    1302    1
    1303    1
    1304    1
    1305    1
    1306    1
    1307    1
    1308    3
    1309    6
    1310    8
    1311    6
    1312    4
    1313    4
    1314    3
    1315    1
    1316    1
    1317    1
    1318    1
    1319    1
    1320    1
    1321    1
    1322    1
    1323    1
    1324    1
    1325    1
    1326    1
    1327    1
    1328    1
    1329    1
    1330    3
    1331    5
    1332    5
    1333    5
    1334    5
    1335    3
    1336    1
    1337    3
    1338    3
    1339    5
    1340    6
    1341    5
    1342    6
    1343    3
    1344    3
    1345    3
    1346    3
    1347    3
    1348    5
    1349    6
    1350    6
    1351    7
    1352   12
    1353    8
    1354   12
    1355   12
    1356   12
    1357   12
    1358    7
    1359   14
    1360   14
    1361   14
    1362   14
    1363   14
    1364   14
    1365   14
    1366   14
    1367   14
    1368   14
    1369   14
    1370   14
    1371    6
    1372    6
    1373    8
    1374    8
    1375   12
    1376   12
    1377   12
    1378    7
    1379    7
    1380    8
    1381   12
    1382   12
    1383    8
    1384    7
    1385    7
    1386    8
    1387   12
    1388    8
    1389    8
    1390   12
    1391   12
    1392   12
    1393   12
    1394   12
    1395   12
    1396   12
    1397   12
    1398    8
    1399   10
    1400   10
    1401   10
    1402   10
    1403   10
    1404    8
    1405    7
    1406    8
    1407    7
    1408   10
    1409   10
    1410   10
    1411   10
    1412   10
    1413   10
    1414   10
    1415   10
    1416   10
    1417    9
    1418   10
    1419   10
    1420   10
    1421   10
    1422   10
    1423   10
    1424   10
    1425   10
    1426   10
    1427   10
    1428   13
    1429   13
    1430   13
    1431   13
    1432   14
    1433   14
    1434   14
    1435    8
    1436   10
    1437   10
    1438   10
    1439   10
    1440   10
    1441   10
    1442   10
    1443   10
    1444   10
    1445   10
    1446   10
    1447   10
    1448   10
    1449   10
    1450   10
    1451   10
    1452   10
    1453   10
    1454   10
    1455   10
    1456   10
    1457   10
    1458   10
    1459    8
    1460    8
    1461   12
    1462   12
    1463   12
    1464   12
    1465   12
    1466   12
    1467   12
    1468    6
    1469    6
    1470    9
    1471    8
    1472   12
    1473   12
    1474   12
    1475   12
    1476   12
    1477   12
    1478   12
    1479    7
    1480    8
    1481   12
    1482   12
    1483    7
    1484    8
    1485    8
    1486    8
    1487    8
    1488    8
    1489    7
    1490    8
    1491    8
    1492    8
    1493   12
    1494   12
    1495   12
    1496   12
    1497   12
    1498   12
    1499   12
    1500    1
    1501    1
    1502   12
    1503    8
    1504    6
    1505    6
    1506   12
    1507   12
    1508   12
    1509    3
    1510    3
    1511    3
    1512    5
    1513    5
    1514    5
    1515    6
    1516    6
    1517    5
    1518    6
    1519   12
    1520   12
    1521   12
    1522   12
    1523   12
    1524    7
    1525    7
    1526   12
    1527   12
    1528   12
    1529   12
    1530   12
    1531   12
    1532   12
    1533   12
    1534   12
    1535   12
    1536   12
    1537    7
    1538    8
    1539    8
    1540    1
    1541    1
    1542    1
    1543   12
    1544   12
    1545   12
    1546   12
    1547   12
    1548   12
    1549   12
    1550   12
    1551   12
    1552   12
    1553   12
    1554   12
    1555   12
    1556    7
    1557   12
    1558   12
    1559   12
    1560   12
    1561   12
    1562   12
    1563   12
    1564   12
    1565   12
    1566    6
    1567    6
    1568   12
    1569   12
    1570   12
    1571   10
    1572   10
    1573   10
    1574    9
    1575    9
    1576   10
    1577   10
    1578   10
    1579   10
    1580   10
    1581   10
    1582   10
    1583   10
    1584   10
    1585   10
    1586   10
    1587   10
    1588    9
    1589   12
    1590    1
    1591    1
    1592    1
    1593    1
    1594    6
    1595    6
    1596    3
    1597    1
    1598    1
    1599    1
    1600    1
    1601    1
    1602    1
    1603    1
    1604    1
    1605    1
    1606    1
    1607    1
    1608    1
    1609    1
    1610    1
    1611    1
    1612    1
    1613    1
    1614    1
    1615    1
    1616    1
    1617    1
    1618    1
    1619    1
    1620    1
    1621    1
    1622    1
    1623    1
    1624    1
    1625    1
    1626    1
    1627    1
    1628    1
    1629    1
    1630    1
    1631    1
    1632    1
    1633    1
    1634    1
    1635    1
    1636    1
    1637    1
    1638    1
    1639    1
    1640    1
    1641    1
    1642    1
    1643    1
    1644    1
    1645    3
    1646    4
    1647    4
    1648    3
    1649    3
    1650    5
    1651    6
    1652   12
    1653   12
    1654   12
    1655   12
    1656   12
    1657   10
    1658   10
    1659   10
    1660   10
    1661    9
    1662   10
    1663   10
    1664   10
    1665   10
    1666   10
    1667   10
    1668   10
    1669    9
    1670   10
    1671   10
    1672   10
    1673   10
    1674   10
    1675   10
    1676   10
    1677   10
    1678   10
    1679   12
    1680    8
    1681   12
    1682   12
    1683    7
    1684   12
    1685   10
    1686   10
    1687   10
    1688   10
    1689   10
    1690   10
    1691   10
    1692   10
    1693   10
    1694   10
    1695   10
    1696   10
    1697   10
    1698    8
    1699   12
    1700   12
    1701   12
    1702   12
    1703    8
    1704   10
    1705   10
    1706   10
    1707    8
    1708   12
    1709   12
    1710   12
    1711   12
    1712   12
    1713   10
    1714   10
    1715   10
    1716   10
    1717   10
    1718   10
    1719   10
    1720   10
    1721   10
    1722   10
    1723   10
    1724   10
    1725   10
    1726   10
    1727   10
    1728   10
    1729   10
    1730   10
    1731   10
    1732   10
    1733   10
    1734   10
    1735   10
    1736   10
    1737   10
    1738   10
    1739   10
    1740   10
    1741   10
    1742   10
    1743   10
    1744   10
    1745   10
    1746    8
    1747    8
    1748    8
    1749   12
    1750   12
    1751   12
    1752   12
    1753   10
    1754   12
    1755   12
    1756   12
    1757   12
    1758   10
    1759   10
    1760   10
    1761   10
    1762   10
    1763   10
    1764   10
    1765   10
    1766   10
    1767   10
    1768   10
    1769   10
    1770   10
    1771   10
    1772   10
    1773   10
    1774   10
    1775   12
    1776    8
    1777   12
    1778   12
    1779   10
    1780   10
    1781   10
    1782   10
    1783   10
    1784   10
    1785   10
    1786   10
    1787   10
    1788   10
    1789   10
    1790   13
    1791   13
    1792   13
    1793   13
    1794   13
    1795   13
    1796   13
    1797   13
    1798   13
    1799   13
    1800   13
    1801   13
    1802   13
    1803   13
    1804   13
    1805   13
    1806   13
    1807   13
    1808   13
    1809   13
    1810   13
    1811   13
    1812   13
    1813   13
    1814   13
    1815   13
    1816   13
    1817   13
    1818   13
    1819   13
    1820   13
    1821   13
    1822   13
    1823   13
    1824   13
    1825   13
    1826   13
    1827   13
    1828   13
    1829   13
    1830   13
    1831   13
    1832   13
    1833   13
    1834   13
    1835   13
    1836   13
    1837   13
    1838   13
    1839   13
    1840   13
    1841   13
    1842   13
    1843   13
    1844   13
    1845   13
    1846   13
    1847   10
    1848   10
    1849   10
    1850   13
    1851   13
    1852   13
    1853   13
    1854   13
    1855   13
    1856   13
    1857   13
    1858   13
    1859   13
    1860   13
    1861   13
    1862   13
    1863   13
    1864   13
    1865   13
    1866   13
    1867   13
    1868   13
    1869   13
    1870   13
    1871   13
    1872   13
    1873   13
    1874   13
    1875   13
    1876   13
    1877   13
    1878   13
    1879   13
    1880   13
    1881   13
    1882   13
    1883   13
    1884   13
    1885   13
    1886   13
    1887   13
    1888   13
    1889   13
    1890   13
    1891   13
    1892   13
    1893   13
    1894   13
    1895   13
    1896   13
    1897   13
    1898   13
    1899   13
    1900   13
    1901   13
    1902   13
    1903   13
    1904   13
    1905   13
    1906   13
    1907   13
    1908   13
    1909   13
    1910   13
    1911   13
    1912   13
    1913   13
    1914   13
    1915   13
    1916   13
    1917   13
    1918   13
    1919   13
    1920   13
    1921   13
    1922   13
    1923   13
    1924   13
    1925   13
    1926   13
    1927   13
    1928   13
    1929   13
    1930   13
    1931   13
    1932   13
    1933   13
    1934   13
    1935   13
    1936   13
    1937   13
    1938   13
    1939   13
    1940   13
    1941   13
    1942   13
    1943   13
    1944   13
    1945   13
    1946   13
    1947   13
    1948   13
    1949   13
    1950   13
    1951   13
    1952   13
    1953   13
    1954   13
    1955   13
    1956   13
    1957   13
    1958   13
    1959   13
    1960   13
    1961   13
    1962   13
    1963   13
    1964   13
    1965   13
    1966   13
    1967   13
    1968   13
    1969   13
    1970   13
    1971   13
    1972   13
    1973   13
    1974   13
    1975   13
    1976   13
    1977   13
    1978   13
    1979   13
    1980   13
    1981   13
    1982   13
    1983   13
    1984   13
    1985   13
    1986   13
    1987   13
    1988   13
    1989   13
    1990   13
    1991   13
    1992   13
    1993   13
    1994   13
    1995   13
    1996   13
    1997   13
    1998   13
    1999   13
    2000   13
    2001   13
    2002   13
    2003   13
    2004   13
    2005   13
    2006   13
    2007   13
    2008   13
    2009   13
    2010   13
    2011   13
    2012   13
    2013   13
    2014   13
    2015   13
    2016   13
    2017   13
    2018   13
    2019   13
    2020   13
    2021   13
    2022   13
    2023   13
    2024   13
    2025   13
    2026   13
    2027   13
    2028   13
    2029   13
    2030   13
    2031   13
    2032   13
    2033   13
    2034   13
    2035   13
    2036   13
    2037   13
    2038   13
    2039   13
    2040   13
    2041   13
    2042   13
    2043   13
    2044   13
    2045   13
    2046   13
    2047   13
    2048   13
    2049   13
    2050   13
    2051   13
    2052   13
    2053   13
    2054   13
    2055   13
    2056   13
    2057   13
    2058   13
    2059   13
    2060   13
    2061   13
    2062   13
    2063   13
    2064   13
    2065   13
    2066   13
    2067   13
    2068   13
    2069   13
    2070   13
    2071   13
    2072   13
    2073   13
    2074   10
    2075   10
    2076   10
    2077   10
    2078   10
    2079   10
    2080   10
    2081   10
    2082   10
    2083   10
    2084   10
    2085   10
    2086   10
    2087   10
    2088   10
    2089   10
    2090   10
    2091   10
    2092   10
    2093   10
    2094   10
    2095   10
    2096   10
    2097   10
    2098   10
    2099   10
    2100   10
    2101   10
    2102   10
    2103   10
    2104   10
    2105   10
    2106   10
    2107   10
    2108   10
    2109   10
    2110   10
    2111   10
    2112   10
    2113   12
    2114   12
    2115   12
    2116    8
    2117    7
    2118   12
    2119   12
    2120    9
    2121   12
    2122   12
    2123   12
    2124   12
    2125   12
    2126    4
    2127    1
    2128    1
    2129    1
    2130    7
    2131    1
    2132    1
    2133    3
    2134    6
    2135    5
    2136    4
    2137    4
    2138    4
    2139    4
    2140    4
    2141    4
    2142    3
    2143    5
    2144    6
    2145    6
    2146    6
    2147    4
    2148    6
    2149    6
    2150   12
    2151   12
    2152   12
    2153   12
    2154   12
    2155   12
    2156   12
    2157   12
    2158   12
    2159   12
    2160   12
    2161   12
    2162   12
    2163   12
    2164   12
    2165   12
    2166   12
    2167   12
    2168   12
    2169    8
    2170    8
    2171    8
    2172   12
    2173   12
    2174   12
    2175    8
    2176   12
    2177   12
    2178    8
    2179   12
    2180   12
    2181    7
    2182   12
    2183   12
    2184   12
    2185    7
    2186   12
    2187   12
    2188   12
    2189    8
    2190   12
    2191   12
    2192   12
    2193   12
    2194   10
    2195   10
    2196    9
    2197   10
    2198   10
    2199   10
    2200    8
    2201   12
    2202   12
    2203   12
    2204    1
    2205    1
    2206    1
    2207    1
    2208    5
    2209    1
    2210    1
    2211   12
    2212    7
    2213    6
    2214    5
    2215    1
    2216    1
    2217    1
    2218    3
    2219    3
    2220    1
    2221    1
    2222    1
    2223    1
    2224    1
    2225    6
    2226    6
    2227    4
    2228    4
    2229    4
    2230    4
    2231    5
    2232    4
    2233    4
    2234    4
    2235    4
    2236    4
    2237    3
    2238    1
    2239    3
    2240    3
    2241    1
    2242    4
    2243    4
    2244    4
    2245    5
    2246    4
    2247    4
    2248    5
    2249    5
    2250    4
    2251    4
    2252    4
    2253    4
    2254    3
    2255    6
    2256    5
    2257    6
    2258    6
    2259    3
    2260    3
    2261    5
    2262    6
    2263    6
    2264   10
    2265   10
    2266   10
    2267   10
    2268   12
    2269   12
    2270   12
    2271   12
    2272    8
    2273   12
    2274   12
    2275   12
    2276   12
    2277   12
    2278   12
    2279   12
    2280   12
    2281   12
    2282   12
    2283   12
    2284   12
    2285    7
    2286   12
    2287    8
    2288   12
    2289    8
    2290    7
    2291    8
    2292   12
    2293   12
    2294   12
    2295   12
    2296   12
    2297    1
    2298    1
    2299    3
    2300    5
    2301    5
    2302    5
    2303    6
    2304    7
    2305    7
    2306    8
    2307    8
    2308   12
    2309   12
    2310    1
    2311    1
    2312    5
    2313    1
    2314    1
    2315    5
    2316    7
    2317    8
    2318   12
    2319   12
    2320   12
    2321   12
    2322   12
    2323   10
    2324   10
    2325   10
    2326   13
    2327   13
    2328   13
    2329   13
    2330   13
    2331   13
    2332   13
    2333   13
    2334   13
    2335   13
    2336   13
    2337   13
    2338   13
    2339   13
    2340   13
    2341   13
    2342   13
    2343   13
    2344   13
    2345   13
    2346   13
    2347   10
    2348   10
    2349   10
    2350   10
    2351   12
    2352   12
    2353   12
    2354   12
    2355   13
    2356   12
    2357   13
    2358   13
    2359   13
    2360   13
    2361   13
    2362   13
    2363   13
    2364   13
    2365   13
    2366   13
    2367   13
    2368   13
    2369   10
    2370   10
    2371   13
    2372   13
    2373   13
    2374   13
    2375   13
    2376   13
    2377   13
    2378   13
    2379   13
    2380   13
    2381   13
    2382   13
    2383   13
    2384   10
    2385   10
    2386   10
    2387   10
    2388   10
    2389   10
    2390   10
    2391   10
    2392   10
    2393    8
    2394   10
    2395   10
    2396   10
    2397   10
    2398   10
    2399   10
    2400   10
    2401   10
    2402   10
    2403   10
    2404   10
    2405   10
    2406   10
    2407   10
    2408   10
    2409   10
    2410   10
    2411   10
    2412   10
    2413   10
    2414   10
    2415   10
    2416   10
    2417   10
    2418   10
    2419   10
    2420   10
    2421   10
    2422   10
    2423   10
    2424   10
    2425   10
    2426   10
    2427   10
    2428   10
    2429   10
    2430   10
    2431    8
    2432   12
    2433    8
    2434    7
    2435    8
    2436   10
    2437   10
    2438   10
    2439   10
    2440   10
    2441   10
    2442   10
    2443   10
    2444   10
    2445   10
    2446   10
    2447   10
    2448   10
    2449   10
    2450   10
    2451   10
    2452   10
    2453   10
    2454   10
    2455   10
    2456   10
    2457   12
    2458   12
    2459   12
    2460   12
    2461   12
    2462   12
    2463   12
    2464   10
    2465   10
    2466   10
    2467   10
    2468   10
    2469   10
    2470   13
    2471   13
    2472   13
    2473   13
    2474   13
    2475   13
    2476   13
    2477   13
    2478   13
    2479   13
    2480   13
    2481   13
    2482   13
    2483   13
    2484   13
    2485   13
    2486   13
    2487   13
    2488   13
    2489   10
    2490   10
    2491   10
    2492   10
    2493   10
    2494   10
    2495   10
    2496   10
    2497   10
    2498   10
    2499   10
    2500   10
    2501   10
    2502   10
    2503   10
    2504   10
    2505   10
    2506   10
    2507   10
    2508   10
    2509   10
    2510   10
    2511   10
    2512   10
    2513   10
    2514   10
    2515   10
    2516   10
    2517   10
    2518   10
    2519   10
    2520   10
    2521   10
    2522   10
    2523   10
    2524   10
    2525   10
    2526   10
    2527   10
    2528   10
    2529   10
    2530   10
    2531   10
    2532   10
    2533   10
    2534   10
    2535   10
    2536   10
    2537   10
    2538   10
    2539   10
    2540   10
    2541   10
    2542   10
    2543   10
    2544   10
    2545   10
    2546   10
    2547   12
    2548    6
    2549    6
    2550    6
    2551    6
    2552    6
    2553    5
    2554    6
    2555    6
    2556    3
    2557    4
    2558    4
    2559    4
    2560    3
    2561    5
    2562    1
    2563    1
    2564    3
    2565    1
    2566    5
    2567    5
    2568    4
    2569    4
    2570    4
    2571    5
    2572    4
    2573    4
    2574    1
    2575    1
    2576    1
    2577    8
    2578   12
    2579   12
    2580   12
    2581    8
    2582    6
    2583    6
    2584   12
    2585   12
    2586   12
    2587   12
    2588   12
    2589   12
    2590   12
    2591   12
    2592   12
    2593   12
    2594   12
    2595   12
    2596   12
    2597    8
    2598   12
    2599   12
    2600   12
    2601   12
    2602   12
    2603    8
    2604    8
    2605   12
    2606   12
    2607   12
    2608   12
    2609   12
    2610   12
    2611   12
    2612   12
    2613    8
    2614   12
    2615   12
    2616   12
    2617    7
    2618   12
    2619   12
    2620   12
    2621   12
    2622   12
    2623   12
    2624   12
    2625   10
    2626   10
    2627   10
    2628   10
    2629   10
    2630   10
    2631   10
    2632   10
    2633   10
    2634   10
    2635   10
    2636   10
    2637   10
    2638   10
    2639   10
    2640   10
    2641   10
    2642   10
    2643   10
    2644   10
    2645   10
    2646   10
    2647   10
    2648   10
    2649   10
    2650   10
    2651   10
    2652   10
    2653   10
    2654   10
    2655   10
    2656   13
    2657   13
    2658   13
    2659   13
    2660   13
    2661   13
    2662   13
    2663   13
    2664   13
    2665   10
    2666   10
    2667   13
    2668   13
    2669   13
    2670   13
    2671   13
    2672   13
    2673   13
    2674   13
    2675   13
    2676   13
    2677   13
    2678   13
    2679   13
    2680   13
    2681   10
    2682   10
    2683   10
    2684   10
    2685   10
    2686   10
    2687   10
    2688   10
    2689    9
    2690   10
    2691   10
    2692   10
    2693   10
    2694   10
    2695   10
    2696   10
    2697   10
    2698   10
    2699   10
    2700   10
    2701   10
    2702   10
    2703   10
    2704   10
    2705   10
    2706   10
    2707   10
    2708   10
    2709   10
    2710   10
    2711   10
    2712   10
    2713   10
    2714   10
    2715   10
    2716   10
    2717   13
    2718   13
    2719   13
    2720   13
    2721   13
    2722   13
    2723   13
    2724   13
    2725   13
    2726   10
    2727   10
    2728   10
    2729   10
    2730   10
    2731   10
    2732   10
    2733   10
    2734   10
    2735   10
    2736   10
    2737   10
    2738   10
    2739   10
    2740   10
    2741   10
    2742   10
    2743   10
    2744   10
    2745   10
    2746   10
    2747   10
    2748   10
    2749   10
    2750   10
    2751   10
    2752   10
    2753   10
    2754   10
    2755   10
    2756   10
    2757   10
    2758   10
    2759   10
    2760   10
    2761   10
    2762   10
    2763   10
    2764   10
    2765   10
    2766   10
    2767   10
    2768   10
    2769   10
    2770   10
    2771   10
    2772   10
    2773   10
    2774   10
    2775   10
    2776   10
    2777   10
    2778   10
    2779   10
    2780   12
    2781   12
    2782   12
    2783   12
    2784    6
    2785    5
    2786    1
    2787    1
    2788    1
    2789    1
    2790    1
    2791    1
    2792    1
    2793    1
    2794   12
    2795    8
    2796   12
    2797   12
    2798   10
    2799   10
    2800   10
    2801   10
    2802   10
    2803    8
    2804   12
    2805   11
    2806   11
    2807    9
    2808   10
    2809   10
    2810   10
    2811    8
    2812   15
    2813   15
    2814   15
    2815   15
    2816    7
    2817    8
    2818   10
    2819   10
    2820   10
    2821   10
    2822   10
    2823   10
    2824   10
    2825   10
    2826   10
    2827   10
    2828   10
    2829   12
    2830   12
    2831   12
    2832   12
    2833   12
    2834   12
    2835   12
    2836   12
    2837   12
    2838    1
    2839    1
    2840    6
    2841    6
    2842   12
    2843    8
    2844    8
    2845   12
    2846   12
    2847   12
    2848   12
    2849   12
    2850   12
    2851   12
    2852   12
    2853   12
    2854   12
    2855   10
    2856   10
    2857   10
    2858   10
    2859   10
    2860   10
    2861   10
    2862   10
    2863   10
    2864   10
    2865   13
    2866   13
    2867   13
    2868   13
    2869   13
    2870   13
    2871   13
    2872   13
    2873   13
    2874   13
    2875   12
    2876   12
    2877   12
    2878   12
    2879   12
    2880    8
    2881   12
    2882   12
    2883    8
    2884   12
    2885   12
    2886    8
    2887   12
    2888   12
    2889    1
    2890    1
    2891    1
    2892    1
    2893    1
    2894    1
    2895    1
    2896    1
    2897    1
    2898    1
    2899    1
    2900    1
    2901    1
    2902    1
    2903    1
    2904    1
    2905    1
    2906    1
    2907    8
    2908   12
    2909   12
    2910   12
    2911   12
    2912   12
    2913   12
    2914   12
    2915    1
    2916    1
    2917    1
    2918    1
    2919    1
    2920    1
    2921    1
    2922    1
    2923    1
    2924    1
    2925    1
    2926    1
    2927    1
    2928    1
    2929    1
    2930    5
    2931    6
    2932    7
    2933    8
    2934   12
    2935   12
    2936   12
    2937   12
    2938   12
    2939   12
    2940    1
    2941    1
    2942    1
    2943    1
    2944    3
    2945    3
    2946    3
    2947    3
    2948    3
    2949    6
    2950    5
    2951    3
    2952    3
    2953    3
    2954    5
    2955    5
    2956    5
    2957    5
    2958    6
    2959   12
    2960   12
    2961    7
    2962   12
    2963   12
    2964   12
    2965   12
    2966   12
    2967   12
    2968   12
    2969   12
    2970   12
    2971    1
    2972    3
    2973    3
    2974    3
    2975    5
    2976    6
    2977    6
    2978    5
    2979    1
    2980    6
    2981    4
    2982    1
    2983    1
    2984    1
    2985   12
    2986   12
    2987   12
    2988   12
    2989   12
    2990   12
    2991   12
    2992    7
    2993   12
    2994   12
    2995   12
    2996   12
    2997   12
    2998   10
    2999   10
    3000   10
    3001   10
    3002   10
    3003   10
    3004   10
    3005   10
    3006   10
    3007   10
    3008   10
    3009   10
    3010   10
    3011   10
    3012   10
    3013   10
    3014   10
    3015   12
    3016   12
    3017   12
    3018   12
    3019   12
    3020   12
    3021   10
    3022   10
    3023   10
    3024   10
    3025   10
    3026   10
    3027   10
    3028   10
    3029   10
    3030   10
    3031   10
    3032   10
    3033   10
    3034   10
    3035   10
    3036   10
    3037   10
    3038   10
    3039   10
    3040   10
    3041   11
    3042   10
    3043   10
    3044   10
    3045   10
    3046    9
    3047   10
    3048   10
    3049   10
    3050   10
    3051   10
    3052    6
    3053    1
    3054    1
    3055    1
    3056   12
    3057   12
    3058   12
    3059   13
    3060   13
    3061   13
    3062   13
    3063   13
    3064   13
    3065   13
    3066   13
    3067   13
    3068   13
    3069   13
    3070   13
    3071   13
    3072   13
    3073   13
    3074   13
    3075   13
    3076   13
    3077   13
    3078   13
    3079   13
    3080   13
    3081   13
    3082   13
    3083   13
    3084   13
    3085   13
    3086   13
    3087   13
    3088   13
    3089   13
    3090   13
    3091   13
    3092   13
    3093   13
    3094   13
    3095   13
    3096   13
    3097   13
    3098   13
    3099   13
    3100   13
    3101   13
    3102   13
    3103   13
    3104   13
    3105   13
    3106   13
    3107   13
    3108   13
    3109   13
    3110   13
    3111   13
    3112   13
    3113   13
    3114   13
    3115   13
    3116   13
    3117   13
    3118   13
    3119   13
    3120   13
    3121   13
    3122   13
    3123   13
    3124   13
    3125   13
    3126   13
    3127   13
    3128   13
    3129   13
    3130   13
    3131   13
    3132   13
    3133   13
    3134   13
    3135   13
    3136   13
    3137   13
    3138   13
    3139   13
    3140   13
    3141   13
    3142   13
    3143   13
    3144   13
    3145   13
    3146   13
    3147   13
    3148   13
    3149   13
    3150   13
    3151   13
    3152   13
    3153   13
    3154   13
    3155   13
    3156   13
    3157   13
    3158   13
    3159   13
    3160   13
    3161   13
    3162   13
    3163   13
    3164   13
    3165   13
    3166   13
    3167   13
    3168   13
    3169   13
    3170   13
    3171   13
    3172   13
    3173   13
    3174   13
    3175   13
    3176   13
    3177   13
    3178   13
    3179   13
    3180   13
    3181   13
    3182   13
    3183   13
    3184   13
    3185   13
    3186   13
    3187   13
    3188   13
    3189   13
    3190   13
    3191   13
    3192   13
    3193   13
    3194   13
    3195   13
    3196   13
    3197   13
    3198   13
    3199   13
    3200   13
    3201   13
    3202   13
    3203   13
    3204   13
    3205   13
    3206   13
    3207   13
    3208   13
    3209   13
    3210   13
    3211   13
    3212   13
    3213   13
    3214   13
    3215   13
    3216   13
    3217   13
    3218   13
    3219   13
    3220   13
    3221   13
    3222   13
    3223   13
    3224   13
    3225   13
    3226   13
    3227   13
    3228   13
    3229   13
    3230   13
    3231   13
    3232   13
    3233   13
    3234   13
    3235   13
    3236   13
    3237   13
    3238   13
    3239   13
    3240   13
    3241   13
    3242   13
    3243   13
    3244   13
    3245   13
    3246   13
    3247   13
    3248   13
    3249   13
    3250   13
    3251   13
    3252   13
    3253   13
    3254   13
    3255   13
    3256   13
    3257   13
    3258   13
    3259   13
    3260   13
    3261   13
    3262   10
    3263    9
    3264    9
    3265   13
    3266   13
    3267   13
    3268   13
    3269   13
    3270   13
    3271   13
    3272   13
    3273   13
    3274   13
    3275   13
    3276   13
    3277   13
    3278   13
    3279   13
    3280   13
    3281   13
    3282   13
    3283   13
    3284   13
    3285   13
    3286   13
    3287   13
    3288   13
    3289   13
    3290   13
    3291   13
    3292   13
    3293    8
    3294    7
    3295    8
    3296    8
    3297   12
    3298   12
    3299   12
    3300   13
    3301   13
    3302   13
    3303   13
    3304   13
    3305   13
    3306   13
    3307   13
    3308   13
    3309   15
    3310   15
    3311   15
    3312   15
    3313   15
    3314   15
    3315   15
    3316   15
    3317   15
    3318   15
    3319   15
    3320   15
    3321    8
    3322    7
    3323   15
    3324   15
    3325   15
    3326   15
    3327   15
    3328   15
    3329   15
    3330   15
    3331   15
    3332    7
    3333    8
    3334   12
    3335   12
    3336   12
    3337   13
    3338   13
    3339   13
    3340   13
    3341   13
    3342   13
    3343   13
    3344   13
    3345   13
    3346   13
    3347   13
    3348   13
    3349   13
    3350   13
    3351   13
    3352   13
    3353   13
    3354   13
    3355   13
    3356   13
    3357   13
    3358   13
    3359   13
    3360   13
    3361   13
    3362   13
    3363   13
    3364   13
    3365   13
    3366   13
    3367   13
    3368   13
    3369   13
    3370   13
    3371   13
    3372   13
    3373   13
    3374   13
    3375   13
    3376   13
    3377   13
    3378   13
    3379   13
    3380   13
    3381   13
    3382   13
    3383   13
    3384   13
    3385   13
    3386   13
    3387   13
    3388   13
    3389   13
    3390   13
    3391   13
    3392   13
    3393   13
    3394   13
    3395   13
    3396   13
    3397   13
    3398   13
    3399   13
    3400   13
    3401   13
    3402   13
    3403   13
    3404   13
    3405   13
    3406   13
    3407   13
    3408   13
    3409   13
    3410   13
    3411   13
    3412   13
    3413   13
    3414   13
    3415   13
    3416   13
    3417   13
    3418   13
    3419   13
    3420   13
    3421   13
    3422   13
    3423   13
    3424   13
    3425   13
    3426   13
    3427   13
    3428   13
    3429   13
    3430   13
    3431   13
    3432   13
    3433   13
    3434   13
    3435   13
    3436   13
    3437   13
    3438   13
    3439   13
    3440   13
    3441   13
    3442   13
    3443   13
    3444   13
    3445   13
    3446   13
    3447   13
    3448   13
    3449   13
    3450   13
    3451   13
    3452   13
    3453   13
    3454   13
    3455   13
    3456   13
    3457   13
    3458   13
    3459   13
    3460   13
    3461   13
    3462   13
    3463   13
    3464   13
    3465   13
    3466   13
    3467   13
    3468   13
    3469   13
    3470   13
    3471   13
    3472   13
    3473   13
    3474   13
    3475   13
    3476   13
    3477   13
    3478   13
    3479   13
    3480   13
    3481   13
    3482   13
    3483   13
    3484   13
    3485   13
    3486   13
    3487   13
    3488   13
    3489   13
    3490   13
    3491   13
    3492   13
    3493   13
    3494   13
    3495   13
    3496   13
    3497   10
    3498    9
    3499   15
    3500   15
    3501   15
    3502    7
    3503    8
    3504    8
    3505    8
    3506   12
    3507   12
    3508   12
    3509   12
    3510   12
    3511   12
    3512   12
    3513   12
    3514   10
    3515   10
    3516   10
    3517    9
    3518    9
    3519    9
    3520   10
    3521   10
    3522   10
    3523   10
    3524   10
    3525   10
    3526   12
    3527   12
    3528   12
    3529    8
    3530   10
    3531   10
    3532   10
    3533   10
    3534   10
    3535   10
    3536   10
    3537   10
    3538   10
    3539   13
    3540   13
    3541   13
    3542   13
    3543   13
    3544   13
    3545   13
    3546   13
    3547   13
    3548   13
    3549   13
    3550   13
    3551   13
    3552   13
    3553   13
    3554   13
    3555   13
    3556   13
    3557   13
    3558   13
    3559   13
    3560   13
    3561   13
    3562   13
    3563   15
    3564   15
    3565   15
    3566   15
    3567   15
    3568   15
    3569   15
    3570   15
    3571   15
    3572   15
    3573    8
    3574   12
    3575   12
    3576    1
    3577    1
    3578    5
    3579    6
    3580    5
    3581    5
    3582    6
    3583   12
    3584   12
    3585    1
    3586   12
    3587   12
    3588   12
    3589   12
    3590   12
    3591   12
    3592   12
    3593   12
    3594   12
    3595   12
    3596   12
    3597   12
    3598   12
    3599   12
    3600   12
    3601   12
    3602   12
    3603   12
    3604   12
    3605   12
    3606    8
    3607   15
    3608   15
    3609   15
    3610   15
    3611   15
    3612   15
    3613   15
    3614   15
    3615   15
    3616   15
    3617   15
    3618   15
    3619   15
    3620    7
    3621   12
    3622   13
    3623   13
    3624   13
    3625   13
    3626   13
    3627   13
    3628   13
    3629   13
    3630   13
    3631   13
    3632   13
    3633   13
    3634   13
    3635   13
    3636   13
    3637   13
    3638   13
    3639   13
    3640   13
    3641   13
    3642   13
    3643   13
    3644   13
    3645   13
    3646   13
    3647   13
    3648   13
    3649   13
    3650   13
    3651   13
    3652   13
    3653   13
    3654   13
    3655   13
    3656   13
    3657   13
    3658   13
    3659   13
    3660   13
    3661   13
    3662   13
    3663   13
    3664   13
    3665   13
    3666   13
    3667   13
    3668   13
    3669   13
    3670   13
    3671   13
    3672   13
    3673   13
    3674   13
    3675   13
    3676   13
    3677   13
    3678   13
    3679   13
    3680   13
    3681   13
    3682   13
    3683   13
    3684   13
    3685   13
    3686   13
    3687   13
    3688   13
    3689   13
    3690   13
    3691   13
    3692   13
    3693   13
    3694   13
    3695   13
    3696   13
    3697   13
    3698   13
    3699   13
    3700   13
    3701   13
    3702   13
    3703   13
    3704   13
    3705   13
    3706   13
    3707   13
    3708   13
    3709   13
    3710   13
    3711   13
    3712   13
    3713   13
    3714   13
    3715   13
    3716   13
    3717   13
    3718   13
    3719   13
    3720   13
    3721   13
    3722   13
    3723   13
    3724   13
    3725   13
    3726   13
    3727   13
    3728   13
    3729   13
    3730   13
    3731   13
    3732   13
    3733   13
    3734   13
    3735   13
    3736   13
    3737   13
    3738   13
    3739   13
    3740   13
    3741   13
    3742   13
    3743   13
    3744   13
    3745   13
    3746   13
    3747   13
    3748   13
    3749   13
    3750   13
    3751   13
    3752   13
    3753   13
    3754   13
    3755   13
    3756   13
    3757   13
    3758   13
    3759   13
    3760   13
    3761   13
    3762   13
    3763   13
    3764   13
    3765   13
    3766   13
    3767   13
    3768   13
    3769   13
    3770   13
    3771   13
    3772   13
    3773   13
    3774   13
    3775   13
    3776   13
    3777   13
    3778   13
    3779   13
    3780   13
    3781   13
    3782   13
    3783   13
    3784   13
    3785   13
    3786   13
    3787   13
    3788   13
    3789   13
    3790   13
    3791   13
    3792   13
    3793   13
    3794   13
    3795   13
    3796   13
    3797   13
    3798   13
    3799   13
    3800   13
    3801   13
    3802   13
    3803   13
    3804   13
    3805   13
    3806   13
    3807   13
    3808   13
    3809   13
    3810   13
    3811   13
    3812   13
    3813   13
    3814   13
    3815   13
    3816   13
    3817   13
    3818   13
    3819   13
    3820   13
    3821   13
    3822   13
    3823   13
    3824   13
    3825   13
    3826   13
    3827   13
    3828   13
    3829   13
    3830   13
    3831   13
    3832   13
    3833   13
    3834   13
    3835   13
    3836   13
    3837   13
    3838   13
    3839   13
    3840   13
    3841   13
    3842   13
    3843   13
    3844   13
    3845   13
    3846   13
    3847   13
    3848   13
    3849   13
    3850   13
    3851   13
    3852   13
    3853   13
    3854   13
    3855   13
    3856   13
    3857   13
    3858   13
    3859   13
    3860   13
    3861   13
    3862   13
    3863   13
    3864   13
    3865   13
    3866   13
    3867   13
    3868   13
    3869   13
    3870   13
    3871   13
    3872   13
    3873   13
    3874   13
    3875   13
    3876   13
    3877   13
    3878   13
    3879   13
    3880   13
    3881   10
    3882   10
    3883   10
    3884    8
    3885    6
    3886    7
    3887    8
    3888   12
    3889   12
    3890   12
    3891   12
    3892   12
    3893   12
    3894   12
    3895   12
    3896   12
    3897   12
    3898   12
    3899   12
    3900   12
    3901   12
    3902   12
    3903   12
    3904   12
    3905   12
    3906   12
    3907   12
    3908   12
    3909   12
    3910   12
    3911   12
    3912   12
    3913   12
    3914   12
    3915    6
    3916    4
    3917    4
    3918    1
    3919   12
    3920   12
    3921   12
    3922   12
    3923    1
    3924    1
    3925    1
    3926   12
    3927    8
    3928   12
    3929   12
    3930   12
    3931    1
    3932   12
    3933   12
    3934    1
    3935    4
    3936   12
    3937   12
    3938   12
    3939   14
    3940   14
    3941   14
    3942    9
    3943    6
    3944    5
    3945    4
    3946    4
    3947    4
    3948   12
    3949   12
    3950   12
    3951   12
    3952    8
    3953    7
    3954    8
    3955   12
    3956   12
    3957   12
    3958   12
    3959   12
    3960   12
    3961   12
    3962   12
    3963    8
    3964   13
    3965   13
    3966   13
    3967   13
    3968   13
    3969   13
    3970   13
    3971   13
    3972   13
    3973   13
    3974   13
    3975   13
    3976   13
    3977   13
    3978   13
    3979   13
    3980   13
    3981   13
    3982   13
    3983   13
    3984   13
    3985   13
    3986   13
    3987   13
    3988   13
    3989   13
    3990   13
    3991   13
    3992   13
    3993   13
    3994   13
    3995   13
    3996   13
    3997   13
    3998   13
    3999   13
    4000   13
    4001   13
    4002   13
    4003   13
    4004   13
    4005   13
    4006   13
    4007   13
    4008   13
    4009   13
    4010   13
    4011   13
    4012   13
    4013   13
    4014   13
    4015   13
    4016   13
    4017   13
    4018   13
    4019   13
    4020   13
    4021   13
    4022   13
    4023   13
    4024   13
    4025   13
    4026   13
    4027   13
    4028   13
    4029   13
    4030   13
    4031   13
    4032   13
    4033   13
    4034   13
    4035   13
    4036   13
    4037   13
    4038   13
    4039   13
    4040   13
    4041   13
    4042   13
    4043   13
    4044   13
    4045   13
    4046   13
    4047   13
    4048   13
    4049   13
    4050   13
    4051   13
    4052   13
    4053   13
    4054   13
    4055   13
    4056   13
    4057   13
    4058   13
    4059   13
    4060   13
    4061   13
    4062   13
    4063   13
    4064   13
    4065   13
    4066   13
    4067   13
    4068   13
    4069   13
    4070   13
    4071   13
    4072   13
    4073   13
    4074   13
    4075   13
    4076   13
    4077   13
    4078   13
    4079   13
    4080   13
    4081   13
    4082   10
    4083   10
    4084   10
    4085   10
    4086   10
    4087   10
    4088   12
    4089   12
    4090   12
    4091   12
    4092   12
    4093   12
    4094   12
    4095    8
    4096   12
    4097   12
    4098   12
    4099   12
    4100   12
    4101   12
    4102   10
    4103   10
    4104   10
    4105    9
    4106   10
    4107   10
    4108   10
    4109   10
    4110   10
    4111    8
    4112    8
    4113   10
    4114   10
    4115   10
    4116   10
    4117   10
    4118   12
    4119    8
    4120    8
    4121    8
    4122   10
    4123   10
    4124   10
    4125   12
    4126   12
    4127    8
    4128   12
    4129   12
    4130    7
    4131   12
    4132   12
    4133    8
    4134    8
    4135    6
    4136    7
    4137   12
    4138   12
    4139    7
    4140    8
    4141   10
    4142   10
    4143   10
    4144   10
    4145   10
    4146   10
    4147   10
    4148   10
    4149   10
    4150   10
    4151   12
    4152   12
    4153    8
    4154   12
    4155   12
    4156   12
    4157   12
    4158    8
    4159   12
    4160    7
    4161   12
    4162   12
    4163   12
    4164   12
    4165   12
    4166   12
    4167   12
    4168   12
    4169    8
    4170    5
    4171    3
    4172    3
    4173    3
    4174    5
    4175    3
    4176    3
    4177    4
    4178    4
    4179    4
    4180    4
    4181    4
    4182    4
    4183    4
    4184    4
    4185    5
    4186    5
    4187    5
    4188    6
    4189    1
    4190    1
    4191    5
    4192    5
    4193    5
    4194    3
    4195    5
    4196    3
    4197    5
    4198    6
    4199    6
    4200    5
    4201    5
    4202    6
    4203    6
    4204    3
    4205    3
    4206    5
    4207    5
    4208    5
    4209    6
    4210    6
    4211    6
    4212    5
    4213    5
    4214    6
    4215    6
    4216    6
    4217    8
    4218   12
    4219   12
    4220   12
    4221   12
    4222   12
    4223   12
    4224   12
    4225   12
    4226   12
    4227   12
    4228    7
    4229   12
    4230    9
    4231   10
    4232   10
    4233   10
    4234   10
    4235   10
    4236   10
    4237   10
    4238   10
    4239   10
    4240   10
    4241    8
    4242    8
    4243   12
    4244   10
    4245   10
    4246   10
    4247   11
    4248   11
    4249   11
    4250   11
    4251   11
    4252    9
    4253   10
    4254   10
    4255    8
    4256   10
    4257    8
    4258    8
    4259   10
    4260   10
    4261   10
    4262   10
    4263   10
    4264   10
    4265   10
    4266   10
    4267   10
    4268   10
    4269   10
    4270   10
    4271   10
    4272   10
    4273   10
    4274   10
    4275   10
    4276   10
    4277   10
    4278    8
    4279    6
    4280    6
    4281    4
    4282    4
    4283    4
    4284    6
    4285    8
    4286   12
    4287   12
    4288   12
    4289   12
    4290   12
    4291   12
    4292   10
    4293   10
    4294   10
    4295   10
    4296   10
    4297   10
    4298   10
    4299   10
    4300   10
    4301   10
    4302   10
    4303   10
    4304   10
    4305   10
    4306   10
    4307   10
    4308   10
    4309   10
    4310   10
    4311   10
    4312   10
    4313   10
    4314   10
    4315   10
    4316   10
    4317   10
    4318   10
    4319   10
    4320   10
    4321   10
    4322   10
    4323   10
    4324   10
    4325   10
    4326   10
    4327   10
    4328   10
    4329   10
    4330   10
    4331   10
    4332   10
    4333   10
    4334   10
    4335   10
    4336   10
    4337   10
    4338   10
    4339   10
    4340   10
    4341   10
    4342   10
    4343   10
    4344   10
    4345   10
    4346   10
    4347   10
    4348   10
    4349   10
    4350   10
    4351   10
    4352   10
    4353   10
    4354   10
    4355   10
    4356   10
    4357   10
    4358   10
    4359   10
    4360   10
    4361   10
    4362   10
    4363   10
    4364   10
    4365   10
    4366   10
    4367   10
    4368   10
    4369   10
    4370   10
    4371   10
    4372   10
    4373   12
    4374   12
    4375   12
    4376    1
    4377    1
    4378    5
    4379    5
    4380    5
    4381    1
    4382    5
    4383    6
    4384    1
    4385    4
    4386    1
    4387    1
    4388    3
    4389    6
    4390    3
    4391    3
    4392    4
    4393    4
    4394    4
    4395    5
    4396    5
    4397    6
    4398    4
    4399    5
    4400    5
    4401    6
    4402    6
    4403    6
    4404    6
    4405   12
    4406   12
    4407   12
    4408    7
    4409    7
    4410    8
    4411    8
    4412    8
    4413    7
    4414   12
    4415   12
    4416   12
    4417    8
    4418   12
    4419   12
    4420   12
    4421   12
    4422   12
    4423   12
    4424   12
    4425   12
    4426   12
    4427   12
    4428    8
    4429    8
    4430   10
    4431   10
    4432   10
    4433   10
    4434   10
    4435   10
    4436   10
    4437   10
    4438    6
    4439    6
    4440    7
    4441    8
    4442   12
    4443   12
    4444   12
    4445    8
    4446    8
    4447   12
    4448   12
    4449   12
    4450   12
    4451   10
    4452   10
    4453   10
    4454   10
    4455   10
    4456   10
    4457   10
    4458   10
    4459   10
    4460   10
    4461   10
    4462   10
    4463   10
    4464   10
    4465   10
    4466   10
    4467   10
    4468   10
    4469   10
    4470   10
    4471   10
    4472   10
    4473   10
    4474   10
    4475   10
    4476   10
    4477   10
    4478   10
    4479   10
    4480   10
    4481   10
    4482   10
    4483   10
    4484   10
    4485   10
    4486   10
    4487   10
    4488   10
    4489   10
    4490   10
    4491   10
    4492   10
    4493   10
    4494   10
    4495   10
    4496   10
    4497   10
    4498   10
    4499   10
    4500   10
    4501   10
    4502   10
    4503   10
    4504   10
    4505   10
    4506   10
    4507   10
    4508    9
    4509   10
    4510   12
    4511   12
    4512   12
    4513    1
    4514    1
    4515    1
    4516    1
    4517    1
    4518    3
    4519    6
    4520   12
    4521    8
    4522    1
    4523    1
    4524    1
    4525    3
    4526    6
    4527   12
    4528    9
    4529    8
    4530   10
    4531   10
    4532   10
    4533   12
    4534   12
    4535   12
    4536   12
    4537   10
    4538   12
    4539   12
    4540   12
    4541    8
    4542   12
    4543   12
    4544   12
    4545   12
    4546   12
    4547    1
    4548    1
    4549    1
    4550    6
    4551    8
    4552   10
    4553   10
    4554   10
    4555   10
    4556   10
    4557   10
    4558   10
    4559   10
    4560   10
    4561   10
    4562   10
    4563   10
    4564   13
    4565   13
    4566   13
    4567   13
    4568   13
    4569   13
    4570   13
    4571   13
    4572   13
    4573   13
    4574   13
    4575   13
    4576   13
    4577   13
    4578   13
    4579   13
    4580   13
    4581   13
    4582   13
    4583   13
    4584   13
    4585   13
    4586   13
    4587   13
    4588   13
    4589   13
    4590   13
    4591   13
    4592   13
    4593   13
    4594   13
    4595   13
    4596   13
    4597   13
    4598   13
    4599   13
    4600   13
    4601   13
    4602   13
    4603   13
    4604   13
    4605   13
    4606   13
    4607   13
    4608   13
    4609   13
    4610   13
    4611   13
    4612   13
    4613   13
    4614   13
    4615   13
    4616   13
    4617   13
    4618   13
    4619   13
    4620   13
    4621   13
    4622   13
    4623   13
    4624   13
    4625   13
    4626   13
    4627   13
    4628   13
    4629   13
    4630   13
    4631   13
    4632   13
    4633   13
    4634   13
    4635   13
    4636   13
    4637   13
    4638   13
    4639   13
    4640   13
    4641   13
    4642   13
    4643   13
    4644   13
    4645   13
    4646   13
    4647   13
    4648   13
    4649   13
    4650   13
    4651   13
    4652   13
    4653   13
    4654   13
    4655   13
    4656   13
    4657   13
    4658   13
    4659   13
    4660   13
    4661   13
    4662   13
    4663   13
    4664   13
    4665   13
    4666   13
    4667   13
    4668   13
    4669   13
    4670   13
    4671   13
    4672   13
    4673   13
    4674   13
    4675   13
    4676   13
    4677   13
    4678   13
    4679   13
    4680   13
    4681   13
    4682   13
    4683   13
    4684   13
    4685   13
    4686   13
    4687   13
    4688   13
    4689   13
    4690   13
    4691   13
    4692   13
    4693   13
    4694   13
    4695   13
    4696   13
    4697   13
    4698   13
    4699   13
    4700   13
    4701   13
    4702   13
    4703   13
    4704   13
    4705   13
    4706   13
    4707   13
    4708   13
    4709   13
    4710   13
    4711   13
    4712   13
    4713   13
    4714   13
    4715   13
    4716   13
    4717   13
    4718   13
    4719   13
    4720   13
    4721   13
    4722   13
    4723   13
    4724   13
    4725   13
    4726   13
    4727   13
    4728   13
    4729   13
    4730   13
    4731   13
    4732   13
    4733   13
    4734   13
    4735   13
    4736   13
    4737   13
    4738   13
    4739   13
    4740   13
    4741   13
    4742   13
    4743   13
    4744   13
    4745   13
    4746   13
    4747   13
    4748   13
    4749   13
    4750   13
    4751   13
    4752   13
    4753   13
    4754   13
    4755   13
    4756   13
    4757   13
    4758   13
    4759   13
    4760   13
    4761   13
    4762   13
    4763   13
    4764   13
    4765   13
    4766   13
    4767   13
    4768   13
    4769   13
    4770   13
    4771   13
    4772   13
    4773   13
    4774   13
    4775   13
    4776   13
    4777   13
    4778   13
    4779   13
    4780   13
    4781   13
    4782   13
    4783   13
    4784   13
    4785   13
    4786   13
    4787   13
    4788   13
    4789   13
    4790   13
    4791   13
    4792   13
    4793   13
    4794   13
    4795   13
    4796   13
    4797   13
    4798   13
    4799   13
    4800   13
    4801   13
    4802   13
    4803   13
    4804   13
    4805   13
    4806   13
    4807   13
    4808   13
    4809   13
    4810   13
    4811   13
    4812   13
    4813   13
    4814   13
    4815   13
    4816   13
    4817   13
    4818   13
    4819   13
    4820   13
    4821   13
    4822   13
    4823   13
    4824   13
    4825   13
    4826   13
    4827   13
    4828   13
    4829   13
    4830   13
    4831   13
    4832   13
    4833   13
    4834   13
    4835   13
    4836   13
    4837   13
    4838   13
    4839   13
    4840   13
    4841   13
    4842   13
    4843   13
    4844   13
    4845   13
    4846   13
    4847   13
    4848   13
    4849   13
    4850   13
    4851   13
    4852   13
    4853   13
    4854   13
    4855   13
    4856   13
    4857   13
    4858   13
    4859   13
    4860   13
    4861   13
    4862   13
    4863   13
    4864   13
    4865   13
    4866   13
    4867   13
    4868   13
    4869   13
    4870   13
    4871   13
    4872   13
    4873   13
    4874   13
    4875   13
    4876   13
    4877   13
    4878   13
    4879   13
    4880   13
    4881   13
    4882   13
    4883   13
    4884   13
    4885   13
    4886   13
    4887   13
    4888   13
    4889   13
    4890   13
    4891   13
    4892   13
    4893   13
    4894   13
    4895   13
    4896   13
    4897   13
    4898   13
    4899   13
    4900   13
    4901   13
    4902   13
    4903   13
    4904   13
    4905   13
    4906   13
    4907   13
    4908   13
    4909   13
    4910   13
    4911   13
    4912   13
    4913   13
    4914   13
    4915   13
    4916   13
    4917   13
    4918   13
    4919   13
    4920   13
    4921   13
    4922   13
    4923   13
    4924   13
    4925   13
    4926   13
    4927   13
    4928   13
    4929   13
    4930   13
    4931   13
    4932   13
    4933   13
    4934   13
    4935   13
    4936   13
    4937   13
    4938   13
    4939   13
    4940   13
    4941   13
    4942   13
    4943   13
    4944   13
    4945   13
    4946   13
    4947   13
    4948   13
    4949   13
    4950   13
    4951   13
    4952   13
    4953   13
    4954   13
    4955   13
    4956   13
    4957   13
    4958   13
    4959   13
    4960   13
    4961   13
    4962   13
    4963   13
    4964   13
    4965   13
    4966   13
    4967   13
    4968   14
    4969   14
    4970   14
    4971    7
    4972    7
    4973   12
    4974   12
    4975   12
    4976   12
    4977   12
    4978   13
    4979   13
    4980   13
    4981   13
    4982   13
    4983   13
    4984   13
    4985   13
    4986   13
    4987   13
    4988   13
    4989   13
    4990   13
    4991   13
    4992   13
    4993   13
    4994   13
    4995   13
    4996   13
    4997   13
    4998   13
    4999   13
    5000   13
