       1   10
       2   10
       3   12
       4    8
       5   12
       6   12
       7   12
       8   12
       9    8
      10   12
      11    6
      12    5
      13    1
      14    1
      15   12
      16   12
      17   12
      18   12
      19    7
      20    6
      21    6
      22    3
      23    1
      24    1
      25    1
      26    1
      27    1
      28   12
      29   12
      30    8
      31    7
      32    8
      33   12
      34   12
      35   12
      36   12
      37    6
      38    6
      39    5
      40    5
      41    4
      42    4
      43    4
      44    3
      45    5
      46    5
      47    5
      48    6
      49    3
      50    1
      51    1
      52    1
      53    1
      54   12
      55    7
      56    7
      57   12
      58   12
      59    7
      60    6
      61    6
      62    6
      63    6
      64    3
      65    1
      66    1
      67    1
      68    1
      69    1
      70    1
      71    1
      72    1
      73    1
      74    1
      75    1
      76    1
      77    3
      78    5
      79    5
      80    6
      81   12
      82   12
      83   12
      84   12
      85   12
      86   12
      87   12
      88   10
      89   10
      90   10
      91   10
      92   10
      93   10
      94   10
      95    9
      96   12
      97   12
      98    8
      99    8
     100    8
     101    8
     102    8
     103   10
     104   10
     105   10
     106   10
     107   12
     108   12
     109   12
     110   12
     111   10
     112   10
     113   10
     114   10
     115   10
     116    9
     117   12
     118   12
     119   12
     120   12
     121   12
     122   12
     123    8
     124    7
     125   12
     126   12
     127   12
     128   12
     129   12
     130   12
     131   12
     132    8
     133   12
     134   12
     135   12
     136   12
     137   12
     138   12
     139   12
     140    7
     141    2
     142    6
     143    6
     144    8
     145    6
     146    6
     147    3
     148    5
     149    5
     150    1
     151    1
     152    1
     153    5
     154    5
     155    6
     156    6
     157    5
     158    3
     159    3
     160    3
     161    3
     162    3
     163    1
     164    1
     165    1
     166    1
     167   12
     168    9
     169   10
     170   10
     171   10
     172   10
     173   10
     174   10
     175   10
     176   10
     177   10
     178   10
     179   10
     180   10
     181   10
     182   10
     183   10
     184   10
     185   10
     186   10
     187   10
     188   10
     189   10
     190   10
     191   10
     192   10
     193   10
     194   10
     195   10
     196   10
     197   10
     198   10
     199   10
     200   10
     201   10
     202   10
     203   10
     204   10
     205   10
     206   10
     207   10
     208   10
     209   10
     210   10
     211   10
     212   10
     213   10
     214   10
     215   10
     216   10
     217   10
     218   10
     219   10
     220   10
     221   12
     222   12
     223   12
     224   12
     225   12
     226   12
     227   12
     228   10
     229   10
     230   10
     231   10
     232   10
     233   10
     234   10
     235   10
     236   10
     237   10
     238   10
     239   10
     240   13
     241   13
     242   13
     243   13
     244   13
     245   13
     246   13
     247   13
     248   13
     249   13
     250   13
     251   13
     252   13
     253   13
     254   13
     255   13
     256   13
     257   13
     258   13
     259   13
     260   13
     261   13
     262   13
     263   13
     264   13
     265   13
     266   13
     267   13
     268   13
     269   13
     270   13
     271   13
     272   13
     273   13
     274   13
     275   13
     276   13
     277   13
     278   13
     279   13
     280   13
     281   13
     282   13
     283   13
     284   13
     285   10
     286   10
     287   10
     288   10
     289   10
     290   10
     291   10
     292   10
     293   10
     294   10
     295   10
     296   13
     297   13
     298   13
     299   13
     300   13
     301   13
     302   13
     303   13
     304   13
     305   13
     306   13
     307   13
     308   13
     309   13
     310   13
     311   13
     312   13
     313   13
     314   13
     315   13
     316   13
     317   13
     318   13
     319   13
     320   13
     321   13
     322   13
     323   13
     324   13
     325   13
     326   13
     327   13
     328   13
     329   13
     330   13
     331   13
     332   13
     333   13
     334   13
     335   13
     336   13
     337   13
     338   13
     339   13
     340   13
     341   13
     342   13
     343   13
     344   13
     345   13
     346   13
     347   13
     348   13
     349   13
     350   13
     351   13
     352   13
     353   13
     354   13
     355   13
     356   13
     357   13
     358   13
     359   13
     360   13
     361   13
     362   13
     363   13
     364   13
     365   13
     366   13
     367   13
     368   13
     369   13
     370   13
     371   13
     372   13
     373   13
     374   13
     375   13
     376   13
     377   13
     378   13
     379   13
     380   13
     381   13
     382   13
     383   13
     384   13
     385   13
     386   13
     387   13
     388   13
     389   13
     390   13
     391   13
     392   13
     393   13
     394   13
     395   13
     396   13
     397   13
     398   13
     399   13
     400   13
     401   13
     402   13
     403   13
     404   13
     405   13
     406   13
     407   13
     408   13
     409   13
     410   13
     411   13
     412   13
     413   13
     414   13
     415   13
     416   13
     417   13
     418   13
     419   13
     420   13
     421   13
     422   13
     423   13
     424   13
     425   13
     426   13
     427   13
     428   13
     429   13
     430   13
     431   13
     432   13
     433   13
     434   13
     435   13
     436   13
     437   13
     438   13
     439   13
     440   13
     441   13
     442   13
     443   13
     444   13
     445   13
     446   13
     447   13
     448   13
     449   13
     450   13
     451   13
     452   13
     453   13
     454   13
     455   13
     456   13
     457   13
     458   13
     459   13
     460   13
     461   13
     462   13
     463   13
     464   13
     465   13
     466   13
     467   13
     468   13
     469   13
     470   13
     471   13
     472   13
     473   13
     474   13
     475   13
     476   13
     477   13
     478   13
     479   13
     480   13
     481   13
     482   13
     483   13
     484   13
     485   13
     486   13
     487   13
     488   13
     489   13
     490   13
     491   13
     492   13
     493   13
     494   13
     495   13
     496   13
     497   13
     498   13
     499   13
     500   13
     501   13
     502   13
     503   13
     504   13
     505   13
     506   13
     507   13
     508   13
     509   13
     510   13
     511   13
     512   13
     513   13
     514   13
     515   10
     516   10
     517   13
     518   13
     519   13
     520   13
     521   13
     522   13
     523   13
     524   13
     525   13
     526   13
     527   13
     528   13
     529   13
     530   13
     531   13
     532   13
     533   13
     534   13
     535   13
     536   13
     537   13
     538   13
     539   13
     540   13
     541   13
     542   13
     543   13
     544   13
     545   13
     546   13
     547   13
     548   13
     549   13
     550   13
     551   13
     552   13
     553   13
     554   13
     555   13
     556   13
     557   13
     558   13
     559   13
     560   13
     561   13
     562   13
     563   13
     564   13
     565   13
     566   13
     567   13
     568   13
     569   13
     570   13
     571   13
     572   13
     573   13
     574   13
     575   13
     576   13
     577   13
     578   13
     579   13
     580   13
     581   13
     582   13
     583   13
     584   13
     585   13
     586   13
     587   13
     588   13
     589   13
     590   13
     591   13
     592   13
     593   13
     594   13
     595   13
     596   13
     597   13
     598   13
     599   13
     600   13
     601   13
     602   13
     603   13
     604   13
     605   13
     606   13
     607   10
     608   10
     609   10
     610   10
     611   10
     612   10
     613   10
     614   10
     615    8
     616   12
     617    6
     618    6
     619    6
     620    6
     621    5
     622    3
     623    3
     624    5
     625    6
     626    6
     627    5
     628    5
     629    6
     630    4
     631    4
     632    6
     633    6
     634    4
     635    3
     636    4
     637    3
     638    3
     639    3
     640    3
     641    3
     642    3
     643    3
     644    3
     645    3
     646    4
     647    4
     648    6
     649    5
     650    5
     651    3
     652    1
     653    1
     654    1
     655    1
     656    1
     657    1
     658    1
     659    1
     660    1
     661    1
     662    1
     663    1
     664    1
     665    1
     666    1
     667    1
     668    1
     669    1
     670    1
     671    1
     672    1
     673   12
     674   12
     675   12
     676   12
     677   12
     678   10
     679   10
     680   10
     681   10
     682   10
     683   10
     684   10
     685   10
     686   12
     687   12
     688   12
     689   12
     690   12
     691   12
     692   12
     693    6
     694    5
     695    1
     696    1
     697    1
     698    5
     699    1
     700    1
     701    1
     702    1
     703    1
     704    1
     705    1
     706    1
     707    6
     708    8
     709   12
     710    7
     711   12
     712    8
     713    7
     714   12
     715   10
     716    8
     717   12
     718   12
     719   12
     720   12
     721   12
     722   12
     723   12
     724   12
     725   12
     726   12
     727   12
     728   12
     729   12
     730   12
     731   12
     732   12
     733   12
     734   12
     735    1
     736    1
     737   12
     738   12
     739   12
     740   12
     741   12
     742   12
     743   12
     744   12
     745   12
     746   12
     747    6
     748    5
     749    4
     750    4
     751    4
     752    4
     753    4
     754    4
     755    4
     756    4
     757    4
     758    4
     759    4
     760    4
     761    4
     762    4
     763   12
     764   12
     765   12
     766   12
     767   12
     768   12
     769   12
     770   12
     771   12
     772    1
     773    1
     774    1
     775    1
     776    1
     777   12
     778   12
     779    1
     780    1
     781    1
     782    1
     783    1
     784    1
     785    1
     786    1
     787   12
     788   12
     789   12
     790   12
     791   12
     792   12
     793    1
     794    1
     795   12
     796    8
     797    8
     798   12
     799   12
     800   12
     801   12
     802   12
     803   13
     804   13
     805   13
     806   13
     807   13
     808   13
     809   13
     810   13
     811   13
     812   12
     813   12
     814   12
     815   12
     816   12
     817   12
     818   12
     819   12
     820   12
     821   12
     822   12
     823   12
     824   12
     825   12
     826   12
     827   12
     828   12
     829   12
     830   12
     831   12
     832   12
     833   10
     834   10
     835   10
     836   10
     837   10
     838   10
     839   10
     840   10
     841   10
     842   10
     843   10
     844   10
     845   10
     846   10
     847   10
     848   10
     849   10
     850   10
     851   10
     852   10
     853   10
     854   10
     855   10
     856   12
     857   12
     858   12
     859   12
     860   12
     861   12
     862   10
     863   10
     864   10
     865   10
     866   13
     867   13
     868   13
     869   13
     870   13
     871   13
     872   13
     873   13
     874   13
     875   13
     876   13
     877   13
     878   13
     879   13
     880   10
     881   10
     882   10
     883   10
     884   10
     885   10
     886   10
     887   10
     888   10
     889   10
     890   10
     891   10
     892   10
     893   13
     894   13
     895   13
     896   13
     897   13
     898   13
     899   13
     900   13
     901   13
     902   13
     903   13
     904   13
     905   13
     906   13
     907   13
     908   13
     909   13
     910   13
     911   13
     912   13
     913   13
     914   13
     915   13
     916   13
     917   13
     918   13
     919   13
     920   13
     921   13
     922   13
     923   13
     924   13
     925   13
     926   13
     927   13
     928   13
     929   13
     930   13
     931   13
     932   13
     933   13
     934   13
     935   13
     936   13
     937   13
     938   13
     939   13
     940   13
     941   13
     942   13
     943   13
     944   13
     945   13
     946   13
     947   13
     948   13
     949   13
     950   13
     951   13
     952   13
     953   13
     954   13
     955   13
     956   13
     957   13
     958   13
     959   13
     960   13
     961   13
     962   13
     963   13
     964   13
     965   13
     966   13
     967   13
     968   13
     969   13
     970   13
     971   13
     972   13
     973   13
     974   13
     975   13
     976   13
     977   13
     978   13
     979   13
     980   13
     981   13
     982   13
     983   13
     984   13
     985   13
     986   13
     987   13
     988   13
     989   13
     990   13
     991   12
     992    9
     993    9
     994    9
     995   10
     996   10
     997   13
     998   13
     999   13
    1000   13
    1001   13
    1002   13
    1003   13
    1004   13
    1005   13
    1006   13
    1007   13
    1008   13
    1009   13
    1010   13
    1011   13
    1012   13
    1013   13
    1014   13
    1015   13
    1016   13
    1017   13
    1018   13
    1019   13
    1020   13
    1021   13
    1022   13
    1023   13
    1024   13
    1025   13
    1026   13
    1027   13
    1028   13
    1029   13
    1030   13
    1031   13
    1032   13
    1033   13
    1034   13
    1035   13
    1036   13
    1037   13
    1038   13
    1039   13
    1040   13
    1041   13
    1042   13
    1043   13
    1044   13
    1045   13
    1046   13
    1047   13
    1048   13
    1049   13
    1050   13
    1051   13
    1052   13
    1053   13
    1054   13
    1055   13
    1056   13
    1057   13
    1058   13
    1059   13
    1060   13
    1061   13
    1062   13
    1063   13
    1064   13
    1065   13
    1066   13
    1067   10
    1068   10
    1069   10
    1070   10
    1071   10
    1072   10
    1073   10
    1074   10
    1075   10
    1076   10
    1077   10
    1078   10
    1079   10
    1080   10
    1081   10
    1082   10
    1083   10
    1084   10
    1085   10
    1086   10
    1087   10
    1088   10
    1089   10
    1090   10
    1091   10
    1092   10
    1093   10
    1094   10
    1095   12
    1096   12
    1097   12
    1098   12
    1099   12
    1100   12
    1101   10
    1102   10
    1103   10
    1104   10
    1105   10
    1106   10
    1107   10
    1108   10
    1109   10
    1110   10
    1111   10
    1112   10
    1113   10
    1114   10
    1115   10
    1116   10
    1117   10
    1118   13
    1119   13
    1120   13
    1121   13
    1122   13
    1123   13
    1124   13
    1125   10
    1126   13
    1127   12
    1128   12
    1129   12
    1130   12
    1131   10
    1132   10
    1133   10
    1134   10
    1135   10
    1136   10
    1137   10
    1138   10
    1139   10
    1140   10
    1141   10
    1142   10
    1143   10
    1144   10
    1145   10
    1146   10
    1147   10
    1148   10
    1149   10
    1150   10
    1151   10
    1152   10
    1153   10
    1154   10
    1155   10
    1156   10
    1157    8
    1158   12
    1159   12
    1160   12
    1161   10
    1162   10
    1163   10
    1164   10
    1165   10
    1166   10
    1167   10
    1168   10
    1169   10
    1170   10
    1171   10
    1172   10
    1173    9
    1174   12
    1175   12
    1176   12
    1177   12
    1178   12
    1179   12
    1180   12
    1181   12
    1182   12
    1183   12
    1184   12
    1185   12
    1186   12
    1187   12
    1188   10
    1189   12
    1190   12
    1191   12
    1192   12
    1193   10
    1194   10
    1195   10
    1196   10
    1197   10
    1198   10
    1199   10
    1200   10
    1201   12
    1202   12
    1203   12
    1204   12
    1205   12
    1206   12
    1207   12
    1208   10
    1209   10
    1210   10
    1211   10
    1212   10
    1213   10
    1214   10
    1215   10
    1216    8
    1217   12
    1218   10
    1219   10
    1220   12
    1221   12
    1222   10
    1223   10
    1224   10
    1225   10
    1226   10
    1227   10
    1228   10
    1229   10
    1230   10
    1231   10
    1232   10
    1233   10
    1234   10
    1235   10
    1236   10
    1237   10
    1238   10
    1239   10
    1240   10
    1241   10
    1242   10
    1243   10
    1244   10
    1245    9
    1246    9
    1247    9
    1248   10
    1249   10
    1250   10
    1251   10
    1252   10
    1253   10
    1254   10
    1255   10
    1256   10
    1257   11
    1258   11
    1259   11
    1260   11
    1261   11
    1262   11
    1263   11
    1264   11
    1265   11
    1266   11
    1267   11
    1268   11
    1269   11
    1270   11
    1271   11
    1272   11
    1273   12
    1274   12
    1275   12
    1276   12
    1277   12
    1278    7
    1279    1
    1280    1
    1281    1
    1282    1
    1283    1
    1284    1
    1285    1
    1286    1
    1287    1
    1288    1
    1289    3
    1290    5
    1291    6
    1292    1
    1293    1
    1294    1
    1295    2
    1296    6
    1297    6
    1298    1
    1299    1
    1300    1
    1301    1
    1302    1
    1303    1
    1304    1
    1305    1
    1306    1
    1307    1
    1308    1
    1309    1
    1310    7
    1311    8
    1312   10
    1313   10
    1314   10
    1315   10
    1316   10
    1317   10
    1318   11
    1319   11
    1320   11
    1321   11
    1322   11
    1323   11
    1324   11
    1325    8
    1326   12
    1327   12
    1328    7
    1329    8
    1330    9
    1331    9
    1332    9
    1333   11
    1334   11
    1335    9
    1336   11
    1337   11
    1338    9
    1339   11
    1340   11
    1341   11
    1342    8
    1343    7
    1344   12
    1345   12
    1346   12
    1347    8
    1348   12
    1349   12
    1350   12
    1351   12
    1352    6
    1353    6
    1354    3
    1355    3
    1356    3
    1357    3
    1358    1
    1359    3
    1360    1
    1361    5
    1362    3
    1363    3
    1364    3
    1365    1
    1366    1
    1367    1
    1368    1
    1369    1
    1370    1
    1371    1
    1372    1
    1373    1
    1374    1
    1375    1
    1376   12
    1377   12
    1378    7
    1379    8
    1380    8
    1381    8
    1382   12
    1383   12
    1384    8
    1385   10
    1386    9
    1387   11
    1388    8
    1389    7
    1390    7
    1391   12
    1392    8
    1393    6
    1394    6
    1395    6
    1396    8
    1397    8
    1398   12
    1399    8
    1400    8
    1401    7
    1402    8
    1403    6
    1404    6
    1405    6
    1406    6
    1407    6
    1408    6
    1409    6
    1410    3
    1411    1
    1412    1
    1413    1
    1414    6
    1415    6
    1416    5
    1417    1
    1418    1
    1419    1
    1420    1
    1421    1
    1422    1
    1423    2
    1424   11
    1425    9
    1426   12
    1427    8
    1428    8
    1429    8
    1430    8
    1431   12
    1432    8
    1433    8
    1434   12
    1435    8
    1436    8
    1437    1
    1438    1
    1439    1
    1440    1
    1441    1
    1442    3
    1443    6
    1444    6
    1445    5
    1446    3
    1447    3
    1448    1
    1449    1
    1450    1
    1451    1
    1452    1
    1453    1
    1454    5
    1455    6
    1456    5
    1457    1
    1458    7
    1459   12
    1460   12
    1461   12
    1462    8
    1463    9
    1464    8
    1465   12
    1466    7
    1467    7
    1468   12
    1469    7
    1470   12
    1471    8
    1472    8
    1473   12
    1474    7
    1475    7
    1476    7
    1477    8
    1478    6
    1479   12
    1480   12
    1481    8
    1482    7
    1483    7
    1484    7
    1485   12
    1486   12
    1487   12
    1488    8
    1489    7
    1490    7
    1491   12
    1492    1
    1493    1
    1494    1
    1495    3
    1496    6
    1497    1
    1498    1
    1499    6
    1500    2
    1501    9
    1502    9
    1503    9
    1504    9
    1505   11
    1506   11
    1507   11
    1508   12
    1509    1
    1510    1
    1511    5
    1512    5
    1513    6
    1514    6
    1515    6
    1516    5
    1517    5
    1518    3
    1519    3
    1520    2
    1521    2
    1522    2
    1523   12
    1524    8
    1525    8
    1526    8
    1527    7
    1528    7
    1529    7
    1530   12
    1531   12
    1532   11
    1533   11
    1534   11
    1535   11
    1536    7
    1537   11
    1538   11
    1539   11
    1540   11
    1541   11
    1542   10
    1543   12
    1544    7
    1545    8
    1546   12
    1547   10
    1548   10
    1549   10
    1550   10
    1551   12
    1552   12
    1553    6
    1554    6
    1555    1
    1556   12
    1557   12
    1558   12
    1559   12
    1560   11
    1561   11
    1562   11
    1563   11
    1564   11
    1565   11
    1566   11
    1567   11
    1568    9
    1569    8
    1570    8
    1571   10
    1572   10
    1573   10
    1574   10
    1575   10
    1576   10
    1577   10
    1578   10
    1579   10
    1580   10
    1581    8
    1582    8
    1583   10
    1584   10
    1585   11
    1586   11
    1587   11
    1588   11
    1589   11
    1590   11
    1591   10
    1592   10
    1593   10
    1594   10
    1595   10
    1596   10
    1597   10
    1598   10
    1599   10
    1600   10
    1601   10
    1602   10
    1603    8
    1604   12
    1605    2
    1606    6
    1607    6
    1608    2
    1609    2
    1610    2
    1611    9
    1612    9
    1613   12
    1614   12
    1615   12
    1616   12
    1617   12
    1618   12
    1619   12
    1620   12
    1621   12
    1622   12
    1623   12
    1624   12
    1625   12
    1626   12
    1627   12
    1628    2
    1629    2
    1630    2
    1631    6
    1632    6
    1633   12
    1634   12
    1635   12
    1636   12
    1637   12
    1638    1
    1639    1
    1640    1
    1641    3
    1642    3
    1643    1
    1644    3
    1645    5
    1646    6
    1647   12
    1648   12
    1649    8
    1650   12
    1651   12
    1652   12
    1653   12
    1654    7
    1655    7
    1656    7
    1657   12
    1658   12
    1659   12
    1660   12
    1661   12
    1662   12
    1663   12
    1664   12
    1665   12
    1666   12
    1667   12
    1668   12
    1669   12
    1670   12
    1671   12
    1672   12
    1673   12
    1674    8
    1675   10
    1676   10
    1677   10
    1678   10
    1679   10
    1680   10
    1681   10
    1682   10
    1683   10
    1684   10
    1685    6
    1686   12
    1687   12
    1688   12
    1689   12
    1690    8
    1691   12
    1692   12
    1693   12
    1694   12
    1695   10
    1696   10
    1697   10
    1698   10
    1699   10
    1700   10
    1701   10
    1702   10
    1703   10
    1704    8
    1705    8
    1706    7
    1707    8
    1708   12
    1709    6
    1710    6
    1711    1
    1712    1
    1713    1
    1714    1
    1715    1
    1716    1
    1717    1
    1718    3
    1719    3
    1720    3
    1721    2
    1722    2
    1723    2
    1724    2
    1725    3
    1726    3
    1727    5
    1728    3
    1729    3
    1730    3
    1731    5
    1732    6
    1733   12
    1734   12
    1735   12
    1736   12
    1737   12
    1738   12
    1739   12
    1740   12
    1741   12
    1742    2
    1743    6
    1744   12
    1745   12
    1746   12
    1747    1
    1748    1
    1749    1
    1750    1
    1751    3
    1752    5
    1753    6
    1754   12
    1755   12
    1756   12
    1757   12
    1758   12
    1759   10
    1760   10
    1761   10
    1762   10
    1763   10
    1764   10
    1765   10
    1766   10
    1767   10
    1768   12
    1769   12
    1770   12
    1771   12
    1772   12
    1773   12
    1774   12
    1775   12
    1776   12
    1777    7
    1778   15
    1779   15
    1780   15
    1781   15
    1782   15
    1783   15
    1784   15
    1785   15
    1786   15
    1787   15
    1788   15
    1789   15
    1790   15
    1791   15
    1792   15
    1793   15
    1794   15
    1795   15
    1796   15
    1797   13
    1798   13
    1799   13
    1800   13
    1801   13
    1802   13
    1803   13
    1804   13
    1805   13
    1806   13
    1807   13
    1808   13
    1809   13
    1810   13
    1811   13
    1812   13
    1813   13
    1814   13
    1815   13
    1816   13
    1817   13
    1818   13
    1819   13
    1820   13
    1821   13
    1822   13
    1823   13
    1824   13
    1825   13
    1826   13
    1827   13
    1828   13
    1829   13
    1830   13
    1831   13
    1832   13
    1833   13
    1834   13
    1835   13
    1836   13
    1837   13
    1838   13
    1839   13
    1840   13
    1841   13
    1842   13
    1843   13
    1844   13
    1845   13
    1846   13
    1847   13
    1848   13
    1849   13
    1850   13
    1851   13
    1852   13
    1853   13
    1854   13
    1855   13
    1856   13
    1857   13
    1858   13
    1859   13
    1860   13
    1861   13
    1862   13
    1863   13
    1864   13
    1865   13
    1866   13
    1867   13
    1868   13
    1869   13
    1870   13
    1871   13
    1872   13
    1873   13
    1874   13
    1875   13
    1876   13
    1877   13
    1878   13
    1879   13
    1880   13
    1881   13
    1882   13
    1883   13
    1884   13
    1885   13
    1886   13
    1887   13
    1888   13
    1889   13
    1890   13
    1891   13
    1892   13
    1893   13
    1894   13
    1895   13
    1896   13
    1897   13
    1898   13
    1899   13
    1900   13
    1901   13
    1902   13
    1903   13
    1904   13
    1905   13
    1906   13
    1907   13
    1908   13
    1909   13
    1910   13
    1911   13
    1912   13
    1913   13
    1914   13
    1915   13
    1916   13
    1917   13
    1918   13
    1919   13
    1920   13
    1921   13
    1922   13
    1923   13
    1924   13
    1925   13
    1926   13
    1927   13
    1928   13
    1929   13
    1930   13
    1931   13
    1932   13
    1933   13
    1934   13
    1935   13
    1936   13
    1937   13
    1938   13
    1939   13
    1940   13
    1941   13
    1942   13
    1943   13
    1944   13
    1945   13
    1946   13
    1947   13
    1948   13
    1949   13
    1950   13
    1951   13
    1952   13
    1953   13
    1954   13
    1955   13
    1956   13
    1957   13
    1958   13
    1959   13
    1960   13
    1961   13
    1962   13
    1963   13
    1964   13
    1965   13
    1966   13
    1967   13
    1968   13
    1969   13
    1970   13
    1971   13
    1972   13
    1973   13
    1974   13
    1975   13
    1976   13
    1977   13
    1978   13
    1979   13
    1980   13
    1981   13
    1982   13
    1983   13
    1984   13
    1985   13
    1986   13
    1987   13
    1988   13
    1989   13
    1990   13
    1991   13
    1992   13
    1993   13
    1994   13
    1995   13
    1996   13
    1997   13
    1998   13
    1999   13
    2000   13
    2001   13
    2002   13
    2003   13
    2004   13
    2005   13
    2006   13
    2007   13
    2008   13
    2009   13
    2010   13
    2011   13
    2012   13
    2013   13
    2014   13
    2015   13
    2016   13
    2017   13
    2018   13
    2019   13
    2020   13
    2021   13
    2022   13
    2023   13
    2024   13
    2025   13
    2026   13
    2027   13
    2028   13
    2029   13
    2030   13
    2031   13
    2032   13
    2033   13
    2034   13
    2035   13
    2036   13
    2037   13
    2038   13
    2039   13
    2040   13
    2041   13
    2042   13
    2043   13
    2044   13
    2045   13
    2046   13
    2047   13
    2048   13
    2049   13
    2050   13
    2051   13
    2052   13
    2053   13
    2054   13
    2055   13
    2056   13
    2057   13
    2058   13
    2059   13
    2060   13
    2061   13
    2062   13
    2063   13
    2064   13
    2065   13
    2066   14
    2067   14
    2068   13
    2069   13
    2070   13
    2071   13
    2072   13
    2073   13
    2074   13
    2075   13
    2076   13
    2077   13
    2078   13
    2079   13
    2080   13
    2081   13
    2082   13
    2083   13
    2084   13
    2085   13
    2086   13
    2087   13
    2088   13
    2089   13
    2090   13
    2091   13
    2092   13
    2093   13
    2094   13
    2095   13
    2096   13
    2097   13
    2098   13
    2099   13
    2100   13
    2101   13
    2102   13
    2103   13
    2104   13
    2105   13
    2106   13
    2107   13
    2108   13
    2109   13
    2110   13
    2111   13
    2112   13
    2113   13
    2114   13
    2115   13
    2116   13
    2117   13
    2118   13
    2119   13
    2120   13
    2121   13
    2122   13
    2123   13
    2124   13
    2125   13
    2126   13
    2127   13
    2128   13
    2129   13
    2130   13
    2131   13
    2132   13
    2133   13
    2134   13
    2135   13
    2136   13
    2137   13
    2138   13
    2139   13
    2140   13
    2141   13
    2142   13
    2143   13
    2144   13
    2145   13
    2146   13
    2147   13
    2148   13
    2149   13
    2150   13
    2151   13
    2152   13
    2153   13
    2154   13
    2155   13
    2156   13
    2157   13
    2158   13
    2159   13
    2160   13
    2161   13
    2162   13
    2163   13
    2164   13
    2165   13
    2166   13
    2167   13
    2168   13
    2169   13
    2170   13
    2171   13
    2172   13
    2173   13
    2174   13
    2175   13
    2176   13
    2177   13
    2178   13
    2179   13
    2180   13
    2181   13
    2182   13
    2183   13
    2184   13
    2185   13
    2186   13
    2187   13
    2188   13
    2189   13
    2190   13
    2191   13
    2192   13
    2193   13
    2194   13
    2195   13
    2196   13
    2197   13
    2198   13
    2199   13
    2200   13
    2201   13
    2202   13
    2203   13
    2204   13
    2205   13
    2206   13
    2207   13
    2208   13
    2209   13
    2210   13
    2211   13
    2212   13
    2213   13
    2214   13
    2215   13
    2216   13
    2217   13
    2218   13
    2219   13
    2220   13
    2221   13
    2222   13
    2223   13
    2224   13
    2225   13
    2226   13
    2227   13
    2228   13
    2229   13
    2230   13
    2231   13
    2232   13
    2233   13
    2234   13
    2235   13
    2236   13
    2237   13
    2238   13
    2239   13
    2240   13
    2241   13
    2242   13
    2243   13
    2244   13
    2245   13
    2246   13
    2247   13
    2248   13
    2249   13
    2250   13
    2251   13
    2252   13
    2253   13
    2254   13
    2255   13
    2256   13
    2257   13
    2258   13
    2259   13
    2260   13
    2261   13
    2262   13
    2263   13
    2264   13
    2265   13
    2266   13
    2267   13
    2268   13
    2269   13
    2270   13
    2271   13
    2272   13
    2273   13
    2274   13
    2275   13
    2276   13
    2277   13
    2278   13
    2279   13
    2280   13
    2281   13
    2282   13
    2283   13
    2284   13
    2285   13
    2286   13
    2287   13
    2288   13
    2289   13
    2290   13
    2291   13
    2292   13
    2293   13
    2294   13
    2295   13
    2296   13
    2297   13
    2298   13
    2299   13
    2300   13
    2301   13
    2302   13
    2303   13
    2304   13
    2305   13
    2306   13
    2307   13
    2308   13
    2309   13
    2310   13
    2311   13
    2312   13
    2313   13
    2314   13
    2315   13
    2316   13
    2317   13
    2318   13
    2319   13
    2320   13
    2321   13
    2322   13
    2323   13
    2324   13
    2325   13
    2326   13
    2327   13
    2328   13
    2329   13
    2330   13
    2331   13
    2332   13
    2333   13
    2334   13
    2335   13
    2336   13
    2337   13
    2338   13
    2339   13
    2340   13
    2341   13
    2342   13
    2343   13
    2344   13
    2345   13
    2346   13
    2347   13
    2348   13
    2349   13
    2350   13
    2351   13
    2352   13
    2353   13
    2354   13
    2355   13
    2356   13
    2357   13
    2358   13
    2359   13
    2360   13
    2361   13
    2362   13
    2363   13
    2364   13
    2365   13
    2366   13
    2367   13
    2368   13
    2369   13
    2370   13
    2371   13
    2372   13
    2373   13
    2374   13
    2375   13
    2376   13
    2377   13
    2378   13
    2379   13
    2380   13
    2381   13
    2382   13
    2383   13
    2384   13
    2385   13
    2386   13
    2387   13
    2388   13
    2389   13
    2390   13
    2391   13
    2392   13
    2393   13
    2394   13
    2395   13
    2396   13
    2397   13
    2398   13
    2399   13
    2400   13
    2401   13
    2402   13
    2403   13
    2404   13
    2405   13
    2406   13
    2407   13
    2408   13
    2409   13
    2410   13
    2411   13
    2412   13
    2413   13
    2414   13
    2415   13
    2416   13
    2417   13
    2418   13
    2419   13
    2420   13
    2421   13
    2422   13
    2423   13
    2424   13
    2425   13
    2426   13
    2427   13
    2428   13
    2429   13
    2430   13
    2431   13
    2432   13
    2433   13
    2434   13
    2435   13
    2436   13
    2437   13
    2438   13
    2439   13
    2440   13
    2441   13
    2442   13
    2443   13
    2444   13
    2445   13
    2446   13
    2447   13
    2448   13
    2449   13
    2450   13
    2451   13
    2452   13
    2453   13
    2454   13
    2455   13
    2456   13
    2457   13
    2458   13
    2459   13
    2460   13
    2461   13
    2462   13
    2463   13
    2464   13
    2465   13
    2466   13
    2467   13
    2468   13
    2469   13
    2470   13
    2471   13
    2472   13
    2473   13
    2474   13
    2475   13
    2476   13
    2477   13
    2478   13
    2479   13
    2480   13
    2481   13
    2482   13
    2483   13
    2484   13
    2485   13
    2486   13
    2487   13
    2488   13
    2489   13
    2490   13
    2491   13
    2492   13
    2493   13
    2494   13
    2495   13
    2496   13
    2497   13
    2498   13
    2499   13
    2500   13
    2501   13
    2502   13
    2503   13
    2504   13
    2505   13
    2506   13
    2507   13
    2508   13
    2509   13
    2510   13
    2511   13
    2512   13
    2513   13
    2514   13
    2515   13
    2516   13
    2517   13
    2518   13
    2519   13
    2520   13
    2521   13
    2522   13
    2523   13
    2524   13
    2525   13
    2526   13
    2527   13
    2528   13
    2529   13
    2530   13
    2531   13
    2532   12
    2533   12
    2534    7
    2535    8
    2536   13
    2537   13
    2538   13
    2539   13
    2540   13
    2541   13
    2542   13
    2543   13
    2544   13
    2545   13
    2546   13
    2547   13
    2548   13
    2549   13
    2550   13
    2551   13
    2552   13
    2553   13
    2554   13
    2555   13
    2556   13
    2557   13
    2558   13
    2559   13
    2560   13
    2561   13
    2562   13
    2563   13
    2564   13
    2565   13
    2566   13
    2567   13
    2568   13
    2569   13
    2570   13
    2571   13
    2572   13
    2573   13
    2574   13
    2575   13
    2576   13
    2577   13
    2578   13
    2579   13
    2580   13
    2581   13
    2582   13
    2583   13
    2584   13
    2585   13
    2586   13
    2587   13
    2588   13
    2589   13
    2590   13
    2591   13
    2592   13
    2593   13
    2594   13
    2595   13
    2596   13
    2597   13
    2598   13
    2599   13
    2600   13
    2601   13
    2602   13
    2603   13
    2604   13
    2605   13
    2606   13
    2607   13
    2608   13
    2609   13
    2610   13
    2611   13
    2612   13
    2613   13
    2614   13
    2615   13
    2616   13
    2617   13
    2618   13
    2619   13
    2620   13
    2621   13
    2622   13
    2623   13
    2624   13
    2625   13
    2626   13
    2627   13
    2628   13
    2629   13
    2630   13
    2631   13
    2632   13
    2633   13
    2634   13
    2635   13
    2636   13
    2637   13
    2638   13
    2639   13
    2640   13
    2641   13
    2642   13
    2643   13
    2644   13
    2645   13
    2646   13
    2647   13
    2648   13
    2649   13
    2650   13
    2651   13
    2652   13
    2653   13
    2654   13
    2655   13
    2656   13
    2657   13
    2658   13
    2659   13
    2660   13
    2661   13
    2662   13
    2663   13
    2664   13
    2665   13
    2666   13
    2667   13
    2668   13
    2669   13
    2670   13
    2671   13
    2672   13
    2673   13
    2674   13
    2675   13
    2676   13
    2677   13
    2678   13
    2679   13
    2680   13
    2681   13
    2682   13
    2683   13
    2684   13
    2685   13
    2686   13
    2687   13
    2688   13
    2689   13
    2690   13
    2691   13
    2692   13
    2693   13
    2694   13
    2695   13
    2696   13
    2697   13
    2698   13
    2699   13
    2700   13
    2701   13
    2702   13
    2703   13
    2704   13
    2705   13
    2706   13
    2707   13
    2708   13
    2709   13
    2710   13
    2711   13
    2712   13
    2713   13
    2714   13
    2715   13
    2716   13
    2717   13
    2718   13
    2719   13
    2720   13
    2721   13
    2722   13
    2723   13
    2724   13
    2725   13
    2726   13
    2727   13
    2728   13
    2729   13
    2730   13
    2731   13
    2732   13
    2733   13
    2734   13
    2735   13
    2736   13
    2737   13
    2738   13
    2739   13
    2740   13
    2741   13
    2742   13
    2743   13
    2744   13
    2745   13
    2746   13
    2747   13
    2748   13
    2749   13
    2750   13
    2751   13
    2752   13
    2753   13
    2754   13
    2755   13
    2756   13
    2757   13
    2758   13
    2759   13
    2760   13
    2761   13
    2762   13
    2763   13
    2764   13
    2765   13
    2766   13
    2767   13
    2768   13
    2769   13
    2770   13
    2771   13
    2772   13
    2773   13
    2774   13
    2775   13
    2776   13
    2777   13
    2778   13
    2779   13
    2780   13
    2781   13
    2782   13
    2783   13
    2784   13
    2785   13
    2786   13
    2787   13
    2788   13
    2789   13
    2790   13
    2791   13
    2792   13
    2793   13
    2794   13
    2795   13
    2796   13
    2797   13
    2798   13
    2799   13
    2800   13
    2801   13
    2802   13
    2803   13
    2804   13
    2805   13
    2806   13
    2807   13
    2808   13
    2809   13
    2810   13
    2811   13
    2812   13
    2813   13
    2814   13
    2815   13
    2816   13
    2817   13
    2818   13
    2819   13
    2820   13
    2821   13
    2822   13
    2823   13
    2824   13
    2825   13
    2826   13
    2827   13
    2828   13
    2829   13
    2830   13
    2831   13
    2832   13
    2833   13
    2834   13
    2835   13
    2836   13
    2837   13
    2838   13
    2839   13
    2840   13
    2841   13
    2842   13
    2843   13
    2844   13
    2845   13
    2846   13
    2847   13
    2848   13
    2849   13
    2850   13
    2851   13
    2852   13
    2853   13
    2854   13
    2855   13
    2856   13
    2857   13
    2858   13
    2859   13
    2860   13
    2861   13
    2862   13
    2863   13
    2864   13
    2865   13
    2866   13
    2867   13
    2868   13
    2869   13
    2870   13
    2871   13
    2872   13
    2873   13
    2874   13
    2875   13
    2876   13
    2877   13
    2878   13
    2879   13
    2880   13
    2881   13
    2882   13
    2883   13
    2884   13
    2885   13
    2886   13
    2887   13
    2888   13
    2889   13
    2890   13
    2891   13
    2892   13
    2893   13
    2894   13
    2895   13
    2896   13
    2897   13
    2898   13
    2899   13
    2900   13
    2901   13
    2902   13
    2903   13
    2904   13
    2905   13
    2906   13
    2907   13
    2908   13
    2909   13
    2910   13
    2911   13
    2912   13
    2913   13
    2914   13
    2915   13
    2916   13
    2917   13
    2918   13
    2919   13
    2920   13
    2921   13
    2922   13
    2923   13
    2924   13
    2925   13
    2926   13
    2927   13
    2928   13
    2929   13
    2930   13
    2931   13
    2932   13
    2933   13
    2934   13
    2935   13
    2936   13
    2937   13
    2938   13
    2939   13
    2940   13
    2941   13
    2942   13
    2943   13
    2944   13
    2945   13
    2946   13
    2947   13
    2948   13
    2949   13
    2950   13
    2951   13
    2952   13
    2953   13
    2954   13
    2955   13
    2956   13
    2957   13
    2958   13
    2959   13
    2960   13
    2961   13
    2962   13
    2963   13
    2964   13
    2965   13
    2966   13
    2967   13
    2968   13
    2969   13
    2970   13
    2971   13
    2972   13
    2973   13
    2974   13
    2975   13
    2976   13
    2977   13
    2978   13
    2979   13
    2980   13
    2981   13
    2982   13
    2983   13
    2984   13
    2985   13
    2986   13
    2987   13
    2988   13
    2989   13
    2990   13
    2991   13
    2992   13
    2993   13
    2994   13
    2995   13
    2996   13
    2997   13
    2998   13
    2999   13
    3000   13
    3001   13
    3002   13
    3003   13
    3004   13
    3005   13
    3006   13
    3007   13
    3008   13
    3009   13
    3010   13
    3011   13
    3012   13
    3013   13
    3014   13
    3015   13
    3016   13
    3017   13
    3018   13
    3019   13
    3020   13
    3021   13
    3022   13
    3023   13
    3024   13
    3025   13
    3026   13
    3027   13
    3028   13
    3029   13
    3030   13
    3031   13
    3032   13
    3033   13
    3034   13
    3035   13
    3036   13
    3037   13
    3038   13
    3039   13
    3040   13
    3041   13
    3042   13
    3043   13
    3044   13
    3045   13
    3046   13
    3047   13
    3048   13
    3049   13
    3050   13
    3051   13
    3052   13
    3053   13
    3054   13
    3055   13
    3056   13
    3057   13
    3058   13
    3059   13
    3060   13
    3061   13
    3062   13
    3063   13
    3064   13
    3065   13
    3066   13
    3067   13
    3068   13
    3069   13
    3070   13
    3071   13
    3072   13
    3073   13
    3074   13
    3075   13
    3076   13
    3077   13
    3078   13
    3079   13
    3080   13
    3081   13
    3082   13
    3083   13
    3084   13
    3085   13
    3086   13
    3087   13
    3088   13
    3089   13
    3090   13
    3091   13
    3092   13
    3093   13
    3094   13
    3095   13
    3096   13
    3097   13
    3098   13
    3099   13
    3100   13
    3101   13
    3102   13
    3103   13
    3104   13
    3105   13
    3106   13
    3107   13
    3108   13
    3109   13
    3110   13
    3111   13
    3112   13
    3113   13
    3114   13
    3115   13
    3116   13
    3117   13
    3118   13
    3119   13
    3120   13
    3121   13
    3122   13
    3123   13
    3124   13
    3125   13
    3126   13
    3127   13
    3128   13
    3129   13
    3130   13
    3131   13
    3132   13
    3133   13
    3134   13
    3135   13
    3136   13
    3137   13
    3138   13
    3139   13
    3140   13
    3141   13
    3142   13
    3143   13
    3144   13
    3145   13
    3146   13
    3147   13
    3148   13
    3149   13
    3150   13
    3151   13
    3152   13
    3153   13
    3154   13
    3155   13
    3156   13
    3157   13
    3158   13
    3159   13
    3160   13
    3161   13
    3162   13
    3163   13
    3164   13
    3165   13
    3166   13
    3167   13
    3168   13
    3169   13
    3170   13
    3171   13
    3172   13
    3173   13
    3174   13
    3175   13
    3176   13
    3177   13
    3178   13
    3179   13
    3180   13
    3181   13
    3182   13
    3183   13
    3184   13
    3185   13
    3186   13
    3187   13
    3188   13
    3189   13
    3190   13
    3191   13
    3192   13
    3193   13
    3194   13
    3195   13
    3196   13
    3197   13
    3198   13
    3199   13
    3200   13
    3201   13
    3202   13
    3203   13
    3204   13
    3205   13
    3206   13
    3207   13
    3208   13
    3209   13
    3210   13
    3211   13
    3212   13
    3213   13
    3214   13
    3215   13
    3216   10
    3217   10
    3218   10
    3219   10
    3220   10
    3221   10
    3222   10
    3223   10
    3224   10
    3225   10
    3226   10
    3227   10
    3228   10
    3229   10
    3230   10
    3231   10
    3232   10
    3233   10
    3234   10
    3235   10
    3236   10
    3237   12
    3238   12
    3239   12
    3240   13
    3241   13
    3242   13
    3243   13
    3244   13
    3245   13
    3246   13
    3247   13
    3248   13
    3249   13
    3250   13
    3251   13
    3252   13
    3253   13
    3254   13
    3255   13
    3256   13
    3257   13
    3258   10
    3259   10
    3260   10
    3261   10
    3262   10
    3263   10
    3264   10
    3265   10
    3266   10
    3267   10
    3268   10
    3269   10
    3270   10
    3271   10
    3272   10
    3273   10
    3274   10
    3275   10
    3276   10
    3277   10
    3278   10
    3279   10
    3280   10
    3281   10
    3282   10
    3283   10
    3284   10
    3285   10
    3286   10
    3287   10
    3288    9
    3289   11
    3290   11
    3291   11
    3292   11
    3293   11
    3294   11
    3295   11
    3296   11
    3297   11
    3298   11
    3299   11
    3300   11
    3301    8
    3302    8
    3303    8
    3304   12
    3305   12
    3306   12
    3307   12
    3308    8
    3309   12
    3310    7
    3311    7
    3312   12
    3313   12
    3314   12
    3315   12
    3316    7
    3317    6
    3318    1
    3319    1
    3320   12
    3321   10
    3322   10
    3323   10
    3324    7
    3325    8
    3326    8
    3327    7
    3328    5
    3329   12
    3330   12
    3331   12
    3332   12
    3333   12
    3334   12
    3335   12
    3336   10
    3337   10
    3338   10
    3339   10
    3340   10
    3341   10
    3342   10
    3343   10
    3344   10
    3345   11
    3346    9
    3347   12
    3348   12
    3349   12
    3350    1
    3351    1
    3352    1
    3353    1
    3354    3
    3355    3
    3356    6
    3357    6
    3358   12
    3359   12
    3360   12
    3361   12
    3362   12
    3363   12
    3364   12
    3365   12
    3366   12
    3367    1
    3368    1
    3369    1
    3370    1
    3371    1
    3372    6
    3373   12
    3374   10
    3375   10
    3376   10
    3377   12
    3378   12
    3379   12
    3380   12
    3381    7
    3382    6
    3383    5
    3384    1
    3385   12
    3386   12
    3387   12
    3388   12
    3389   12
    3390   11
    3391    9
    3392    9
    3393    6
    3394    5
    3395    1
    3396    6
    3397    8
    3398    8
    3399    8
    3400   12
    3401   12
    3402   15
    3403   15
    3404   15
    3405   15
    3406    8
    3407   12
    3408   12
    3409    7
    3410    8
    3411    8
    3412    6
    3413    5
    3414    5
    3415    3
    3416    3
    3417    3
    3418    3
    3419    5
    3420    1
    3421    1
    3422    1
    3423    5
    3424    5
    3425    1
    3426    1
    3427    8
    3428    6
    3429    5
    3430    3
    3431    1
    3432    1
    3433    1
    3434    1
    3435    1
    3436    7
    3437    5
    3438    6
    3439    9
    3440    7
    3441    6
    3442    5
    3443    6
    3444   12
    3445    6
    3446    2
    3447    2
    3448   12
    3449   12
    3450   12
    3451    8
    3452    6
    3453    2
    3454    2
    3455    6
    3456    6
    3457   12
    3458   12
    3459   12
    3460   12
    3461   12
    3462    7
    3463   12
    3464   12
    3465   11
    3466   12
    3467   12
    3468    8
    3469    7
    3470    8
    3471    8
    3472    7
    3473   12
    3474   12
    3475   10
    3476   10
    3477   10
    3478   10
    3479   10
    3480   10
    3481   10
    3482   10
    3483   10
    3484   10
    3485   10
    3486   10
    3487   10
    3488   10
    3489    9
    3490    9
    3491   11
    3492    9
    3493    2
    3494    2
    3495    2
    3496    2
    3497    2
    3498    3
    3499    3
    3500    3
    3501    5
    3502    6
    3503    6
    3504    7
    3505   12
    3506   12
    3507    8
    3508    8
    3509    8
    3510    6
    3511    6
    3512    6
    3513    5
    3514    6
    3515    2
    3516    6
    3517    6
    3518    5
    3519    6
    3520    6
    3521    5
    3522    3
    3523    3
    3524    3
    3525    3
    3526    3
    3527    3
    3528    3
    3529    1
    3530    1
    3531    1
    3532    1
    3533    1
    3534    1
    3535    6
    3536    2
    3537    2
    3538    6
    3539    7
    3540    7
    3541    8
    3542   12
    3543    1
    3544   12
    3545   12
    3546    1
    3547    4
    3548    4
    3549    5
    3550    6
    3551    1
    3552    1
    3553    1
    3554    1
    3555    1
    3556    6
    3557    3
    3558    3
    3559    1
    3560    1
    3561    3
    3562    5
    3563    5
    3564    5
    3565    4
    3566    5
    3567    6
    3568    6
    3569   12
    3570   12
    3571   12
    3572    1
    3573    6
    3574   12
    3575    6
    3576    6
    3577    3
    3578    3
    3579    2
    3580    2
    3581    6
    3582    2
    3583    2
    3584    2
    3585    6
    3586    2
    3587    2
    3588    2
    3589    2
    3590    2
    3591    2
    3592    2
    3593    6
    3594    6
    3595    1
    3596    1
    3597    1
    3598    1
    3599    5
    3600    6
    3601    8
    3602    8
    3603    7
    3604    8
    3605    7
    3606    8
    3607   12
    3608   12
    3609   12
    3610   12
    3611    6
    3612    1
    3613    1
    3614    6
    3615    3
    3616    3
    3617    1
    3618    1
    3619    1
    3620    5
    3621    5
    3622    5
    3623    6
    3624    6
    3625    5
    3626    3
    3627    4
    3628    4
    3629    4
    3630    6
    3631    3
    3632    3
    3633    3
    3634    3
    3635    3
    3636    3
    3637    1
    3638    1
    3639    1
    3640    1
    3641    1
    3642    1
    3643    1
    3644    1
    3645    1
    3646    1
    3647    1
    3648    1
    3649    1
    3650    1
    3651    1
    3652    5
    3653   12
    3654    7
    3655    7
    3656    8
    3657   12
    3658    7
    3659    6
    3660    6
    3661    6
    3662    5
    3663    6
    3664    6
    3665    3
    3666    3
    3667    3
    3668    6
    3669    6
    3670    2
    3671    2
    3672    2
    3673    2
    3674    2
    3675    2
    3676    2
    3677    2
    3678    5
    3679    5
    3680    5
    3681   12
    3682    8
    3683    8
    3684   12
    3685   12
    3686   12
    3687   12
    3688   12
    3689   12
    3690    7
    3691   10
    3692   10
    3693   10
    3694   10
    3695   10
    3696    9
    3697   12
    3698   12
    3699   12
    3700    7
    3701    7
    3702   12
    3703   12
    3704    8
    3705    8
    3706   12
    3707   12
    3708   12
    3709   12
    3710    8
    3711   12
    3712    7
    3713   12
    3714    6
    3715    2
    3716   14
    3717   14
    3718   14
    3719   14
    3720   14
    3721   14
    3722   13
    3723   13
    3724   13
    3725   13
    3726   13
    3727   13
    3728   13
    3729   13
    3730   13
    3731   13
    3732   13
    3733   13
    3734   13
    3735   10
    3736   10
    3737   12
    3738   12
    3739   12
    3740   12
    3741   12
    3742   12
    3743   12
    3744   12
    3745   12
    3746   12
    3747   12
    3748    8
    3749    8
    3750    8
    3751   12
    3752   12
    3753   12
    3754    8
    3755    8
    3756   12
    3757    7
    3758    6
    3759    6
    3760    8
    3761    8
    3762    7
    3763    7
    3764   12
    3765   12
    3766    8
    3767   12
    3768   12
    3769   12
    3770   12
    3771   12
    3772   12
    3773   12
    3774   12
    3775    6
    3776    4
    3777    4
    3778    4
    3779    1
    3780    1
    3781    1
    3782    1
    3783   12
    3784   12
    3785   12
    3786   12
    3787    1
    3788    1
    3789    1
    3790    1
    3791    1
    3792    1
    3793    1
    3794    1
    3795    1
    3796   12
    3797   12
    3798   12
    3799   12
    3800   12
    3801    1
    3802    1
    3803   12
    3804   12
    3805   12
    3806   12
    3807   12
    3808   12
    3809   12
    3810   12
    3811    1
    3812    1
    3813    1
    3814    1
    3815    1
    3816   12
    3817   12
    3818    7
    3819   12
    3820   12
    3821   12
    3822   12
    3823   12
    3824   12
    3825   12
    3826   12
    3827    9
    3828    9
    3829    2
    3830    3
    3831    3
    3832    5
    3833    6
    3834    5
    3835    2
    3836    2
    3837    1
    3838    1
    3839    1
    3840    1
    3841   12
    3842   12
    3843    8
    3844    6
    3845    4
    3846    4
    3847    5
    3848   12
    3849   12
    3850   12
    3851   12
    3852   12
    3853   12
    3854    1
    3855    1
    3856    1
    3857    1
    3858    1
    3859    1
    3860    1
    3861    1
    3862    1
    3863    1
    3864    1
    3865    1
    3866    1
    3867    1
    3868    7
    3869    6
    3870    2
    3871    2
    3872    6
    3873    5
    3874    6
    3875    5
    3876    1
    3877    1
    3878    1
    3879    1
    3880    1
    3881    1
    3882    1
    3883    6
    3884   12
    3885   12
    3886    7
    3887    8
    3888   12
    3889   12
    3890   12
    3891    6
    3892    5
    3893    5
    3894    5
    3895    6
    3896    3
    3897    3
    3898    3
    3899    5
    3900    6
    3901    8
    3902    8
    3903   12
    3904   12
    3905   12
    3906   12
    3907    8
    3908   12
    3909    8
    3910    8
    3911    7
    3912    8
    3913    8
    3914    8
    3915   12
    3916   12
    3917    8
    3918    8
    3919    6
    3920    6
    3921    3
    3922    3
    3923    3
    3924    3
    3925    3
    3926    3
    3927    3
    3928    5
    3929    5
    3930    3
    3931    3
    3932    3
    3933    3
    3934    3
    3935    3
    3936    3
    3937    3
    3938    1
    3939    1
    3940    1
    3941    1
    3942    1
    3943    1
    3944    1
    3945    1
    3946    1
    3947    1
    3948    1
    3949    1
    3950    1
    3951    6
    3952    6
    3953    1
    3954    1
    3955    3
    3956    3
    3957    6
    3958    8
    3959    6
    3960    5
    3961    5
    3962    3
    3963    1
    3964    1
    3965    1
    3966    1
    3967    1
    3968    1
    3969    1
    3970    1
    3971    7
    3972   12
    3973    1
    3974    1
    3975    1
    3976    1
    3977    1
    3978    1
    3979    1
    3980    1
    3981    1
    3982    1
    3983    1
    3984    1
    3985    1
    3986    1
    3987    1
    3988    1
    3989    1
    3990    1
    3991    2
    3992    2
    3993    1
    3994    1
    3995   12
    3996   12
    3997   12
    3998   12
    3999    8
    4000   12
    4001   12
    4002   12
    4003   12
    4004   12
    4005   12
    4006   12
    4007    1
    4008    1
    4009    1
    4010    1
    4011    1
    4012    1
    4013    1
    4014    1
    4015    1
    4016    4
    4017    4
    4018    5
    4019    6
    4020    7
    4021   12
    4022   12
    4023   12
    4024   12
    4025   12
    4026   12
    4027   12
    4028   12
    4029    6
    4030    5
    4031    1
    4032    1
    4033    1
    4034    1
    4035    1
    4036    1
    4037    1
    4038    1
    4039    1
    4040   12
    4041   12
    4042   12
    4043   12
    4044    9
    4045   12
    4046   12
    4047   12
    4048   12
    4049    1
    4050    1
    4051    1
    4052    1
    4053    1
    4054    1
    4055    3
    4056    5
    4057    6
    4058    2
    4059    2
    4060    2
    4061    2
    4062    3
    4063    3
    4064    6
    4065    8
    4066    6
    4067    5
    4068    3
    4069    1
    4070    1
    4071    1
    4072    1
    4073    1
    4074    1
    4075    7
    4076    6
    4077    1
    4078    1
    4079    1
    4080    1
    4081    2
    4082    6
    4083    6
    4084    1
    4085    3
    4086    3
    4087    6
    4088    6
    4089    3
    4090    6
    4091    5
    4092    6
    4093    6
    4094    6
    4095   12
    4096   12
    4097    6
    4098    1
    4099    1
    4100    1
    4101    5
    4102    5
    4103    5
    4104    1
    4105    1
    4106    1
    4107    1
    4108    1
    4109    1
    4110    5
    4111    6
    4112    6
    4113    3
    4114    3
    4115    3
    4116    3
    4117    3
    4118    3
    4119    3
    4120    2
    4121    2
    4122    8
    4123   12
    4124   12
    4125   12
    4126   12
    4127   12
    4128   12
    4129   12
    4130   12
    4131   12
    4132   12
    4133   12
    4134   12
    4135   12
    4136   12
    4137    8
    4138   12
    4139   12
    4140   12
    4141   12
    4142   12
    4143   12
    4144   12
    4145   12
    4146   12
    4147   12
    4148    1
    4149    1
    4150    1
    4151    1
    4152    1
    4153    1
    4154    5
    4155    1
    4156    1
    4157    1
    4158    1
    4159    1
    4160    1
    4161    1
    4162    1
    4163    1
    4164    3
    4165    6
    4166    6
    4167    9
    4168    9
    4169   10
    4170   10
    4171   10
    4172   10
    4173   10
    4174   10
    4175   10
    4176   10
    4177   10
    4178   10
    4179   10
    4180   10
    4181   10
    4182   10
    4183   10
    4184   10
    4185   10
    4186   10
    4187   10
    4188   10
    4189   10
    4190   10
    4191   10
    4192   10
    4193   10
    4194   10
    4195   10
    4196   10
    4197   10
    4198   10
    4199   10
    4200   10
    4201   10
    4202   10
    4203   10
    4204   10
    4205   10
    4206   10
    4207   10
    4208   10
    4209   10
    4210   10
    4211   10
    4212   10
    4213   10
    4214   10
    4215   10
    4216   10
    4217   10
    4218   10
    4219   10
    4220   10
    4221   10
    4222   10
    4223   10
    4224   10
    4225   10
    4226   10
    4227   10
    4228   10
    4229   10
    4230   10
    4231   10
    4232   10
    4233   10
    4234   10
    4235   10
    4236   10
    4237   10
    4238   10
    4239   10
    4240   10
    4241   10
    4242   10
    4243   10
    4244   10
    4245   10
    4246   10
    4247   10
    4248   10
    4249   10
    4250   10
    4251   10
    4252   10
    4253   10
    4254   10
    4255   10
    4256   10
    4257   10
    4258   10
    4259   10
    4260   12
    4261   12
    4262   12
    4263    3
    4264    6
    4265   10
    4266   10
    4267   10
    4268   10
    4269   10
    4270   10
    4271   10
    4272   10
    4273   10
    4274   10
    4275   10
    4276   10
    4277   10
    4278   10
    4279   10
    4280   10
    4281   10
    4282   10
    4283   10
    4284   10
    4285   10
    4286   10
    4287   10
    4288   10
    4289   10
    4290   10
    4291   10
    4292    9
    4293   12
    4294   12
    4295   12
    4296    1
    4297    1
    4298    3
    4299    6
    4300    1
    4301    1
    4302    5
    4303    6
    4304   12
    4305   12
    4306   12
    4307   12
    4308   12
    4309   12
    4310   12
    4311   10
    4312    9
    4313   12
    4314   12
    4315   12
    4316   12
    4317   12
    4318   12
    4319    7
    4320    8
    4321   12
    4322   12
    4323   12
    4324   12
    4325   12
    4326   12
    4327   12
    4328    7
    4329    8
    4330   12
    4331    8
    4332    8
    4333   12
    4334   12
    4335   12
    4336    1
    4337    1
    4338    1
    4339    1
    4340    1
    4341    1
    4342    1
    4343    1
    4344    1
    4345    1
    4346    1
    4347    1
    4348    1
    4349    1
    4350    1
    4351    6
    4352    5
    4353    1
    4354    1
    4355    1
    4356    1
    4357    1
    4358    1
    4359    1
    4360    1
    4361    3
    4362    5
    4363    3
    4364    3
    4365    5
    4366    3
    4367    5
    4368    6
    4369    8
    4370    7
    4371   12
    4372   12
    4373   12
    4374   12
    4375    6
    4376    6
    4377    6
    4378    5
    4379    1
    4380    1
    4381    5
    4382    1
    4383    6
    4384   12
    4385    6
    4386    6
    4387    5
    4388    3
    4389    3
    4390    5
    4391    3
    4392    3
    4393    1
    4394   12
    4395   12
    4396   12
    4397    8
    4398    8
    4399    8
    4400   12
    4401   10
    4402   10
    4403   10
    4404   10
    4405   10
    4406   12
    4407   12
    4408    6
    4409    5
    4410    1
    4411    1
    4412    1
    4413   12
    4414   12
    4415   12
    4416   12
    4417   12
    4418   12
    4419   12
    4420   12
    4421   12
    4422    1
    4423    1
    4424    3
    4425    6
    4426    5
    4427    1
    4428    1
    4429    1
    4430   12
    4431    8
    4432   12
    4433   12
    4434   12
    4435   12
    4436   12
    4437   12
    4438   12
    4439   12
    4440   12
    4441    7
    4442   12
    4443   12
    4444   12
    4445   12
    4446   12
    4447    7
    4448   12
    4449   12
    4450   12
    4451   12
    4452   12
    4453   12
    4454   12
    4455    8
    4456    8
    4457   13
    4458   13
    4459   13
    4460   13
    4461   13
    4462   13
    4463   13
    4464   13
    4465   13
    4466   13
    4467   13
    4468   13
    4469   13
    4470   13
    4471   13
    4472   13
    4473   13
    4474   13
    4475   13
    4476   13
    4477   13
    4478   13
    4479   13
    4480   13
    4481   13
    4482   13
    4483   13
    4484   14
    4485   14
    4486   13
    4487   13
    4488   13
    4489   13
    4490   13
    4491   14
    4492   14
    4493   14
    4494   14
    4495   12
    4496   12
    4497   12
    4498   12
    4499   12
    4500   12
    4501   12
    4502   12
    4503    8
    4504   12
    4505   12
    4506   12
    4507   12
    4508   12
    4509   12
    4510   12
    4511   12
    4512   12
    4513   12
    4514   12
    4515   12
    4516   12
    4517   12
    4518   12
    4519   12
    4520   12
    4521   12
    4522   12
    4523   12
    4524    7
    4525    5
    4526    5
    4527    5
    4528    1
    4529    1
    4530    1
    4531    1
    4532    1
    4533    5
    4534    4
    4535    4
    4536    5
    4537    4
    4538    6
    4539    6
    4540    8
    4541   12
    4542   12
    4543   12
    4544   12
    4545   12
    4546   12
    4547   12
    4548   12
    4549   12
    4550   12
    4551   12
    4552   12
    4553   12
    4554   12
    4555    7
    4556    8
    4557   12
    4558   12
    4559   12
    4560   12
    4561   12
    4562   12
    4563    8
    4564    7
    4565    1
    4566    1
    4567    1
    4568    1
    4569   12
    4570   12
    4571   12
    4572    8
    4573   12
    4574   12
    4575   12
    4576   12
    4577   12
    4578   12
    4579   12
    4580   12
    4581   12
    4582   12
    4583    1
    4584    1
    4585    1
    4586   12
    4587   12
    4588   12
    4589   12
    4590   12
    4591   12
    4592   12
    4593   12
    4594   12
    4595   12
    4596    1
    4597    1
    4598    1
    4599   12
    4600   12
    4601   12
    4602    4
    4603    4
    4604    4
    4605    4
    4606    4
    4607    4
    4608    4
    4609    5
    4610    6
    4611    4
    4612    4
    4613    6
    4614    6
    4615    6
    4616    6
    4617    5
    4618    6
    4619    9
    4620    9
    4621   10
    4622   10
    4623   10
    4624   10
    4625   10
    4626   10
    4627   10
    4628   10
    4629   10
    4630   10
    4631   10
    4632   10
    4633   10
    4634   10
    4635   10
    4636   10
    4637   10
    4638   10
    4639   10
    4640   10
    4641   10
    4642   10
    4643   10
    4644   12
    4645   12
    4646   10
    4647   10
    4648   12
    4649   12
    4650   12
    4651   12
    4652   12
    4653   12
    4654   12
    4655   12
    4656   12
    4657   12
    4658   12
    4659   12
    4660   12
    4661   12
    4662   12
    4663   12
    4664    7
    4665   12
    4666   12
    4667    8
    4668    8
    4669    8
    4670   12
    4671   12
    4672   12
    4673   12
    4674   12
    4675   12
    4676   12
    4677   12
    4678   12
    4679   10
    4680   10
    4681   10
    4682   13
    4683   13
    4684   13
    4685   13
    4686   13
    4687   13
    4688   13
    4689   13
    4690   13
    4691   13
    4692   13
    4693   13
    4694   13
    4695   13
    4696   13
    4697   13
    4698   13
    4699   13
    4700   13
    4701   13
    4702   13
    4703   13
    4704   13
    4705   13
    4706   13
    4707   13
    4708   13
    4709   13
    4710   13
    4711   13
    4712   13
    4713   13
    4714   13
    4715   10
    4716   10
    4717   10
    4718    8
    4719   10
    4720   10
    4721   10
    4722   12
    4723   12
    4724   12
    4725   12
    4726    8
    4727    8
    4728   10
    4729   10
    4730   10
    4731   10
    4732   13
    4733   13
    4734   13
    4735   13
    4736   13
    4737   13
    4738   13
    4739   13
    4740   13
    4741   13
    4742   13
    4743   13
    4744   13
    4745   13
    4746   13
    4747   13
    4748   13
    4749   13
    4750   13
    4751   13
    4752   13
    4753   13
    4754   13
    4755   13
    4756   13
    4757   13
    4758   13
    4759   13
    4760   13
    4761   13
    4762   13
    4763   13
    4764   13
    4765   13
    4766   13
    4767   13
    4768   13
    4769   13
    4770   13
    4771   13
    4772   13
    4773   13
    4774   13
    4775   13
    4776   13
    4777   13
    4778   13
    4779   13
    4780   13
    4781   13
    4782   13
    4783   13
    4784   13
    4785   13
    4786   13
    4787   13
    4788   13
    4789   13
    4790   13
    4791   13
    4792   13
    4793   13
    4794   13
    4795   13
    4796   13
    4797   13
    4798   13
    4799   13
    4800   13
    4801   13
    4802   13
    4803   13
    4804   13
    4805   13
    4806   13
    4807   13
    4808   13
    4809   13
    4810   13
    4811   13
    4812   13
    4813   13
    4814   13
    4815   13
    4816   13
    4817   10
    4818   10
    4819   10
    4820   10
    4821   13
    4822   13
    4823   13
    4824   13
    4825   13
    4826   13
    4827   13
    4828   13
    4829   13
    4830   13
    4831   13
    4832   13
    4833   13
    4834   13
    4835   13
    4836   13
    4837   13
    4838   13
    4839   13
    4840   13
    4841   13
    4842   13
    4843   13
    4844   13
    4845   13
    4846   10
    4847   10
    4848   10
    4849   10
    4850   10
    4851   10
    4852   10
    4853   10
    4854   10
    4855   10
    4856   12
    4857   12
    4858   12
    4859   12
    4860   12
    4861   12
    4862   12
    4863   12
    4864   12
    4865    6
    4866    6
    4867    1
    4868    1
    4869    1
    4870    1
    4871    1
    4872    1
    4873    1
    4874    1
    4875    1
    4876    1
    4877    1
    4878    1
    4879    5
    4880    6
    4881   12
    4882   12
    4883   12
    4884   12
    4885   12
    4886   10
    4887   10
    4888    9
    4889   12
    4890   12
    4891   12
    4892   12
    4893   12
    4894   12
    4895    2
    4896    2
    4897    2
    4898    2
    4899    2
    4900    2
    4901    1
    4902    1
    4903    1
    4904    1
    4905    1
    4906    1
    4907    1
    4908    1
    4909    1
    4910    1
    4911    1
    4912    1
    4913    3
    4914    4
    4915    4
    4916    4
    4917    4
    4918    3
    4919    3
    4920    3
    4921    5
    4922    6
    4923    5
    4924    5
    4925    3
    4926    3
    4927    6
    4928    6
    4929    1
    4930    1
    4931    2
    4932    5
    4933    1
    4934    1
    4935    1
    4936    3
    4937    5
    4938    6
    4939    5
    4940    6
    4941    1
    4942    1
    4943    1
    4944    1
    4945    1
    4946    6
    4947    7
    4948   12
    4949   12
    4950   12
    4951   12
    4952   12
    4953   12
    4954   12
    4955    8
    4956   12
    4957   12
    4958    8
    4959   12
    4960    8
    4961    7
    4962   12
    4963   12
    4964   12
    4965   12
    4966   12
    4967   12
    4968   12
    4969   12
    4970   10
    4971   10
    4972   10
    4973   10
    4974   10
    4975   10
    4976    8
    4977   12
    4978   12
    4979    8
    4980   12
    4981    1
    4982    1
    4983    1
    4984    1
    4985    5
    4986    1
    4987    1
    4988    1
    4989    1
    4990    1
    4991    1
    4992    1
    4993    1
    4994    5
    4995    1
    4996    1
    4997    1
    4998    1
    4999    1
    5000    7
