       1   12
       2    7
       3   10
       4   10
       5   10
       6   10
       7   10
       8   10
       9   10
      10   10
      11   10
      12   10
      13   10
      14   10
      15   10
      16   10
      17   10
      18   10
      19   10
      20   10
      21   10
      22   10
      23   10
      24   10
      25   12
      26   12
      27   12
      28   12
      29    5
      30    1
      31    1
      32    1
      33    1
      34    1
      35    1
      36    1
      37    3
      38    1
      39    1
      40    1
      41    1
      42    1
      43    1
      44    1
      45    1
      46    2
      47    1
      48    3
      49    3
      50    3
      51    3
      52    6
      53    1
      54    3
      55    6
      56    6
      57   10
      58   10
      59   10
      60   10
      61   10
      62   10
      63   10
      64   10
      65   10
      66   10
      67   10
      68   10
      69   10
      70   10
      71   10
      72   10
      73   10
      74   10
      75   10
      76   10
      77   10
      78   10
      79   10
      80   10
      81   10
      82   10
      83   10
      84   10
      85   10
      86   10
      87   10
      88   10
      89   10
      90   10
      91   10
      92    7
      93   12
      94   12
      95   12
      96   11
      97   11
      98   11
      99   11
     100   12
     101   12
     102   12
     103   12
     104   12
     105   12
     106   12
     107   12
     108   10
     109   10
     110   10
     111   11
     112   11
     113   11
     114   11
     115   11
     116   11
     117    9
     118   11
     119    7
     120    7
     121   12
     122   12
     123   12
     124    9
     125   12
     126   10
     127   10
     128   10
     129   10
     130   10
     131   12
     132   12
     133   12
     134   12
     135   12
     136   12
     137    8
     138   12
     139   12
     140   12
     141   12
     142   12
     143    7
     144    8
     145   12
     146   10
     147   11
     148    8
     149    8
     150    8
     151   12
     152   12
     153    8
     154    8
     155    8
     156   12
     157    8
     158   12
     159   12
     160   12
     161    7
     162    7
     163   12
     164   12
     165    1
     166    1
     167    6
     168   12
     169   12
     170   12
     171   12
     172   12
     173   12
     174   12
     175   12
     176   12
     177    8
     178   12
     179   12
     180   12
     181   12
     182    8
     183    8
     184    8
     185   12
     186   12
     187   12
     188   12
     189   12
     190   12
     191    8
     192    8
     193    7
     194    7
     195   12
     196    7
     197    7
     198    7
     199    7
     200   12
     201   12
     202   12
     203    7
     204    8
     205    8
     206    7
     207   12
     208    8
     209   12
     210   12
     211   12
     212   12
     213   12
     214   12
     215   10
     216   10
     217   10
     218   12
     219   12
     220   12
     221   12
     222   12
     223    8
     224    8
     225    9
     226   10
     227   10
     228   10
     229   12
     230   12
     231   12
     232   12
     233    8
     234   12
     235    8
     236   10
     237   10
     238   10
     239   10
     240   10
     241   10
     242   10
     243   10
     244   10
     245   10
     246   10
     247   10
     248   10
     249   10
     250   10
     251   10
     252   10
     253   10
     254   10
     255    8
     256   12
     257   12
     258   12
     259    7
     260   12
     261   12
     262   10
     263   10
     264   10
     265   10
     266   10
     267   10
     268   10
     269   10
     270   10
     271   10
     272   10
     273   10
     274   10
     275   10
     276   10
     277   10
     278   10
     279   10
     280   10
     281   10
     282   10
     283   10
     284   10
     285   10
     286   10
     287   10
     288   10
     289   10
     290   10
     291   10
     292   11
     293   11
     294   11
     295    9
     296   10
     297   10
     298   10
     299   10
     300   10
     301   10
     302   10
     303   11
     304   11
     305   11
     306   11
     307   11
     308   11
     309   11
     310   11
     311   11
     312   11
     313   11
     314   11
     315   11
     316   11
     317   11
     318   11
     319   11
     320   11
     321   10
     322   10
     323   10
     324   10
     325   10
     326   10
     327   10
     328   10
     329    8
     330    8
     331    8
     332    7
     333    8
     334   12
     335   12
     336   10
     337   11
     338   11
     339    9
     340    8
     341    8
     342   12
     343    8
     344    7
     345   10
     346   10
     347   10
     348   10
     349   10
     350   10
     351   10
     352   10
     353   10
     354   10
     355   10
     356   10
     357   10
     358    9
     359   11
     360   10
     361   10
     362   10
     363   10
     364   10
     365   10
     366   10
     367   10
     368   10
     369   10
     370   10
     371   10
     372   10
     373   10
     374    6
     375    4
     376    4
     377   12
     378   12
     379   12
     380    8
     381    8
     382   12
     383   12
     384   12
     385   12
     386   12
     387   12
     388   12
     389   12
     390    1
     391    1
     392    1
     393    1
     394   12
     395   12
     396    7
     397    1
     398    1
     399    1
     400    1
     401    1
     402    1
     403    1
     404    1
     405   12
     406   12
     407   12
     408    1
     409   12
     410   12
     411    1
     412   12
     413   12
     414    2
     415    8
     416    8
     417    8
     418   12
     419    8
     420    7
     421    8
     422   10
     423   10
     424   10
     425   10
     426   10
     427   10
     428   10
     429   10
     430   10
     431   10
     432   10
     433   11
     434    9
     435    9
     436    2
     437    2
     438    2
     439    2
     440   12
     441   12
     442    1
     443    1
     444    1
     445    1
     446    1
     447    5
     448    2
     449    2
     450    2
     451    2
     452    1
     453    1
     454    1
     455    1
     456   12
     457   12
     458   12
     459   12
     460   12
     461   12
     462    8
     463    1
     464    1
     465    1
     466    1
     467    1
     468   12
     469    8
     470    7
     471    1
     472    1
     473    1
     474    1
     475    5
     476    3
     477    6
     478    6
     479    9
     480   11
     481   11
     482   11
     483   11
     484   11
     485   11
     486   11
     487   11
     488   10
     489   10
     490   10
     491   10
     492   10
     493   10
     494   10
     495   10
     496   10
     497   10
     498   10
     499   10
     500   10
     501   10
     502   10
     503   10
     504   10
     505   10
     506   10
     507   10
     508   10
     509   14
     510   14
     511   14
     512   14
     513   14
     514   14
     515   14
     516   14
     517   14
     518   14
     519   14
     520   14
     521   14
     522   14
     523   14
     524   14
     525   14
     526   14
     527   14
     528   14
     529   14
     530   14
     531   14
     532   14
     533   14
     534   14
     535   14
     536   14
     537   14
     538   14
     539   14
     540   14
     541   14
     542   14
     543   14
     544   14
     545   14
     546   14
     547   14
     548   14
     549   14
     550   14
     551   14
     552   14
     553   14
     554   14
     555   14
     556   14
     557   14
     558   14
     559   14
     560   14
     561   14
     562   14
     563   14
     564   14
     565   14
     566   14
     567   14
     568   14
     569   14
     570   14
     571   14
     572   14
     573   14
     574   14
     575   14
     576   14
     577   14
     578   12
     579   12
     580   12
     581   12
     582   12
     583   12
     584   11
     585   11
     586   11
     587   14
     588   14
     589   14
     590   14
     591   14
     592   13
     593   13
     594   13
     595   13
     596   13
     597   13
     598   10
     599   10
     600   10
     601   10
     602   10
     603   10
     604   10
     605   10
     606   10
     607   10
     608   10
     609   10
     610   10
     611    9
     612   11
     613   11
     614   11
     615   11
     616    9
     617   11
     618   11
     619   11
     620   11
     621   11
     622   11
     623   11
     624   11
     625   11
     626   11
     627   11
     628   10
     629   10
     630   10
     631   10
     632   10
     633   11
     634    9
     635   11
     636   11
     637   11
     638    9
     639    9
     640   11
     641   11
     642   11
     643   11
     644   11
     645   11
     646   11
     647   11
     648   11
     649   11
     650   11
     651   11
     652   11
     653   11
     654   11
     655   11
     656   11
     657   11
     658   10
     659   10
     660   10
     661   10
     662   10
     663    8
     664    8
     665    8
     666    8
     667    8
     668    7
     669   12
     670   12
     671   12
     672    7
     673    7
     674    8
     675    7
     676   12
     677   10
     678   10
     679   11
     680   11
     681   11
     682   11
     683   11
     684    9
     685   11
     686   11
     687   11
     688   11
     689   11
     690   11
     691   11
     692   11
     693   11
     694   11
     695   11
     696   11
     697   11
     698   11
     699   11
     700   11
     701   11
     702   11
     703    8
     704   10
     705   10
     706   10
     707    9
     708    9
     709    6
     710    4
     711    4
     712    3
     713    3
     714    3
     715    3
     716    3
     717    5
     718    3
     719    3
     720    3
     721    3
     722    3
     723    3
     724    3
     725    3
     726    2
     727    2
     728    2
     729    2
     730   11
     731   11
     732   11
     733    9
     734    9
     735   10
     736    8
     737    8
     738    8
     739   10
     740   10
     741   10
     742   10
     743   10
     744   10
     745   10
     746   10
     747   10
     748   10
     749    6
     750    5
     751    3
     752    1
     753    2
     754    5
     755    1
     756    8
     757   12
     758   12
     759   12
     760   10
     761   10
     762   10
     763   10
     764   10
     765   10
     766   10
     767   10
     768   10
     769   10
     770   10
     771   10
     772   10
     773   10
     774   10
     775   10
     776   10
     777   10
     778   10
     779   10
     780   10
     781   10
     782   10
     783   10
     784   10
     785   10
     786   10
     787   10
     788   10
     789   10
     790   10
     791   10
     792   10
     793   10
     794   10
     795   10
     796   10
     797   10
     798   10
     799    8
     800    8
     801    8
     802   12
     803   12
     804   12
     805   12
     806   10
     807   10
     808   10
     809    8
     810    7
     811   10
     812   10
     813   10
     814   10
     815   10
     816   12
     817    8
     818   15
     819   15
     820   15
     821   15
     822    7
     823    6
     824    7
     825   12
     826    8
     827    7
     828   12
     829   12
     830   12
     831    8
     832    8
     833   12
     834   12
     835    7
     836    8
     837    7
     838    8
     839   12
     840   12
     841   12
     842   12
     843   12
     844   12
     845   12
     846   12
     847    8
     848   12
     849   12
     850    8
     851   12
     852   12
     853   12
     854   12
     855   12
     856    7
     857    7
     858    8
     859   15
     860   15
     861   15
     862   15
     863   15
     864   15
     865   15
     866   15
     867   15
     868   15
     869   15
     870   15
     871    8
     872   12
     873   12
     874   12
     875   12
     876   12
     877   12
     878    8
     879    8
     880    8
     881   12
     882    7
     883    7
     884    7
     885    8
     886    7
     887    8
     888   12
     889   12
     890   12
     891    8
     892    7
     893    7
     894    8
     895   12
     896    8
     897    7
     898    8
     899    8
     900   12
     901   12
     902   12
     903   12
     904    7
     905    8
     906    8
     907    7
     908    6
     909    5
     910    7
     911    7
     912    7
     913    7
     914    8
     915    8
     916    8
     917   12
     918    7
     919   15
     920   15
     921   15
     922   15
     923   15
     924   15
     925   15
     926   15
     927   15
     928   15
     929    8
     930    7
     931    6
     932   12
     933   12
     934   12
     935   12
     936   12
     937    8
     938   12
     939    7
     940   12
     941   12
     942   12
     943   12
     944    6
     945    7
     946   15
     947   15
     948   15
     949   15
     950    8
     951    8
     952    8
     953    7
     954   12
     955   12
     956    8
     957   15
     958   15
     959   15
     960    8
     961   12
     962   12
     963   12
     964   12
     965   12
     966   12
     967   12
     968   12
     969   12
     970   12
     971   12
     972   12
     973   12
     974    6
     975    6
     976    6
     977    6
     978   12
     979   12
     980   12
     981    8
     982    8
     983    7
     984    7
     985   12
     986    7
     987   12
     988   12
     989    8
     990    8
     991    7
     992   12
     993   12
     994   12
     995   12
     996   12
     997   12
     998   12
     999   12
    1000   12
    1001   12
    1002   12
    1003   12
    1004   12
    1005   12
    1006   12
    1007    8
    1008   12
    1009   12
    1010   12
    1011   12
    1012   12
    1013   12
    1014    7
    1015    6
    1016   12
    1017   12
    1018   12
    1019   12
    1020   12
    1021    4
    1022    4
    1023    4
    1024    4
    1025    4
    1026    4
    1027    4
    1028    5
    1029    4
    1030    4
    1031    4
    1032    4
    1033    4
    1034    4
    1035    4
    1036    4
    1037    4
    1038    4
    1039    3
    1040    5
    1041    4
    1042    6
    1043   12
    1044   12
    1045    6
    1046    5
    1047    1
    1048    1
    1049    1
    1050    1
    1051    1
    1052    3
    1053    1
    1054    1
    1055    1
    1056    1
    1057    1
    1058    1
    1059    1
    1060    1
    1061    1
    1062    1
    1063    1
    1064    5
    1065    5
    1066    6
    1067    7
    1068    8
    1069   12
    1070   12
    1071    8
    1072    8
    1073   12
    1074    7
    1075   12
    1076   12
    1077    8
    1078    7
    1079    8
    1080    7
    1081   10
    1082   10
    1083   10
    1084   10
    1085   10
    1086   10
    1087   10
    1088   10
    1089   10
    1090    6
    1091    5
    1092    3
    1093    3
    1094    3
    1095    1
    1096    5
    1097    3
    1098    1
    1099    1
    1100    1
    1101    1
    1102    1
    1103    1
    1104    1
    1105   12
    1106   12
    1107   12
    1108   10
    1109   10
    1110   10
    1111    8
    1112   12
    1113   10
    1114   10
    1115   10
    1116   10
    1117   10
    1118   10
    1119   10
    1120   12
    1121    8
    1122   12
    1123    7
    1124    7
    1125    7
    1126    6
    1127    7
    1128   15
    1129   15
    1130   15
    1131   15
    1132   15
    1133   15
    1134   15
    1135    6
    1136    1
    1137    1
    1138    1
    1139    6
    1140    3
    1141    1
    1142   12
    1143   12
    1144   10
    1145   11
    1146    9
    1147    4
    1148    4
    1149    4
    1150   12
    1151   12
    1152    7
    1153   10
    1154   10
    1155   10
    1156   10
    1157   10
    1158    9
    1159    9
    1160    9
    1161   12
    1162   12
    1163   12
    1164   12
    1165   12
    1166   12
    1167   12
    1168    1
    1169    1
    1170    1
    1171    6
    1172    6
    1173    1
    1174   12
    1175   12
    1176    7
    1177    6
    1178    3
    1179    3
    1180    1
    1181    1
    1182    1
    1183    1
    1184    1
    1185    1
    1186    1
    1187    1
    1188    1
    1189    1
    1190    1
    1191    1
    1192   12
    1193   12
    1194   12
    1195   12
    1196   12
    1197    6
    1198    3
    1199    1
    1200    1
    1201    1
    1202    1
    1203    1
    1204    5
    1205    1
    1206    1
    1207    1
    1208    3
    1209    6
    1210   12
    1211    8
    1212    8
    1213    1
    1214    1
    1215    5
    1216    5
    1217    6
    1218    4
    1219    6
    1220    5
    1221   12
    1222   12
    1223   12
    1224   12
    1225   12
    1226   12
    1227   12
    1228   12
    1229   12
    1230   12
    1231   12
    1232   12
    1233    8
    1234   12
    1235   12
    1236   12
    1237    6
    1238    4
    1239    5
    1240   12
    1241    8
    1242    8
    1243   12
    1244    7
    1245   12
    1246    7
    1247   12
    1248   12
    1249    7
    1250   12
    1251   12
    1252   12
    1253   12
    1254    5
    1255    5
    1256    1
    1257    1
    1258    1
    1259    1
    1260    5
    1261    5
    1262    5
    1263    1
    1264    3
    1265    3
    1266    3
    1267    1
    1268    1
    1269    1
    1270    1
    1271    1
    1272    1
    1273    1
    1274    1
    1275    1
    1276    3
    1277    3
    1278    3
    1279    3
    1280    3
    1281    6
    1282   10
    1283   10
    1284   12
    1285   12
    1286   12
    1287   12
    1288   12
    1289   12
    1290   12
    1291   12
    1292   12
    1293   12
    1294   12
    1295    8
    1296   12
    1297   12
    1298   12
    1299   10
    1300   10
    1301   10
    1302   10
    1303   10
    1304    6
    1305    5
    1306    5
    1307    1
    1308    1
    1309    1
    1310    1
    1311    1
    1312    1
    1313    1
    1314    1
    1315    6
    1316    3
    1317    3
    1318    1
    1319    1
    1320    1
    1321    1
    1322   12
    1323   12
    1324    6
    1325    6
    1326    3
    1327    3
    1328    3
    1329    1
    1330    1
    1331    1
    1332    1
    1333    1
    1334    1
    1335    1
    1336    1
    1337    1
    1338    6
    1339    8
    1340   12
    1341    6
    1342    5
    1343    4
    1344    4
    1345    4
    1346    1
    1347    3
    1348    3
    1349    1
    1350    1
    1351    1
    1352    1
    1353    1
    1354    1
    1355   12
    1356    8
    1357    9
    1358   10
    1359   10
    1360   10
    1361   12
    1362   12
    1363   12
    1364    1
    1365    1
    1366   12
    1367    7
    1368   12
    1369    8
    1370    7
    1371   12
    1372   12
    1373   12
    1374   12
    1375    9
    1376   10
    1377   10
    1378   10
    1379    9
    1380   12
    1381   12
    1382    7
    1383   12
    1384   12
    1385   12
    1386   12
    1387   12
    1388   12
    1389   12
    1390    6
    1391    5
    1392    3
    1393    4
    1394    4
    1395    4
    1396    5
    1397    6
    1398    3
    1399    3
    1400    1
    1401    3
    1402    1
    1403    1
    1404    1
    1405    1
    1406    1
    1407    1
    1408    1
    1409    1
    1410    1
    1411    1
    1412    1
    1413    6
    1414    6
    1415    4
    1416    5
    1417    5
    1418    4
    1419    4
    1420    4
    1421   12
    1422    1
    1423   12
    1424    7
    1425   12
    1426   12
    1427   12
    1428   12
    1429   12
    1430   12
    1431   12
    1432   12
    1433   12
    1434   12
    1435   12
    1436   12
    1437    8
    1438    3
    1439    3
    1440    3
    1441    3
    1442    5
    1443    5
    1444    5
    1445    5
    1446    5
    1447    5
    1448    5
    1449    5
    1450    6
    1451    5
    1452    6
    1453    9
    1454   12
    1455   12
    1456   12
    1457   12
    1458   10
    1459   10
    1460   10
    1461   10
    1462   10
    1463   10
    1464   10
    1465   10
    1466   10
    1467   10
    1468   10
    1469    9
    1470   10
    1471   10
    1472   10
    1473   10
    1474   10
    1475   10
    1476   10
    1477   10
    1478    8
    1479   10
    1480   10
    1481   10
    1482   10
    1483   10
    1484   10
    1485   10
    1486   10
    1487   12
    1488   12
    1489   12
    1490    1
    1491    1
    1492    1
    1493    1
    1494    1
    1495    1
    1496    1
    1497    1
    1498    3
    1499    5
    1500    6
    1501    1
    1502    1
    1503    1
    1504    1
    1505    1
    1506    3
    1507    3
    1508    1
    1509    1
    1510    1
    1511    3
    1512    5
    1513    6
    1514    1
    1515    1
    1516    1
    1517   12
    1518   12
    1519   12
    1520   12
    1521   12
    1522   12
    1523   12
    1524   12
    1525   12
    1526   12
    1527   12
    1528   12
    1529   12
    1530   12
    1531   12
    1532   12
    1533   12
    1534   12
    1535    8
    1536   12
    1537   12
    1538   12
    1539   12
    1540   12
    1541    1
    1542    1
    1543    1
    1544    1
    1545    1
    1546    1
    1547    3
    1548    3
    1549    5
    1550    5
    1551    3
    1552    3
    1553    3
    1554    3
    1555    3
    1556    6
    1557    6
    1558    6
    1559    5
    1560    5
    1561    3
    1562    1
    1563    1
    1564    1
    1565    1
    1566    1
    1567    5
    1568    6
    1569    3
    1570    1
    1571    1
    1572    1
    1573    6
    1574    6
    1575    5
    1576    1
    1577    1
    1578   12
    1579    7
    1580    8
    1581   12
    1582    1
    1583    1
    1584    1
    1585    1
    1586    1
    1587    1
    1588    1
    1589    1
    1590    1
    1591    1
    1592    1
    1593    1
    1594    1
    1595    1
    1596    1
    1597    1
    1598    1
    1599   12
    1600   12
    1601   12
    1602    1
    1603    1
    1604    1
    1605    6
    1606    1
    1607    1
    1608    1
    1609   12
    1610   12
    1611   12
    1612   12
    1613    1
    1614    1
    1615    1
    1616    1
    1617    1
    1618    1
    1619    1
    1620    1
    1621    1
    1622    1
    1623    1
    1624    1
    1625    1
    1626    1
    1627    1
    1628    1
    1629    1
    1630    1
    1631    1
    1632    1
    1633    1
    1634    4
    1635    4
    1636    6
    1637    4
    1638    4
    1639    4
    1640    4
    1641    4
    1642    6
    1643   12
    1644   12
    1645   12
    1646   12
    1647    1
    1648    1
    1649    5
    1650    1
    1651    1
    1652    1
    1653    1
    1654    1
    1655    1
    1656    1
    1657    1
    1658    1
    1659    1
    1660    1
    1661    1
    1662    1
    1663    1
    1664    1
    1665    1
    1666    3
    1667    3
    1668    1
    1669    1
    1670    1
    1671    1
    1672    3
    1673    1
    1674    3
    1675    3
    1676    3
    1677    3
    1678    3
    1679    6
    1680   10
    1681   10
    1682   10
    1683    9
    1684   12
    1685    6
    1686    1
    1687    1
    1688    7
    1689    1
    1690    1
    1691    1
    1692    5
    1693    1
    1694    1
    1695    6
    1696    5
    1697    1
    1698   12
    1699   10
    1700   10
    1701   10
    1702   10
    1703   10
    1704   10
    1705   10
    1706   10
    1707   10
    1708   10
    1709   10
    1710   10
    1711   10
    1712   10
    1713   10
    1714   10
    1715   10
    1716   10
    1717   10
    1718   10
    1719   10
    1720   10
    1721   10
    1722   10
    1723   10
    1724    6
    1725   12
    1726   12
    1727   12
    1728   12
    1729   12
    1730    1
    1731    3
    1732    6
    1733    3
    1734    1
    1735    1
    1736    1
    1737    1
    1738    1
    1739    1
    1740    1
    1741    1
    1742    1
    1743    1
    1744    1
    1745    1
    1746    5
    1747    3
    1748    3
    1749    3
    1750    1
    1751    1
    1752    1
    1753    1
    1754    1
    1755    1
    1756    5
    1757    7
    1758   12
    1759   12
    1760    7
    1761    8
    1762    8
    1763   12
    1764   12
    1765   12
    1766   12
    1767   12
    1768   12
    1769   12
    1770    1
    1771    1
    1772    1
    1773    1
    1774    1
    1775   12
    1776    9
    1777   10
    1778   10
    1779   10
    1780   10
    1781   10
    1782   10
    1783   10
    1784   10
    1785   10
    1786   10
    1787   10
    1788    9
    1789    9
    1790    1
    1791    1
    1792    1
    1793    1
    1794    1
    1795   12
    1796    9
    1797   10
    1798   10
    1799   10
    1800   10
    1801   10
    1802   10
    1803   10
    1804   10
    1805   10
    1806   10
    1807    6
    1808    5
    1809    3
    1810    3
    1811    3
    1812    3
    1813    6
    1814   12
    1815   12
    1816    6
    1817    5
    1818    6
    1819    1
    1820    1
    1821    1
    1822    4
    1823    6
    1824    6
    1825    3
    1826    1
    1827    1
    1828    1
    1829    1
    1830    1
    1831    1
    1832    1
    1833    1
    1834    1
    1835    1
    1836    1
    1837    1
    1838    1
    1839    1
    1840    7
    1841    7
    1842   12
    1843   12
    1844   12
    1845   12
    1846   12
    1847   12
    1848   12
    1849   12
    1850   12
    1851   12
    1852   12
    1853   12
    1854   12
    1855   12
    1856   12
    1857   12
    1858    7
    1859   12
    1860   12
    1861   12
    1862   12
    1863    7
    1864    7
    1865    7
    1866   12
    1867    5
    1868    4
    1869    4
    1870    4
    1871    6
    1872    4
    1873    4
    1874    6
    1875    6
    1876    5
    1877    4
    1878    5
    1879    6
    1880    4
    1881    4
    1882    4
    1883    4
    1884    4
    1885    4
    1886    5
    1887    4
    1888    4
    1889    6
    1890    5
    1891    1
    1892    4
    1893    4
    1894    4
    1895    4
    1896    5
    1897    6
    1898    8
    1899    8
    1900    7
    1901    8
    1902    8
    1903   10
    1904   10
    1905   10
    1906   10
    1907   10
    1908   10
    1909   10
    1910   10
    1911   10
    1912   10
    1913   10
    1914   10
    1915    7
    1916    6
    1917    3
    1918    3
    1919    3
    1920    1
    1921    1
    1922    1
    1923    1
    1924    1
    1925    1
    1926    1
    1927    1
    1928    1
    1929    1
    1930    1
    1931    1
    1932    1
    1933    1
    1934    1
    1935    8
    1936   12
    1937   12
    1938   12
    1939   12
    1940   12
    1941   12
    1942   12
    1943    6
    1944    6
    1945    4
    1946    4
    1947    4
    1948    4
    1949    4
    1950    3
    1951    3
    1952    3
    1953    3
    1954    3
    1955    3
    1956    5
    1957    3
    1958    1
    1959    1
    1960    1
    1961    1
    1962    5
    1963    1
    1964    1
    1965    6
    1966    6
    1967    5
    1968    3
    1969    3
    1970    3
    1971    1
    1972    1
    1973    1
    1974    1
    1975    1
    1976    1
    1977    1
    1978    5
    1979    1
    1980    1
    1981    1
    1982    1
    1983    1
    1984    1
    1985    1
    1986    1
    1987    1
    1988    1
    1989    1
    1990    5
    1991    7
    1992   10
    1993   10
    1994   10
    1995   10
    1996   10
    1997   10
    1998   10
    1999   10
    2000    6
    2001    5
    2002    1
    2003    7
    2004    6
    2005   12
    2006   10
    2007   10
    2008   10
    2009   10
    2010   10
    2011   10
    2012   10
    2013   12
    2014   12
    2015    7
    2016    8
    2017    8
    2018    8
    2019    7
    2020   10
    2021   10
    2022   10
    2023    8
    2024    8
    2025   12
    2026    7
    2027   12
    2028    7
    2029    8
    2030   10
    2031   10
    2032   10
    2033   10
    2034   10
    2035   10
    2036   10
    2037   10
    2038   10
    2039   10
    2040   10
    2041   10
    2042   10
    2043   10
    2044   10
    2045   10
    2046   10
    2047   10
    2048   10
    2049   10
    2050   10
    2051   10
    2052   10
    2053   10
    2054   10
    2055   10
    2056   10
    2057   10
    2058   10
    2059   10
    2060   10
    2061   10
    2062   10
    2063    6
    2064    4
    2065   12
    2066    7
    2067    1
    2068    1
    2069   12
    2070    8
    2071   12
    2072    8
    2073    8
    2074   10
    2075   10
    2076   10
    2077   10
    2078   10
    2079   10
    2080   10
    2081   10
    2082    9
    2083   10
    2084   10
    2085   10
    2086   12
    2087   12
    2088   12
    2089   12
    2090   12
    2091    7
    2092   12
    2093   12
    2094   12
    2095   12
    2096    9
    2097   10
    2098    7
    2099   10
    2100   10
    2101   10
    2102   10
    2103   10
    2104   10
    2105   10
    2106   12
    2107   12
    2108   10
    2109   10
    2110   10
    2111   10
    2112   10
    2113   10
    2114    9
    2115   10
    2116   10
    2117   10
    2118   10
    2119   10
    2120   10
    2121   10
    2122   10
    2123   10
    2124   10
    2125   10
    2126   10
    2127   10
    2128   10
    2129   10
    2130   10
    2131   10
    2132   10
    2133   10
    2134    9
    2135   10
    2136   10
    2137   10
    2138    6
    2139    6
    2140    3
    2141    3
    2142    1
    2143   12
    2144   10
    2145   10
    2146   12
    2147   12
    2148   12
    2149    8
    2150    7
    2151   12
    2152   12
    2153   12
    2154   12
    2155   12
    2156   12
    2157   12
    2158    8
    2159   12
    2160   12
    2161   12
    2162    9
    2163    9
    2164   10
    2165   10
    2166   10
    2167   10
    2168   10
    2169   10
    2170   10
    2171   10
    2172   10
    2173   10
    2174   10
    2175    7
    2176    6
    2177    3
    2178    3
    2179    3
    2180    1
    2181    8
    2182   12
    2183   12
    2184    8
    2185    7
    2186    7
    2187    8
    2188   12
    2189   12
    2190   12
    2191   12
    2192    7
    2193   12
    2194   12
    2195   12
    2196   12
    2197   12
    2198   12
    2199    7
    2200   12
    2201    8
    2202   10
    2203   10
    2204   10
    2205   10
    2206   10
    2207   10
    2208   10
    2209   10
    2210   10
    2211   10
    2212   10
    2213   10
    2214   10
    2215   10
    2216   10
    2217    8
    2218   15
    2219   15
    2220    8
    2221   15
    2222   15
    2223   15
    2224   15
    2225   15
    2226   15
    2227   15
    2228   15
    2229   15
    2230   15
    2231   15
    2232    7
    2233   12
    2234   12
    2235   12
    2236   12
    2237   12
    2238   12
    2239    8
    2240   15
    2241   15
    2242    7
    2243    8
    2244   15
    2245   15
    2246   15
    2247   15
    2248   15
    2249   15
    2250   15
    2251   15
    2252   15
    2253   15
    2254   15
    2255   15
    2256   15
    2257    9
    2258   12
    2259   12
    2260   10
    2261   10
    2262   10
    2263   10
    2264   10
    2265   10
    2266   10
    2267   12
    2268   12
    2269   12
    2270   12
    2271   15
    2272   15
    2273   15
    2274   15
    2275    8
    2276    7
    2277    8
    2278   12
    2279   12
    2280   12
    2281   12
    2282   12
    2283    8
    2284   10
    2285   10
    2286   10
    2287   10
    2288   10
    2289   10
    2290   10
    2291   10
    2292   10
    2293   10
    2294   10
    2295   10
    2296   10
    2297   10
    2298   10
    2299   10
    2300   10
    2301   10
    2302   10
    2303   10
    2304   10
    2305   10
    2306   10
    2307   10
    2308   10
    2309   10
    2310   10
    2311   10
    2312   10
    2313   10
    2314   10
    2315   10
    2316   10
    2317   10
    2318   10
    2319   10
    2320   10
    2321   10
    2322   10
    2323   10
    2324   10
    2325   10
    2326   10
    2327   10
    2328   10
    2329   10
    2330   10
    2331    8
    2332   12
    2333   12
    2334   12
    2335   12
    2336   12
    2337   12
    2338   12
    2339   12
    2340   12
    2341    8
    2342   12
    2343   12
    2344   12
    2345   12
    2346   12
    2347   12
    2348   12
    2349   10
    2350   10
    2351   10
    2352   10
    2353   10
    2354   10
    2355   10
    2356   10
    2357   10
    2358   10
    2359   10
    2360   10
    2361   12
    2362   12
    2363   12
    2364   12
    2365   12
    2366   12
    2367   10
    2368   12
    2369   12
    2370   12
    2371   12
    2372   12
    2373   13
    2374   13
    2375   13
    2376   13
    2377   13
    2378   13
    2379   13
    2380   13
    2381   13
    2382   13
    2383   13
    2384   13
    2385   10
    2386   10
    2387   10
    2388   10
    2389   10
    2390   10
    2391   10
    2392   10
    2393   10
    2394   10
    2395   10
    2396    8
    2397    9
    2398   12
    2399   12
    2400   12
    2401   11
    2402   11
    2403   11
    2404   12
    2405   12
    2406   12
    2407   12
    2408   12
    2409   12
    2410   12
    2411   11
    2412   11
    2413   11
    2414   11
    2415   10
    2416   10
    2417   10
    2418   10
    2419   10
    2420   10
    2421   10
    2422   10
    2423   10
    2424   10
    2425   10
    2426   10
    2427   10
    2428   10
    2429   10
    2430   12
    2431   12
    2432   12
    2433   12
    2434   12
    2435   12
    2436   12
    2437   12
    2438   12
    2439   12
    2440   10
    2441   10
    2442   10
    2443   10
    2444   10
    2445   10
    2446   12
    2447   12
    2448   12
    2449   12
    2450   12
    2451   12
    2452   12
    2453   12
    2454   12
    2455   13
    2456   13
    2457   13
    2458   13
    2459   13
    2460   10
    2461   10
    2462   10
    2463   10
    2464   10
    2465   10
    2466   10
    2467   10
    2468   11
    2469   11
    2470   11
    2471   11
    2472   11
    2473   11
    2474   11
    2475   11
    2476   11
    2477   11
    2478   11
    2479   11
    2480   11
    2481   11
    2482   10
    2483   10
    2484   10
    2485   10
    2486   10
    2487   10
    2488   10
    2489   10
    2490   10
    2491   10
    2492   12
    2493   12
    2494   12
    2495    6
    2496    4
    2497    8
    2498   12
    2499   12
    2500   12
    2501   12
    2502   12
    2503   12
    2504   12
    2505   12
    2506   12
    2507    7
    2508   12
    2509    4
    2510    4
    2511    4
    2512   12
    2513   12
    2514   12
    2515   12
    2516   12
    2517   12
    2518   12
    2519   12
    2520   12
    2521   12
    2522   12
    2523   12
    2524   12
    2525   12
    2526   12
    2527   12
    2528    8
    2529   12
    2530   12
    2531   12
    2532   12
    2533    8
    2534   12
    2535    7
    2536   12
    2537   12
    2538    8
    2539    8
    2540    8
    2541    7
    2542    7
    2543    7
    2544   12
    2545    8
    2546    7
    2547   12
    2548   12
    2549   12
    2550    8
    2551    7
    2552    8
    2553    8
    2554   12
    2555   12
    2556   12
    2557   12
    2558   12
    2559   12
    2560   12
    2561    7
    2562    7
    2563    8
    2564   13
    2565   13
    2566   13
    2567   13
    2568   13
    2569   13
    2570   13
    2571   13
    2572   13
    2573   13
    2574   13
    2575   13
    2576   13
    2577   13
    2578   13
    2579   13
    2580   13
    2581   13
    2582   13
    2583   13
    2584   13
    2585   13
    2586   13
    2587   13
    2588   12
    2589   12
    2590   12
    2591    7
    2592   12
    2593    7
    2594   12
    2595   12
    2596    8
    2597   12
    2598   12
    2599   12
    2600    8
    2601    7
    2602    6
    2603    5
    2604    4
    2605    4
    2606    4
    2607    4
    2608    5
    2609    5
    2610    1
    2611    1
    2612    1
    2613   12
    2614   12
    2615   12
    2616   12
    2617   12
    2618   12
    2619   10
    2620    8
    2621   10
    2622   10
    2623   10
    2624   10
    2625   10
    2626   10
    2627   10
    2628   10
    2629   10
    2630   10
    2631   10
    2632    8
    2633   10
    2634   10
    2635   10
    2636   10
    2637   10
    2638   10
    2639   10
    2640   10
    2641   10
    2642   10
    2643   10
    2644   10
    2645   10
    2646   10
    2647   10
    2648   10
    2649   10
    2650   10
    2651   10
    2652   10
    2653   10
    2654   10
    2655   10
    2656   10
    2657   10
    2658   10
    2659   10
    2660   10
    2661   10
    2662   10
    2663   10
    2664   10
    2665   10
    2666   10
    2667   10
    2668   10
    2669   10
    2670   10
    2671   10
    2672   10
    2673   10
    2674   10
    2675   10
    2676   10
    2677   10
    2678   10
    2679   10
    2680   10
    2681   10
    2682   10
    2683   12
    2684   12
    2685    1
    2686    1
    2687    5
    2688    6
    2689    5
    2690    1
    2691    1
    2692    3
    2693    6
    2694    7
    2695   10
    2696   10
    2697   10
    2698   10
    2699   10
    2700   10
    2701   10
    2702   10
    2703   10
    2704   10
    2705   10
    2706   10
    2707   10
    2708   10
    2709   10
    2710   10
    2711   10
    2712   10
    2713   10
    2714   10
    2715    9
    2716   10
    2717   10
    2718   10
    2719   10
    2720   10
    2721   10
    2722   10
    2723   10
    2724    6
    2725    5
    2726    1
    2727    1
    2728    8
    2729    8
    2730    7
    2731   12
    2732   12
    2733    8
    2734    8
    2735    8
    2736    7
    2737    7
    2738    8
    2739    8
    2740    1
    2741    1
    2742    1
    2743    1
    2744    1
    2745    1
    2746    1
    2747    1
    2748    6
    2749    1
    2750    1
    2751    1
    2752    1
    2753    1
    2754    1
    2755    1
    2756    1
    2757    1
    2758    1
    2759    1
    2760    1
    2761    1
    2762    1
    2763    1
    2764    1
    2765    7
    2766    8
    2767    8
    2768    8
    2769    8
    2770    8
    2771    7
    2772   12
    2773   12
    2774    8
    2775   12
    2776    5
    2777    1
    2778    5
    2779    6
    2780    1
    2781    1
    2782    4
    2783    4
    2784    4
    2785    4
    2786    5
    2787    6
    2788   12
    2789   12
    2790   12
    2791   12
    2792   12
    2793   12
    2794   12
    2795   12
    2796   12
    2797    8
    2798   12
    2799   12
    2800   12
    2801   12
    2802    8
    2803    7
    2804    1
    2805    1
    2806    1
    2807    1
    2808    1
    2809    1
    2810    1
    2811    1
    2812    1
    2813    6
    2814    1
    2815    1
    2816    1
    2817    5
    2818    3
    2819    3
    2820    6
    2821   10
    2822   10
    2823   10
    2824   10
    2825   10
    2826   10
    2827   10
    2828   12
    2829   15
    2830   15
    2831    8
    2832    9
    2833    9
    2834    6
    2835   10
    2836   10
    2837   10
    2838   10
    2839   10
    2840   10
    2841   10
    2842   10
    2843    8
    2844   10
    2845   10
    2846   10
    2847   10
    2848   10
    2849   10
    2850   10
    2851    9
    2852   11
    2853    9
    2854   10
    2855   10
    2856    1
    2857    1
    2858    1
    2859    1
    2860    1
    2861    1
    2862    1
    2863    1
    2864    1
    2865    3
    2866    3
    2867    6
    2868   10
    2869   10
    2870    7
    2871   10
    2872   10
    2873   12
    2874   12
    2875   12
    2876   12
    2877   12
    2878    1
    2879    1
    2880    3
    2881    3
    2882    1
    2883    5
    2884    3
    2885    6
    2886    5
    2887    5
    2888    5
    2889    6
    2890    3
    2891    1
    2892    6
    2893    4
    2894    3
    2895    3
    2896    3
    2897    3
    2898    3
    2899    3
    2900    3
    2901    3
    2902    3
    2903    3
    2904    3
    2905    5
    2906    1
    2907    1
    2908    1
    2909    1
    2910    1
    2911    1
    2912    1
    2913    1
    2914    1
    2915    2
    2916    2
    2917    2
    2918    2
    2919    2
    2920    1
    2921    1
    2922    1
    2923    1
    2924    1
    2925   12
    2926   12
    2927   12
    2928    1
    2929   12
    2930   12
    2931   12
    2932   12
    2933   12
    2934   10
    2935   10
    2936   10
    2937   10
    2938   10
    2939   10
    2940   10
    2941   10
    2942    9
    2943   11
    2944   11
    2945   11
    2946   11
    2947   11
    2948   11
    2949   11
    2950   11
    2951   10
    2952   10
    2953   10
    2954   10
    2955   10
    2956   10
    2957   10
    2958   10
    2959   10
    2960   10
    2961   10
    2962   10
    2963   10
    2964   10
    2965   10
    2966   10
    2967   10
    2968   10
    2969   10
    2970   10
    2971   10
    2972   10
    2973   10
    2974   10
    2975   10
    2976   10
    2977   10
    2978   10
    2979   12
    2980   12
    2981   12
    2982    6
    2983    5
    2984    3
    2985    1
    2986    1
    2987    1
    2988   12
    2989   11
    2990   11
    2991   11
    2992   11
    2993   11
    2994   11
    2995   11
    2996   11
    2997   11
    2998   10
    2999   13
    3000   13
    3001   13
    3002   13
    3003   13
    3004   13
    3005   13
    3006   13
    3007   13
    3008   13
    3009   13
    3010   14
    3011   14
    3012   14
    3013   14
    3014   14
    3015   14
    3016   14
    3017   14
    3018   14
    3019   14
    3020   14
    3021   14
    3022   14
    3023   10
    3024    8
    3025   12
    3026   12
    3027   12
    3028   10
    3029   10
    3030   10
    3031   10
    3032   10
    3033   10
    3034   10
    3035   10
    3036   10
    3037   10
    3038   10
    3039   10
    3040   10
    3041   10
    3042   10
    3043   10
    3044   10
    3045   10
    3046   10
    3047   12
    3048   12
    3049   12
    3050   12
    3051   12
    3052   12
    3053   11
    3054   11
    3055   11
    3056   11
    3057   11
    3058   11
    3059   11
    3060   11
    3061   11
    3062   11
    3063   11
    3064   11
    3065   11
    3066   11
    3067   11
    3068   11
    3069   11
    3070   11
    3071   11
    3072   11
    3073   11
    3074   11
    3075   11
    3076   11
    3077   11
    3078   11
    3079   10
    3080   10
    3081   10
    3082   10
    3083   10
    3084   10
    3085    8
    3086    8
    3087    8
    3088   10
    3089   10
    3090   10
    3091    8
    3092   10
    3093   10
    3094    9
    3095   10
    3096   10
    3097   10
    3098   10
    3099   10
    3100   10
    3101   10
    3102   10
    3103   10
    3104   10
    3105   10
    3106   10
    3107   10
    3108   10
    3109   10
    3110   10
    3111   10
    3112   10
    3113   12
    3114    1
    3115    1
    3116    1
    3117    1
    3118    1
    3119    3
    3120    3
    3121    3
    3122    3
    3123    3
    3124    3
    3125    3
    3126    3
    3127    3
    3128    5
    3129    6
    3130    3
    3131    1
    3132   12
    3133   12
    3134   12
    3135   12
    3136   12
    3137   12
    3138   12
    3139   10
    3140   10
    3141   10
    3142   12
    3143    6
    3144    3
    3145    3
    3146    3
    3147    3
    3148    3
    3149    3
    3150    1
    3151    1
    3152    1
    3153    1
    3154    1
    3155    1
    3156    1
    3157    1
    3158    1
    3159   12
    3160   12
    3161   12
    3162   12
    3163   12
    3164   12
    3165   12
    3166   12
    3167   12
    3168   12
    3169    1
    3170    1
    3171    1
    3172    1
    3173    1
    3174    1
    3175    1
    3176    1
    3177    1
    3178    1
    3179    1
    3180    1
    3181    1
    3182    1
    3183    3
    3184    5
    3185    6
    3186    3
    3187    3
    3188    3
    3189    3
    3190    3
    3191    3
    3192    3
    3193    3
    3194    3
    3195    6
    3196   12
    3197   12
    3198   12
    3199   12
    3200    1
    3201    1
    3202    1
    3203    1
    3204    1
    3205    1
    3206    1
    3207    1
    3208    3
    3209    3
    3210    3
    3211    6
    3212   12
    3213   10
    3214   10
    3215   10
    3216   10
    3217   10
    3218   10
    3219   10
    3220   10
    3221   10
    3222   10
    3223   10
    3224   10
    3225   10
    3226   10
    3227   10
    3228   10
    3229   10
    3230   10
    3231   10
    3232   10
    3233    9
    3234    8
    3235    7
    3236   12
    3237   12
    3238   12
    3239    7
    3240    6
    3241    1
    3242    1
    3243    1
    3244    1
    3245    1
    3246    5
    3247    5
    3248    1
    3249    1
    3250    1
    3251    3
    3252    1
    3253    1
    3254    1
    3255    1
    3256    1
    3257    1
    3258    1
    3259    1
    3260    8
    3261   12
    3262   12
    3263   12
    3264   12
    3265   12
    3266   12
    3267   12
    3268   12
    3269    3
    3270    3
    3271    3
    3272    3
    3273    3
    3274    3
    3275    5
    3276    5
    3277    6
    3278    7
    3279   12
    3280   12
    3281    8
    3282    7
    3283   12
    3284    7
    3285    7
    3286   12
    3287   12
    3288   10
    3289   10
    3290   10
    3291    9
    3292    9
    3293   10
    3294   10
    3295   10
    3296    9
    3297   10
    3298   10
    3299   10
    3300   10
    3301   10
    3302   10
    3303    9
    3304   11
    3305   11
    3306   11
    3307   11
    3308   11
    3309   11
    3310   11
    3311   11
    3312   11
    3313   11
    3314   11
    3315   11
    3316   11
    3317   11
    3318   11
    3319   11
    3320   11
    3321   11
    3322   11
    3323   11
    3324   11
    3325   11
    3326   11
    3327   11
    3328   11
    3329   11
    3330   10
    3331   10
    3332   10
    3333   10
    3334   10
    3335   10
    3336   10
    3337   10
    3338   10
    3339   10
    3340   10
    3341   10
    3342   10
    3343   10
    3344   10
    3345   10
    3346   10
    3347   12
    3348    1
    3349    1
    3350    1
    3351    1
    3352    1
    3353    1
    3354    1
    3355    1
    3356    1
    3357    7
    3358   12
    3359   12
    3360   12
    3361   12
    3362   12
    3363   12
    3364    1
    3365    1
    3366   12
    3367   12
    3368   12
    3369   12
    3370   12
    3371   12
    3372   12
    3373   12
    3374    8
    3375   12
    3376   12
    3377   12
    3378   12
    3379   12
    3380   12
    3381   12
    3382    6
    3383    9
    3384   11
    3385   11
    3386   11
    3387   11
    3388   11
    3389   11
    3390   11
    3391   11
    3392   11
    3393   11
    3394   11
    3395   11
    3396   11
    3397   11
    3398   11
    3399   11
    3400   11
    3401   12
    3402    7
    3403   12
    3404   12
    3405    9
    3406   11
    3407   11
    3408    9
    3409   10
    3410   10
    3411   10
    3412    8
    3413   12
    3414   12
    3415   12
    3416   12
    3417   12
    3418   12
    3419   12
    3420   12
    3421   12
    3422   12
    3423   12
    3424    6
    3425    5
    3426    6
    3427    6
    3428    5
    3429    4
    3430    4
    3431    3
    3432    5
    3433    5
    3434    5
    3435    5
    3436    1
    3437    1
    3438    1
    3439    1
    3440    1
    3441    1
    3442    1
    3443    1
    3444    1
    3445    1
    3446    1
    3447    1
    3448    1
    3449    1
    3450    1
    3451    3
    3452    6
    3453   12
    3454    7
    3455   12
    3456   12
    3457    8
    3458   12
    3459    7
    3460    8
    3461   12
    3462    6
    3463    4
    3464    4
    3465    4
    3466    4
    3467    3
    3468    3
    3469    3
    3470    1
    3471    1
    3472   12
    3473   12
    3474   12
    3475   12
    3476   12
    3477    7
    3478    8
    3479    8
    3480    8
    3481    8
    3482   12
    3483    7
    3484   12
    3485   12
    3486   12
    3487    8
    3488   12
    3489   12
    3490   12
    3491   12
    3492   12
    3493   12
    3494    7
    3495   12
    3496   12
    3497   12
    3498   12
    3499    8
    3500    8
    3501   12
    3502   12
    3503   12
    3504   12
    3505   12
    3506   12
    3507   12
    3508    8
    3509    7
    3510    7
    3511   12
    3512   12
    3513   12
    3514   12
    3515   12
    3516   12
    3517    7
    3518   12
    3519   12
    3520    1
    3521    1
    3522    1
    3523    1
    3524    1
    3525    1
    3526    1
    3527    1
    3528    1
    3529    1
    3530    1
    3531    1
    3532    1
    3533    1
    3534    1
    3535    5
    3536    1
    3537    1
    3538    1
    3539    1
    3540    5
    3541    6
    3542    6
    3543    3
    3544    3
    3545    3
    3546    4
    3547    4
    3548    4
    3549    4
    3550    4
    3551    5
    3552    4
    3553    4
    3554    5
    3555    6
    3556    6
    3557    5
    3558    4
    3559    4
    3560    4
    3561    3
    3562    3
    3563    5
    3564    6
    3565   12
    3566   12
    3567    1
    3568    3
    3569    3
    3570    5
    3571    5
    3572    6
    3573    1
    3574    1
    3575    1
    3576    1
    3577    1
    3578    1
    3579    1
    3580    1
    3581    1
    3582    1
    3583    1
    3584    1
    3585    1
    3586    1
    3587    1
    3588    6
    3589    5
    3590    1
    3591    3
    3592    3
    3593    5
    3594    6
    3595   10
    3596   10
    3597   10
    3598   10
    3599   10
    3600   10
    3601   10
    3602   12
    3603   12
    3604    7
    3605    8
    3606   10
    3607   10
    3608   10
    3609   10
    3610   10
    3611   10
    3612   10
    3613   10
    3614   10
    3615   10
    3616   10
    3617   10
    3618   10
    3619   10
    3620   10
    3621   10
    3622   10
    3623   13
    3624   13
    3625   13
    3626   13
    3627   13
    3628   13
    3629   13
    3630   13
    3631   13
    3632   13
    3633   13
    3634   13
    3635   13
    3636   13
    3637   13
    3638   13
    3639   13
    3640   13
    3641   13
    3642   13
    3643   13
    3644   13
    3645   14
    3646   14
    3647   14
    3648   14
    3649   14
    3650   14
    3651   14
    3652   14
    3653   14
    3654   14
    3655   14
    3656   14
    3657   14
    3658   14
    3659   14
    3660   14
    3661   14
    3662   14
    3663   14
    3664   14
    3665   14
    3666   14
    3667   14
    3668   14
    3669   14
    3670   14
    3671   14
    3672   14
    3673   14
    3674   14
    3675   14
    3676   14
    3677   14
    3678   14
    3679   14
    3680   14
    3681   14
    3682   14
    3683   14
    3684   14
    3685   14
    3686   14
    3687   14
    3688   14
    3689   14
    3690   14
    3691   14
    3692   14
    3693   14
    3694   14
    3695   13
    3696   13
    3697   13
    3698   13
    3699   13
    3700   13
    3701   13
    3702   13
    3703   14
    3704   14
    3705   14
    3706   14
    3707   14
    3708   14
    3709   14
    3710   14
    3711   14
    3712   14
    3713   14
    3714   14
    3715   14
    3716   14
    3717   14
    3718   14
    3719   14
    3720   14
    3721   14
    3722   14
    3723   14
    3724   14
    3725   14
    3726   14
    3727   14
    3728   14
    3729   14
    3730   14
    3731   14
    3732   14
    3733   14
    3734   14
    3735   14
    3736   14
    3737   14
    3738   14
    3739   14
    3740   14
    3741   14
    3742   14
    3743   14
    3744   14
    3745   14
    3746   14
    3747   14
    3748   14
    3749   14
    3750   14
    3751   14
    3752   14
    3753   14
    3754   14
    3755   13
    3756   13
    3757   13
    3758   13
    3759   13
    3760   13
    3761   13
    3762   13
    3763   13
    3764   10
    3765   10
    3766   10
    3767   10
    3768   10
    3769   10
    3770   10
    3771   10
    3772   10
    3773   10
    3774   10
    3775   10
    3776   10
    3777   10
    3778   10
    3779   10
    3780    7
    3781   11
    3782   11
    3783   11
    3784   11
    3785   11
    3786   11
    3787   11
    3788   11
    3789   11
    3790   11
    3791   11
    3792   11
    3793   12
    3794   12
    3795   12
    3796   12
    3797   12
    3798   12
    3799   12
    3800   10
    3801   11
    3802   11
    3803   12
    3804   12
    3805   12
    3806   12
    3807   12
    3808   12
    3809   10
    3810   10
    3811   10
    3812   10
    3813   13
    3814   13
    3815   13
    3816   13
    3817   13
    3818   13
    3819   13
    3820   13
    3821   13
    3822   13
    3823   14
    3824   14
    3825   14
    3826   14
    3827   14
    3828   14
    3829   14
    3830   14
    3831   14
    3832   14
    3833   14
    3834   14
    3835   14
    3836   14
    3837   14
    3838   14
    3839   14
    3840   14
    3841   14
    3842   14
    3843   14
    3844   14
    3845   14
    3846   14
    3847   13
    3848   13
    3849   13
    3850   13
    3851   13
    3852   13
    3853   13
    3854   13
    3855   13
    3856   14
    3857   14
    3858   14
    3859   14
    3860   14
    3861   14
    3862   14
    3863   14
    3864   14
    3865   14
    3866   14
    3867   13
    3868   13
    3869   13
    3870   13
    3871   13
    3872   13
    3873   13
    3874   13
    3875   13
    3876   13
    3877   13
    3878   13
    3879   13
    3880   13
    3881   13
    3882   13
    3883   12
    3884   12
    3885   12
    3886   12
    3887   12
    3888    8
    3889   12
    3890   12
    3891   13
    3892   13
    3893   13
    3894   13
    3895   13
    3896   13
    3897   14
    3898   14
    3899   14
    3900   14
    3901   14
    3902   14
    3903   14
    3904   14
    3905   14
    3906   14
    3907   14
    3908   14
    3909   14
    3910   14
    3911   14
    3912   14
    3913   14
    3914   14
    3915   14
    3916   14
    3917   14
    3918   14
    3919   14
    3920   14
    3921   14
    3922   14
    3923   14
    3924   14
    3925   14
    3926   14
    3927   14
    3928   14
    3929   14
    3930   14
    3931   14
    3932   14
    3933   14
    3934   14
    3935   14
    3936   14
    3937   14
    3938   14
    3939   14
    3940   14
    3941   14
    3942   14
    3943   14
    3944   14
    3945   14
    3946   14
    3947   14
    3948   14
    3949   14
    3950   14
    3951   14
    3952   14
    3953   14
    3954   14
    3955   14
    3956   14
    3957   14
    3958   14
    3959   14
    3960   14
    3961   14
    3962   14
    3963   14
    3964   14
    3965   14
    3966   14
    3967   14
    3968   14
    3969   14
    3970   14
    3971   14
    3972   14
    3973   14
    3974   14
    3975   14
    3976   14
    3977   14
    3978   14
    3979   14
    3980   14
    3981   14
    3982   14
    3983   14
    3984   14
    3985   14
    3986   14
    3987   14
    3988   14
    3989   14
    3990   14
    3991   14
    3992   14
    3993   14
    3994   14
    3995   14
    3996   14
    3997   14
    3998   14
    3999   14
    4000   14
    4001   14
    4002   14
    4003   14
    4004   14
    4005   14
    4006   14
    4007   14
    4008   14
    4009   14
    4010   14
    4011   14
    4012   14
    4013   14
    4014   14
    4015   14
    4016   14
    4017   14
    4018   14
    4019   14
    4020   14
    4021   14
    4022   14
    4023   14
    4024   14
    4025   14
    4026   14
    4027   14
    4028   14
    4029   14
    4030   14
    4031   14
    4032   14
    4033   14
    4034   14
    4035   14
    4036   14
    4037   14
    4038   14
    4039   14
    4040   14
    4041   14
    4042   14
    4043   14
    4044   14
    4045   14
    4046   14
    4047   14
    4048   14
    4049   14
    4050   14
    4051   14
    4052   14
    4053   14
    4054   14
    4055   14
    4056   14
    4057   14
    4058   14
    4059   14
    4060   14
    4061   13
    4062   13
    4063   13
    4064   13
    4065   13
    4066   13
    4067   13
    4068   13
    4069   13
    4070   13
    4071   13
    4072   13
    4073   13
    4074   13
    4075   13
    4076   13
    4077   13
    4078   13
    4079   13
    4080   13
    4081   13
    4082   13
    4083   10
    4084   10
    4085   10
    4086   10
    4087   10
    4088   10
    4089   10
    4090   10
    4091   10
    4092   12
    4093   12
    4094    1
    4095    5
    4096    3
    4097    6
    4098   12
    4099   12
    4100   12
    4101   12
    4102    8
    4103    1
    4104    6
    4105   12
    4106    8
    4107    1
    4108    1
    4109    8
    4110   12
    4111    4
    4112    4
    4113    4
    4114    6
    4115    5
    4116    6
    4117   12
    4118   12
    4119   12
    4120    1
    4121    3
    4122    6
    4123    1
    4124    1
    4125    1
    4126    1
    4127    1
    4128    1
    4129    1
    4130    7
    4131    1
    4132    1
    4133    7
    4134    1
    4135    1
    4136    1
    4137    4
    4138    4
    4139    6
    4140    7
    4141   12
    4142   12
    4143   12
    4144   12
    4145   12
    4146   12
    4147   12
    4148   12
    4149   12
    4150   12
    4151   12
    4152   12
    4153   12
    4154   12
    4155    1
    4156    1
    4157    7
    4158    7
    4159   12
    4160   12
    4161   12
    4162   10
    4163   10
    4164   10
    4165   12
    4166   12
    4167    1
    4168    1
    4169   12
    4170   12
    4171   12
    4172   12
    4173   12
    4174   12
    4175    6
    4176    7
    4177   12
    4178   12
    4179   12
    4180   12
    4181    1
    4182    1
    4183    1
    4184    1
    4185    1
    4186    1
    4187    1
    4188    1
    4189    1
    4190    1
    4191    1
    4192    1
    4193    1
    4194    1
    4195    1
    4196    1
    4197   12
    4198   12
    4199   12
    4200   12
    4201   12
    4202    1
    4203    1
    4204    1
    4205    8
    4206    6
    4207    7
    4208   10
    4209   10
    4210   10
    4211   10
    4212   10
    4213   10
    4214   10
    4215   10
    4216   10
    4217   10
    4218   10
    4219   12
    4220   12
    4221   12
    4222   12
    4223   12
    4224    1
    4225    1
    4226    1
    4227    1
    4228    1
    4229    5
    4230    1
    4231    1
    4232    5
    4233    6
    4234   12
    4235    4
    4236    4
    4237    6
    4238    8
    4239    7
    4240    5
    4241    3
    4242    5
    4243    1
    4244    4
    4245    5
    4246    5
    4247    5
    4248    1
    4249    3
    4250    1
    4251    3
    4252    4
    4253    4
    4254    4
    4255    5
    4256    6
    4257    6
    4258   12
    4259    9
    4260   10
    4261   10
    4262   10
    4263   12
    4264   12
    4265   12
    4266    7
    4267    8
    4268   12
    4269   12
    4270   12
    4271   12
    4272   12
    4273   12
    4274   12
    4275   12
    4276    1
    4277    1
    4278    1
    4279    1
    4280    1
    4281    1
    4282    1
    4283    1
    4284    1
    4285    1
    4286    1
    4287    3
    4288    3
    4289    3
    4290    3
    4291    3
    4292    3
    4293    5
    4294    3
    4295    3
    4296    3
    4297    3
    4298    3
    4299    5
    4300    3
    4301    3
    4302    3
    4303    3
    4304    3
    4305    3
    4306    5
    4307    6
    4308   10
    4309   10
    4310   10
    4311   10
    4312   10
    4313   10
    4314   11
    4315   11
    4316   11
    4317   11
    4318   10
    4319   10
    4320   10
    4321   10
    4322   10
    4323   10
    4324   10
    4325   10
    4326   10
    4327   10
    4328   10
    4329   10
    4330   10
    4331    9
    4332   11
    4333   12
    4334   12
    4335   12
    4336   12
    4337   12
    4338   12
    4339   12
    4340   12
    4341   12
    4342   12
    4343   12
    4344   12
    4345   12
    4346   12
    4347   12
    4348   12
    4349    8
    4350   12
    4351    9
    4352    9
    4353   11
    4354   11
    4355   11
    4356   11
    4357    9
    4358   11
    4359   10
    4360   10
    4361   10
    4362   10
    4363   10
    4364   10
    4365   10
    4366   10
    4367   10
    4368   10
    4369   10
    4370   10
    4371   10
    4372   10
    4373   10
    4374   10
    4375   10
    4376   10
    4377   10
    4378   10
    4379   10
    4380   10
    4381   10
    4382   12
    4383    1
    4384    5
    4385    2
    4386    2
    4387    2
    4388    2
    4389    2
    4390    2
    4391    2
    4392    2
    4393    2
    4394    2
    4395    2
    4396    2
    4397    2
    4398    2
    4399    3
    4400    3
    4401    3
    4402    3
    4403    3
    4404    6
    4405    7
    4406    8
    4407   12
    4408   12
    4409   12
    4410    8
    4411    7
    4412   12
    4413    8
    4414   12
    4415   12
    4416   12
    4417   12
    4418   12
    4419    7
    4420   12
    4421    7
    4422    8
    4423   12
    4424   12
    4425   12
    4426   12
    4427   12
    4428   12
    4429   12
    4430   12
    4431   12
    4432    7
    4433   12
    4434   12
    4435    7
    4436    7
    4437   12
    4438   12
    4439   12
    4440   12
    4441    7
    4442    6
    4443    5
    4444    5
    4445    3
    4446    3
    4447    3
    4448    3
    4449    4
    4450    4
    4451    4
    4452    4
    4453    4
    4454    5
    4455    5
    4456    3
    4457    3
    4458    3
    4459    3
    4460    3
    4461    4
    4462    4
    4463    4
    4464    4
    4465    4
    4466    4
    4467    3
    4468    3
    4469    5
    4470    6
    4471    3
    4472    3
    4473    3
    4474    5
    4475    5
    4476    3
    4477    3
    4478    3
    4479    3
    4480    3
    4481    5
    4482    6
    4483    5
    4484    3
    4485    6
    4486    4
    4487    5
    4488    5
    4489    5
    4490    5
    4491    3
    4492    1
    4493    3
    4494    1
    4495    3
    4496    1
    4497    1
    4498    5
    4499    3
    4500    3
    4501    5
    4502    5
    4503    3
    4504    3
    4505    1
    4506    1
    4507    1
    4508    1
    4509    1
    4510    1
    4511    1
    4512    1
    4513    1
    4514    1
    4515    1
    4516    1
    4517   12
    4518   12
    4519    8
    4520   12
    4521   12
    4522    7
    4523   12
    4524   12
    4525    7
    4526    7
    4527   12
    4528   12
    4529   12
    4530   12
    4531   12
    4532   12
    4533    7
    4534    6
    4535    5
    4536    5
    4537    7
    4538   12
    4539   12
    4540   12
    4541   12
    4542   12
    4543   12
    4544    8
    4545   12
    4546    1
    4547    1
    4548    1
    4549    1
    4550    5
    4551    1
    4552   12
    4553   12
    4554   12
    4555    8
    4556   12
    4557    8
    4558    8
    4559    7
    4560    8
    4561   12
    4562   12
    4563    7
    4564    1
    4565    1
    4566    1
    4567    1
    4568    7
    4569    7
    4570    7
    4571   12
    4572   12
    4573   12
    4574    7
    4575    8
    4576    8
    4577   12
    4578   12
    4579   12
    4580    7
    4581   12
    4582   12
    4583    8
    4584   12
    4585    1
    4586    1
    4587    1
    4588   12
    4589   12
    4590   12
    4591   12
    4592   12
    4593   12
    4594   12
    4595   12
    4596    8
    4597    8
    4598   12
    4599    6
    4600    6
    4601    3
    4602    1
    4603   12
    4604   12
    4605    8
    4606   12
    4607   12
    4608   12
    4609   12
    4610   12
    4611   12
    4612   12
    4613   12
    4614   12
    4615    8
    4616    8
    4617   12
    4618   12
    4619   12
    4620   12
    4621   12
    4622    8
    4623    8
    4624   10
    4625   10
    4626   10
    4627   10
    4628   10
    4629   10
    4630    7
    4631   12
    4632   12
    4633    8
    4634    8
    4635   12
    4636   12
    4637   12
    4638   12
    4639   12
    4640   12
    4641   12
    4642    8
    4643    7
    4644   10
    4645   10
    4646   10
    4647    8
    4648   12
    4649   12
    4650   12
    4651   12
    4652   12
    4653   12
    4654   12
    4655   12
    4656   12
    4657    8
    4658   12
    4659    1
    4660    1
    4661   12
    4662    7
    4663    4
    4664   12
    4665    8
    4666    7
    4667   12
    4668   12
    4669   12
    4670    6
    4671    6
    4672   12
    4673   12
    4674   12
    4675    8
    4676   10
    4677   10
    4678   10
    4679   10
    4680   10
    4681   10
    4682   10
    4683   10
    4684   10
    4685   10
    4686   10
    4687   10
    4688   12
    4689   12
    4690    8
    4691   12
    4692   12
    4693   12
    4694    7
    4695   12
    4696   12
    4697   12
    4698    8
    4699    8
    4700    8
    4701   12
    4702   12
    4703   12
    4704    8
    4705   10
    4706   10
    4707   10
    4708   10
    4709   10
    4710   10
    4711   10
    4712   10
    4713   10
    4714   10
    4715   10
    4716   10
    4717   10
    4718   10
    4719    8
    4720   12
    4721    8
    4722   12
    4723   12
    4724    7
    4725   12
    4726   12
    4727   10
    4728   10
    4729   10
    4730   10
    4731   10
    4732   10
    4733   10
    4734   10
    4735   10
    4736   10
    4737   10
    4738   10
    4739   10
    4740   12
    4741   12
    4742   12
    4743   12
    4744   12
    4745   12
    4746    7
    4747   12
    4748   12
    4749   12
    4750    7
    4751   12
    4752   12
    4753    7
    4754   12
    4755   12
    4756   12
    4757   12
    4758   12
    4759   12
    4760   12
    4761   12
    4762    7
    4763   12
    4764   12
    4765   12
    4766   12
    4767    7
    4768    7
    4769   12
    4770   12
    4771   12
    4772   12
    4773   12
    4774   12
    4775   12
    4776    1
    4777    1
    4778    1
    4779    1
    4780    1
    4781    3
    4782    3
    4783    3
    4784    6
    4785    1
    4786    1
    4787    1
    4788    1
    4789    1
    4790    1
    4791    5
    4792    3
    4793    3
    4794    5
    4795    3
    4796    3
    4797    3
    4798    3
    4799    3
    4800    3
    4801    3
    4802    4
    4803    4
    4804    4
    4805    4
    4806    5
    4807    5
    4808    6
    4809   12
    4810   12
    4811   12
    4812    7
    4813    5
    4814    1
    4815   12
    4816   12
    4817   12
    4818   12
    4819   12
    4820    1
    4821    1
    4822    1
    4823    1
    4824    1
    4825    1
    4826    1
    4827    1
    4828    1
    4829    1
    4830   12
    4831   12
    4832   12
    4833   12
    4834    1
    4835    1
    4836    1
    4837    3
    4838    3
    4839    3
    4840    3
    4841    3
    4842    3
    4843    3
    4844    5
    4845    6
    4846   10
    4847   12
    4848    8
    4849   12
    4850   12
    4851   12
    4852   12
    4853    8
    4854   12
    4855    7
    4856    6
    4857    5
    4858    3
    4859    3
    4860    3
    4861    3
    4862    3
    4863    3
    4864    3
    4865    3
    4866    3
    4867    3
    4868    3
    4869    3
    4870    1
    4871    1
    4872    1
    4873    1
    4874    1
    4875    1
    4876    1
    4877    1
    4878    1
    4879    6
    4880    3
    4881    3
    4882    3
    4883    3
    4884    3
    4885    3
    4886    3
    4887    1
    4888    1
    4889    1
    4890    1
    4891    5
    4892    5
    4893    5
    4894    1
    4895    1
    4896    5
    4897    1
    4898    1
    4899    1
    4900    1
    4901    5
    4902    5
    4903    5
    4904    5
    4905    5
    4906    5
    4907    3
    4908    3
    4909    1
    4910    1
    4911    4
    4912    5
    4913    4
    4914    4
    4915    4
    4916    5
    4917    6
    4918    6
    4919    5
    4920    4
    4921    4
    4922    4
    4923    4
    4924    4
    4925    4
    4926    4
    4927    4
    4928    6
    4929    5
    4930    4
    4931    5
    4932    6
    4933    7
    4934   12
    4935   12
    4936   10
    4937   10
    4938   10
    4939   10
    4940   10
    4941   10
    4942   10
    4943   10
    4944   10
    4945   10
    4946    9
    4947   10
    4948   12
    4949   12
    4950   12
    4951   12
    4952   12
    4953    8
    4954   12
    4955   12
    4956   12
    4957    8
    4958   10
    4959   10
    4960   10
    4961   10
    4962   10
    4963   10
    4964   10
    4965   10
    4966   10
    4967   10
    4968   10
    4969   10
    4970   10
    4971   10
    4972   10
    4973   10
    4974   10
    4975   10
    4976   10
    4977   10
    4978   10
    4979   10
    4980   10
    4981   10
    4982   10
    4983   10
    4984   10
    4985   12
    4986    1
    4987    1
    4988    3
    4989    6
    4990    1
    4991    1
    4992    3
    4993    3
    4994    5
    4995    6
    4996    6
    4997   12
    4998    8
    4999   10
    5000   10
