       1    2
       2    2
       3    2
       4    2
       5    9
       6    9
       7   10
       8    9
       9    9
      10   11
      11   11
      12   11
      13   11
      14   11
      15   11
      16   11
      17   11
      18   11
      19   11
      20   11
      21   11
      22   11
      23   11
      24    9
      25    9
      26   10
      27   10
      28   10
      29   10
      30   10
      31   10
      32   10
      33   10
      34   10
      35   10
      36   10
      37   10
      38   10
      39   10
      40    9
      41   11
      42   11
      43   11
      44   11
      45   11
      46   11
      47   11
      48   11
      49   11
      50   11
      51   11
      52   11
      53   11
      54   11
      55   11
      56   11
      57   11
      58    9
      59   12
      60   12
      61   12
      62   12
      63   12
      64   10
      65   11
      66   11
      67   11
      68   11
      69    6
      70    5
      71    3
      72    6
      73    5
      74    5
      75    3
      76    4
      77    4
      78    4
      79    5
      80    4
      81    4
      82    3
      83    5
      84    5
      85    1
      86    1
      87    1
      88    1
      89    5
      90    5
      91    1
      92    1
      93    3
      94    1
      95    5
      96    6
      97    2
      98    2
      99    1
     100    3
     101    6
     102    6
     103    6
     104    3
     105    3
     106    3
     107    3
     108    3
     109    3
     110    3
     111    3
     112    5
     113    5
     114    2
     115    2
     116    2
     117    2
     118    2
     119    2
     120   12
     121   12
     122   12
     123   11
     124   11
     125   11
     126    9
     127   10
     128   10
     129   10
     130   10
     131   10
     132   10
     133   10
     134   10
     135   10
     136   10
     137   10
     138   10
     139   10
     140   10
     141   10
     142   10
     143   10
     144   10
     145   10
     146   12
     147   12
     148    1
     149    1
     150    1
     151    3
     152    3
     153    3
     154    3
     155    3
     156    5
     157    6
     158    6
     159    6
     160    6
     161    9
     162   11
     163    9
     164   12
     165   12
     166    1
     167    1
     168    6
     169    5
     170    3
     171    1
     172    1
     173    1
     174    1
     175    1
     176    2
     177    2
     178    2
     179    2
     180    2
     181    2
     182    8
     183    8
     184   12
     185   12
     186   12
     187    8
     188    7
     189   12
     190    9
     191    9
     192    6
     193    4
     194    4
     195    4
     196    4
     197    4
     198    4
     199    4
     200    4
     201    4
     202    4
     203    4
     204    4
     205    4
     206    4
     207   12
     208   12
     209   12
     210   12
     211    7
     212    7
     213    8
     214    1
     215    1
     216    1
     217    1
     218    1
     219    1
     220    1
     221    1
     222    1
     223   12
     224   12
     225   12
     226   10
     227    9
     228    9
     229    9
     230   11
     231   11
     232   11
     233   11
     234   11
     235   11
     236   11
     237   11
     238   11
     239   11
     240   11
     241   11
     242   11
     243   11
     244   11
     245   11
     246   11
     247   11
     248   11
     249   11
     250   10
     251   10
     252   10
     253   10
     254   10
     255   10
     256   10
     257   10
     258   10
     259   10
     260   10
     261   10
     262   10
     263   11
     264   11
     265   11
     266   11
     267   11
     268   11
     269    9
     270    9
     271   11
     272   11
     273   11
     274   11
     275   11
     276   11
     277   11
     278   11
     279   11
     280   11
     281   11
     282   11
     283   11
     284   11
     285   10
     286   10
     287   10
     288   10
     289   10
     290   10
     291   10
     292   10
     293   10
     294   10
     295   10
     296   10
     297   10
     298   10
     299   10
     300   10
     301   10
     302   10
     303   10
     304   10
     305   10
     306   10
     307   10
     308   10
     309   10
     310   10
     311   11
     312   11
     313   11
     314   11
     315   11
     316   11
     317   11
     318    9
     319   10
     320   10
     321   10
     322   10
     323   10
     324   11
     325   11
     326   11
     327   11
     328   11
     329   11
     330   11
     331   11
     332   11
     333   11
     334   11
     335   11
     336   11
     337   11
     338   11
     339   11
     340   11
     341   11
     342   11
     343   11
     344   11
     345   11
     346   11
     347   11
     348   11
     349   11
     350   11
     351    9
     352   11
     353   11
     354   11
     355   11
     356   11
     357   11
     358   11
     359   11
     360   11
     361   11
     362   11
     363   11
     364    9
     365    9
     366   11
     367   11
     368   11
     369    2
     370    2
     371    2
     372    2
     373    3
     374    5
     375    6
     376    5
     377    5
     378    1
     379    1
     380    1
     381    6
     382    5
     383    1
     384    1
     385    1
     386    1
     387    1
     388    4
     389    4
     390    4
     391    4
     392    3
     393    3
     394    3
     395    3
     396    5
     397    6
     398   11
     399   11
     400   11
     401   11
     402   11
     403   11
     404   11
     405   11
     406   11
     407   11
     408    9
     409   11
     410   11
     411   11
     412   11
     413    9
     414   10
     415   10
     416   10
     417   10
     418   10
     419   10
     420   10
     421   10
     422   10
     423   10
     424   10
     425   10
     426   10
     427   11
     428   11
     429   11
     430   11
     431   11
     432   11
     433   11
     434   11
     435   11
     436   11
     437   11
     438   11
     439   11
     440   11
     441   11
     442   11
     443   11
     444   11
     445   11
     446   11
     447   11
     448   11
     449   11
     450   11
     451   11
     452   11
     453   11
     454   11
     455   11
     456   11
     457   11
     458   11
     459   11
     460   11
     461   11
     462   11
     463   11
     464   11
     465   11
     466   11
     467   11
     468   11
     469   11
     470   11
     471   11
     472   11
     473   11
     474   11
     475   11
     476   11
     477   11
     478   11
     479   11
     480   11
     481   11
     482   11
     483   11
     484   10
     485   10
     486   10
     487   10
     488   10
     489   10
     490   11
     491   11
     492   11
     493   11
     494   11
     495   11
     496   11
     497   11
     498   11
     499   11
     500   11
     501   11
     502   11
     503   11
     504   11
     505   11
     506   11
     507   11
     508   11
     509   11
     510   11
     511   11
     512   11
     513   11
     514   11
     515   11
     516   11
     517   11
     518   11
     519   11
     520   11
     521   11
     522   11
     523   10
     524   10
     525   11
     526   11
     527   11
     528   11
     529   11
     530   11
     531   11
     532   11
     533   11
     534   11
     535   11
     536   11
     537   11
     538   11
     539   11
     540   11
     541   11
     542   11
     543   11
     544   10
     545   10
     546   10
     547   10
     548   10
     549   10
     550   10
     551   10
     552   10
     553   10
     554   10
     555   11
     556   11
     557   11
     558   11
     559   11
     560   11
     561   11
     562   11
     563   11
     564   11
     565   11
     566   11
     567   11
     568   11
     569   11
     570   11
     571   11
     572   11
     573   11
     574   11
     575    9
     576    9
     577    9
     578   11
     579   11
     580   11
     581   11
     582   11
     583   11
     584   11
     585   11
     586   11
     587   11
     588   11
     589   11
     590   11
     591   11
     592   11
     593   11
     594   11
     595   11
     596   11
     597   11
     598   11
     599   11
     600   11
     601   11
     602   11
     603   11
     604    9
     605    9
     606   11
     607    9
     608    9
     609   11
     610    9
     611    9
     612    9
     613    9
     614    9
     615    9
     616    9
     617   11
     618   11
     619   11
     620   11
     621   11
     622   11
     623   11
     624   11
     625   11
     626   11
     627   11
     628   11
     629   11
     630   11
     631   11
     632   11
     633   11
     634   11
     635   11
     636   11
     637   11
     638   11
     639    9
     640   11
     641   11
     642   11
     643    9
     644   12
     645   12
     646   12
     647   12
     648    1
     649    1
     650    3
     651    3
     652    5
     653    5
     654    3
     655    3
     656    3
     657    3
     658    3
     659    3
     660    3
     661    3
     662    5
     663    6
     664    4
     665    4
     666   12
     667   12
     668   12
     669   12
     670   12
     671   12
     672   12
     673   12
     674   12
     675    1
     676    1
     677    1
     678    1
     679    1
     680    2
     681    2
     682    2
     683    2
     684    2
     685    2
     686   12
     687   12
     688   12
     689   12
     690   12
     691   12
     692   12
     693    1
     694   12
     695   12
     696   12
     697    1
     698    1
     699    1
     700    1
     701   12
     702   12
     703   12
     704   12
     705   12
     706   12
     707   12
     708   12
     709   12
     710   12
     711   12
     712   12
     713   12
     714   12
     715   12
     716   12
     717   12
     718   12
     719   12
     720   12
     721   12
     722   12
     723   12
     724   12
     725   12
     726   12
     727   12
     728   12
     729   12
     730   12
     731   12
     732   12
     733   12
     734   12
     735   12
     736   12
     737   12
     738   12
     739   12
     740   12
     741   12
     742   12
     743   12
     744   12
     745   12
     746   12
     747   12
     748   12
     749   12
     750   12
     751   12
     752   12
     753   12
     754   12
     755   12
     756   12
     757   12
     758   12
     759   12
     760   12
     761   12
     762    2
     763    2
     764    2
     765    2
     766    4
     767    6
     768    4
     769    4
     770    4
     771    4
     772    4
     773    4
     774    4
     775    4
     776   12
     777   12
     778   12
     779   12
     780   12
     781    4
     782    4
     783    4
     784    4
     785   12
     786   12
     787   12
     788    4
     789   12
     790   12
     791   12
     792    8
     793   12
     794   12
     795   12
     796   12
     797   12
     798    4
     799    4
     800    4
     801    4
     802    4
     803    4
     804    4
     805    4
     806    4
     807    4
     808    4
     809    4
     810    4
     811    5
     812    4
     813    4
     814    5
     815    6
     816    1
     817    1
     818    1
     819    1
     820    1
     821    5
     822    1
     823    1
     824    3
     825    3
     826    5
     827    6
     828    5
     829    1
     830   12
     831    8
     832    8
     833    6
     834    5
     835    5
     836    5
     837    5
     838    5
     839    6
     840    5
     841    6
     842    5
     843    6
     844    8
     845    7
     846    8
     847    8
     848   12
     849   12
     850    8
     851    5
     852    6
     853    8
     854    8
     855    6
     856    6
     857    6
     858    5
     859    5
     860    5
     861    5
     862    5
     863    6
     864    5
     865    5
     866    5
     867    5
     868    5
     869    5
     870    5
     871    5
     872    5
     873    5
     874    5
     875    6
     876    5
     877    5
     878    5
     879    5
     880    6
     881    5
     882    5
     883    5
     884    5
     885    6
     886    5
     887    5
     888    5
     889    5
     890    5
     891    7
     892    8
     893    9
     894    6
     895    4
     896    4
     897    4
     898    7
     899   12
     900   12
     901    8
     902    8
     903    8
     904    1
     905    1
     906    1
     907    8
     908    8
     909    8
     910    9
     911   11
     912   11
     913   11
     914   11
     915   11
     916    9
     917   11
     918   11
     919    9
     920    9
     921   11
     922    9
     923    9
     924    9
     925    9
     926   11
     927   11
     928    9
     929   12
     930   12
     931   12
     932    6
     933    6
     934    5
     935    3
     936    3
     937    3
     938    3
     939    5
     940    9
     941    9
     942    9
     943   12
     944   12
     945    2
     946    2
     947    6
     948    2
     949    2
     950    1
     951    1
     952    1
     953    3
     954    3
     955    5
     956    6
     957    9
     958    9
     959   11
     960   11
     961   11
     962    9
     963   11
     964   11
     965   11
     966   11
     967   11
     968   11
     969   11
     970   11
     971   11
     972   11
     973    9
     974   11
     975   11
     976   11
     977   11
     978   12
     979   12
     980    1
     981    1
     982    1
     983    1
     984    1
     985    1
     986    1
     987    1
     988    1
     989    6
     990    5
     991    2
     992    2
     993    6
     994    6
     995    6
     996    7
     997    8
     998    7
     999    7
    1000    6
    1001    4
    1002    4
    1003    4
    1004    3
    1005    3
    1006    3
    1007    1
    1008    1
    1009    1
    1010    1
    1011    1
    1012    1
    1013    1
    1014    1
    1015    1
    1016    1
    1017    2
    1018    2
    1019    9
    1020    9
    1021   11
    1022   11
    1023    9
    1024    9
    1025    2
    1026    2
    1027    2
    1028    2
    1029    3
    1030    1
    1031    1
    1032    6
    1033    6
    1034    8
    1035    7
    1036    5
    1037    1
    1038    5
    1039    6
    1040    2
    1041    2
    1042    2
    1043    2
    1044    1
    1045    1
    1046    6
    1047    8
    1048   10
    1049   10
    1050   10
    1051    8
    1052   12
    1053    9
    1054   12
    1055    6
    1056    5
    1057    4
    1058    4
    1059    4
    1060    4
    1061    4
    1062    4
    1063    4
    1064    4
    1065    4
    1066    4
    1067    4
    1068    4
    1069    4
    1070    4
    1071    4
    1072    4
    1073    1
    1074    1
    1075    1
    1076    1
    1077    1
    1078    5
    1079    1
    1080    1
    1081    1
    1082    1
    1083    1
    1084    1
    1085   12
    1086   12
    1087   12
    1088    8
    1089    8
    1090    8
    1091    8
    1092   12
    1093   10
    1094   10
    1095    8
    1096   12
    1097   12
    1098   12
    1099   12
    1100   12
    1101   12
    1102    8
    1103   10
    1104   10
    1105   10
    1106   10
    1107   10
    1108   10
    1109   10
    1110   10
    1111   10
    1112   10
    1113   10
    1114   10
    1115    8
    1116    8
    1117    7
    1118    7
    1119    8
    1120    7
    1121    7
    1122    8
    1123    9
    1124    9
    1125   11
    1126    9
    1127    2
    1128    6
    1129    9
    1130    9
    1131    9
    1132    9
    1133   11
    1134   11
    1135   11
    1136    9
    1137    6
    1138    2
    1139    2
    1140    5
    1141    3
    1142    5
    1143    3
    1144    6
    1145    2
    1146    2
    1147    5
    1148    3
    1149    5
    1150    6
    1151    2
    1152    2
    1153    2
    1154    2
    1155    2
    1156    9
    1157    9
    1158    6
    1159    5
    1160    5
    1161    2
    1162    6
    1163    6
    1164    6
    1165    8
    1166    9
    1167   11
    1168    9
    1169   11
    1170   11
    1171   11
    1172   11
    1173   11
    1174   11
    1175   11
    1176   11
    1177   11
    1178    8
    1179    8
    1180    7
    1181    8
    1182    9
    1183   10
    1184   10
    1185   10
    1186   11
    1187    9
    1188   11
    1189   11
    1190    2
    1191    9
    1192    9
    1193    6
    1194    5
    1195    3
    1196    3
    1197    6
    1198   11
    1199   11
    1200    9
    1201    9
    1202   11
    1203   11
    1204   11
    1205   10
    1206    9
    1207   11
    1208   11
    1209   10
    1210   10
    1211   10
    1212    9
    1213   10
    1214   10
    1215   10
    1216   10
    1217   10
    1218    9
    1219   10
    1220   10
    1221   10
    1222   10
    1223   10
    1224   10
    1225   10
    1226   10
    1227   10
    1228   10
    1229   11
    1230   11
    1231   11
    1232   11
    1233   11
    1234   11
    1235   11
    1236   11
    1237   11
    1238   11
    1239   11
    1240   11
    1241   11
    1242   11
    1243   11
    1244   11
    1245   11
    1246   10
    1247   10
    1248   10
    1249   10
    1250   10
    1251    9
    1252   11
    1253   11
    1254   11
    1255    9
    1256    2
    1257    2
    1258    1
    1259    1
    1260    1
    1261   12
    1262   12
    1263    2
    1264    2
    1265    2
    1266    2
    1267    2
    1268    3
    1269    3
    1270    3
    1271    3
    1272    6
    1273    6
    1274    3
    1275    2
    1276    8
    1277   10
    1278   10
    1279   10
    1280   10
    1281   12
    1282   12
    1283   12
    1284   12
    1285   12
    1286    8
    1287    7
    1288    7
    1289    8
    1290    7
    1291    7
    1292    6
    1293    4
    1294    4
    1295    6
    1296    2
    1297    2
    1298    2
    1299    6
    1300    9
    1301   11
    1302   11
    1303    9
    1304   11
    1305    9
    1306    9
    1307    9
    1308   11
    1309    9
    1310    9
    1311    6
    1312    3
    1313    3
    1314    3
    1315    3
    1316    3
    1317    3
    1318    1
    1319    1
    1320    1
    1321    6
    1322    5
    1323    5
    1324    5
    1325    5
    1326    3
    1327    5
    1328    5
    1329    5
    1330    3
    1331    3
    1332    3
    1333    5
    1334    2
    1335    2
    1336    5
    1337    6
    1338    8
    1339    8
    1340   12
    1341    8
    1342   12
    1343    1
    1344    1
    1345    3
    1346    5
    1347    6
    1348    6
    1349    9
    1350   10
    1351   10
    1352   10
    1353   10
    1354   10
    1355   10
    1356   12
    1357   12
    1358    7
    1359    6
    1360    3
    1361    3
    1362    3
    1363    1
    1364    1
    1365    3
    1366    1
    1367    1
    1368    1
    1369    1
    1370    1
    1371    1
    1372    1
    1373    3
    1374    3
    1375    3
    1376    5
    1377    6
    1378    6
    1379    1
    1380    1
    1381    1
    1382    1
    1383    4
    1384    4
    1385    7
    1386   12
    1387   12
    1388   12
    1389    1
    1390    1
    1391    1
    1392    1
    1393    1
    1394    1
    1395    7
    1396    5
    1397    6
    1398    3
    1399    3
    1400    5
    1401    1
    1402    5
    1403    5
    1404    6
    1405    6
    1406    3
    1407    3
    1408    5
    1409    5
    1410    4
    1411    6
    1412    7
    1413    8
    1414   12
    1415    1
    1416    1
    1417    1
    1418    1
    1419    1
    1420    1
    1421    1
    1422    1
    1423    1
    1424    3
    1425    5
    1426    3
    1427    3
    1428    5
    1429    6
    1430    6
    1431    1
    1432    1
    1433    1
    1434    1
    1435    1
    1436    1
    1437    1
    1438    1
    1439    1
    1440    1
    1441    1
    1442    5
    1443    1
    1444    1
    1445    5
    1446    1
    1447    1
    1448    1
    1449    1
    1450    1
    1451    1
    1452    1
    1453    1
    1454    1
    1455    1
    1456    1
    1457    1
    1458    1
    1459    1
    1460    1
    1461    7
    1462    9
    1463    9
    1464   11
    1465   11
    1466   11
    1467    9
    1468    6
    1469    5
    1470    3
    1471    8
    1472    9
    1473    9
    1474   10
    1475   10
    1476   10
    1477   10
    1478   10
    1479   10
    1480   10
    1481   10
    1482   10
    1483   10
    1484   10
    1485   11
    1486   11
    1487   11
    1488   11
    1489   11
    1490   11
    1491   11
    1492   11
    1493   11
    1494   11
    1495   11
    1496   11
    1497   11
    1498   11
    1499   11
    1500   11
    1501   11
    1502   11
    1503   11
    1504   11
    1505   11
    1506    9
    1507   10
    1508   10
    1509   11
    1510   11
    1511   11
    1512   11
    1513   11
    1514   11
    1515   11
    1516   11
    1517   11
    1518   11
    1519    9
    1520    9
    1521   10
    1522   10
    1523   10
    1524   10
    1525   10
    1526   10
    1527   12
    1528    8
    1529    8
    1530   12
    1531   12
    1532   12
    1533   10
    1534   10
    1535   10
    1536   10
    1537   10
    1538   10
    1539   10
    1540   11
    1541   11
    1542   11
    1543   11
    1544   11
    1545   11
    1546   11
    1547   11
    1548   11
    1549   10
    1550   10
    1551   10
    1552   10
    1553   10
    1554   11
    1555   12
    1556    1
    1557    1
    1558    1
    1559    1
    1560    3
    1561    6
    1562   10
    1563   10
    1564   10
    1565   10
    1566   10
    1567   10
    1568   10
    1569   10
    1570   10
    1571   10
    1572   10
    1573    9
    1574    6
    1575    3
    1576    3
    1577    3
    1578    1
    1579   12
    1580   12
    1581    7
    1582    8
    1583   12
    1584    8
    1585    6
    1586    7
    1587    8
    1588    8
    1589   12
    1590   12
    1591    8
    1592    8
    1593    8
    1594    8
    1595    7
    1596    7
    1597   12
    1598   12
    1599   12
    1600   12
    1601   12
    1602    7
    1603    7
    1604    7
    1605    7
    1606    8
    1607    8
    1608    7
    1609    8
    1610    8
    1611    8
    1612    8
    1613   12
    1614    8
    1615    8
    1616    8
    1617    8
    1618    7
    1619    8
    1620   12
    1621   12
    1622   12
    1623    7
    1624    8
    1625   12
    1626    7
    1627    8
    1628    8
    1629    8
    1630    8
    1631    8
    1632   12
    1633   12
    1634    7
    1635    7
    1636    8
    1637    7
    1638    7
    1639    6
    1640    6
    1641    5
    1642    5
    1643    3
    1644    3
    1645    3
    1646    3
    1647    3
    1648    3
    1649    3
    1650    1
    1651    1
    1652    1
    1653    1
    1654    1
    1655   12
    1656   12
    1657   12
    1658   12
    1659   12
    1660   12
    1661    1
    1662    1
    1663    1
    1664    1
    1665    1
    1666    3
    1667    1
    1668    1
    1669    1
    1670    1
    1671    1
    1672    6
    1673    5
    1674    1
    1675    1
    1676    1
    1677    1
    1678    1
    1679    1
    1680    5
    1681    4
    1682    4
    1683    4
    1684    4
    1685    4
    1686    4
    1687    3
    1688    3
    1689    6
    1690    6
    1691   11
    1692   11
    1693   11
    1694   11
    1695   11
    1696   11
    1697   11
    1698   11
    1699   11
    1700   11
    1701   11
    1702   11
    1703   11
    1704   11
    1705   11
    1706   11
    1707   10
    1708   10
    1709   10
    1710   10
    1711   10
    1712   10
    1713   10
    1714   10
    1715   10
    1716   10
    1717   10
    1718   10
    1719   10
    1720   10
    1721   10
    1722   10
    1723   10
    1724   10
    1725   10
    1726   10
    1727   10
    1728   10
    1729   10
    1730   10
    1731   10
    1732   10
    1733    8
    1734    8
    1735   12
    1736   12
    1737   12
    1738    8
    1739    8
    1740   12
    1741   12
    1742   12
    1743   12
    1744    8
    1745    8
    1746    7
    1747    8
    1748   12
    1749   12
    1750   12
    1751   12
    1752   12
    1753   12
    1754   12
    1755   12
    1756   12
    1757    8
    1758   12
    1759   12
    1760   12
    1761   12
    1762   12
    1763    1
    1764    1
    1765    1
    1766   12
    1767   12
    1768   12
    1769   12
    1770   12
    1771   12
    1772    8
    1773    8
    1774    8
    1775   12
    1776   12
    1777    7
    1778   12
    1779   12
    1780    8
    1781    8
    1782    7
    1783    7
    1784    8
    1785   12
    1786    8
    1787    7
    1788    8
    1789    8
    1790    8
    1791    8
    1792    8
    1793    8
    1794    7
    1795    8
    1796   12
    1797   12
    1798   12
    1799   12
    1800   12
    1801   12
    1802   12
    1803   12
    1804   12
    1805   12
    1806   12
    1807   12
    1808   12
    1809   12
    1810   12
    1811   12
    1812   12
    1813   12
    1814   12
    1815   12
    1816   12
    1817   12
    1818   12
    1819   12
    1820   12
    1821   12
    1822   12
    1823   12
    1824   12
    1825   12
    1826   12
    1827   12
    1828   12
    1829   12
    1830    4
    1831    4
    1832    4
    1833    4
    1834    4
    1835    4
    1836    4
    1837    4
    1838    4
    1839    4
    1840    4
    1841    4
    1842    4
    1843    4
    1844    4
    1845    4
    1846    4
    1847    4
    1848    4
    1849    5
    1850    4
    1851    4
    1852    6
    1853    4
    1854    4
    1855    4
    1856    4
    1857    4
    1858    4
    1859    4
    1860    4
    1861    4
    1862    5
    1863    6
    1864   11
    1865   11
    1866   11
    1867   11
    1868   10
    1869   10
    1870   10
    1871   10
    1872   10
    1873   10
    1874   10
    1875   10
    1876   10
    1877   10
    1878    8
    1879    8
    1880   12
    1881   12
    1882   12
    1883   12
    1884   12
    1885   12
    1886   12
    1887   12
    1888   10
    1889   10
    1890   10
    1891   10
    1892   10
    1893   10
    1894   10
    1895   10
    1896   10
    1897   10
    1898   10
    1899   10
    1900   10
    1901   10
    1902   10
    1903   10
    1904   10
    1905   10
    1906   10
    1907   10
    1908   10
    1909   10
    1910   10
    1911   10
    1912   10
    1913   10
    1914   10
    1915   10
    1916   10
    1917   10
    1918   10
    1919   10
    1920   10
    1921   10
    1922   10
    1923   10
    1924   10
    1925   12
    1926   12
    1927   12
    1928   12
    1929   12
    1930   12
    1931   12
    1932   12
    1933   12
    1934   10
    1935   10
    1936   10
    1937   10
    1938   10
    1939   10
    1940   10
    1941   10
    1942   10
    1943   10
    1944   10
    1945   10
    1946   10
    1947   10
    1948   10
    1949   10
    1950   10
    1951   10
    1952   10
    1953   10
    1954   10
    1955   10
    1956   10
    1957   12
    1958   12
    1959   12
    1960   12
    1961   12
    1962   12
    1963   12
    1964   12
    1965   12
    1966   10
    1967   10
    1968   10
    1969   10
    1970   10
    1971   13
    1972   13
    1973   13
    1974   13
    1975   13
    1976   13
    1977   13
    1978   13
    1979   13
    1980   14
    1981   14
    1982   13
    1983   13
    1984   13
    1985   13
    1986   13
    1987   13
    1988   13
    1989   13
    1990   13
    1991   13
    1992   13
    1993   13
    1994   13
    1995   13
    1996   13
    1997   13
    1998   13
    1999   13
    2000   13
    2001   13
    2002   13
    2003   10
    2004   10
    2005   10
    2006   10
    2007   10
    2008   10
    2009   10
    2010   10
    2011   10
    2012   10
    2013   10
    2014   10
    2015   10
    2016   10
    2017   10
    2018   10
    2019   10
    2020   10
    2021   10
    2022   13
    2023   13
    2024   13
    2025   13
    2026   13
    2027   13
    2028   13
    2029   13
    2030   10
    2031   10
    2032   10
    2033   10
    2034   10
    2035   10
    2036   10
    2037   10
    2038   10
    2039   10
    2040   10
    2041   10
    2042   12
    2043   12
    2044   12
    2045   12
    2046   12
    2047   12
    2048   10
    2049   10
    2050   10
    2051   10
    2052   10
    2053   10
    2054   10
    2055   10
    2056   10
    2057   10
    2058   10
    2059   10
    2060   10
    2061   10
    2062   10
    2063   10
    2064   10
    2065   10
    2066   10
    2067   10
    2068   10
    2069   10
    2070   10
    2071   10
    2072   10
    2073   10
    2074   11
    2075   11
    2076   11
    2077   11
    2078   11
    2079   11
    2080   11
    2081   11
    2082   11
    2083   11
    2084   11
    2085   11
    2086   11
    2087   11
    2088    9
    2089   11
    2090   11
    2091    8
    2092    6
    2093    5
    2094    3
    2095    2
    2096    2
    2097   11
    2098   11
    2099   11
    2100   11
    2101   11
    2102   11
    2103   11
    2104   11
    2105   11
    2106   11
    2107   11
    2108   11
    2109   11
    2110    9
    2111   12
    2112   12
    2113   12
    2114   12
    2115   12
    2116   12
    2117    1
    2118    1
    2119    1
    2120    1
    2121    1
    2122    1
    2123    1
    2124    1
    2125    9
    2126   12
    2127   12
    2128   12
    2129   12
    2130    6
    2131    3
    2132    1
    2133    3
    2134    1
    2135    1
    2136    1
    2137    1
    2138    1
    2139    6
    2140    5
    2141    6
    2142    3
    2143    1
    2144    6
    2145    5
    2146    1
    2147    1
    2148    1
    2149    6
    2150    9
    2151    9
    2152    7
    2153    7
    2154    7
    2155    6
    2156    5
    2157    5
    2158    6
    2159    6
    2160    3
    2161    5
    2162    3
    2163    2
    2164    2
    2165    2
    2166    2
    2167    2
    2168    2
    2169    2
    2170   11
    2171   11
    2172    9
    2173    9
    2174   11
    2175   11
    2176   11
    2177   11
    2178   11
    2179   11
    2180    9
    2181   11
    2182   11
    2183   11
    2184   11
    2185   11
    2186   11
    2187    9
    2188   11
    2189    9
    2190   11
    2191   11
    2192   11
    2193   11
    2194   11
    2195   11
    2196   11
    2197    9
    2198   11
    2199   11
    2200   11
    2201    9
    2202    9
    2203    9
    2204    9
    2205    9
    2206    9
    2207    9
    2208    6
    2209    6
    2210    3
    2211    2
    2212   12
    2213   12
    2214   12
    2215   12
    2216   10
    2217   10
    2218   10
    2219   10
    2220   10
    2221    8
    2222   10
    2223   10
    2224   10
    2225   10
    2226   10
    2227    1
    2228    1
    2229    1
    2230    1
    2231    1
    2232   12
    2233   12
    2234   12
    2235    1
    2236    1
    2237   12
    2238   12
    2239    4
    2240    4
    2241    4
    2242    4
    2243    5
    2244    5
    2245    4
    2246    5
    2247    4
    2248    4
    2249    4
    2250    4
    2251    4
    2252    4
    2253    4
    2254    4
    2255    4
    2256    4
    2257    4
    2258    4
    2259    4
    2260    4
    2261    4
    2262    6
    2263    5
    2264    4
    2265    4
    2266    4
    2267    4
    2268    4
    2269    4
    2270    4
    2271    4
    2272    4
    2273    4
    2274    4
    2275    4
    2276    4
    2277    4
    2278    4
    2279    4
    2280    4
    2281    4
    2282    4
    2283    4
    2284    6
    2285    9
    2286    9
    2287   10
    2288   10
    2289    9
    2290   11
    2291   11
    2292    9
    2293   10
    2294   10
    2295   10
    2296    9
    2297   10
    2298   10
    2299   10
    2300   10
    2301    9
    2302   11
    2303    9
    2304    9
    2305   11
    2306    8
    2307    8
    2308    8
    2309    8
    2310    6
    2311    9
    2312    9
    2313   10
    2314   10
    2315   10
    2316   10
    2317   10
    2318    8
    2319    7
    2320    7
    2321    7
    2322    8
    2323    8
    2324    5
    2325    5
    2326    6
    2327    6
    2328    7
    2329    6
    2330    5
    2331    5
    2332    5
    2333    8
    2334    7
    2335    5
    2336    2
    2337    2
    2338    2
    2339    2
    2340    2
    2341    2
    2342    2
    2343    3
    2344    5
    2345    5
    2346    5
    2347    5
    2348    5
    2349    6
    2350    5
    2351    6
    2352    6
    2353    6
    2354    5
    2355    5
    2356    6
    2357    8
    2358    7
    2359    8
    2360    8
    2361    6
    2362    8
    2363    7
    2364    7
    2365    7
    2366    7
    2367    7
    2368    7
    2369    7
    2370    7
    2371    7
    2372    1
    2373    5
    2374    3
    2375    6
    2376    1
    2377    1
    2378    1
    2379    3
    2380    6
    2381    2
    2382    3
    2383    3
    2384    6
    2385    7
    2386   11
    2387   11
    2388   11
    2389   11
    2390   11
    2391   11
    2392   11
    2393   11
    2394   11
    2395   11
    2396   11
    2397   11
    2398   11
    2399   11
    2400   11
    2401   11
    2402   11
    2403   11
    2404   11
    2405   11
    2406   11
    2407   11
    2408   11
    2409   11
    2410   11
    2411    9
    2412   11
    2413   11
    2414   11
    2415   11
    2416   11
    2417   11
    2418   11
    2419   11
    2420   11
    2421   11
    2422   11
    2423   11
    2424   11
    2425   11
    2426   11
    2427   11
    2428   11
    2429   11
    2430   11
    2431   11
    2432   11
    2433   11
    2434   11
    2435   11
    2436   11
    2437   11
    2438   11
    2439   11
    2440   11
    2441   11
    2442   11
    2443   11
    2444   11
    2445   11
    2446   11
    2447   11
    2448   11
    2449   11
    2450   11
    2451   11
    2452   11
    2453   11
    2454   11
    2455   11
    2456   11
    2457   11
    2458   11
    2459   11
    2460   11
    2461   11
    2462   11
    2463   11
    2464   11
    2465   11
    2466   11
    2467   11
    2468   11
    2469   11
    2470   11
    2471   11
    2472   11
    2473   11
    2474    9
    2475   11
    2476   11
    2477   11
    2478   11
    2479   11
    2480   11
    2481   11
    2482    6
    2483    6
    2484    6
    2485    6
    2486    6
    2487    6
    2488    9
    2489    9
    2490    2
    2491    2
    2492   11
    2493   11
    2494    9
    2495   11
    2496    2
    2497    2
    2498    2
    2499    2
    2500    6
    2501    9
    2502    9
    2503    9
    2504    9
    2505   11
    2506   11
    2507   11
    2508   11
    2509   11
    2510   11
    2511   11
    2512    9
    2513   11
    2514    9
    2515    9
    2516    7
    2517   12
    2518    6
    2519    9
    2520   11
    2521    9
    2522   11
    2523   11
    2524   11
    2525    9
    2526   11
    2527   11
    2528   11
    2529   11
    2530   11
    2531   11
    2532    9
    2533   11
    2534   11
    2535   11
    2536   11
    2537   11
    2538   11
    2539   11
    2540    9
    2541    9
    2542   11
    2543    9
    2544    9
    2545    9
    2546   11
    2547   11
    2548   11
    2549   11
    2550   11
    2551   11
    2552   11
    2553   11
    2554   11
    2555   11
    2556   11
    2557   11
    2558   11
    2559   11
    2560   11
    2561   11
    2562   11
    2563   11
    2564   11
    2565   11
    2566   11
    2567   11
    2568   11
    2569   11
    2570    9
    2571   11
    2572   11
    2573   11
    2574   11
    2575    9
    2576    6
    2577    5
    2578    5
    2579    6
    2580    5
    2581    6
    2582    6
    2583    6
    2584    9
    2585   11
    2586    9
    2587    9
    2588    9
    2589    9
    2590    9
    2591    6
    2592    6
    2593    6
    2594    9
    2595    9
    2596    9
    2597    9
    2598    8
    2599    7
    2600    7
    2601    6
    2602    1
    2603    2
    2604    5
    2605    6
    2606    6
    2607    6
    2608    3
    2609    3
    2610    6
    2611    6
    2612    5
    2613    1
    2614    6
    2615    5
    2616    6
    2617    1
    2618    1
    2619   12
    2620   12
    2621   12
    2622   12
    2623   12
    2624    8
    2625    7
    2626    9
    2627    9
    2628    6
    2629    5
    2630    1
    2631    5
    2632    1
    2633    1
    2634    2
    2635    9
    2636    9
    2637    8
    2638    7
    2639    7
    2640    6
    2641    5
    2642    6
    2643    7
    2644   12
    2645    5
    2646    1
    2647    6
    2648    6
    2649    6
    2650    3
    2651    5
    2652    5
    2653    3
    2654    3
    2655    3
    2656    3
    2657    5
    2658    7
    2659    7
    2660    6
    2661    3
    2662    1
    2663    1
    2664    2
    2665    2
    2666    2
    2667    2
    2668    2
    2669    6
    2670    6
    2671    3
    2672    6
    2673    5
    2674    1
    2675    6
    2676   12
    2677    8
    2678    9
    2679   11
    2680    7
    2681    7
    2682    7
    2683    8
    2684    9
    2685    9
    2686    9
    2687   11
    2688   11
    2689    9
    2690    6
    2691    2
    2692    2
    2693    2
    2694    2
    2695    2
    2696    2
    2697    2
    2698    1
    2699    1
    2700    6
    2701    6
    2702    2
    2703    2
    2704    2
    2705    2
    2706    1
    2707    1
    2708   12
    2709    8
    2710    8
    2711    8
    2712    7
    2713    7
    2714    7
    2715    6
    2716    7
    2717    7
    2718    7
    2719    6
    2720    5
    2721    3
    2722    5
    2723    5
    2724    1
    2725    1
    2726    2
    2727    2
    2728    2
    2729    3
    2730    3
    2731    6
    2732    3
    2733    6
    2734    9
    2735    7
    2736    5
    2737    3
    2738    3
    2739    3
    2740    5
    2741    6
    2742    6
    2743    9
    2744   11
    2745   11
    2746    9
    2747    9
    2748    9
    2749    6
    2750    2
    2751   14
    2752   14
    2753   14
    2754   14
    2755    2
    2756    5
    2757    5
    2758    6
    2759    6
    2760    8
    2761    9
    2762   11
    2763    9
    2764    9
    2765   11
    2766   11
    2767   11
    2768   11
    2769   11
    2770    9
    2771    9
    2772    9
    2773    9
    2774    2
    2775    2
    2776    3
    2777    5
    2778    3
    2779    5
    2780    6
    2781    8
    2782   12
    2783   12
    2784   12
    2785   12
    2786   12
    2787   12
    2788   12
    2789   12
    2790   12
    2791   12
    2792   12
    2793    9
    2794   12
    2795   12
    2796   12
    2797   12
    2798   12
    2799   12
    2800   12
    2801   12
    2802    8
    2803    8
    2804   12
    2805    8
    2806    8
    2807   12
    2808   12
    2809   12
    2810    6
    2811   12
    2812   12
    2813    1
    2814    1
    2815    6
    2816    1
    2817    3
    2818    6
    2819    6
    2820    6
    2821    5
    2822    5
    2823    2
    2824    2
    2825    2
    2826    2
    2827    2
    2828    6
    2829    5
    2830    6
    2831    9
    2832    9
    2833   11
    2834   11
    2835   11
    2836   11
    2837    7
    2838    9
    2839   11
    2840   11
    2841   11
    2842   11
    2843   11
    2844    2
    2845    2
    2846    2
    2847    6
    2848    9
    2849   11
    2850    9
    2851    9
    2852    2
    2853    6
    2854   10
    2855   10
    2856   10
    2857   10
    2858   10
    2859   10
    2860   10
    2861   10
    2862   10
    2863    9
    2864    9
    2865   11
    2866   11
    2867   11
    2868   11
    2869   11
    2870    9
    2871    9
    2872    9
    2873   11
    2874   11
    2875    9
    2876    2
    2877   11
    2878   11
    2879   11
    2880   11
    2881    9
    2882    6
    2883    7
    2884    9
    2885   11
    2886   11
    2887    9
    2888    8
    2889    8
    2890    8
    2891   11
    2892   11
    2893   11
    2894    9
    2895   11
    2896    9
    2897   11
    2898    9
    2899   11
    2900   11
    2901    9
    2902   11
    2903   11
    2904   11
    2905    9
    2906   11
    2907   11
    2908    9
    2909    9
    2910   11
    2911   11
    2912   11
    2913    9
    2914    9
    2915    9
    2916    9
    2917   11
    2918   11
    2919   11
    2920    9
    2921    8
    2922    8
    2923   12
    2924    2
    2925    5
    2926    5
    2927    6
    2928    6
    2929    9
    2930    9
    2931   11
    2932    9
    2933    9
    2934    9
    2935    9
    2936    9
    2937    9
    2938    9
    2939    7
    2940    7
    2941    5
    2942    6
    2943    6
    2944    8
    2945    8
    2946    8
    2947   11
    2948   11
    2949    9
    2950   11
    2951   11
    2952    9
    2953   11
    2954   11
    2955   11
    2956    9
    2957   11
    2958   11
    2959    6
    2960    3
    2961    3
    2962    2
    2963    2
    2964    2
    2965    2
    2966    9
    2967   11
    2968    9
    2969   11
    2970    9
    2971    9
    2972    9
    2973    9
    2974    9
    2975   11
    2976   11
    2977    9
    2978    9
    2979    6
    2980    5
    2981    3
    2982    5
    2983    6
    2984    6
    2985    6
    2986    9
    2987   11
    2988   11
    2989   11
    2990   11
    2991   11
    2992   11
    2993   11
    2994   11
    2995   11
    2996   11
    2997   11
    2998   11
    2999   11
    3000   11
    3001   11
    3002   11
    3003   11
    3004   11
    3005   11
    3006   11
    3007   11
    3008   11
    3009   11
    3010   11
    3011   11
    3012   11
    3013   11
    3014   11
    3015   11
    3016   11
    3017   11
    3018   11
    3019   11
    3020   11
    3021   11
    3022   11
    3023   11
    3024   11
    3025   11
    3026   11
    3027   11
    3028   11
    3029   11
    3030   10
    3031   10
    3032   10
    3033   10
    3034   10
    3035   10
    3036   10
    3037   10
    3038   10
    3039   10
    3040   10
    3041   10
    3042   10
    3043   10
    3044   10
    3045   10
    3046   10
    3047   10
    3048   10
    3049   10
    3050   10
    3051   10
    3052   10
    3053   10
    3054    9
    3055   11
    3056   11
    3057   11
    3058   11
    3059   11
    3060   11
    3061   11
    3062   11
    3063   11
    3064   11
    3065   11
    3066   11
    3067   11
    3068   11
    3069   11
    3070   11
    3071   11
    3072   11
    3073   11
    3074   11
    3075   11
    3076   11
    3077    9
    3078    9
    3079    9
    3080   11
    3081   11
    3082   11
    3083   11
    3084    9
    3085    9
    3086    9
    3087    9
    3088    6
    3089    4
    3090    4
    3091    4
    3092    4
    3093    4
    3094    4
    3095    4
    3096    4
    3097    4
    3098    4
    3099    4
    3100    4
    3101    4
    3102    4
    3103    1
    3104    1
    3105   12
    3106   12
    3107   12
    3108   12
    3109   12
    3110    8
    3111   12
    3112   12
    3113   12
    3114    6
    3115    5
    3116    4
    3117    4
    3118    4
    3119    3
    3120    3
    3121    3
    3122    5
    3123    5
    3124    3
    3125    3
    3126    3
    3127    3
    3128    3
    3129    3
    3130    3
    3131    3
    3132    1
    3133    1
    3134    1
    3135    1
    3136    1
    3137    1
    3138    1
    3139    1
    3140    1
    3141    1
    3142    1
    3143    1
    3144    1
    3145   12
    3146   12
    3147    8
    3148    6
    3149    3
    3150    3
    3151    2
    3152    2
    3153    6
    3154    4
    3155    4
    3156    5
    3157    3
    3158    2
    3159    2
    3160    2
    3161    2
    3162    2
    3163    2
    3164    2
    3165    2
    3166    5
    3167    1
    3168    4
    3169    4
    3170    4
    3171    4
    3172    4
    3173    4
    3174    4
    3175    4
    3176    4
    3177    4
    3178    5
    3179    5
    3180    4
    3181    5
    3182    1
    3183    5
    3184    4
    3185    4
    3186    4
    3187    4
    3188    4
    3189    4
    3190    4
    3191    4
    3192    4
    3193    4
    3194    4
    3195    4
    3196    5
    3197    5
    3198    5
    3199    4
    3200    4
    3201    4
    3202    3
    3203    5
    3204    3
    3205    5
    3206    6
    3207   12
    3208    7
    3209    6
    3210    9
    3211   11
    3212    9
    3213    9
    3214    9
    3215    9
    3216   11
    3217   11
    3218   11
    3219   11
    3220   11
    3221    9
    3222    9
    3223    9
    3224   11
    3225    9
    3226    9
    3227   10
    3228   10
    3229   10
    3230   12
    3231   12
    3232   12
    3233    1
    3234    1
    3235    1
    3236    1
    3237    1
    3238    1
    3239    1
    3240    3
    3241    3
    3242    6
    3243    6
    3244    5
    3245    3
    3246    3
    3247    3
    3248    3
    3249    5
    3250    6
    3251    4
    3252    4
    3253    1
    3254    1
    3255    1
    3256    1
    3257    1
    3258    1
    3259    1
    3260    1
    3261    1
    3262    1
    3263    1
    3264    1
    3265    1
    3266   12
    3267   12
    3268    8
    3269    6
    3270    3
    3271    3
    3272    3
    3273    1
    3274   12
    3275    9
    3276   10
    3277   10
    3278   10
    3279    9
    3280   10
    3281   10
    3282   10
    3283    9
    3284   11
    3285   11
    3286   10
    3287   10
    3288    9
    3289    9
    3290   10
    3291   10
    3292   10
    3293   10
    3294   10
    3295   10
    3296   12
    3297    6
    3298    5
    3299    5
    3300    5
    3301    3
    3302    3
    3303    3
    3304    3
    3305    3
    3306    3
    3307    1
    3308    1
    3309    1
    3310    3
    3311    1
    3312    1
    3313    1
    3314    1
    3315   12
    3316   12
    3317    8
    3318    7
    3319    8
    3320    6
    3321    1
    3322    1
    3323    5
    3324    2
    3325    2
    3326    9
    3327    9
    3328    2
    3329    2
    3330    2
    3331    3
    3332    3
    3333    3
    3334    3
    3335    5
    3336    6
    3337    7
    3338    8
    3339    6
    3340    6
    3341    5
    3342    3
    3343    3
    3344    3
    3345    2
    3346    2
    3347    2
    3348    2
    3349    2
    3350    2
    3351    9
    3352    9
    3353    8
    3354    8
    3355    6
    3356    1
    3357    1
    3358    6
    3359    6
    3360    9
    3361    6
    3362    6
    3363    1
    3364    1
    3365    1
    3366    5
    3367    5
    3368    6
    3369    5
    3370    5
    3371    3
    3372    6
    3373    6
    3374    3
    3375    3
    3376    3
    3377    3
    3378    3
    3379    3
    3380    3
    3381    2
    3382    2
    3383    2
    3384    6
    3385    5
    3386    3
    3387    6
    3388    6
    3389    6
    3390    9
    3391    9
    3392    9
    3393    2
    3394    2
    3395    2
    3396    6
    3397    6
    3398    5
    3399    2
    3400    2
    3401    5
    3402    5
    3403    6
    3404    3
    3405    3
    3406    3
    3407    3
    3408    3
    3409    5
    3410    5
    3411    2
    3412    6
    3413    5
    3414    3
    3415    6
    3416    6
    3417    6
    3418    7
    3419   11
    3420   11
    3421    9
    3422   11
    3423   11
    3424   11
    3425   11
    3426   11
    3427   11
    3428   11
    3429   11
    3430   11
    3431   11
    3432   11
    3433   11
    3434   11
    3435    9
    3436   12
    3437   12
    3438   12
    3439    6
    3440    5
    3441    3
    3442    1
    3443    3
    3444    5
    3445    6
    3446    6
    3447    5
    3448    5
    3449    3
    3450    3
    3451    5
    3452    3
    3453    2
    3454    2
    3455    2
    3456    2
    3457    2
    3458    2
    3459    2
    3460    2
    3461    9
    3462    9
    3463    9
    3464    9
    3465    2
    3466    2
    3467    5
    3468    6
    3469    9
    3470    9
    3471   11
    3472    9
    3473   11
    3474    9
    3475   11
    3476   11
    3477   11
    3478   11
    3479   10
    3480   10
    3481   10
    3482   10
    3483   10
    3484   10
    3485   10
    3486   12
    3487   12
    3488   12
    3489   12
    3490   12
    3491    1
    3492    1
    3493    6
    3494    9
    3495    6
    3496    5
    3497    6
    3498   12
    3499   12
    3500   12
    3501    9
    3502    2
    3503    2
    3504    2
    3505    9
    3506    9
    3507    2
    3508    9
    3509    2
    3510    2
    3511    2
    3512    2
    3513    5
    3514    5
    3515    3
    3516    3
    3517    3
    3518    3
    3519    3
    3520    3
    3521    3
    3522    3
    3523    3
    3524    3
    3525    3
    3526    3
    3527    3
    3528    3
    3529    3
    3530    5
    3531    3
    3532    5
    3533    6
    3534    2
    3535    9
    3536   11
    3537   11
    3538   11
    3539    9
    3540    9
    3541    9
    3542    9
    3543    9
    3544   11
    3545   11
    3546   11
    3547   11
    3548   11
    3549   11
    3550   11
    3551   11
    3552    9
    3553    9
    3554   11
    3555   11
    3556   11
    3557   11
    3558   11
    3559   11
    3560   11
    3561    9
    3562    9
    3563   11
    3564   11
    3565    9
    3566    9
    3567    9
    3568    9
    3569   11
    3570   11
    3571   11
    3572   11
    3573   11
    3574   11
    3575   11
    3576   11
    3577   11
    3578   11
    3579   11
    3580   11
    3581    2
    3582    5
    3583    6
    3584   11
    3585    9
    3586    9
    3587    8
    3588    8
    3589    9
    3590    9
    3591    9
    3592   12
    3593    2
    3594    5
    3595    6
    3596    3
    3597    3
    3598    3
    3599    5
    3600    5
    3601    6
    3602    6
    3603    5
    3604    3
    3605    5
    3606    5
    3607    6
    3608    6
    3609    7
    3610    9
    3611    9
    3612   11
    3613   11
    3614    9
    3615    9
    3616    9
    3617   11
    3618    9
    3619    9
    3620   11
    3621   11
    3622   11
    3623    9
    3624   11
    3625   11
    3626   11
    3627    9
    3628    7
    3629    7
    3630    9
    3631   11
    3632    9
    3633    9
    3634   11
    3635    8
    3636    9
    3637    8
    3638    8
    3639    6
    3640    6
    3641    5
    3642    1
    3643    1
    3644    1
    3645    1
    3646    1
    3647    3
    3648    3
    3649    5
    3650    6
    3651    8
    3652    8
    3653    1
    3654    1
    3655    3
    3656    3
    3657    3
    3658    3
    3659    5
    3660    5
    3661    5
    3662    6
    3663    5
    3664    5
    3665    5
    3666    5
    3667    5
    3668    6
    3669    5
    3670    5
    3671    6
    3672    5
    3673    3
    3674    5
    3675    4
    3676    5
    3677    6
    3678    6
    3679    5
    3680    5
    3681    5
    3682    6
    3683    8
    3684    9
    3685    9
    3686    9
    3687    9
    3688    8
    3689    7
    3690   12
    3691    8
    3692    8
    3693   12
    3694    9
    3695    9
    3696    9
    3697    9
    3698    9
    3699    9
    3700    9
    3701    9
    3702    9
    3703   11
    3704    9
    3705    2
    3706    2
    3707    6
    3708    9
    3709    9
    3710    9
    3711    9
    3712    2
    3713    2
    3714    2
    3715    5
    3716    6
    3717    9
    3718   11
    3719    9
    3720   11
    3721   11
    3722   11
    3723   11
    3724   11
    3725   11
    3726    9
    3727    9
    3728   11
    3729   11
    3730   11
    3731    9
    3732    9
    3733    9
    3734    9
    3735   11
    3736   11
    3737    9
    3738   11
    3739   11
    3740   11
    3741   11
    3742   11
    3743   11
    3744   11
    3745   11
    3746   11
    3747   11
    3748   11
    3749   11
    3750   11
    3751   11
    3752   11
    3753   11
    3754    9
    3755    8
    3756    7
    3757    7
    3758    9
    3759    9
    3760    9
    3761   11
    3762   11
    3763   11
    3764   11
    3765   11
    3766   11
    3767   11
    3768   11
    3769   11
    3770   11
    3771   11
    3772   11
    3773   11
    3774    9
    3775   11
    3776   11
    3777   11
    3778   11
    3779   11
    3780   11
    3781   11
    3782   11
    3783   11
    3784   11
    3785   11
    3786   11
    3787   11
    3788   11
    3789   11
    3790   11
    3791   11
    3792   11
    3793   11
    3794   11
    3795   11
    3796   11
    3797   11
    3798   11
    3799   11
    3800   11
    3801   11
    3802   11
    3803   11
    3804   11
    3805   11
    3806   11
    3807   11
    3808   11
    3809   11
    3810   11
    3811   11
    3812   11
    3813   11
    3814   11
    3815   11
    3816   10
    3817   10
    3818   10
    3819   10
    3820   10
    3821   10
    3822   10
    3823   10
    3824   10
    3825   10
    3826   11
    3827   11
    3828   11
    3829   11
    3830   11
    3831   11
    3832   11
    3833   11
    3834   11
    3835   11
    3836   11
    3837   11
    3838   11
    3839   11
    3840   11
    3841   11
    3842   11
    3843   11
    3844   11
    3845   11
    3846   11
    3847   11
    3848   11
    3849   11
    3850   11
    3851   11
    3852   11
    3853   11
    3854   11
    3855   11
    3856   11
    3857   11
    3858   11
    3859   11
    3860   11
    3861   11
    3862   11
    3863    9
    3864    6
    3865    5
    3866    2
    3867    2
    3868    2
    3869    2
    3870    6
    3871    3
    3872    1
    3873    1
    3874    1
    3875    2
    3876    2
    3877    2
    3878    2
    3879    2
    3880    2
    3881    2
    3882   12
    3883    9
    3884   11
    3885   11
    3886   11
    3887   11
    3888   11
    3889   11
    3890   11
    3891   11
    3892   11
    3893   11
    3894   11
    3895   11
    3896   11
    3897   11
    3898   11
    3899   11
    3900   11
    3901   11
    3902   11
    3903   11
    3904   11
    3905   11
    3906   11
    3907   11
    3908   11
    3909   11
    3910   11
    3911   11
    3912   11
    3913   11
    3914   11
    3915   11
    3916   11
    3917   11
    3918   11
    3919   11
    3920   11
    3921   11
    3922   11
    3923   11
    3924   11
    3925   11
    3926   11
    3927   11
    3928   11
    3929   11
    3930   11
    3931   11
    3932   11
    3933   11
    3934   11
    3935   11
    3936   11
    3937   11
    3938   11
    3939   11
    3940   11
    3941   11
    3942   11
    3943   11
    3944    9
    3945   11
    3946   11
    3947   11
    3948   11
    3949   11
    3950   11
    3951   11
    3952   11
    3953   11
    3954   11
    3955   11
    3956   11
    3957   11
    3958   11
    3959   11
    3960   11
    3961    9
    3962   11
    3963   11
    3964   11
    3965   11
    3966   11
    3967   11
    3968   11
    3969   11
    3970   11
    3971   11
    3972   11
    3973   11
    3974   11
    3975   11
    3976   11
    3977   11
    3978   11
    3979   11
    3980   11
    3981   11
    3982   11
    3983   11
    3984   11
    3985   11
    3986   11
    3987   11
    3988   11
    3989   11
    3990   11
    3991   11
    3992   11
    3993   11
    3994   11
    3995   11
    3996   11
    3997   11
    3998   11
    3999   11
    4000   11
    4001   11
    4002   11
    4003   11
    4004   11
    4005   11
    4006   11
    4007   11
    4008    9
    4009   11
    4010   11
    4011   11
    4012    9
    4013    9
    4014    6
    4015    5
    4016    6
    4017    5
    4018    5
    4019    6
    4020    5
    4021    5
    4022    5
    4023    5
    4024    5
    4025    2
    4026    9
    4027   11
    4028    9
    4029   11
    4030   11
    4031   11
    4032   11
    4033   11
    4034   11
    4035   11
    4036   11
    4037   11
    4038   11
    4039   11
    4040   11
    4041   11
    4042   11
    4043   11
    4044   11
    4045   11
    4046   11
    4047   11
    4048   11
    4049   11
    4050   11
    4051   11
    4052   11
    4053   11
    4054   11
    4055   11
    4056   11
    4057   11
    4058   11
    4059   11
    4060   11
    4061   11
    4062   11
    4063   11
    4064   11
    4065   11
    4066   11
    4067   11
    4068   11
    4069   11
    4070   11
    4071   11
    4072   11
    4073   11
    4074   11
    4075   11
    4076   11
    4077   11
    4078   11
    4079   11
    4080    9
    4081    9
    4082   11
    4083   11
    4084   11
    4085   11
    4086   11
    4087   11
    4088   11
    4089   11
    4090   11
    4091   11
    4092   11
    4093   11
    4094   11
    4095   11
    4096   11
    4097   11
    4098   11
    4099   11
    4100    9
    4101   10
    4102   10
    4103   10
    4104   10
    4105   10
    4106   12
    4107   12
    4108   12
    4109   12
    4110    5
    4111    6
    4112    6
    4113    3
    4114    3
    4115    3
    4116    3
    4117    5
    4118    2
    4119    2
    4120    2
    4121    5
    4122    5
    4123    4
    4124    6
    4125    5
    4126    6
    4127    6
    4128    7
    4129    8
    4130    8
    4131    9
    4132    7
    4133    6
    4134    5
    4135    6
    4136    6
    4137    8
    4138   12
    4139    8
    4140    7
    4141    6
    4142    5
    4143    5
    4144    5
    4145    1
    4146    1
    4147    1
    4148   12
    4149   12
    4150   12
    4151   10
    4152   10
    4153   10
    4154   10
    4155   10
    4156   10
    4157   10
    4158   10
    4159   10
    4160   10
    4161    9
    4162   11
    4163   11
    4164   11
    4165   11
    4166    9
    4167    9
    4168   11
    4169   11
    4170   11
    4171   11
    4172    8
    4173    7
    4174    7
    4175    7
    4176    7
    4177    7
    4178    7
    4179    6
    4180    6
    4181    3
    4182    3
    4183    1
    4184    2
    4185    2
    4186    2
    4187    2
    4188    2
    4189    5
    4190    1
    4191    1
    4192    1
    4193    2
    4194    2
    4195    2
    4196    1
    4197    1
    4198    6
    4199    2
    4200   11
    4201   11
    4202   11
    4203   11
    4204    9
    4205    9
    4206    9
    4207    9
    4208    7
    4209    7
    4210    8
    4211   12
    4212    8
    4213    6
    4214    5
    4215    3
    4216    3
    4217    3
    4218    3
    4219    3
    4220    3
    4221    3
    4222    3
    4223    3
    4224    3
    4225    3
    4226    3
    4227    5
    4228    5
    4229    1
    4230    1
    4231    3
    4232    1
    4233    3
    4234    3
    4235    1
    4236    3
    4237    1
    4238    1
    4239    1
    4240    1
    4241    1
    4242    5
    4243    1
    4244    1
    4245    1
    4246    1
    4247    2
    4248    2
    4249    2
    4250    2
    4251    2
    4252   11
    4253   11
    4254   11
    4255   11
    4256   11
    4257   11
    4258   11
    4259    9
    4260   11
    4261   11
    4262   11
    4263   11
    4264   11
    4265   11
    4266   11
    4267   11
    4268   11
    4269   11
    4270   11
    4271   11
    4272    9
    4273    9
    4274    9
    4275    9
    4276   11
    4277   11
    4278    9
    4279   11
    4280    9
    4281    9
    4282    9
    4283   11
    4284    9
    4285    9
    4286    9
    4287   11
    4288    9
    4289   11
    4290   11
    4291   11
    4292   11
    4293    9
    4294   11
    4295   11
    4296    9
    4297   11
    4298   11
    4299   11
    4300    9
    4301    9
    4302    9
    4303    9
    4304    9
    4305    9
    4306    9
    4307    9
    4308    9
    4309    6
    4310    3
    4311    5
    4312    3
    4313    5
    4314    3
    4315    1
    4316    1
    4317    1
    4318    1
    4319    1
    4320    1
    4321    1
    4322    1
    4323    1
    4324    1
    4325    1
    4326    1
    4327    1
    4328    1
    4329    6
    4330    8
    4331   10
    4332    6
    4333    5
    4334    3
    4335    3
    4336    2
    4337    2
    4338    6
    4339    5
    4340    3
    4341    1
    4342    1
    4343    1
    4344    1
    4345    1
    4346    6
    4347    5
    4348    3
    4349    3
    4350    3
    4351    6
    4352    8
    4353    7
    4354    7
    4355    7
    4356   12
    4357    9
    4358   11
    4359   11
    4360   11
    4361   11
    4362   11
    4363   11
    4364   11
    4365    7
    4366   11
    4367    9
    4368    9
    4369    9
    4370    7
    4371    8
    4372    8
    4373    9
    4374   11
    4375    9
    4376   11
    4377   11
    4378   11
    4379   11
    4380   11
    4381   11
    4382   11
    4383   11
    4384    9
    4385   11
    4386    9
    4387    9
    4388    9
    4389    9
    4390   11
    4391    9
    4392    9
    4393    9
    4394    6
    4395    5
    4396    4
    4397    4
    4398    4
    4399    5
    4400    5
    4401    6
    4402    5
    4403    5
    4404    3
    4405    1
    4406    5
    4407    5
    4408    5
    4409    6
    4410    6
    4411    6
    4412    2
    4413    2
    4414    2
    4415    2
    4416    2
    4417    2
    4418    2
    4419    2
    4420    2
    4421    2
    4422    3
    4423    3
    4424    5
    4425    6
    4426    6
    4427    6
    4428    9
    4429    9
    4430    7
    4431    6
    4432    5
    4433    5
    4434    6
    4435    3
    4436    3
    4437    3
    4438    5
    4439    6
    4440    5
    4441    5
    4442    6
    4443    3
    4444    5
    4445    3
    4446    3
    4447    3
    4448    3
    4449    3
    4450    3
    4451    5
    4452    5
    4453    5
    4454    3
    4455    3
    4456    3
    4457    3
    4458    3
    4459    3
    4460    3
    4461    1
    4462    1
    4463    1
    4464    1
    4465    5
    4466    6
    4467    1
    4468    3
    4469    3
    4470    3
    4471    3
    4472    3
    4473    3
    4474    1
    4475    3
    4476    3
    4477    3
    4478    3
    4479    3
    4480    3
    4481    2
    4482    2
    4483    2
    4484    2
    4485    2
    4486    2
    4487    5
    4488    3
    4489    2
    4490    2
    4491    2
    4492    1
    4493    4
    4494    4
    4495    4
    4496    6
    4497    2
    4498    2
    4499    2
    4500    2
    4501    2
    4502    2
    4503    2
    4504    2
    4505    2
    4506    2
    4507    2
    4508    2
    4509    2
    4510    2
    4511    2
    4512    5
    4513    2
    4514    2
    4515   11
    4516   11
    4517   11
    4518   11
    4519   11
    4520   11
    4521   11
    4522   11
    4523   11
    4524   11
    4525   11
    4526   11
    4527   11
    4528   11
    4529   11
    4530   11
    4531   11
    4532   11
    4533   11
    4534   11
    4535   11
    4536   11
    4537   11
    4538   11
    4539   11
    4540   11
    4541   11
    4542   11
    4543   11
    4544   11
    4545   11
    4546   11
    4547   11
    4548   11
    4549   11
    4550   11
    4551   11
    4552   11
    4553   11
    4554   11
    4555   11
    4556   11
    4557   11
    4558   11
    4559   11
    4560   11
    4561   11
    4562   11
    4563   11
    4564   11
    4565   11
    4566   11
    4567   11
    4568   11
    4569   11
    4570   11
    4571   11
    4572   11
    4573   10
    4574   10
    4575   10
    4576   10
    4577   10
    4578   10
    4579   10
    4580   10
    4581   10
    4582   10
    4583   10
    4584   10
    4585   10
    4586   10
    4587   10
    4588   11
    4589   11
    4590   11
    4591   11
    4592   11
    4593   11
    4594   11
    4595   11
    4596   11
    4597   11
    4598   11
    4599   11
    4600   11
    4601   11
    4602   11
    4603   11
    4604   11
    4605   11
    4606   11
    4607   11
    4608   11
    4609   11
    4610   14
    4611   14
    4612   11
    4613   11
    4614   11
    4615   11
    4616   11
    4617   11
    4618   11
    4619   11
    4620   11
    4621   11
    4622   11
    4623   11
    4624   11
    4625   11
    4626   11
    4627   11
    4628   11
    4629   11
    4630   11
    4631   11
    4632   11
    4633   11
    4634   11
    4635   11
    4636   11
    4637   11
    4638   11
    4639   11
    4640   11
    4641   11
    4642   11
    4643   11
    4644   11
    4645   11
    4646   11
    4647   11
    4648   11
    4649   10
    4650   10
    4651   10
    4652   10
    4653   10
    4654   10
    4655   10
    4656   10
    4657   10
    4658   10
    4659   10
    4660   10
    4661   10
    4662   10
    4663   10
    4664   10
    4665   10
    4666   10
    4667   10
    4668   10
    4669   10
    4670   10
    4671   10
    4672   10
    4673   10
    4674   10
    4675   10
    4676   10
    4677   10
    4678   10
    4679   10
    4680   10
    4681   10
    4682   10
    4683   10
    4684   10
    4685   10
    4686   10
    4687   11
    4688   11
    4689   11
    4690   11
    4691   11
    4692   11
    4693   11
    4694   11
    4695   11
    4696   11
    4697   11
    4698   11
    4699   11
    4700   11
    4701   11
    4702   11
    4703   11
    4704   11
    4705   11
    4706   11
    4707   11
    4708   11
    4709   11
    4710   11
    4711   11
    4712   11
    4713   11
    4714   11
    4715   11
    4716   11
    4717   10
    4718   10
    4719   10
    4720   10
    4721   10
    4722   11
    4723   11
    4724   11
    4725   11
    4726   11
    4727   11
    4728   11
    4729   11
    4730   11
    4731   11
    4732   11
    4733   11
    4734   11
    4735   11
    4736   11
    4737   11
    4738   11
    4739   11
    4740   11
    4741   11
    4742   11
    4743   11
    4744   11
    4745   11
    4746   11
    4747   11
    4748   11
    4749   11
    4750   11
    4751   11
    4752   11
    4753    9
    4754   11
    4755   11
    4756   11
    4757   11
    4758   11
    4759   11
    4760   11
    4761   11
    4762   11
    4763   11
    4764   11
    4765   11
    4766   11
    4767   11
    4768   11
    4769   11
    4770   11
    4771   11
    4772   11
    4773   11
    4774   11
    4775   11
    4776   11
    4777   11
    4778   11
    4779   11
    4780   11
    4781   11
    4782   11
    4783   11
    4784   11
    4785   11
    4786   11
    4787   11
    4788   11
    4789   11
    4790   11
    4791   11
    4792   11
    4793   11
    4794    9
    4795    9
    4796   11
    4797   11
    4798   11
    4799   11
    4800   11
    4801   11
    4802   11
    4803   11
    4804   11
    4805   11
    4806   11
    4807   11
    4808   11
    4809   11
    4810   11
    4811   11
    4812   11
    4813   11
    4814   11
    4815   11
    4816   11
    4817    6
    4818    6
    4819    6
    4820    6
    4821    3
    4822    3
    4823    3
    4824    3
    4825    3
    4826    3
    4827    3
    4828    3
    4829    2
    4830    2
    4831    2
    4832   12
    4833   12
    4834   12
    4835    9
    4836    9
    4837   11
    4838   11
    4839   11
    4840   11
    4841   11
    4842   11
    4843   11
    4844   11
    4845   11
    4846   11
    4847   11
    4848   11
    4849    9
    4850   11
    4851   11
    4852   11
    4853   11
    4854   11
    4855   11
    4856   11
    4857   11
    4858   11
    4859   11
    4860   11
    4861   11
    4862    9
    4863   11
    4864   11
    4865   11
    4866   11
    4867    7
    4868    7
    4869   10
    4870   10
    4871   10
    4872   10
    4873   10
    4874   10
    4875   10
    4876   10
    4877   11
    4878   11
    4879   11
    4880   11
    4881   11
    4882   11
    4883   11
    4884   11
    4885   11
    4886   11
    4887   11
    4888   11
    4889   11
    4890   11
    4891   11
    4892   11
    4893   11
    4894   11
    4895   11
    4896   11
    4897   11
    4898   11
    4899   11
    4900   11
    4901   11
    4902   11
    4903   11
    4904   11
    4905   11
    4906   11
    4907   11
    4908   11
    4909   11
    4910   11
    4911   11
    4912   11
    4913   11
    4914   11
    4915   11
    4916   11
    4917   11
    4918   11
    4919   11
    4920   11
    4921    9
    4922   11
    4923   11
    4924   11
    4925   11
    4926   11
    4927   11
    4928   11
    4929   11
    4930   11
    4931   11
    4932   11
    4933   11
    4934   11
    4935   11
    4936   11
    4937   11
    4938   11
    4939   11
    4940   11
    4941   11
    4942   11
    4943   11
    4944   11
    4945   11
    4946   11
    4947   11
    4948   11
    4949   11
    4950   11
    4951   11
    4952   11
    4953   11
    4954   11
    4955   11
    4956   11
    4957   11
    4958   11
    4959   11
    4960   11
    4961   11
    4962   11
    4963   11
    4964   11
    4965   11
    4966   11
    4967   11
    4968   11
    4969   11
    4970   11
    4971   11
    4972   11
    4973   11
    4974   11
    4975   11
    4976   11
    4977   11
    4978   11
    4979   11
    4980   11
    4981   11
    4982   11
    4983   11
    4984   11
    4985   11
    4986   11
    4987   11
    4988   11
    4989   11
    4990   11
    4991   11
    4992   11
    4993   11
    4994   11
    4995   11
    4996   11
    4997   11
    4998   11
    4999   11
    5000   11
