       1   11
       2   11
       3   11
       4   11
       5   12
       6    8
       7   12
       8   12
       9   12
      10   12
      11   12
      12   12
      13   12
      14   12
      15   12
      16   12
      17    8
      18   12
      19   12
      20   12
      21   12
      22   12
      23    8
      24    8
      25    9
      26   11
      27   11
      28    9
      29    8
      30    8
      31   12
      32   12
      33   10
      34   10
      35   10
      36   10
      37   10
      38   10
      39   10
      40   10
      41    6
      42    5
      43    3
      44    3
      45    1
      46    1
      47    1
      48   12
      49    8
      50    7
      51    8
      52    7
      53    8
      54    8
      55    8
      56    8
      57   12
      58   12
      59   12
      60    7
      61    7
      62    8
      63    8
      64   12
      65   12
      66   12
      67   10
      68   10
      69   10
      70   10
      71   10
      72   10
      73   10
      74   10
      75   10
      76   10
      77   10
      78   10
      79   10
      80   11
      81   11
      82   11
      83   11
      84   11
      85   11
      86   11
      87   11
      88   11
      89   11
      90   11
      91   11
      92   11
      93   11
      94    9
      95    9
      96    9
      97   11
      98   11
      99   11
     100   11
     101   11
     102    9
     103   11
     104   11
     105   11
     106   11
     107   11
     108   11
     109   10
     110   10
     111   10
     112   10
     113   10
     114   10
     115    9
     116   11
     117   11
     118   11
     119   11
     120   11
     121   11
     122   11
     123   11
     124   11
     125   11
     126   11
     127   11
     128   11
     129   11
     130   11
     131   11
     132   11
     133   11
     134   11
     135   11
     136   11
     137   11
     138   11
     139   11
     140   11
     141   11
     142   11
     143   11
     144   11
     145   11
     146   11
     147   11
     148   11
     149   11
     150   11
     151   11
     152   11
     153   11
     154    9
     155   11
     156   11
     157   11
     158   11
     159    9
     160    6
     161    6
     162    6
     163    9
     164    9
     165    2
     166    6
     167    9
     168   11
     169   11
     170   11
     171   11
     172   11
     173   11
     174   11
     175    9
     176    9
     177   11
     178   11
     179   11
     180    9
     181   11
     182   11
     183    9
     184   12
     185   12
     186    8
     187    8
     188    7
     189   12
     190   10
     191    9
     192    6
     193    2
     194    2
     195    2
     196    5
     197    6
     198    9
     199    9
     200   11
     201   11
     202    9
     203   11
     204    9
     205    9
     206   11
     207    9
     208    9
     209   11
     210   11
     211    9
     212    9
     213    1
     214    1
     215    1
     216    3
     217    1
     218    1
     219    3
     220    3
     221    3
     222    6
     223    7
     224   12
     225   12
     226    1
     227    1
     228    1
     229    1
     230    1
     231    1
     232    1
     233    1
     234    1
     235    1
     236    1
     237    1
     238    1
     239    1
     240    1
     241    1
     242    1
     243    1
     244   12
     245   12
     246   12
     247   12
     248   12
     249   12
     250   12
     251    1
     252    1
     253    1
     254    1
     255   12
     256   12
     257   12
     258    1
     259    1
     260   12
     261   12
     262   12
     263   12
     264   12
     265   12
     266    4
     267    4
     268    4
     269    5
     270    4
     271    4
     272    4
     273    4
     274    4
     275   12
     276   12
     277   12
     278   12
     279   12
     280    4
     281   12
     282    1
     283    4
     284    4
     285    4
     286    4
     287    4
     288    6
     289    3
     290    3
     291    3
     292    3
     293    3
     294    3
     295    3
     296    3
     297    3
     298    3
     299    3
     300    6
     301   12
     302   12
     303    8
     304    8
     305   12
     306   12
     307   12
     308   12
     309    1
     310    1
     311    1
     312    1
     313    1
     314    5
     315    6
     316    1
     317    6
     318    5
     319    6
     320    8
     321   12
     322    8
     323    6
     324    4
     325    4
     326    4
     327    5
     328    4
     329    6
     330    6
     331    6
     332    6
     333    6
     334    6
     335   11
     336   11
     337   11
     338   11
     339    9
     340   10
     341   10
     342   10
     343   10
     344   10
     345   10
     346   10
     347   10
     348    9
     349    9
     350    9
     351    9
     352    9
     353    6
     354    5
     355    1
     356    1
     357   12
     358    8
     359   12
     360    1
     361    1
     362   12
     363   11
     364   11
     365   11
     366   11
     367    9
     368   11
     369   11
     370   11
     371   11
     372    9
     373    9
     374   11
     375    9
     376   11
     377   11
     378    9
     379    9
     380    9
     381   11
     382    9
     383    9
     384    2
     385    2
     386    2
     387    2
     388    2
     389    5
     390    6
     391    5
     392    2
     393    5
     394    3
     395    5
     396    3
     397    5
     398    6
     399    6
     400    1
     401    1
     402    1
     403    1
     404    1
     405    1
     406    5
     407    1
     408    1
     409    1
     410    1
     411    1
     412    5
     413    1
     414    1
     415    3
     416    3
     417    3
     418    3
     419    3
     420    5
     421    6
     422    7
     423    8
     424   10
     425   10
     426   10
     427   11
     428   11
     429    2
     430    2
     431    2
     432    2
     433    2
     434    2
     435    2
     436    2
     437    2
     438    2
     439    2
     440    2
     441    2
     442    2
     443    2
     444    2
     445    5
     446    1
     447    6
     448    5
     449    6
     450    6
     451    6
     452    6
     453    9
     454    9
     455   11
     456    9
     457    8
     458    8
     459    7
     460    7
     461    8
     462    8
     463    8
     464    7
     465    7
     466    9
     467   12
     468    8
     469    8
     470    6
     471    8
     472    8
     473    8
     474    8
     475    6
     476    6
     477    3
     478    3
     479    3
     480    3
     481    3
     482    3
     483    3
     484    3
     485    3
     486    3
     487    3
     488    2
     489    2
     490   11
     491   11
     492   11
     493    9
     494   11
     495   11
     496   11
     497   11
     498   11
     499   11
     500   11
     501   11
     502   11
     503   11
     504   11
     505   11
     506   11
     507   11
     508   11
     509   11
     510   11
     511   11
     512   11
     513   11
     514   11
     515   11
     516   11
     517   11
     518   11
     519   11
     520   11
     521   11
     522    9
     523    9
     524   11
     525   11
     526   11
     527   11
     528   11
     529   11
     530   11
     531   11
     532   11
     533   11
     534    9
     535    9
     536   11
     537   11
     538   11
     539    9
     540   11
     541   11
     542   11
     543   11
     544   11
     545   11
     546   11
     547   11
     548    9
     549   11
     550   11
     551    9
     552   12
     553    8
     554    8
     555    6
     556    5
     557    5
     558    4
     559    4
     560    4
     561    4
     562    4
     563    3
     564    1
     565    3
     566    1
     567    1
     568    1
     569    2
     570    2
     571    2
     572   11
     573   11
     574   11
     575   11
     576   11
     577   11
     578   11
     579   11
     580   11
     581   11
     582   11
     583   11
     584   11
     585   11
     586   11
     587   11
     588   11
     589   11
     590   11
     591   11
     592   11
     593   11
     594   11
     595   11
     596   11
     597   11
     598   11
     599   11
     600   11
     601   11
     602   11
     603   11
     604   11
     605   11
     606   11
     607    9
     608   11
     609   11
     610   11
     611   11
     612   11
     613   11
     614   11
     615   11
     616   11
     617   11
     618   11
     619   11
     620   11
     621   11
     622   11
     623   11
     624   11
     625   11
     626   11
     627   11
     628   11
     629   11
     630   11
     631   11
     632   11
     633   11
     634   11
     635   11
     636   11
     637   11
     638   11
     639   11
     640   11
     641   11
     642   11
     643   11
     644   11
     645   11
     646   11
     647   11
     648   11
     649   11
     650   11
     651   11
     652   11
     653   12
     654   12
     655   12
     656   12
     657    7
     658    9
     659    9
     660    9
     661   10
     662   10
     663   10
     664   10
     665   10
     666   10
     667   10
     668   10
     669    6
     670    5
     671    3
     672    3
     673    3
     674    3
     675    3
     676    1
     677    1
     678    3
     679    1
     680    1
     681    1
     682    1
     683    1
     684    3
     685    3
     686    3
     687    5
     688    5
     689    5
     690    5
     691    4
     692    4
     693    4
     694    4
     695    5
     696    4
     697    5
     698    6
     699    9
     700    9
     701    9
     702    7
     703    7
     704    8
     705   12
     706   12
     707   12
     708    9
     709    9
     710    7
     711    8
     712    8
     713    8
     714    8
     715    8
     716    8
     717    8
     718    8
     719   12
     720   12
     721    1
     722    1
     723    1
     724    1
     725    1
     726    1
     727    3
     728    3
     729    3
     730    3
     731    3
     732    3
     733    6
     734    6
     735    4
     736    4
     737    4
     738    6
     739    6
     740    6
     741    2
     742    2
     743    2
     744    2
     745    2
     746    3
     747    1
     748    3
     749    5
     750    6
     751    1
     752    1
     753    1
     754    1
     755    1
     756    5
     757    6
     758    4
     759    5
     760    5
     761    6
     762    9
     763   11
     764    9
     765    8
     766    8
     767    1
     768    1
     769    1
     770    5
     771    6
     772    8
     773    7
     774    7
     775    8
     776    6
     777    6
     778    7
     779    9
     780    9
     781    9
     782   11
     783    9
     784    9
     785   11
     786   11
     787   11
     788   11
     789    9
     790   11
     791   11
     792    9
     793   11
     794   11
     795   11
     796   11
     797   11
     798   11
     799   11
     800   11
     801   11
     802   12
     803    6
     804    5
     805    3
     806    5
     807    3
     808    3
     809    3
     810    5
     811    5
     812   12
     813    7
     814    6
     815    5
     816    3
     817    3
     818    3
     819    3
     820    6
     821    6
     822    3
     823    6
     824    5
     825    6
     826    5
     827    5
     828    1
     829    1
     830    6
     831    8
     832    9
     833    9
     834    1
     835    1
     836    1
     837    1
     838    6
     839    9
     840   11
     841   11
     842   11
     843   11
     844   11
     845   11
     846   11
     847    9
     848    9
     849    9
     850   11
     851   11
     852    9
     853   12
     854   12
     855    7
     856    7
     857    6
     858    3
     859    3
     860    5
     861    6
     862    8
     863    8
     864    8
     865    7
     866    7
     867    7
     868    7
     869    6
     870    5
     871    1
     872    1
     873    1
     874    8
     875    8
     876    1
     877    1
     878    1
     879    1
     880    1
     881    1
     882    2
     883    2
     884    2
     885    2
     886    6
     887    6
     888    7
     889    6
     890    1
     891    1
     892    1
     893    6
     894    9
     895    9
     896    2
     897    2
     898    2
     899    3
     900    3
     901    3
     902    6
     903    9
     904   11
     905    9
     906    9
     907    9
     908   11
     909   11
     910   11
     911   11
     912   11
     913   11
     914   11
     915   11
     916   11
     917   11
     918   10
     919   11
     920   11
     921   11
     922   11
     923   11
     924   11
     925   11
     926   11
     927   11
     928   11
     929   11
     930   11
     931   11
     932   11
     933   11
     934   11
     935   11
     936    1
     937    1
     938    1
     939    1
     940    1
     941    1
     942    1
     943    5
     944    1
     945    1
     946   12
     947    7
     948    6
     949    1
     950    1
     951   12
     952   12
     953    1
     954    1
     955    1
     956    1
     957    1
     958   12
     959    8
     960    8
     961    8
     962   11
     963   11
     964   11
     965    9
     966    6
     967    4
     968    1
     969    1
     970    1
     971    1
     972    5
     973    7
     974    8
     975    7
     976    6
     977    7
     978    7
     979    7
     980    8
     981    8
     982    8
     983    8
     984   12
     985   12
     986    8
     987    8
     988   12
     989    8
     990   12
     991    8
     992    8
     993    6
     994    6
     995    3
     996    3
     997    3
     998    3
     999    1
    1000    1
    1001   12
    1002    8
    1003    9
    1004    9
    1005    7
    1006    7
    1007    8
    1008    7
    1009    7
    1010    7
    1011    7
    1012    7
    1013    7
    1014    6
    1015    5
    1016    3
    1017    3
    1018    5
    1019    4
    1020    4
    1021    4
    1022    4
    1023    4
    1024    4
    1025    4
    1026    4
    1027    4
    1028    3
    1029    3
    1030    3
    1031    3
    1032    3
    1033    2
    1034    9
    1035    9
    1036   11
    1037    9
    1038    9
    1039    9
    1040   11
    1041   11
    1042   10
    1043   10
    1044   10
    1045   10
    1046   10
    1047    7
    1048    9
    1049   11
    1050   11
    1051    9
    1052   11
    1053   11
    1054    9
    1055    9
    1056   11
    1057   11
    1058   11
    1059    9
    1060   11
    1061   11
    1062   11
    1063   11
    1064   11
    1065   11
    1066    9
    1067   11
    1068   11
    1069    9
    1070   11
    1071   11
    1072    9
    1073   11
    1074   11
    1075   11
    1076   11
    1077   11
    1078   11
    1079   11
    1080   11
    1081   11
    1082   11
    1083   11
    1084   11
    1085    9
    1086   11
    1087   11
    1088   11
    1089    8
    1090    8
    1091   12
    1092    8
    1093    7
    1094    8
    1095   12
    1096   12
    1097   12
    1098    7
    1099    7
    1100    7
    1101    8
    1102    8
    1103    8
    1104    7
    1105    7
    1106    7
    1107    8
    1108    8
    1109    1
    1110    1
    1111    6
    1112    5
    1113    6
    1114    6
    1115    4
    1116    4
    1117    3
    1118    6
    1119   10
    1120   10
    1121   10
    1122    9
    1123   10
    1124   10
    1125   10
    1126   12
    1127   12
    1128   12
    1129   12
    1130    1
    1131    1
    1132    6
    1133    6
    1134    3
    1135    3
    1136    1
    1137    1
    1138   12
    1139   12
    1140   12
    1141    8
    1142   10
    1143   10
    1144   10
    1145   10
    1146   10
    1147   10
    1148   10
    1149   10
    1150    9
    1151    6
    1152    5
    1153    3
    1154    3
    1155    1
    1156    1
    1157    5
    1158    3
    1159    3
    1160    3
    1161    3
    1162    1
    1163    1
    1164    1
    1165    1
    1166   12
    1167   12
    1168   10
    1169   10
    1170    9
    1171    9
    1172   11
    1173    9
    1174    6
    1175    6
    1176    2
    1177    2
    1178    2
    1179    9
    1180    9
    1181   11
    1182   11
    1183   11
    1184   11
    1185   11
    1186   11
    1187    9
    1188    9
    1189   11
    1190   11
    1191   11
    1192   11
    1193   11
    1194   11
    1195   11
    1196   11
    1197   11
    1198   11
    1199   11
    1200   11
    1201   11
    1202   11
    1203   11
    1204   11
    1205   11
    1206   11
    1207   11
    1208   11
    1209   11
    1210   11
    1211   11
    1212   11
    1213   11
    1214   11
    1215   11
    1216   11
    1217   11
    1218   11
    1219    9
    1220    9
    1221    9
    1222   11
    1223    9
    1224    9
    1225    9
    1226    2
    1227    2
    1228    5
    1229    6
    1230    5
    1231    3
    1232    3
    1233    4
    1234    4
    1235    4
    1236    5
    1237    6
    1238    6
    1239    6
    1240    6
    1241    7
    1242    8
    1243    8
    1244    1
    1245    3
    1246    6
    1247    8
    1248    8
    1249    9
    1250   11
    1251   10
    1252   10
    1253   12
    1254   12
    1255   12
    1256   12
    1257    1
    1258    1
    1259    1
    1260    1
    1261    1
    1262    1
    1263    5
    1264    6
    1265    9
    1266   11
    1267   11
    1268   11
    1269    9
    1270    9
    1271    9
    1272    9
    1273   11
    1274    9
    1275   11
    1276   11
    1277   11
    1278   11
    1279   11
    1280   11
    1281   11
    1282   11
    1283   10
    1284   10
    1285   10
    1286    8
    1287    6
    1288    5
    1289    1
    1290    8
    1291   11
    1292   11
    1293   11
    1294   11
    1295   11
    1296   11
    1297    9
    1298    9
    1299    6
    1300    7
    1301    2
    1302    2
    1303   11
    1304   11
    1305   11
    1306   11
    1307   11
    1308   11
    1309    9
    1310    9
    1311   12
    1312    6
    1313    3
    1314    3
    1315    3
    1316    3
    1317    1
    1318    1
    1319    1
    1320    5
    1321    6
    1322    2
    1323    2
    1324    2
    1325    2
    1326    6
    1327    8
    1328    8
    1329    8
    1330    2
    1331    2
    1332    7
    1333    5
    1334    5
    1335    6
    1336    6
    1337    7
    1338    9
    1339   11
    1340   11
    1341   11
    1342    9
    1343    9
    1344   11
    1345   11
    1346   11
    1347    9
    1348   11
    1349   11
    1350   10
    1351    6
    1352    1
    1353    1
    1354    1
    1355    1
    1356    1
    1357    1
    1358    1
    1359    6
    1360    5
    1361    8
    1362    8
    1363   12
    1364    8
    1365    7
    1366   12
    1367   12
    1368   10
    1369   10
    1370   10
    1371    6
    1372    5
    1373    5
    1374    2
    1375    2
    1376    6
    1377    1
    1378    1
    1379    1
    1380    1
    1381   12
    1382   12
    1383   12
    1384   12
    1385   11
    1386   11
    1387   11
    1388   11
    1389    7
    1390    8
    1391    7
    1392   12
    1393   10
    1394   10
    1395   10
    1396   10
    1397   10
    1398   10
    1399   10
    1400    7
    1401    8
    1402    8
    1403    7
    1404    6
    1405    6
    1406    5
    1407    5
    1408    5
    1409    5
    1410    5
    1411    3
    1412    3
    1413    3
    1414    3
    1415    3
    1416    3
    1417    3
    1418    3
    1419    5
    1420    2
    1421    5
    1422    6
    1423    6
    1424    1
    1425    8
    1426    8
    1427    8
    1428   12
    1429    8
    1430    6
    1431    6
    1432    1
    1433    5
    1434    2
    1435    2
    1436    2
    1437    7
    1438    7
    1439   12
    1440    8
    1441    5
    1442    3
    1443    6
    1444    3
    1445    6
    1446    7
    1447    6
    1448    6
    1449    6
    1450    5
    1451    3
    1452    5
    1453    5
    1454    6
    1455    5
    1456    8
    1457    7
    1458    7
    1459    9
    1460    8
    1461   12
    1462    8
    1463    7
    1464    6
    1465    5
    1466    9
    1467    9
    1468   11
    1469   11
    1470    9
    1471   11
    1472   11
    1473   11
    1474    9
    1475   10
    1476   10
    1477   10
    1478   10
    1479   10
    1480   10
    1481   10
    1482   10
    1483   10
    1484   10
    1485    9
    1486   12
    1487   12
    1488    2
    1489    2
    1490    2
    1491    2
    1492    2
    1493    2
    1494    5
    1495    5
    1496    6
    1497    8
    1498   12
    1499   12
    1500   12
    1501   12
    1502   12
    1503    8
    1504   10
    1505   10
    1506   10
    1507   10
    1508   10
    1509   10
    1510   10
    1511   12
    1512    6
    1513   12
    1514   12
    1515   12
    1516   12
    1517    1
    1518    1
    1519   12
    1520   12
    1521   12
    1522    1
    1523    1
    1524    2
    1525    2
    1526    9
    1527   11
    1528   11
    1529    6
    1530    5
    1531    5
    1532    1
    1533    6
    1534    6
    1535    9
    1536    9
    1537   12
    1538    9
    1539   11
    1540   11
    1541    9
    1542   11
    1543    9
    1544    9
    1545    2
    1546    2
    1547    1
    1548    3
    1549    3
    1550    3
    1551    3
    1552    3
    1553    3
    1554    3
    1555    3
    1556    3
    1557    3
    1558    3
    1559    3
    1560    3
    1561    3
    1562    5
    1563    6
    1564    7
    1565    8
    1566    7
    1567    7
    1568    9
    1569    6
    1570    6
    1571    9
    1572    2
    1573    6
    1574    6
    1575    2
    1576    6
    1577    6
    1578    6
    1579    6
    1580    6
    1581    5
    1582    5
    1583    5
    1584    5
    1585    6
    1586    6
    1587    9
    1588    9
    1589    9
    1590   11
    1591   11
    1592   11
    1593   11
    1594    9
    1595    9
    1596    9
    1597    9
    1598   11
    1599    9
    1600   12
    1601    8
    1602    9
    1603    9
    1604   12
    1605   10
    1606   12
    1607    8
    1608    8
    1609    7
    1610    6
    1611    1
    1612    1
    1613    1
    1614    1
    1615    1
    1616    1
    1617    1
    1618    1
    1619    6
    1620    6
    1621    4
    1622    4
    1623    1
    1624    1
    1625    1
    1626    1
    1627   12
    1628    7
    1629    1
    1630    1
    1631    6
    1632    5
    1633    3
    1634    1
    1635    1
    1636    9
    1637    9
    1638    9
    1639    9
    1640    9
    1641   12
    1642   12
    1643    1
    1644    1
    1645    1
    1646    1
    1647    1
    1648    6
    1649    8
    1650    8
    1651    8
    1652    9
    1653    7
    1654    7
    1655    8
    1656    8
    1657    9
    1658    1
    1659    1
    1660    1
    1661    1
    1662    1
    1663    1
    1664    1
    1665    1
    1666    1
    1667    1
    1668    1
    1669    1
    1670    1
    1671    1
    1672    1
    1673    1
    1674    1
    1675    1
    1676    1
    1677    4
    1678    4
    1679    4
    1680    4
    1681    4
    1682    6
    1683    7
    1684    8
    1685   12
    1686    9
    1687    9
    1688   10
    1689   10
    1690   10
    1691   10
    1692    9
    1693   11
    1694    8
    1695    8
    1696    8
    1697    8
    1698   12
    1699    7
    1700    8
    1701   12
    1702   12
    1703    8
    1704    8
    1705    1
    1706    1
    1707    3
    1708    3
    1709    3
    1710    3
    1711    6
    1712    6
    1713    3
    1714    6
    1715    7
    1716    8
    1717    6
    1718    5
    1719    5
    1720    2
    1721    2
    1722    8
    1723    7
    1724    7
    1725    8
    1726    8
    1727   12
    1728    7
    1729    8
    1730    7
    1731    6
    1732    1
    1733   12
    1734    8
    1735    7
    1736    8
    1737   12
    1738   12
    1739    6
    1740    5
    1741    3
    1742    3
    1743    3
    1744    3
    1745    3
    1746    3
    1747    3
    1748    3
    1749    3
    1750    3
    1751    3
    1752    5
    1753    5
    1754    5
    1755    5
    1756    5
    1757    3
    1758    1
    1759    1
    1760    1
    1761    1
    1762    1
    1763    1
    1764    1
    1765    1
    1766    6
    1767    6
    1768    6
    1769    6
    1770    5
    1771    3
    1772    2
    1773   12
    1774    9
    1775    6
    1776    5
    1777    1
    1778    1
    1779    1
    1780    1
    1781    6
    1782    5
    1783    6
    1784    5
    1785    4
    1786    5
    1787    1
    1788    1
    1789   12
    1790   12
    1791   12
    1792    8
    1793    6
    1794    6
    1795    9
    1796    9
    1797   11
    1798    9
    1799    6
    1800    4
    1801    1
    1802    1
    1803    1
    1804    1
    1805    1
    1806    1
    1807    1
    1808    1
    1809    8
    1810    8
    1811    8
    1812    6
    1813    5
    1814    5
    1815    5
    1816    5
    1817    3
    1818    3
    1819    3
    1820   12
    1821    9
    1822    9
    1823    9
    1824   11
    1825   11
    1826   11
    1827    9
    1828    9
    1829   11
    1830   11
    1831   11
    1832   11
    1833   11
    1834    9
    1835   10
    1836   10
    1837   10
    1838   10
    1839    9
    1840    8
    1841    7
    1842    6
    1843    5
    1844    3
    1845    3
    1846    3
    1847    3
    1848    6
    1849    4
    1850    6
    1851    4
    1852    4
    1853    4
    1854    4
    1855    4
    1856    4
    1857    4
    1858    5
    1859    1
    1860    4
    1861    5
    1862    5
    1863   12
    1864   12
    1865   12
    1866    1
    1867    1
    1868    1
    1869    1
    1870    1
    1871    1
    1872    1
    1873    1
    1874    1
    1875    1
    1876    1
    1877    1
    1878    1
    1879    1
    1880    1
    1881    1
    1882    1
    1883    1
    1884    1
    1885    1
    1886    1
    1887    1
    1888    1
    1889    9
    1890    9
    1891   11
    1892    9
    1893   12
    1894    5
    1895    3
    1896    3
    1897    3
    1898    5
    1899    3
    1900    5
    1901    6
    1902    7
    1903    2
    1904    2
    1905    2
    1906    2
    1907    2
    1908    2
    1909    3
    1910    5
    1911    6
    1912    6
    1913    6
    1914    5
    1915    3
    1916    3
    1917    2
    1918    2
    1919    2
    1920    2
    1921    2
    1922    2
    1923    2
    1924    2
    1925    2
    1926    2
    1927    2
    1928    2
    1929    2
    1930    2
    1931   11
    1932   11
    1933   11
    1934   11
    1935   11
    1936   11
    1937   11
    1938   11
    1939   11
    1940   11
    1941   11
    1942   11
    1943   11
    1944   11
    1945   11
    1946   11
    1947   11
    1948   11
    1949   11
    1950   11
    1951   11
    1952   11
    1953   11
    1954   11
    1955    9
    1956   11
    1957   11
    1958   11
    1959    9
    1960    9
    1961   11
    1962   11
    1963   11
    1964   11
    1965   11
    1966   11
    1967   11
    1968   11
    1969   11
    1970   11
    1971   11
    1972   11
    1973   11
    1974   11
    1975   10
    1976   13
    1977   13
    1978   13
    1979   13
    1980   13
    1981   13
    1982   13
    1983   13
    1984   13
    1985   13
    1986   13
    1987   13
    1988   13
    1989   13
    1990   13
    1991   13
    1992   13
    1993   13
    1994   13
    1995   13
    1996   13
    1997   13
    1998   13
    1999   13
    2000   13
    2001   13
    2002   13
    2003   13
    2004   13
    2005   13
    2006   10
    2007   10
    2008   10
    2009   10
    2010   11
    2011   10
    2012   10
    2013   10
    2014   10
    2015   10
    2016   10
    2017   10
    2018   11
    2019   11
    2020   11
    2021   11
    2022   11
    2023   11
    2024   11
    2025   11
    2026   11
    2027   11
    2028   11
    2029   11
    2030   11
    2031   11
    2032   11
    2033   11
    2034   11
    2035   11
    2036   11
    2037   11
    2038   11
    2039   11
    2040   11
    2041   11
    2042   11
    2043   11
    2044   11
    2045   11
    2046   11
    2047   11
    2048   11
    2049   11
    2050   11
    2051   11
    2052   11
    2053   11
    2054   11
    2055   11
    2056   11
    2057   11
    2058   11
    2059   11
    2060   11
    2061   11
    2062   11
    2063   11
    2064   11
    2065   11
    2066   11
    2067   11
    2068   11
    2069   11
    2070   11
    2071   11
    2072   11
    2073   11
    2074   11
    2075   11
    2076   11
    2077   11
    2078   11
    2079   11
    2080   11
    2081   11
    2082   11
    2083   11
    2084   11
    2085   11
    2086   11
    2087   11
    2088   11
    2089   11
    2090   11
    2091   11
    2092   11
    2093   11
    2094   11
    2095   11
    2096   11
    2097   11
    2098   11
    2099   11
    2100   11
    2101   11
    2102   11
    2103   11
    2104   11
    2105   11
    2106   11
    2107   11
    2108   11
    2109   11
    2110   11
    2111   11
    2112   11
    2113   11
    2114   11
    2115   11
    2116   11
    2117   11
    2118   11
    2119   11
    2120   11
    2121   11
    2122   11
    2123   11
    2124   11
    2125   11
    2126   11
    2127   11
    2128   11
    2129   11
    2130   11
    2131   11
    2132   11
    2133   11
    2134   11
    2135   11
    2136   11
    2137   11
    2138   11
    2139   11
    2140   11
    2141   11
    2142   11
    2143   11
    2144   11
    2145   11
    2146   11
    2147   11
    2148   11
    2149   11
    2150   11
    2151   11
    2152   11
    2153   11
    2154   11
    2155   11
    2156   11
    2157   11
    2158   11
    2159   11
    2160   11
    2161   11
    2162   11
    2163   11
    2164   11
    2165   11
    2166   11
    2167   11
    2168   11
    2169   11
    2170    9
    2171    9
    2172   11
    2173   11
    2174   11
    2175   11
    2176   11
    2177   11
    2178   11
    2179   11
    2180   11
    2181   11
    2182   11
    2183   11
    2184   11
    2185   11
    2186   11
    2187   11
    2188   11
    2189   11
    2190   11
    2191   11
    2192   10
    2193   10
    2194   10
    2195   10
    2196   10
    2197   10
    2198   10
    2199   10
    2200   10
    2201   10
    2202   10
    2203   10
    2204   10
    2205   12
    2206   12
    2207   12
    2208   10
    2209   10
    2210   10
    2211   10
    2212   11
    2213   11
    2214   11
    2215   11
    2216   11
    2217   11
    2218   11
    2219   11
    2220   11
    2221   11
    2222   11
    2223   11
    2224   11
    2225   11
    2226   11
    2227    9
    2228   11
    2229   11
    2230   11
    2231    9
    2232   11
    2233   11
    2234   11
    2235   11
    2236   11
    2237   11
    2238    9
    2239   11
    2240   11
    2241   11
    2242    9
    2243    9
    2244   11
    2245   11
    2246   11
    2247   11
    2248    9
    2249   11
    2250    9
    2251    9
    2252    9
    2253   11
    2254    9
    2255    9
    2256   11
    2257   11
    2258    9
    2259    9
    2260   10
    2261   10
    2262   10
    2263    9
    2264    9
    2265    9
    2266   11
    2267   11
    2268   11
    2269   11
    2270   11
    2271   11
    2272   11
    2273   11
    2274   11
    2275    9
    2276    9
    2277   11
    2278   11
    2279   12
    2280    2
    2281    5
    2282    3
    2283    3
    2284    3
    2285    3
    2286    3
    2287    3
    2288    3
    2289    3
    2290    3
    2291    3
    2292    3
    2293    3
    2294    3
    2295    3
    2296    3
    2297    3
    2298    3
    2299    3
    2300    3
    2301    3
    2302    3
    2303    3
    2304    3
    2305    3
    2306    5
    2307    6
    2308    8
    2309    8
    2310   12
    2311   12
    2312   12
    2313    8
    2314    7
    2315    8
    2316    8
    2317   10
    2318   10
    2319   10
    2320   10
    2321   10
    2322   10
    2323   12
    2324   12
    2325    7
    2326    8
    2327    8
    2328    9
    2329   12
    2330    9
    2331    9
    2332   11
    2333   11
    2334   11
    2335   11
    2336    9
    2337   11
    2338   11
    2339   11
    2340   11
    2341   11
    2342    9
    2343   10
    2344   12
    2345   12
    2346    1
    2347    1
    2348    1
    2349    3
    2350    3
    2351    1
    2352    1
    2353    6
    2354    6
    2355    3
    2356    3
    2357    1
    2358    1
    2359    1
    2360    1
    2361    1
    2362    1
    2363    1
    2364    1
    2365    1
    2366    1
    2367    1
    2368    9
    2369    9
    2370   11
    2371   11
    2372   11
    2373    9
    2374   11
    2375   11
    2376   11
    2377    6
    2378    5
    2379    5
    2380    5
    2381    6
    2382    7
    2383    7
    2384    8
    2385    8
    2386    8
    2387    8
    2388    8
    2389    8
    2390    8
    2391    9
    2392    9
    2393   12
    2394    7
    2395    6
    2396    8
    2397    7
    2398    8
    2399    8
    2400    8
    2401   12
    2402    7
    2403    7
    2404   12
    2405    8
    2406    8
    2407    6
    2408    6
    2409    5
    2410    2
    2411    9
    2412   11
    2413   11
    2414   11
    2415   11
    2416    9
    2417   11
    2418    1
    2419    3
    2420    3
    2421    5
    2422    6
    2423    2
    2424    2
    2425    2
    2426    2
    2427    2
    2428    2
    2429    2
    2430    2
    2431    2
    2432   12
    2433    7
    2434    9
    2435    9
    2436    9
    2437   11
    2438   11
    2439   11
    2440   11
    2441   11
    2442   11
    2443   11
    2444   11
    2445    9
    2446    9
    2447   11
    2448   11
    2449   11
    2450    9
    2451   10
    2452   10
    2453   10
    2454   10
    2455   10
    2456    9
    2457   11
    2458   11
    2459    9
    2460   10
    2461   10
    2462   10
    2463   12
    2464    8
    2465    8
    2466   12
    2467    8
    2468    8
    2469    7
    2470    8
    2471   12
    2472   12
    2473   12
    2474    1
    2475    5
    2476    3
    2477    3
    2478    5
    2479    5
    2480    6
    2481    9
    2482   10
    2483   10
    2484    9
    2485   11
    2486   11
    2487   11
    2488   11
    2489   11
    2490   11
    2491   11
    2492   11
    2493   11
    2494   11
    2495    6
    2496    6
    2497    3
    2498    3
    2499    3
    2500    3
    2501    3
    2502    1
    2503    1
    2504    1
    2505    1
    2506    1
    2507    6
    2508    1
    2509    1
    2510    1
    2511    1
    2512    1
    2513    1
    2514    6
    2515    5
    2516    3
    2517    3
    2518    3
    2519    3
    2520    5
    2521    5
    2522    3
    2523    3
    2524    3
    2525    1
    2526    1
    2527    1
    2528    7
    2529    6
    2530    5
    2531    3
    2532    2
    2533    9
    2534    6
    2535    1
    2536    5
    2537    6
    2538    1
    2539    1
    2540    8
    2541    7
    2542    7
    2543    7
    2544    7
    2545    8
    2546    9
    2547    9
    2548    9
    2549   11
    2550   11
    2551    6
    2552    5
    2553    3
    2554    5
    2555    5
    2556    5
    2557    6
    2558    5
    2559    5
    2560    6
    2561    9
    2562    6
    2563    6
    2564    5
    2565    2
    2566    2
    2567    2
    2568    2
    2569    2
    2570    2
    2571    6
    2572    9
    2573    9
    2574    9
    2575    9
    2576   11
    2577   11
    2578   11
    2579   11
    2580   11
    2581   11
    2582    9
    2583   11
    2584   11
    2585   11
    2586    9
    2587   11
    2588   11
    2589   11
    2590   11
    2591   11
    2592    9
    2593    9
    2594   10
    2595   10
    2596   10
    2597   10
    2598   10
    2599   10
    2600    9
    2601    6
    2602   12
    2603   12
    2604    1
    2605    1
    2606    1
    2607   12
    2608   12
    2609   12
    2610   12
    2611   12
    2612   12
    2613   12
    2614   12
    2615    7
    2616   12
    2617    1
    2618    1
    2619    3
    2620    3
    2621    3
    2622    5
    2623    6
    2624    5
    2625    3
    2626    3
    2627    3
    2628    1
    2629    1
    2630    1
    2631    5
    2632    6
    2633    9
    2634    9
    2635    9
    2636    6
    2637    9
    2638    9
    2639    9
    2640    7
    2641    6
    2642    5
    2643    3
    2644    5
    2645    6
    2646    5
    2647    2
    2648    2
    2649    2
    2650    1
    2651    1
    2652    1
    2653    1
    2654    3
    2655    5
    2656    6
    2657    3
    2658    3
    2659    1
    2660    1
    2661    1
    2662    1
    2663    1
    2664    2
    2665    2
    2666    2
    2667    9
    2668    9
    2669   11
    2670    9
    2671    9
    2672   11
    2673    9
    2674   11
    2675   11
    2676   11
    2677   11
    2678    9
    2679    9
    2680    5
    2681    1
    2682    5
    2683    3
    2684    3
    2685    6
    2686    9
    2687    9
    2688   11
    2689    9
    2690   12
    2691    8
    2692   12
    2693   12
    2694    2
    2695    2
    2696    2
    2697    3
    2698    5
    2699    5
    2700    6
    2701    8
    2702    7
    2703    7
    2704    7
    2705   11
    2706   11
    2707   11
    2708    8
    2709    6
    2710    2
    2711    2
    2712    2
    2713   12
    2714   12
    2715   12
    2716    8
    2717   10
    2718    6
    2719    5
    2720    2
    2721    2
    2722    2
    2723    2
    2724    2
    2725    2
    2726    2
    2727    2
    2728    2
    2729    9
    2730   10
    2731   10
    2732   10
    2733   10
    2734   10
    2735   10
    2736   10
    2737   10
    2738   10
    2739    8
    2740    7
    2741    7
    2742    9
    2743    9
    2744    6
    2745    5
    2746    5
    2747    3
    2748    2
    2749    2
    2750    2
    2751    2
    2752    2
    2753    2
    2754   11
    2755   11
    2756   11
    2757    2
    2758    2
    2759    5
    2760    5
    2761    6
    2762    6
    2763    6
    2764   12
    2765    8
    2766    9
    2767   11
    2768   11
    2769   11
    2770    9
    2771   10
    2772   10
    2773   10
    2774   12
    2775   12
    2776   12
    2777   10
    2778   10
    2779    9
    2780   11
    2781   11
    2782   10
    2783   10
    2784   10
    2785   10
    2786   10
    2787    6
    2788    1
    2789    1
    2790    1
    2791    1
    2792    1
    2793   12
    2794   12
    2795   12
    2796   11
    2797   11
    2798   11
    2799   11
    2800   11
    2801   11
    2802   11
    2803   11
    2804   11
    2805   11
    2806   11
    2807   11
    2808   11
    2809   11
    2810   11
    2811   11
    2812   11
    2813   11
    2814   11
    2815   11
    2816   11
    2817   11
    2818   11
    2819   11
    2820   11
    2821   11
    2822   11
    2823   11
    2824   11
    2825   11
    2826   11
    2827   11
    2828   11
    2829   11
    2830   11
    2831   11
    2832   11
    2833   11
    2834   11
    2835   11
    2836   11
    2837   10
    2838   10
    2839   10
    2840   10
    2841   10
    2842   10
    2843   10
    2844   10
    2845   10
    2846   10
    2847   10
    2848   10
    2849   10
    2850   10
    2851   14
    2852   14
    2853   14
    2854   14
    2855   11
    2856   11
    2857   11
    2858   10
    2859   10
    2860   10
    2861   11
    2862   11
    2863   11
    2864   11
    2865   11
    2866   11
    2867   11
    2868   10
    2869   10
    2870   10
    2871   10
    2872   10
    2873   11
    2874   11
    2875   11
    2876   11
    2877   11
    2878   11
    2879   11
    2880   11
    2881   11
    2882   11
    2883   11
    2884   11
    2885   11
    2886   11
    2887   11
    2888   10
    2889   10
    2890   10
    2891   10
    2892   10
    2893   10
    2894   10
    2895   10
    2896   10
    2897    8
    2898   10
    2899   10
    2900   10
    2901   10
    2902   11
    2903   14
    2904   14
    2905   14
    2906   14
    2907   14
    2908   14
    2909   14
    2910   14
    2911   14
    2912   14
    2913   14
    2914   14
    2915   14
    2916   14
    2917   14
    2918   11
    2919   11
    2920   11
    2921   11
    2922   11
    2923   11
    2924   11
    2925   11
    2926   11
    2927   11
    2928   11
    2929   11
    2930   11
    2931   11
    2932   11
    2933   11
    2934   11
    2935   11
    2936   11
    2937   11
    2938   14
    2939   14
    2940   14
    2941   14
    2942   13
    2943   13
    2944   13
    2945   13
    2946   13
    2947   13
    2948   14
    2949   14
    2950   14
    2951   14
    2952   14
    2953   14
    2954   14
    2955   14
    2956   14
    2957   14
    2958   14
    2959   14
    2960   14
    2961   14
    2962   14
    2963   10
    2964   10
    2965   10
    2966   10
    2967   10
    2968   10
    2969   10
    2970   10
    2971   10
    2972   14
    2973   14
    2974   11
    2975   11
    2976   11
    2977   11
    2978   11
    2979   11
    2980   11
    2981   11
    2982   11
    2983   11
    2984   10
    2985   10
    2986   10
    2987   10
    2988   13
    2989   13
    2990   14
    2991   14
    2992   14
    2993   14
    2994   14
    2995   14
    2996   13
    2997   13
    2998   10
    2999   12
    3000   12
    3001   12
    3002   12
    3003   12
    3004   12
    3005   12
    3006   12
    3007   10
    3008   11
    3009   11
    3010   11
    3011   11
    3012   11
    3013   11
    3014   10
    3015   10
    3016   10
    3017   10
    3018   10
    3019   10
    3020   10
    3021   10
    3022   10
    3023   10
    3024   10
    3025   10
    3026   10
    3027   12
    3028   12
    3029   12
    3030    8
    3031   11
    3032   11
    3033   11
    3034   11
    3035   11
    3036   11
    3037   11
    3038   11
    3039   11
    3040   11
    3041   11
    3042   11
    3043   11
    3044   11
    3045   11
    3046   11
    3047   11
    3048   11
    3049   11
    3050   11
    3051   11
    3052   11
    3053   10
    3054   10
    3055   10
    3056   10
    3057   10
    3058    9
    3059   11
    3060   11
    3061   11
    3062    9
    3063    5
    3064    6
    3065    6
    3066    9
    3067   11
    3068   11
    3069   11
    3070    9
    3071   11
    3072   11
    3073   11
    3074   11
    3075   11
    3076   11
    3077   11
    3078    9
    3079    9
    3080   10
    3081   10
    3082   10
    3083   10
    3084   10
    3085   12
    3086   12
    3087    9
    3088    8
    3089    5
    3090    6
    3091    1
    3092    1
    3093    1
    3094    1
    3095    1
    3096    1
    3097    1
    3098    3
    3099    6
    3100    8
    3101   12
    3102    8
    3103   12
    3104   12
    3105   12
    3106   12
    3107   12
    3108    9
    3109    6
    3110    3
    3111    3
    3112    1
    3113    1
    3114    1
    3115    1
    3116   12
    3117    7
    3118   12
    3119   12
    3120   12
    3121   10
    3122   10
    3123   10
    3124    8
    3125    7
    3126   12
    3127    8
    3128    5
    3129    5
    3130    5
    3131    6
    3132    8
    3133   15
    3134   15
    3135   15
    3136   15
    3137   15
    3138   15
    3139   15
    3140   15
    3141    8
    3142   12
    3143   12
    3144   12
    3145    8
    3146    6
    3147    5
    3148    3
    3149    3
    3150    3
    3151    3
    3152    3
    3153    3
    3154    3
    3155    3
    3156    4
    3157    4
    3158    4
    3159    4
    3160    4
    3161    4
    3162    5
    3163    4
    3164    4
    3165    1
    3166    1
    3167    1
    3168    1
    3169    1
    3170    1
    3171    1
    3172    1
    3173    1
    3174    1
    3175    1
    3176    1
    3177    1
    3178    1
    3179    1
    3180    1
    3181    1
    3182    1
    3183    1
    3184    1
    3185    1
    3186    1
    3187    1
    3188    1
    3189   12
    3190   12
    3191   12
    3192   12
    3193   12
    3194    4
    3195    4
    3196    4
    3197    4
    3198    1
    3199    3
    3200    3
    3201    3
    3202    3
    3203    3
    3204    6
    3205    2
    3206    2
    3207    9
    3208    7
    3209   12
    3210   12
    3211    1
    3212    1
    3213    1
    3214    3
    3215    3
    3216    3
    3217    3
    3218    3
    3219    3
    3220    5
    3221    6
    3222   10
    3223   10
    3224   10
    3225   10
    3226   10
    3227   10
    3228   10
    3229   10
    3230   10
    3231   11
    3232   11
    3233    9
    3234    9
    3235   10
    3236    8
    3237    8
    3238    1
    3239    1
    3240    1
    3241    1
    3242    1
    3243    1
    3244    1
    3245    3
    3246    6
    3247    7
    3248    8
    3249   12
    3250   12
    3251   12
    3252   12
    3253   12
    3254    6
    3255    5
    3256    1
    3257    1
    3258    1
    3259    1
    3260    1
    3261    1
    3262    1
    3263    1
    3264    1
    3265   12
    3266   12
    3267    8
    3268    8
    3269    6
    3270    5
    3271    1
    3272    1
    3273    1
    3274    1
    3275    1
    3276    1
    3277    1
    3278    1
    3279    6
    3280    3
    3281    3
    3282    3
    3283    3
    3284    3
    3285    3
    3286    3
    3287    3
    3288    1
    3289    1
    3290    1
    3291   12
    3292   12
    3293   12
    3294    1
    3295    1
    3296    1
    3297    1
    3298    1
    3299    1
    3300    1
    3301    1
    3302    1
    3303    1
    3304    1
    3305    1
    3306   12
    3307   12
    3308   12
    3309    9
    3310    6
    3311    6
    3312    5
    3313    9
    3314    9
    3315   11
    3316    9
    3317    9
    3318    9
    3319   11
    3320    2
    3321    2
    3322    6
    3323    6
    3324    6
    3325    5
    3326    3
    3327    1
    3328    1
    3329    1
    3330    7
    3331    8
    3332    8
    3333    9
    3334    9
    3335    7
    3336    8
    3337    7
    3338    6
    3339    3
    3340    5
    3341    5
    3342    5
    3343    5
    3344    5
    3345    5
    3346    5
    3347    5
    3348    3
    3349    3
    3350    3
    3351    3
    3352    5
    3353    5
    3354    6
    3355    1
    3356    1
    3357    6
    3358    9
    3359    9
    3360    9
    3361    5
    3362    5
    3363    6
    3364    3
    3365    5
    3366    5
    3367    6
    3368    6
    3369    6
    3370    6
    3371    3
    3372    6
    3373    6
    3374    1
    3375    1
    3376   12
    3377    8
    3378   12
    3379   12
    3380   12
    3381   12
    3382   12
    3383    7
    3384    1
    3385    6
    3386    7
    3387    7
    3388    1
    3389    6
    3390    7
    3391    8
    3392   12
    3393    9
    3394    9
    3395    9
    3396    9
    3397   11
    3398   11
    3399   11
    3400   11
    3401    9
    3402   11
    3403   11
    3404   11
    3405   11
    3406   11
    3407   11
    3408   11
    3409   11
    3410   11
    3411   11
    3412   11
    3413   11
    3414   11
    3415   11
    3416   11
    3417   11
    3418   11
    3419   11
    3420   11
    3421   11
    3422   11
    3423   11
    3424   11
    3425   11
    3426   11
    3427   11
    3428   11
    3429   11
    3430   11
    3431   11
    3432   11
    3433   11
    3434   11
    3435   11
    3436   11
    3437   11
    3438   11
    3439   11
    3440   11
    3441   11
    3442   11
    3443   11
    3444   11
    3445   11
    3446   11
    3447   11
    3448   11
    3449   11
    3450   11
    3451   11
    3452   11
    3453   11
    3454   11
    3455   11
    3456   11
    3457   11
    3458   11
    3459   11
    3460   11
    3461   11
    3462   11
    3463   11
    3464   11
    3465   11
    3466   11
    3467   11
    3468   11
    3469   11
    3470   11
    3471   10
    3472   10
    3473   10
    3474   11
    3475   11
    3476   11
    3477   11
    3478   11
    3479   11
    3480   11
    3481   11
    3482   11
    3483   11
    3484   11
    3485   11
    3486   11
    3487   11
    3488   11
    3489   11
    3490   11
    3491   11
    3492   11
    3493   11
    3494   11
    3495   11
    3496   11
    3497   11
    3498   11
    3499   11
    3500   11
    3501   11
    3502   11
    3503   11
    3504   11
    3505   11
    3506   11
    3507   11
    3508   11
    3509   11
    3510   11
    3511   11
    3512   11
    3513   11
    3514   11
    3515   11
    3516   11
    3517   11
    3518   11
    3519   11
    3520   11
    3521   11
    3522   11
    3523   11
    3524   11
    3525   11
    3526   11
    3527   11
    3528   11
    3529   11
    3530   11
    3531   12
    3532   12
    3533   12
    3534   12
    3535   12
    3536   12
    3537   12
    3538   12
    3539   12
    3540   11
    3541   11
    3542   11
    3543   11
    3544   11
    3545   11
    3546   11
    3547   11
    3548   11
    3549   11
    3550   11
    3551   11
    3552   11
    3553   11
    3554   11
    3555   11
    3556   11
    3557   11
    3558   11
    3559   11
    3560   11
    3561   11
    3562   11
    3563   11
    3564   11
    3565   11
    3566   11
    3567   11
    3568   11
    3569   11
    3570   11
    3571   11
    3572   11
    3573   11
    3574   11
    3575   11
    3576   11
    3577   11
    3578   11
    3579   11
    3580   11
    3581   11
    3582   11
    3583   11
    3584    8
    3585    8
    3586    8
    3587    6
    3588    6
    3589    6
    3590    5
    3591    1
    3592    3
    3593    3
    3594    3
    3595    6
    3596    7
    3597    8
    3598   12
    3599    7
    3600    5
    3601    3
    3602    3
    3603    6
    3604    7
    3605    7
    3606    1
    3607    1
    3608    1
    3609    1
    3610    3
    3611    5
    3612    6
    3613   11
    3614   11
    3615   11
    3616   11
    3617   11
    3618   11
    3619   11
    3620    9
    3621   11
    3622   11
    3623   11
    3624    9
    3625   11
    3626   11
    3627   11
    3628   11
    3629    2
    3630    5
    3631    6
    3632    5
    3633    2
    3634    2
    3635    2
    3636    9
    3637    9
    3638   11
    3639    9
    3640   10
    3641   10
    3642   10
    3643    9
    3644   11
    3645   11
    3646   11
    3647   11
    3648   11
    3649   11
    3650   11
    3651    9
    3652    6
    3653    3
    3654    6
    3655    5
    3656    1
    3657    1
    3658    1
    3659    1
    3660    1
    3661    3
    3662    3
    3663    3
    3664    5
    3665    6
    3666    1
    3667    1
    3668    1
    3669    5
    3670    1
    3671    1
    3672    1
    3673    1
    3674    1
    3675    1
    3676    5
    3677    1
    3678    5
    3679    6
    3680    1
    3681    7
    3682    7
    3683    7
    3684    1
    3685    1
    3686    1
    3687    1
    3688    1
    3689    1
    3690    5
    3691    6
    3692    5
    3693    6
    3694    6
    3695    6
    3696    5
    3697    3
    3698    2
    3699    9
    3700   11
    3701   11
    3702    9
    3703   11
    3704   11
    3705   11
    3706   11
    3707   11
    3708   11
    3709    9
    3710    9
    3711   11
    3712   11
    3713   11
    3714   11
    3715   11
    3716   11
    3717   11
    3718   11
    3719   11
    3720   11
    3721   11
    3722   11
    3723   11
    3724   10
    3725   10
    3726   10
    3727   10
    3728   11
    3729   11
    3730   11
    3731   11
    3732   11
    3733   11
    3734   11
    3735   11
    3736   11
    3737   11
    3738   11
    3739   11
    3740   11
    3741   11
    3742    9
    3743   11
    3744   11
    3745   11
    3746   11
    3747   11
    3748   11
    3749   11
    3750   11
    3751   10
    3752   10
    3753   10
    3754   10
    3755   10
    3756   10
    3757   10
    3758   10
    3759   10
    3760   10
    3761   10
    3762   10
    3763   10
    3764   10
    3765   10
    3766   10
    3767   10
    3768   10
    3769   10
    3770   10
    3771   12
    3772   12
    3773   12
    3774   12
    3775   12
    3776   12
    3777   12
    3778   10
    3779   10
    3780   10
    3781   10
    3782   10
    3783   10
    3784   10
    3785   10
    3786   10
    3787   10
    3788   10
    3789   10
    3790   10
    3791   10
    3792   10
    3793   10
    3794   10
    3795   10
    3796   10
    3797   10
    3798   10
    3799   10
    3800   10
    3801   10
    3802   10
    3803   10
    3804   10
    3805   10
    3806   10
    3807   10
    3808   11
    3809   11
    3810   10
    3811   10
    3812   10
    3813   10
    3814   10
    3815   10
    3816   10
    3817   10
    3818   10
    3819   10
    3820   10
    3821   10
    3822   10
    3823   10
    3824   10
    3825   10
    3826   10
    3827   10
    3828   10
    3829   10
    3830   10
    3831   10
    3832   10
    3833   10
    3834   11
    3835   11
    3836   11
    3837   11
    3838   11
    3839   11
    3840   11
    3841   11
    3842   11
    3843   11
    3844   11
    3845   11
    3846   11
    3847   11
    3848   11
    3849    9
    3850   11
    3851   11
    3852   11
    3853   11
    3854   11
    3855   11
    3856    9
    3857    9
    3858   10
    3859   10
    3860    1
    3861    1
    3862    1
    3863    1
    3864    6
    3865    6
    3866    3
    3867    6
    3868    8
    3869   12
    3870    7
    3871    8
    3872    8
    3873    8
    3874   12
    3875    1
    3876    1
    3877    1
    3878    1
    3879    3
    3880    5
    3881    6
    3882    8
    3883    8
    3884    8
    3885    7
    3886    7
    3887    7
    3888   12
    3889    8
    3890    7
    3891    6
    3892    5
    3893    5
    3894    1
    3895   12
    3896    7
    3897    8
    3898    6
    3899    5
    3900    1
    3901    1
    3902   12
    3903   12
    3904   12
    3905   12
    3906   12
    3907   12
    3908    8
    3909    9
    3910   10
    3911    8
    3912    8
    3913    8
    3914    6
    3915    5
    3916    5
    3917    3
    3918    3
    3919    6
    3920    4
    3921    4
    3922    4
    3923    4
    3924    6
    3925    5
    3926    4
    3927    5
    3928    5
    3929    5
    3930    5
    3931    5
    3932    4
    3933    4
    3934    4
    3935    5
    3936    6
    3937    5
    3938    3
    3939    1
    3940    1
    3941    1
    3942    1
    3943    1
    3944    1
    3945    3
    3946    4
    3947    4
    3948    4
    3949    5
    3950    1
    3951    1
    3952    1
    3953    1
    3954    1
    3955    1
    3956    1
    3957    1
    3958    1
    3959    1
    3960    1
    3961    1
    3962    1
    3963    1
    3964    1
    3965    1
    3966    1
    3967    1
    3968    1
    3969    1
    3970    5
    3971    6
    3972    5
    3973    1
    3974    6
    3975    6
    3976    5
    3977    3
    3978    1
    3979    1
    3980    1
    3981    1
    3982    1
    3983    1
    3984    1
    3985    1
    3986    1
    3987    1
    3988    1
    3989    1
    3990    2
    3991    9
    3992   11
    3993   11
    3994    9
    3995    9
    3996    9
    3997    9
    3998    2
    3999    1
    4000    1
    4001    1
    4002    1
    4003    1
    4004    1
    4005    3
    4006    5
    4007    5
    4008    6
    4009   10
    4010   10
    4011   10
    4012   10
    4013   10
    4014    9
    4015    9
    4016   11
    4017   11
    4018   11
    4019    9
    4020   11
    4021    9
    4022   11
    4023   11
    4024   11
    4025   11
    4026   11
    4027    9
    4028   11
    4029   11
    4030   11
    4031    9
    4032   11
    4033   11
    4034   11
    4035   11
    4036   11
    4037   10
    4038   10
    4039   10
    4040    9
    4041    6
    4042    2
    4043    2
    4044    2
    4045   11
    4046    9
    4047    9
    4048    9
    4049   11
    4050    9
    4051    9
    4052    9
    4053    9
    4054   11
    4055   11
    4056    9
    4057   11
    4058   11
    4059   11
    4060    1
    4061    1
    4062    5
    4063    5
    4064    3
    4065    3
    4066    3
    4067    3
    4068    5
    4069    6
    4070    8
    4071    9
    4072    9
    4073    9
    4074   11
    4075   10
    4076   11
    4077   11
    4078    9
    4079    8
    4080    8
    4081   11
    4082   11
    4083   11
    4084    9
    4085   11
    4086   11
    4087   10
    4088   10
    4089   10
    4090   10
    4091   10
    4092   10
    4093   10
    4094   10
    4095   10
    4096   10
    4097   10
    4098   10
    4099   10
    4100    9
    4101    6
    4102    3
    4103    3
    4104    5
    4105    5
    4106    1
    4107    1
    4108    1
    4109    1
    4110    1
    4111    3
    4112    6
    4113   10
    4114   10
    4115   10
    4116   10
    4117   10
    4118   10
    4119   10
    4120   10
    4121    8
    4122    8
    4123    8
    4124    8
    4125    6
    4126    5
    4127    3
    4128    3
    4129    3
    4130    3
    4131    3
    4132    3
    4133    3
    4134    3
    4135    3
    4136    3
    4137    3
    4138    3
    4139    1
    4140    1
    4141    8
    4142    8
    4143    7
    4144    6
    4145    3
    4146    3
    4147    1
    4148    1
    4149    1
    4150    1
    4151    1
    4152    1
    4153    1
    4154    1
    4155    6
    4156    6
    4157    9
    4158    8
    4159   12
    4160    9
    4161    7
    4162    8
    4163    8
    4164   12
    4165    8
    4166   12
    4167    6
    4168    6
    4169    5
    4170    5
    4171    5
    4172    4
    4173    4
    4174    3
    4175    5
    4176    5
    4177    7
    4178   12
    4179   12
    4180    8
    4181   12
    4182   12
    4183    6
    4184   14
    4185   14
    4186   14
    4187   14
    4188    7
    4189    1
    4190    1
    4191    1
    4192    3
    4193    3
    4194    6
    4195    6
    4196    1
    4197   12
    4198   12
    4199    6
    4200    5
    4201    1
    4202    1
    4203   12
    4204   12
    4205   10
    4206   10
    4207   10
    4208   10
    4209   10
    4210   10
    4211   10
    4212   10
    4213   10
    4214   10
    4215   10
    4216   12
    4217   12
    4218   12
    4219   12
    4220   12
    4221   12
    4222    8
    4223   12
    4224    9
    4225    9
    4226    9
    4227    8
    4228    8
    4229    8
    4230   12
    4231    6
    4232    5
    4233    4
    4234    5
    4235    6
    4236    5
    4237    3
    4238    3
    4239    3
    4240    3
    4241    3
    4242    3
    4243    5
    4244    5
    4245    5
    4246    3
    4247    1
    4248   12
    4249    9
    4250    9
    4251    9
    4252    9
    4253    9
    4254   11
    4255   11
    4256   11
    4257   11
    4258    9
    4259   11
    4260   11
    4261   11
    4262    9
    4263    9
    4264   11
    4265    9
    4266    9
    4267   11
    4268   11
    4269   11
    4270   11
    4271   11
    4272    9
    4273    9
    4274    9
    4275    8
    4276    7
    4277    7
    4278    8
    4279    7
    4280    8
    4281    7
    4282    7
    4283    8
    4284    8
    4285   10
    4286    9
    4287   11
    4288    9
    4289    6
    4290    5
    4291    3
    4292    3
    4293    1
    4294    1
    4295    1
    4296    1
    4297    5
    4298    1
    4299    1
    4300    1
    4301    1
    4302    1
    4303    1
    4304    1
    4305    1
    4306    1
    4307    1
    4308    1
    4309   12
    4310   12
    4311   12
    4312   12
    4313    1
    4314    1
    4315    1
    4316    1
    4317    1
    4318    1
    4319    1
    4320    1
    4321    1
    4322    1
    4323    1
    4324    1
    4325    1
    4326    3
    4327    4
    4328    4
    4329    4
    4330    4
    4331    4
    4332    4
    4333    4
    4334    4
    4335    4
    4336    4
    4337    3
    4338    3
    4339    5
    4340    5
    4341    6
    4342    8
    4343   12
    4344   12
    4345   12
    4346   11
    4347   11
    4348   11
    4349   11
    4350   11
    4351   11
    4352   11
    4353   11
    4354   11
    4355   11
    4356   11
    4357   11
    4358   11
    4359   11
    4360   11
    4361   11
    4362   11
    4363   11
    4364   11
    4365    9
    4366   11
    4367    9
    4368   11
    4369    9
    4370   11
    4371   11
    4372   11
    4373   11
    4374   11
    4375   11
    4376   11
    4377   11
    4378   11
    4379    9
    4380   11
    4381   11
    4382   11
    4383   11
    4384   11
    4385   11
    4386   11
    4387   11
    4388    9
    4389   11
    4390   11
    4391   11
    4392    9
    4393   11
    4394   11
    4395   11
    4396    9
    4397   11
    4398   11
    4399   11
    4400   11
    4401   11
    4402   11
    4403   11
    4404   11
    4405   11
    4406   11
    4407   11
    4408   11
    4409   11
    4410   11
    4411   10
    4412   10
    4413   10
    4414   11
    4415   11
    4416   11
    4417   11
    4418   11
    4419   11
    4420   11
    4421   11
    4422   11
    4423   11
    4424   11
    4425   11
    4426   11
    4427   11
    4428   11
    4429   11
    4430   11
    4431   11
    4432   11
    4433   11
    4434   11
    4435   11
    4436   11
    4437   11
    4438   11
    4439   11
    4440   11
    4441   11
    4442   11
    4443   11
    4444   11
    4445   11
    4446   11
    4447   11
    4448   11
    4449   11
    4450   11
    4451   11
    4452   11
    4453   11
    4454   11
    4455   11
    4456   10
    4457   10
    4458   10
    4459   10
    4460   10
    4461   10
    4462   10
    4463   10
    4464   10
    4465   10
    4466   10
    4467   10
    4468   10
    4469   10
    4470   10
    4471    9
    4472   10
    4473   10
    4474   10
    4475   10
    4476   10
    4477   10
    4478   10
    4479   10
    4480   10
    4481   10
    4482   10
    4483   10
    4484   10
    4485   10
    4486   10
    4487   10
    4488   10
    4489   10
    4490   10
    4491   10
    4492   10
    4493   10
    4494   10
    4495   10
    4496   10
    4497   10
    4498   10
    4499   10
    4500    9
    4501   10
    4502   10
    4503   10
    4504   12
    4505   12
    4506   12
    4507   12
    4508   12
    4509   10
    4510   10
    4511   10
    4512   10
    4513   10
    4514   10
    4515   10
    4516   10
    4517   10
    4518   10
    4519   10
    4520   10
    4521   11
    4522   11
    4523   11
    4524   11
    4525   11
    4526    9
    4527    2
    4528    2
    4529    1
    4530    1
    4531    1
    4532    1
    4533    1
    4534    3
    4535    3
    4536    5
    4537    3
    4538    3
    4539    3
    4540    3
    4541    3
    4542    3
    4543    3
    4544    3
    4545    3
    4546    3
    4547    3
    4548    3
    4549    4
    4550    4
    4551    4
    4552    3
    4553    3
    4554    3
    4555    3
    4556    5
    4557    5
    4558    5
    4559    6
    4560    6
    4561    8
    4562   12
    4563   12
    4564   10
    4565   10
    4566   10
    4567   10
    4568   10
    4569    9
    4570   12
    4571   12
    4572   12
    4573    1
    4574    1
    4575    1
    4576    1
    4577    8
    4578   12
    4579    8
    4580   10
    4581   10
    4582   10
    4583   10
    4584    6
    4585    6
    4586    8
    4587   12
    4588   12
    4589   12
    4590   12
    4591   12
    4592   12
    4593   12
    4594   12
    4595   12
    4596   12
    4597   12
    4598   12
    4599   12
    4600   12
    4601   12
    4602   12
    4603   12
    4604   12
    4605   12
    4606   12
    4607   12
    4608   12
    4609   12
    4610   12
    4611   12
    4612   12
    4613   12
    4614   12
    4615   12
    4616   12
    4617   12
    4618   12
    4619   12
    4620   12
    4621   12
    4622   12
    4623   12
    4624    6
    4625    5
    4626    1
    4627    1
    4628    1
    4629    6
    4630    5
    4631    5
    4632    3
    4633    3
    4634    3
    4635    3
    4636    1
    4637    8
    4638   12
    4639    8
    4640    9
    4641    9
    4642    2
    4643    2
    4644    5
    4645    3
    4646    6
    4647    5
    4648    3
    4649    1
    4650   12
    4651   12
    4652   12
    4653   12
    4654   12
    4655    1
    4656    6
    4657    8
    4658   12
    4659   12
    4660   12
    4661    1
    4662    6
    4663    2
    4664   11
    4665   11
    4666   10
    4667   10
    4668   10
    4669   10
    4670   10
    4671   10
    4672   10
    4673   10
    4674   10
    4675   10
    4676   10
    4677    7
    4678    6
    4679    5
    4680    6
    4681    5
    4682    6
    4683    6
    4684    6
    4685    6
    4686    8
    4687   12
    4688    1
    4689    6
    4690   12
    4691    7
    4692    8
    4693    8
    4694    7
    4695    8
    4696    8
    4697    8
    4698    8
    4699    7
    4700    6
    4701    7
    4702    7
    4703    8
    4704    8
    4705    8
    4706    8
    4707    7
    4708   10
    4709   10
    4710   10
    4711   10
    4712   10
    4713   10
    4714    9
    4715   12
    4716   12
    4717    6
    4718    4
    4719    4
    4720    4
    4721    4
    4722   12
    4723   12
    4724   12
    4725   12
    4726    1
    4727    6
    4728   10
    4729   10
    4730   10
    4731   12
    4732   12
    4733    8
    4734    9
    4735   11
    4736   11
    4737   11
    4738   11
    4739   11
    4740    9
    4741   11
    4742   11
    4743   11
    4744    9
    4745   11
    4746    9
    4747    9
    4748    9
    4749    7
    4750    9
    4751   11
    4752   11
    4753    9
    4754    9
    4755    9
    4756   11
    4757   11
    4758   11
    4759   11
    4760   11
    4761    7
    4762    7
    4763    7
    4764    7
    4765    6
    4766    6
    4767    1
    4768    1
    4769    2
    4770    5
    4771    6
    4772    1
    4773    1
    4774    1
    4775    1
    4776    2
    4777    2
    4778    2
    4779    1
    4780    1
    4781    1
    4782    1
    4783    1
    4784   12
    4785    8
    4786    7
    4787    8
    4788    8
    4789   12
    4790   12
    4791    8
    4792   10
    4793   10
    4794   10
    4795   10
    4796   10
    4797   11
    4798   11
    4799    6
    4800    5
    4801    6
    4802    6
    4803    5
    4804    5
    4805    3
    4806    5
    4807    2
    4808    2
    4809    2
    4810    2
    4811    2
    4812    2
    4813    2
    4814    2
    4815    2
    4816    2
    4817    2
    4818   11
    4819   11
    4820   11
    4821   11
    4822    9
    4823    6
    4824    1
    4825    1
    4826    1
    4827    1
    4828    1
    4829    2
    4830    2
    4831    2
    4832    2
    4833    2
    4834    6
    4835    3
    4836    4
    4837   12
    4838   12
    4839   12
    4840    1
    4841    1
    4842    1
    4843    1
    4844    5
    4845    4
    4846    4
    4847    1
    4848   12
    4849   12
    4850   12
    4851    1
    4852    1
    4853    1
    4854    1
    4855    1
    4856    1
    4857    1
    4858    1
    4859    1
    4860    1
    4861    1
    4862    1
    4863   12
    4864    1
    4865   12
    4866   12
    4867   12
    4868   12
    4869    1
    4870    1
    4871    1
    4872    1
    4873    1
    4874    1
    4875    1
    4876   12
    4877   12
    4878   12
    4879    9
    4880    9
    4881   12
    4882    6
    4883    3
    4884    1
    4885    1
    4886    1
    4887    6
    4888    6
    4889    6
    4890    6
    4891    6
    4892    9
    4893    2
    4894    5
    4895    6
    4896    2
    4897    2
    4898    2
    4899    6
    4900    9
    4901    9
    4902    9
    4903   10
    4904   10
    4905   10
    4906   10
    4907   10
    4908   10
    4909   10
    4910   10
    4911   10
    4912   10
    4913   10
    4914   10
    4915   10
    4916   10
    4917   10
    4918   10
    4919   10
    4920   10
    4921   10
    4922   10
    4923   10
    4924   10
    4925   10
    4926   10
    4927   10
    4928   10
    4929   10
    4930   10
    4931   10
    4932   10
    4933   10
    4934   10
    4935    6
    4936    5
    4937    2
    4938    2
    4939    2
    4940    2
    4941    2
    4942    2
    4943    2
    4944    2
    4945    2
    4946    2
    4947    2
    4948    2
    4949    6
    4950    5
    4951    2
    4952    5
    4953    5
    4954    1
    4955    1
    4956    1
    4957    1
    4958    3
    4959    3
    4960    3
    4961    3
    4962    3
    4963    5
    4964    6
    4965   11
    4966   11
    4967   11
    4968   11
    4969   11
    4970   11
    4971    9
    4972    8
    4973    7
    4974    6
    4975    5
    4976    5
    4977    2
    4978    2
    4979    2
    4980    3
    4981    3
    4982    3
    4983    2
    4984    2
    4985    2
    4986   11
    4987   11
    4988   11
    4989   11
    4990   11
    4991   11
    4992   11
    4993    9
    4994    2
    4995    2
    4996    2
    4997    2
    4998    2
    4999    9
    5000    2
