       1   14
       2   14
       3   14
       4   14
       5   14
       6   14
       7   14
       8   14
       9   14
      10   14
      11   14
      12   14
      13   14
      14   14
      15   14
      16   14
      17   14
      18   14
      19   14
      20   14
      21   14
      22   14
      23   14
      24   14
      25   14
      26   14
      27   14
      28   13
      29   13
      30   13
      31   13
      32   13
      33   13
      34   13
      35   13
      36   13
      37   13
      38   13
      39   13
      40   13
      41   13
      42   13
      43   13
      44   13
      45   13
      46   12
      47   12
      48   12
      49   12
      50   12
      51    7
      52    7
      53    8
      54   12
      55   12
      56   12
      57   12
      58   12
      59   12
      60   12
      61   12
      62   12
      63   12
      64   12
      65   12
      66   12
      67   12
      68   12
      69   12
      70   12
      71   12
      72   12
      73    9
      74    9
      75   13
      76   13
      77   13
      78   13
      79   13
      80   13
      81   13
      82   13
      83   13
      84   13
      85   13
      86   13
      87   13
      88   13
      89   13
      90   13
      91   13
      92   13
      93   13
      94   13
      95   13
      96   13
      97   13
      98   13
      99   13
     100   13
     101   13
     102   13
     103   13
     104   14
     105   14
     106   14
     107   14
     108   13
     109   13
     110   13
     111   13
     112   13
     113   13
     114   13
     115   13
     116   13
     117   13
     118   13
     119   10
     120    9
     121   12
     122   12
     123   12
     124   10
     125   12
     126   12
     127   12
     128   12
     129   12
     130   12
     131   12
     132   12
     133   12
     134   12
     135   12
     136   12
     137   12
     138   12
     139   12
     140   12
     141   12
     142   12
     143   12
     144   12
     145   12
     146   12
     147   12
     148   12
     149   12
     150   12
     151   12
     152   12
     153   12
     154   12
     155    8
     156    8
     157   12
     158   12
     159   12
     160   12
     161   12
     162   12
     163    9
     164    9
     165    9
     166   11
     167    9
     168   12
     169   12
     170   12
     171   12
     172   10
     173   10
     174   10
     175   10
     176   10
     177   10
     178   13
     179   13
     180   13
     181   13
     182   13
     183   13
     184   13
     185   13
     186   13
     187   13
     188   13
     189   13
     190   13
     191   13
     192   13
     193   13
     194   13
     195   13
     196   13
     197   12
     198   12
     199   12
     200   10
     201   10
     202   13
     203   13
     204   13
     205   13
     206   14
     207   14
     208   14
     209   14
     210   14
     211   13
     212   13
     213   13
     214   13
     215   13
     216   13
     217   13
     218   13
     219   13
     220   13
     221   13
     222   13
     223   13
     224   13
     225   13
     226   13
     227   13
     228   13
     229   13
     230   13
     231   13
     232   13
     233   13
     234   13
     235   13
     236   13
     237   13
     238   13
     239   13
     240   13
     241   13
     242   13
     243   13
     244   13
     245   13
     246   13
     247   13
     248   13
     249   13
     250   13
     251   13
     252   13
     253   13
     254   13
     255   13
     256   13
     257   13
     258   10
     259   13
     260   13
     261   13
     262   13
     263   13
     264   13
     265   13
     266   13
     267   13
     268   13
     269   13
     270   13
     271   13
     272   13
     273   13
     274   13
     275   10
     276   10
     277   10
     278   10
     279   10
     280   12
     281   12
     282   12
     283   12
     284   12
     285   12
     286   12
     287   10
     288   10
     289   10
     290   10
     291   10
     292   12
     293    6
     294    4
     295    4
     296   12
     297   12
     298   12
     299   12
     300   12
     301   12
     302   12
     303    1
     304    1
     305   12
     306   12
     307   12
     308   12
     309   12
     310   12
     311   12
     312   12
     313   12
     314   12
     315   10
     316   10
     317   10
     318   10
     319   10
     320   13
     321   12
     322   12
     323   12
     324   12
     325   13
     326   12
     327   13
     328   13
     329   13
     330   13
     331   13
     332   13
     333   13
     334   13
     335   13
     336   13
     337   13
     338   13
     339   13
     340   13
     341   13
     342   13
     343   13
     344   13
     345   13
     346   13
     347   13
     348   13
     349   13
     350   13
     351   13
     352   13
     353   13
     354   13
     355   13
     356   13
     357   13
     358   13
     359   13
     360   13
     361   13
     362   13
     363   13
     364   13
     365   13
     366   13
     367   13
     368   13
     369   13
     370   13
     371   13
     372   13
     373   13
     374   13
     375   13
     376   13
     377   13
     378   13
     379   13
     380   10
     381   10
     382   10
     383   10
     384   10
     385   10
     386   10
     387   10
     388   11
     389   11
     390   11
     391   10
     392   10
     393   10
     394   10
     395   10
     396   10
     397    9
     398   10
     399   10
     400   10
     401   10
     402   10
     403   10
     404   10
     405   10
     406   10
     407   10
     408   10
     409   10
     410   10
     411   10
     412   10
     413   10
     414   10
     415   10
     416   10
     417   10
     418   10
     419   10
     420   10
     421   10
     422   10
     423   10
     424    9
     425   10
     426   11
     427   11
     428   11
     429   11
     430    2
     431    2
     432    2
     433    2
     434    2
     435    2
     436    2
     437    2
     438    2
     439    2
     440    2
     441    2
     442    2
     443    2
     444    2
     445    2
     446    2
     447    3
     448    3
     449    3
     450    3
     451    3
     452    1
     453    1
     454    3
     455    3
     456    3
     457    3
     458    2
     459    2
     460    3
     461    3
     462    3
     463    3
     464    3
     465    3
     466    2
     467    2
     468    2
     469    1
     470    1
     471    3
     472    3
     473    3
     474    3
     475    3
     476    5
     477    5
     478    6
     479    6
     480    8
     481    8
     482    8
     483    7
     484    8
     485    8
     486    9
     487   11
     488   11
     489   11
     490   11
     491    9
     492   12
     493    8
     494    7
     495    8
     496    7
     497    8
     498    9
     499   11
     500   11
     501   11
     502   11
     503   11
     504   11
     505   11
     506   11
     507    9
     508    9
     509   10
     510   10
     511   10
     512   10
     513   10
     514   10
     515   10
     516   10
     517   10
     518   10
     519   10
     520   10
     521   10
     522   10
     523   10
     524   10
     525   10
     526   10
     527   10
     528   10
     529   10
     530   10
     531   10
     532   10
     533   10
     534   10
     535   10
     536   12
     537   12
     538   12
     539   12
     540   10
     541   12
     542    8
     543   10
     544   10
     545   10
     546   10
     547   10
     548   10
     549   10
     550   10
     551   10
     552   10
     553    9
     554   10
     555   10
     556   10
     557   10
     558   10
     559   10
     560   10
     561   10
     562    8
     563   12
     564    8
     565    7
     566    8
     567   12
     568    8
     569    8
     570    1
     571    3
     572    6
     573   10
     574   10
     575   10
     576   10
     577   10
     578    6
     579    5
     580    8
     581    8
     582   12
     583   10
     584   10
     585   10
     586   10
     587    8
     588   12
     589   12
     590   12
     591   12
     592   12
     593   12
     594   12
     595   12
     596   12
     597   12
     598   12
     599    1
     600    1
     601    1
     602    1
     603    1
     604   12
     605   12
     606    4
     607    4
     608    4
     609    4
     610    6
     611    8
     612   10
     613   10
     614   10
     615   10
     616   10
     617   10
     618   10
     619   10
     620   10
     621   10
     622   10
     623   10
     624   10
     625   10
     626   10
     627   10
     628    9
     629    6
     630    4
     631    4
     632    3
     633    1
     634    1
     635    1
     636    1
     637    1
     638   12
     639   12
     640   12
     641   12
     642    1
     643   12
     644    6
     645    3
     646    1
     647    1
     648   12
     649    8
     650   10
     651   10
     652   10
     653   10
     654   10
     655   10
     656   10
     657    9
     658   11
     659   11
     660   11
     661    8
     662    7
     663    8
     664    8
     665    8
     666    6
     667    6
     668    6
     669    3
     670    1
     671    5
     672    1
     673    3
     674    5
     675    5
     676    3
     677    3
     678    3
     679    5
     680    3
     681    3
     682    3
     683    3
     684    3
     685    3
     686    5
     687    3
     688    3
     689    3
     690    3
     691    3
     692    3
     693    3
     694    3
     695    3
     696    3
     697    3
     698    3
     699    3
     700    5
     701    6
     702    6
     703    7
     704   12
     705    8
     706    7
     707    8
     708    1
     709    3
     710    3
     711    3
     712    5
     713    5
     714    6
     715    8
     716    8
     717   10
     718   10
     719   10
     720   10
     721   12
     722   12
     723   12
     724   12
     725   12
     726    8
     727    6
     728    4
     729   12
     730   12
     731   12
     732    8
     733    8
     734   12
     735   12
     736   12
     737   12
     738   12
     739   10
     740   10
     741   13
     742   13
     743   13
     744   13
     745   13
     746   13
     747   13
     748   13
     749   13
     750   13
     751   13
     752   13
     753   13
     754   13
     755   13
     756   13
     757   13
     758   13
     759   13
     760   13
     761   13
     762   13
     763   13
     764   13
     765   13
     766   13
     767   13
     768   13
     769   13
     770   13
     771   13
     772   13
     773   13
     774   13
     775   13
     776   13
     777   13
     778   13
     779   13
     780   13
     781   13
     782   13
     783   13
     784   13
     785   13
     786   10
     787   10
     788   10
     789   10
     790   12
     791   12
     792   12
     793   12
     794   12
     795   12
     796   12
     797   12
     798   12
     799    8
     800   10
     801   13
     802   13
     803   13
     804   13
     805   13
     806   13
     807   13
     808   13
     809   13
     810   13
     811   13
     812   13
     813   13
     814   13
     815   13
     816   13
     817   13
     818   13
     819   13
     820   13
     821   13
     822    8
     823   12
     824   12
     825   12
     826   12
     827   12
     828   12
     829    8
     830   12
     831   10
     832   13
     833   13
     834   13
     835   13
     836   13
     837   13
     838   13
     839   13
     840   13
     841   13
     842   13
     843   13
     844   13
     845   13
     846   13
     847   13
     848   13
     849   13
     850   13
     851   10
     852   10
     853   10
     854   13
     855   13
     856   13
     857   13
     858   13
     859   13
     860   13
     861   13
     862   13
     863   10
     864   10
     865   10
     866   10
     867   10
     868   10
     869   10
     870   10
     871   10
     872   10
     873   10
     874   10
     875   10
     876   10
     877   10
     878   10
     879   10
     880   10
     881   10
     882   10
     883   10
     884   10
     885   10
     886   10
     887   10
     888   10
     889   10
     890   10
     891   10
     892   10
     893   10
     894   10
     895   10
     896   10
     897   10
     898   10
     899    8
     900   10
     901    8
     902    8
     903    7
     904   10
     905   10
     906   10
     907   10
     908   10
     909   10
     910   10
     911   10
     912   12
     913   12
     914   12
     915   12
     916   12
     917   12
     918   12
     919   12
     920   12
     921   10
     922    6
     923    4
     924    4
     925    4
     926    4
     927    4
     928    4
     929    4
     930    4
     931    4
     932    4
     933   12
     934   12
     935   12
     936   12
     937   12
     938   12
     939   12
     940   12
     941   12
     942   12
     943   12
     944   12
     945   12
     946   12
     947   12
     948    1
     949    1
     950    1
     951    1
     952    1
     953    1
     954    1
     955    1
     956    1
     957    1
     958    4
     959    6
     960    1
     961    1
     962    1
     963    1
     964    1
     965    3
     966    6
     967    5
     968    1
     969    1
     970    1
     971    1
     972    1
     973    5
     974    1
     975    8
     976    8
     977    1
     978    1
     979    1
     980    1
     981    1
     982    1
     983    1
     984    3
     985    3
     986    3
     987    3
     988    5
     989    4
     990    4
     991    4
     992    4
     993    4
     994    4
     995    4
     996    4
     997    4
     998    4
     999    4
    1000    4
    1001    4
    1002    5
    1003    6
    1004    9
    1005   11
    1006   11
    1007   11
    1008    9
    1009   10
    1010   12
    1011   12
    1012    8
    1013    7
    1014    8
    1015    8
    1016   12
    1017    8
    1018    8
    1019    8
    1020   10
    1021    9
    1022    8
    1023   10
    1024   12
    1025   12
    1026    7
    1027    8
    1028   12
    1029   12
    1030   12
    1031    8
    1032    6
    1033    7
    1034    8
    1035   12
    1036   12
    1037   12
    1038   12
    1039   12
    1040   12
    1041   12
    1042   12
    1043    7
    1044    9
    1045    9
    1046    9
    1047    9
    1048   10
    1049   10
    1050   10
    1051   10
    1052   10
    1053   10
    1054   10
    1055   10
    1056   10
    1057    9
    1058   10
    1059   10
    1060   10
    1061   10
    1062   10
    1063   10
    1064   10
    1065   10
    1066   10
    1067   10
    1068   10
    1069   10
    1070   10
    1071   10
    1072   10
    1073   10
    1074   10
    1075   10
    1076   10
    1077   10
    1078   10
    1079   10
    1080   10
    1081   10
    1082   10
    1083   10
    1084   10
    1085   10
    1086   10
    1087   10
    1088   10
    1089   10
    1090   10
    1091   10
    1092   10
    1093   10
    1094   10
    1095   10
    1096   10
    1097   10
    1098   10
    1099   10
    1100   10
    1101   10
    1102   10
    1103   10
    1104   10
    1105   10
    1106   10
    1107   10
    1108   10
    1109   10
    1110   10
    1111   10
    1112   10
    1113   10
    1114   10
    1115   10
    1116   10
    1117   10
    1118   10
    1119   10
    1120   10
    1121    8
    1122   12
    1123   10
    1124   10
    1125   10
    1126   10
    1127   10
    1128   10
    1129   10
    1130   10
    1131   10
    1132   10
    1133   10
    1134   10
    1135   10
    1136   10
    1137   10
    1138   10
    1139   10
    1140   10
    1141   10
    1142   10
    1143   10
    1144   10
    1145   10
    1146   10
    1147   10
    1148   10
    1149   10
    1150   10
    1151   10
    1152   10
    1153   10
    1154   10
    1155   10
    1156   10
    1157   10
    1158   10
    1159   10
    1160   10
    1161   10
    1162   10
    1163   10
    1164   10
    1165   10
    1166   10
    1167   10
    1168   10
    1169   10
    1170   10
    1171   10
    1172   10
    1173   10
    1174    9
    1175   11
    1176   11
    1177   11
    1178    9
    1179    9
    1180   11
    1181   11
    1182   11
    1183   11
    1184   11
    1185   11
    1186    9
    1187   10
    1188   10
    1189   10
    1190   10
    1191   10
    1192   10
    1193   10
    1194   10
    1195   10
    1196   10
    1197    6
    1198    6
    1199    8
    1200   10
    1201   10
    1202   10
    1203   10
    1204   10
    1205    9
    1206    8
    1207    8
    1208    8
    1209   10
    1210   10
    1211   10
    1212   10
    1213   10
    1214   10
    1215   10
    1216    8
    1217    8
    1218   10
    1219   10
    1220   10
    1221   10
    1222    8
    1223    8
    1224    8
    1225   12
    1226    8
    1227    8
    1228    8
    1229   12
    1230   10
    1231   10
    1232   10
    1233   10
    1234   10
    1235   10
    1236   10
    1237   10
    1238    6
    1239    6
    1240    4
    1241    4
    1242    4
    1243    4
    1244    4
    1245    4
    1246    5
    1247    6
    1248    6
    1249    5
    1250    1
    1251   12
    1252   12
    1253   10
    1254   10
    1255   10
    1256   10
    1257   10
    1258   10
    1259   10
    1260   10
    1261   10
    1262   10
    1263    9
    1264    8
    1265    8
    1266    6
    1267    3
    1268    5
    1269    5
    1270    3
    1271    3
    1272    3
    1273    3
    1274    3
    1275    3
    1276    6
    1277    6
    1278    1
    1279    1
    1280    8
    1281    1
    1282   12
    1283    9
    1284   11
    1285   11
    1286   11
    1287    9
    1288    9
    1289   10
    1290   10
    1291   10
    1292   10
    1293   10
    1294   10
    1295   10
    1296   10
    1297   11
    1298   11
    1299   11
    1300   11
    1301   11
    1302   11
    1303   11
    1304   11
    1305   11
    1306   11
    1307   11
    1308   11
    1309   11
    1310   11
    1311   11
    1312   11
    1313   11
    1314   11
    1315   10
    1316   10
    1317   10
    1318   10
    1319   10
    1320   10
    1321   10
    1322   10
    1323   10
    1324   10
    1325   10
    1326   11
    1327   11
    1328   11
    1329   11
    1330   11
    1331    9
    1332   11
    1333   11
    1334   11
    1335   11
    1336   12
    1337   12
    1338   12
    1339   12
    1340   12
    1341   12
    1342   12
    1343   12
    1344   12
    1345    8
    1346   12
    1347    8
    1348    8
    1349   12
    1350   13
    1351   13
    1352   13
    1353   13
    1354   13
    1355   13
    1356   13
    1357   13
    1358   13
    1359   13
    1360   13
    1361   13
    1362   13
    1363   13
    1364   13
    1365   13
    1366   13
    1367   13
    1368   13
    1369   13
    1370   13
    1371   13
    1372   13
    1373   13
    1374   13
    1375   13
    1376   13
    1377   12
    1378   12
    1379    6
    1380    6
    1381   12
    1382   12
    1383   12
    1384   12
    1385   12
    1386   12
    1387   12
    1388   12
    1389   12
    1390   12
    1391   10
    1392   10
    1393   10
    1394   12
    1395   12
    1396   12
    1397    8
    1398   12
    1399   12
    1400   12
    1401   12
    1402   12
    1403   12
    1404   12
    1405   12
    1406   12
    1407   12
    1408   12
    1409   12
    1410   12
    1411   10
    1412   10
    1413   10
    1414   10
    1415   10
    1416   12
    1417   12
    1418   12
    1419   12
    1420   12
    1421   12
    1422   12
    1423   12
    1424    9
    1425   11
    1426    9
    1427    9
    1428   12
    1429    1
    1430    3
    1431    5
    1432    6
    1433    6
    1434    6
    1435    8
    1436    6
    1437    6
    1438    9
    1439    9
    1440    9
    1441   11
    1442    9
    1443    9
    1444    9
    1445    9
    1446    9
    1447    9
    1448    9
    1449    9
    1450    9
    1451   11
    1452   11
    1453   11
    1454   11
    1455    9
    1456   11
    1457   11
    1458   11
    1459   10
    1460   12
    1461   12
    1462   12
    1463   12
    1464   12
    1465   12
    1466   12
    1467   12
    1468   12
    1469   12
    1470   10
    1471   10
    1472   10
    1473   10
    1474   10
    1475   10
    1476   10
    1477   10
    1478   10
    1479   10
    1480   10
    1481   10
    1482   10
    1483   10
    1484   10
    1485   10
    1486   10
    1487   10
    1488   10
    1489   10
    1490   10
    1491   10
    1492   10
    1493   10
    1494   10
    1495   10
    1496   10
    1497   12
    1498    8
    1499   10
    1500   10
    1501   10
    1502   12
    1503   12
    1504   12
    1505   12
    1506   12
    1507   12
    1508   12
    1509   12
    1510   12
    1511   12
    1512   12
    1513    1
    1514    1
    1515    1
    1516    1
    1517   12
    1518   12
    1519   12
    1520   12
    1521   12
    1522   12
    1523   12
    1524   12
    1525   12
    1526   12
    1527   12
    1528    4
    1529    5
    1530    1
    1531    6
    1532    1
    1533    1
    1534    3
    1535    3
    1536    3
    1537    3
    1538    3
    1539    3
    1540    6
    1541   12
    1542   12
    1543    7
    1544    8
    1545    8
    1546    8
    1547    8
    1548   12
    1549   12
    1550    8
    1551    8
    1552   12
    1553   12
    1554    8
    1555    6
    1556    6
    1557    3
    1558    1
    1559    1
    1560    1
    1561    1
    1562    1
    1563    1
    1564    1
    1565    1
    1566    1
    1567    1
    1568    1
    1569    1
    1570    1
    1571    1
    1572    1
    1573    1
    1574   12
    1575   12
    1576   10
    1577   10
    1578   10
    1579   10
    1580   10
    1581   11
    1582   11
    1583   10
    1584   10
    1585   10
    1586   10
    1587    9
    1588   10
    1589   10
    1590   10
    1591   10
    1592   10
    1593   10
    1594   10
    1595   10
    1596   10
    1597   10
    1598   10
    1599   10
    1600   10
    1601   10
    1602   10
    1603   10
    1604   10
    1605   10
    1606   10
    1607   10
    1608   10
    1609   10
    1610   10
    1611   10
    1612   10
    1613   10
    1614   10
    1615   10
    1616   10
    1617   10
    1618   10
    1619   10
    1620   10
    1621   10
    1622   10
    1623   10
    1624   10
    1625   10
    1626   10
    1627   10
    1628   10
    1629   10
    1630   10
    1631   10
    1632   10
    1633   10
    1634   10
    1635   10
    1636   10
    1637   10
    1638   10
    1639   10
    1640   10
    1641   10
    1642   10
    1643   10
    1644   10
    1645   10
    1646   10
    1647   10
    1648   10
    1649   10
    1650   10
    1651   10
    1652   10
    1653   10
    1654   10
    1655   10
    1656   10
    1657   10
    1658   10
    1659   10
    1660   10
    1661   10
    1662   10
    1663   10
    1664   10
    1665   10
    1666   10
    1667   10
    1668   10
    1669   10
    1670   10
    1671   10
    1672   10
    1673   10
    1674   10
    1675   10
    1676   10
    1677   10
    1678   10
    1679   10
    1680   10
    1681   10
    1682   10
    1683   10
    1684   10
    1685   10
    1686   10
    1687   10
    1688   10
    1689    9
    1690   11
    1691   11
    1692   10
    1693   10
    1694   10
    1695   10
    1696   10
    1697   10
    1698   10
    1699   10
    1700   10
    1701   10
    1702   10
    1703   10
    1704   10
    1705   10
    1706   10
    1707   10
    1708   10
    1709   10
    1710   10
    1711   10
    1712   10
    1713   10
    1714   10
    1715   10
    1716   10
    1717   10
    1718   10
    1719   10
    1720   10
    1721   10
    1722   10
    1723   10
    1724   10
    1725   10
    1726   10
    1727   10
    1728   10
    1729   10
    1730   10
    1731   10
    1732   10
    1733   10
    1734   10
    1735   10
    1736   10
    1737   10
    1738   10
    1739   10
    1740   10
    1741   10
    1742   10
    1743   10
    1744   10
    1745   10
    1746   10
    1747   10
    1748   10
    1749   10
    1750   10
    1751   10
    1752   10
    1753   10
    1754   10
    1755   10
    1756   10
    1757   10
    1758   10
    1759   10
    1760   10
    1761   10
    1762   10
    1763   10
    1764   10
    1765   10
    1766   10
    1767   10
    1768   10
    1769   10
    1770   10
    1771   10
    1772   10
    1773   10
    1774   10
    1775   10
    1776   10
    1777   10
    1778    9
    1779   10
    1780   10
    1781   10
    1782   10
    1783   10
    1784   10
    1785   10
    1786    8
    1787   12
    1788   12
    1789   12
    1790   12
    1791   12
    1792    7
    1793    7
    1794    7
    1795    8
    1796    8
    1797    8
    1798    8
    1799    7
    1800   12
    1801   12
    1802   12
    1803   12
    1804   12
    1805   12
    1806   12
    1807   12
    1808   12
    1809   12
    1810   12
    1811    1
    1812    1
    1813    1
    1814   12
    1815   12
    1816   12
    1817   12
    1818   12
    1819   12
    1820   12
    1821    1
    1822   12
    1823    1
    1824    1
    1825    1
    1826    1
    1827    7
    1828    7
    1829    2
    1830    2
    1831    5
    1832    4
    1833    4
    1834    4
    1835    4
    1836    5
    1837    6
    1838   12
    1839   12
    1840    8
    1841   12
    1842   12
    1843   12
    1844   12
    1845    7
    1846    6
    1847    5
    1848    5
    1849    5
    1850    5
    1851    4
    1852    4
    1853    5
    1854    5
    1855    3
    1856    3
    1857    5
    1858    3
    1859    3
    1860    3
    1861    3
    1862    5
    1863    5
    1864    5
    1865    5
    1866    5
    1867    3
    1868    3
    1869    3
    1870    3
    1871    3
    1872    3
    1873    5
    1874    5
    1875    5
    1876    5
    1877    3
    1878    3
    1879    1
    1880    1
    1881    1
    1882    2
    1883    5
    1884    3
    1885    3
    1886    1
    1887    1
    1888    1
    1889    5
    1890    5
    1891    1
    1892    1
    1893    1
    1894    1
    1895    1
    1896    1
    1897    5
    1898    1
    1899    1
    1900    1
    1901    1
    1902    1
    1903    5
    1904    6
    1905    5
    1906    1
    1907    1
    1908    1
    1909    1
    1910    1
    1911   12
    1912   12
    1913   12
    1914   12
    1915   12
    1916   12
    1917   12
    1918   12
    1919   12
    1920    6
    1921    6
    1922   12
    1923   12
    1924   12
    1925    8
    1926   12
    1927   12
    1928   12
    1929    9
    1930   10
    1931   10
    1932   10
    1933   10
    1934   12
    1935   12
    1936   12
    1937   12
    1938   12
    1939   12
    1940    4
    1941    4
    1942    4
    1943    4
    1944    6
    1945    7
    1946   12
    1947   12
    1948   12
    1949   12
    1950   10
    1951   10
    1952   10
    1953   10
    1954   10
    1955   12
    1956   12
    1957    8
    1958   10
    1959   10
    1960   10
    1961   10
    1962   10
    1963   10
    1964   10
    1965   10
    1966   10
    1967   10
    1968   10
    1969    9
    1970   11
    1971   11
    1972   11
    1973   11
    1974   11
    1975   11
    1976   11
    1977   11
    1978   11
    1979   11
    1980   11
    1981   11
    1982   11
    1983   11
    1984   11
    1985   11
    1986   10
    1987   10
    1988   12
    1989   12
    1990   12
    1991    1
    1992    2
    1993    2
    1994    2
    1995    2
    1996    2
    1997    2
    1998    2
    1999    3
    2000    3
    2001    3
    2002    3
    2003    3
    2004    3
    2005    6
    2006    8
    2007   12
    2008   12
    2009   12
    2010    1
    2011    1
    2012    5
    2013    6
    2014    5
    2015    4
    2016    4
    2017    1
    2018    1
    2019    1
    2020    1
    2021    1
    2022    1
    2023    1
    2024    1
    2025    1
    2026   12
    2027   12
    2028   12
    2029   12
    2030   12
    2031   12
    2032   12
    2033   12
    2034    7
    2035    7
    2036    4
    2037    1
    2038    1
    2039    2
    2040    7
    2041    8
    2042   11
    2043   11
    2044   11
    2045   11
    2046   11
    2047   11
    2048   11
    2049    9
    2050    9
    2051   11
    2052   11
    2053    9
    2054   12
    2055    8
    2056    8
    2057    8
    2058    7
    2059    8
    2060    8
    2061    8
    2062   12
    2063    8
    2064    7
    2065    6
    2066    4
    2067    4
    2068    4
    2069    4
    2070    4
    2071    4
    2072    4
    2073    4
    2074    4
    2075    4
    2076    4
    2077    4
    2078    4
    2079    1
    2080   12
    2081   12
    2082   12
    2083   12
    2084   12
    2085   12
    2086   12
    2087   12
    2088   12
    2089   12
    2090    8
    2091   12
    2092    1
    2093    1
    2094    1
    2095    1
    2096    1
    2097    1
    2098    1
    2099    7
    2100    8
    2101    7
    2102    8
    2103    9
    2104   10
    2105   12
    2106   12
    2107    3
    2108    6
    2109    9
    2110   12
    2111   12
    2112   12
    2113   12
    2114   12
    2115   12
    2116    8
    2117    8
    2118    8
    2119   12
    2120    1
    2121    1
    2122    1
    2123    1
    2124    1
    2125    3
    2126    6
    2127    6
    2128    3
    2129    3
    2130    3
    2131    3
    2132    2
    2133    2
    2134    2
    2135   12
    2136   12
    2137   11
    2138   11
    2139   11
    2140   11
    2141   11
    2142   11
    2143   11
    2144    9
    2145   11
    2146   11
    2147   11
    2148   11
    2149   11
    2150   11
    2151   11
    2152   11
    2153   11
    2154   11
    2155   11
    2156   11
    2157   11
    2158    9
    2159   11
    2160   11
    2161   11
    2162    9
    2163   10
    2164   10
    2165   10
    2166   10
    2167   10
    2168   10
    2169   10
    2170   10
    2171   10
    2172   11
    2173   11
    2174   11
    2175   11
    2176   11
    2177   11
    2178   11
    2179   11
    2180   11
    2181   11
    2182   11
    2183   11
    2184   11
    2185   11
    2186   11
    2187   11
    2188   11
    2189   11
    2190   11
    2191   11
    2192   11
    2193   11
    2194   11
    2195   11
    2196   12
    2197   12
    2198   12
    2199   12
    2200   11
    2201   11
    2202   11
    2203   11
    2204   11
    2205   11
    2206   11
    2207   11
    2208   11
    2209   11
    2210   11
    2211   11
    2212   11
    2213   11
    2214   11
    2215   11
    2216   11
    2217   11
    2218   11
    2219   11
    2220   11
    2221   11
    2222   11
    2223   11
    2224   11
    2225   11
    2226   11
    2227   11
    2228   11
    2229   11
    2230   11
    2231   11
    2232   11
    2233   11
    2234   11
    2235   12
    2236   12
    2237   13
    2238   13
    2239   13
    2240   13
    2241   13
    2242   13
    2243   13
    2244   13
    2245   13
    2246   13
    2247   13
    2248   13
    2249   13
    2250   13
    2251   13
    2252   13
    2253   13
    2254   13
    2255   13
    2256   13
    2257   13
    2258   13
    2259   13
    2260   13
    2261   13
    2262   13
    2263   13
    2264   13
    2265   13
    2266   10
    2267   10
    2268   10
    2269   10
    2270   10
    2271   10
    2272   10
    2273   10
    2274   10
    2275   10
    2276   10
    2277   10
    2278   10
    2279   10
    2280   10
    2281   10
    2282   10
    2283   10
    2284   10
    2285   10
    2286   10
    2287   10
    2288   10
    2289   10
    2290   10
    2291   10
    2292   10
    2293   10
    2294   10
    2295   10
    2296   10
    2297   10
    2298   10
    2299   10
    2300   10
    2301   10
    2302   10
    2303   10
    2304   13
    2305   13
    2306   13
    2307   13
    2308   13
    2309   13
    2310   13
    2311   13
    2312   13
    2313   13
    2314   13
    2315   13
    2316   13
    2317   13
    2318   13
    2319   13
    2320   13
    2321   13
    2322   13
    2323   13
    2324   13
    2325   13
    2326   13
    2327   13
    2328   13
    2329   13
    2330   13
    2331   13
    2332   13
    2333   13
    2334   13
    2335   10
    2336   10
    2337   10
    2338   10
    2339   10
    2340   10
    2341   10
    2342   10
    2343   10
    2344   10
    2345   10
    2346   10
    2347   10
    2348   10
    2349   10
    2350   10
    2351   10
    2352   10
    2353   10
    2354   10
    2355   10
    2356   10
    2357   10
    2358   10
    2359   10
    2360   10
    2361   10
    2362   10
    2363   10
    2364   13
    2365   13
    2366   13
    2367   13
    2368   13
    2369   13
    2370   13
    2371   13
    2372   13
    2373   13
    2374   13
    2375   13
    2376   13
    2377   13
    2378   13
    2379   13
    2380   13
    2381   13
    2382   13
    2383   13
    2384   13
    2385   13
    2386   13
    2387   13
    2388   13
    2389   13
    2390   13
    2391   13
    2392   13
    2393   13
    2394   13
    2395   13
    2396   13
    2397   13
    2398   13
    2399   13
    2400   13
    2401   13
    2402   13
    2403   13
    2404   13
    2405   13
    2406   13
    2407   13
    2408   13
    2409   13
    2410   13
    2411    8
    2412   10
    2413   10
    2414   10
    2415   10
    2416   10
    2417   10
    2418   10
    2419   10
    2420   10
    2421   10
    2422   10
    2423   10
    2424   13
    2425   13
    2426   13
    2427   13
    2428   13
    2429   13
    2430   13
    2431   13
    2432   13
    2433   13
    2434   13
    2435   13
    2436   13
    2437   13
    2438   13
    2439   10
    2440   10
    2441   10
    2442   10
    2443   10
    2444   10
    2445   10
    2446   10
    2447   10
    2448   10
    2449   10
    2450   10
    2451   10
    2452   10
    2453   10
    2454   10
    2455   10
    2456   10
    2457   10
    2458   10
    2459   10
    2460   10
    2461   10
    2462   10
    2463   10
    2464   10
    2465   10
    2466   10
    2467   10
    2468   10
    2469   10
    2470   10
    2471   10
    2472   10
    2473   10
    2474   10
    2475   10
    2476   10
    2477   10
    2478   10
    2479   10
    2480   10
    2481   10
    2482   10
    2483   10
    2484   10
    2485   10
    2486   10
    2487   10
    2488   10
    2489   10
    2490   10
    2491   11
    2492   11
    2493   11
    2494   11
    2495   11
    2496   10
    2497   10
    2498   10
    2499   10
    2500    8
    2501   10
    2502   10
    2503   10
    2504   10
    2505    6
    2506    6
    2507    6
    2508    3
    2509    5
    2510    5
    2511    5
    2512    3
    2513    3
    2514    3
    2515    3
    2516    3
    2517    3
    2518    1
    2519    1
    2520    1
    2521    1
    2522    1
    2523    1
    2524    1
    2525    5
    2526    1
    2527   12
    2528   12
    2529   12
    2530   12
    2531    1
    2532   12
    2533    1
    2534    1
    2535    1
    2536   12
    2537   12
    2538   12
    2539    8
    2540    5
    2541    5
    2542    5
    2543    1
    2544   12
    2545   12
    2546   12
    2547   12
    2548   12
    2549   12
    2550   12
    2551    1
    2552    1
    2553    6
    2554    5
    2555    4
    2556    4
    2557    4
    2558    4
    2559   12
    2560   12
    2561   12
    2562   12
    2563   12
    2564   12
    2565   12
    2566   12
    2567   12
    2568   12
    2569   12
    2570   12
    2571   12
    2572   12
    2573    7
    2574   12
    2575   12
    2576   12
    2577   12
    2578   12
    2579   12
    2580   12
    2581    1
    2582    3
    2583    3
    2584    3
    2585    5
    2586    6
    2587    8
    2588    8
    2589    8
    2590   12
    2591    1
    2592    3
    2593    3
    2594    3
    2595    3
    2596    6
    2597    8
    2598    8
    2599    6
    2600    5
    2601    4
    2602    4
    2603    1
    2604    1
    2605    5
    2606    1
    2607    7
    2608   12
    2609    1
    2610    1
    2611    1
    2612    1
    2613    3
    2614    3
    2615    5
    2616    5
    2617    5
    2618    4
    2619    5
    2620    6
    2621   12
    2622    8
    2623   10
    2624   10
    2625   12
    2626    1
    2627    1
    2628    3
    2629    6
    2630    8
    2631   12
    2632   10
    2633    7
    2634    8
    2635   12
    2636   12
    2637   12
    2638   12
    2639   12
    2640   12
    2641   12
    2642   12
    2643   12
    2644   12
    2645   12
    2646    7
    2647   12
    2648   12
    2649   12
    2650    8
    2651    7
    2652    8
    2653   12
    2654   12
    2655   12
    2656    8
    2657    8
    2658   13
    2659   13
    2660   13
    2661   13
    2662   13
    2663   13
    2664   13
    2665   13
    2666   13
    2667   13
    2668   13
    2669   13
    2670   13
    2671   13
    2672   13
    2673   13
    2674   13
    2675   13
    2676   13
    2677   13
    2678   13
    2679   13
    2680   13
    2681   13
    2682   13
    2683   13
    2684   13
    2685   13
    2686   13
    2687   13
    2688   13
    2689   13
    2690   13
    2691   13
    2692   13
    2693   13
    2694   13
    2695   13
    2696   13
    2697   13
    2698   13
    2699   13
    2700   13
    2701   13
    2702   13
    2703   13
    2704   13
    2705   13
    2706   13
    2707   13
    2708   13
    2709   13
    2710   13
    2711   13
    2712   13
    2713   13
    2714   13
    2715   13
    2716   13
    2717   13
    2718   13
    2719   13
    2720   13
    2721   13
    2722   13
    2723   13
    2724   13
    2725   13
    2726   13
    2727   13
    2728   13
    2729   13
    2730    8
    2731    8
    2732   12
    2733   12
    2734   10
    2735   10
    2736   10
    2737   10
    2738   10
    2739   12
    2740   12
    2741    8
    2742   12
    2743   12
    2744   12
    2745   12
    2746   12
    2747    7
    2748    8
    2749    8
    2750    8
    2751    8
    2752    8
    2753    8
    2754    8
    2755    7
    2756    8
    2757   12
    2758    8
    2759    8
    2760    8
    2761   10
    2762   10
    2763   10
    2764   10
    2765   10
    2766   10
    2767   10
    2768   10
    2769    8
    2770   10
    2771   10
    2772   10
    2773   10
    2774   10
    2775   10
    2776   10
    2777   10
    2778   10
    2779   10
    2780   10
    2781   10
    2782   10
    2783   10
    2784   10
    2785   10
    2786   10
    2787   10
    2788    9
    2789   10
    2790   10
    2791   10
    2792   10
    2793   10
    2794   10
    2795   10
    2796   10
    2797   10
    2798   10
    2799   10
    2800   10
    2801   10
    2802   10
    2803   10
    2804   10
    2805   12
    2806   12
    2807    8
    2808   12
    2809   12
    2810   12
    2811   12
    2812   12
    2813   12
    2814   10
    2815    9
    2816   10
    2817   10
    2818   10
    2819   10
    2820   10
    2821   10
    2822   10
    2823   10
    2824   10
    2825   10
    2826   10
    2827   10
    2828   10
    2829   10
    2830   10
    2831   10
    2832   10
    2833   10
    2834   10
    2835   10
    2836   10
    2837   10
    2838   10
    2839   10
    2840   10
    2841   10
    2842   10
    2843   10
    2844   10
    2845   10
    2846   10
    2847   10
    2848   10
    2849   10
    2850   10
    2851   10
    2852   10
    2853   10
    2854   10
    2855   10
    2856   10
    2857   10
    2858   10
    2859   10
    2860   10
    2861   12
    2862   12
    2863   12
    2864   12
    2865   12
    2866   12
    2867   12
    2868   10
    2869   10
    2870   10
    2871   10
    2872    8
    2873   12
    2874   12
    2875    8
    2876    8
    2877   12
    2878   12
    2879   12
    2880   12
    2881   12
    2882   12
    2883   12
    2884   12
    2885   12
    2886   12
    2887   12
    2888   12
    2889   12
    2890   12
    2891   12
    2892    8
    2893    8
    2894   12
    2895   12
    2896   12
    2897   12
    2898   12
    2899   12
    2900   12
    2901   12
    2902   12
    2903   12
    2904   12
    2905   12
    2906   12
    2907   12
    2908   12
    2909   12
    2910   12
    2911   12
    2912   12
    2913   12
    2914   12
    2915   12
    2916   12
    2917   12
    2918   12
    2919   12
    2920    1
    2921    1
    2922   12
    2923   12
    2924   12
    2925   12
    2926   12
    2927   12
    2928   12
    2929   12
    2930   12
    2931   12
    2932   12
    2933   12
    2934   12
    2935   12
    2936   12
    2937   12
    2938    5
    2939    1
    2940    4
    2941    4
    2942    4
    2943    4
    2944    4
    2945    4
    2946    4
    2947    1
    2948    1
    2949    1
    2950    1
    2951    1
    2952    1
    2953    1
    2954    4
    2955    4
    2956    4
    2957    5
    2958    5
    2959    6
    2960   12
    2961   12
    2962   12
    2963   12
    2964   12
    2965   12
    2966   12
    2967   12
    2968   12
    2969   10
    2970    9
    2971   10
    2972   10
    2973   10
    2974   10
    2975   10
    2976   10
    2977   10
    2978   10
    2979   10
    2980   10
    2981    9
    2982   10
    2983   10
    2984   10
    2985   10
    2986   11
    2987   11
    2988   11
    2989   10
    2990   10
    2991   10
    2992   12
    2993   12
    2994    8
    2995    7
    2996   12
    2997   12
    2998   12
    2999   12
    3000   12
    3001    1
    3002    1
    3003   12
    3004   12
    3005   12
    3006   12
    3007    8
    3008    8
    3009   12
    3010    1
    3011    1
    3012    4
    3013    4
    3014    4
    3015    6
    3016   10
    3017   10
    3018   10
    3019   10
    3020   13
    3021   13
    3022   13
    3023   13
    3024   13
    3025   13
    3026   13
    3027   13
    3028   13
    3029   13
    3030   13
    3031   13
    3032   13
    3033   13
    3034   13
    3035   13
    3036   13
    3037   13
    3038   13
    3039   13
    3040   13
    3041   13
    3042   10
    3043   10
    3044   10
    3045   10
    3046   10
    3047   12
    3048   12
    3049   12
    3050   12
    3051   12
    3052   12
    3053   12
    3054   12
    3055   12
    3056   12
    3057   10
    3058   10
    3059   10
    3060   10
    3061   10
    3062   10
    3063   10
    3064   10
    3065   10
    3066   10
    3067   10
    3068   10
    3069   10
    3070   10
    3071   10
    3072   10
    3073   10
    3074   10
    3075   10
    3076   10
    3077   10
    3078   10
    3079   10
    3080   10
    3081   10
    3082   10
    3083   10
    3084   11
    3085   11
    3086   11
    3087   11
    3088   11
    3089   11
    3090   11
    3091   11
    3092   11
    3093   11
    3094   10
    3095   10
    3096   10
    3097   10
    3098   10
    3099   10
    3100   10
    3101   10
    3102   10
    3103   10
    3104   10
    3105   10
    3106   10
    3107   10
    3108   10
    3109   10
    3110   10
    3111   10
    3112   10
    3113   10
    3114   10
    3115    9
    3116   10
    3117   10
    3118   10
    3119    8
    3120   10
    3121   10
    3122   10
    3123   10
    3124   10
    3125   10
    3126   10
    3127   10
    3128   10
    3129   10
    3130   10
    3131   10
    3132   12
    3133   12
    3134    1
    3135    1
    3136    1
    3137    5
    3138    3
    3139    1
    3140    1
    3141    1
    3142    3
    3143    4
    3144    4
    3145    4
    3146    6
    3147    6
    3148   12
    3149   12
    3150   12
    3151    8
    3152    8
    3153    8
    3154    7
    3155    8
    3156   12
    3157   12
    3158    8
    3159    8
    3160   12
    3161   12
    3162   12
    3163   12
    3164    8
    3165   12
    3166   12
    3167    6
    3168    6
    3169    4
    3170    4
    3171    4
    3172    4
    3173    4
    3174    3
    3175    3
    3176    3
    3177    3
    3178    3
    3179    3
    3180    3
    3181    3
    3182    1
    3183    1
    3184    1
    3185    1
    3186    1
    3187    1
    3188    1
    3189   12
    3190   12
    3191   12
    3192   12
    3193   12
    3194   12
    3195   10
    3196   10
    3197   12
    3198   12
    3199   12
    3200   12
    3201   10
    3202    9
    3203   11
    3204   11
    3205   11
    3206   10
    3207   10
    3208   10
    3209   10
    3210   10
    3211   10
    3212   10
    3213   10
    3214   10
    3215   10
    3216   10
    3217   10
    3218   10
    3219   10
    3220   10
    3221   10
    3222   10
    3223   11
    3224   11
    3225   11
    3226    9
    3227   11
    3228   11
    3229   11
    3230   11
    3231    9
    3232   10
    3233    9
    3234    9
    3235   11
    3236   11
    3237    9
    3238    6
    3239    6
    3240    5
    3241    3
    3242    3
    3243    3
    3244    3
    3245    3
    3246    3
    3247    3
    3248    3
    3249    5
    3250    5
    3251    5
    3252    3
    3253    1
    3254    3
    3255    1
    3256    1
    3257    1
    3258    4
    3259    4
    3260    3
    3261    3
    3262    5
    3263    4
    3264    5
    3265    5
    3266    6
    3267    1
    3268   12
    3269   12
    3270    7
    3271    8
    3272   12
    3273   12
    3274   12
    3275   12
    3276   12
    3277   12
    3278   12
    3279   12
    3280    8
    3281    7
    3282   12
    3283   12
    3284   12
    3285    7
    3286    6
    3287    3
    3288    1
    3289    1
    3290    1
    3291    1
    3292    1
    3293    1
    3294    1
    3295    5
    3296    1
    3297    1
    3298    1
    3299   12
    3300    8
    3301   12
    3302    8
    3303   12
    3304   11
    3305   11
    3306   11
    3307   11
    3308   11
    3309   11
    3310   11
    3311   11
    3312   11
    3313   10
    3314   10
    3315   10
    3316   10
    3317   10
    3318   10
    3319   10
    3320   10
    3321   10
    3322   10
    3323   10
    3324   10
    3325   10
    3326   10
    3327   10
    3328   10
    3329   10
    3330   10
    3331   10
    3332   10
    3333   10
    3334   10
    3335   10
    3336   10
    3337   10
    3338   10
    3339    8
    3340   12
    3341   12
    3342   12
    3343   12
    3344   12
    3345   12
    3346   12
    3347   12
    3348   12
    3349   12
    3350   12
    3351   10
    3352   10
    3353   10
    3354   10
    3355   10
    3356   10
    3357   10
    3358   10
    3359   10
    3360    9
    3361   11
    3362   11
    3363   11
    3364    9
    3365    8
    3366    7
    3367    7
    3368    8
    3369    8
    3370   10
    3371   10
    3372   10
    3373   10
    3374   10
    3375   10
    3376   10
    3377   10
    3378   10
    3379   10
    3380    9
    3381   11
    3382   11
    3383   11
    3384   11
    3385   11
    3386   11
    3387   11
    3388   11
    3389   11
    3390   11
    3391   11
    3392   11
    3393   11
    3394   11
    3395   11
    3396   11
    3397    7
    3398    8
    3399    8
    3400    8
    3401    8
    3402    7
    3403    8
    3404    8
    3405    8
    3406   12
    3407    8
    3408   12
    3409    8
    3410    8
    3411    8
    3412   12
    3413   12
    3414    7
    3415   12
    3416   12
    3417    8
    3418    8
    3419   12
    3420    8
    3421   12
    3422    8
    3423    8
    3424    8
    3425    8
    3426    7
    3427    8
    3428    7
    3429    7
    3430    8
    3431    8
    3432   12
    3433   12
    3434   15
    3435   12
    3436    8
    3437    8
    3438    8
    3439   12
    3440   12
    3441   12
    3442   12
    3443   12
    3444    8
    3445   12
    3446    8
    3447    8
    3448   12
    3449   10
    3450   10
    3451   10
    3452   10
    3453   10
    3454   10
    3455   10
    3456   10
    3457   10
    3458   10
    3459   10
    3460   10
    3461   10
    3462   10
    3463   10
    3464   10
    3465   12
    3466   12
    3467   12
    3468   12
    3469   12
    3470   12
    3471   12
    3472   10
    3473   10
    3474   10
    3475   10
    3476   10
    3477   10
    3478   10
    3479   10
    3480   10
    3481   10
    3482   10
    3483   10
    3484   10
    3485   10
    3486   10
    3487   10
    3488   10
    3489    9
    3490    9
    3491   10
    3492   10
    3493   10
    3494   10
    3495   10
    3496   10
    3497    9
    3498   10
    3499   10
    3500   10
    3501   10
    3502   10
    3503   10
    3504   10
    3505   10
    3506   10
    3507   10
    3508   10
    3509   10
    3510   10
    3511   10
    3512   10
    3513   10
    3514   10
    3515   10
    3516   10
    3517   10
    3518   13
    3519   13
    3520   13
    3521   13
    3522   13
    3523   13
    3524   13
    3525   13
    3526   13
    3527   13
    3528   13
    3529   13
    3530   13
    3531   13
    3532   13
    3533   13
    3534   13
    3535   13
    3536   13
    3537   13
    3538   13
    3539   13
    3540   13
    3541   13
    3542   13
    3543   13
    3544   13
    3545   13
    3546   13
    3547   13
    3548   13
    3549   13
    3550   13
    3551   13
    3552   13
    3553   13
    3554   13
    3555   13
    3556   13
    3557   13
    3558   13
    3559   13
    3560   13
    3561   13
    3562   13
    3563   13
    3564   13
    3565   13
    3566   13
    3567   13
    3568   13
    3569   13
    3570   13
    3571   13
    3572   13
    3573   13
    3574    9
    3575   12
    3576   12
    3577   12
    3578   12
    3579   12
    3580   12
    3581   12
    3582   12
    3583   12
    3584   12
    3585   12
    3586   12
    3587   12
    3588    8
    3589   12
    3590   12
    3591    7
    3592    6
    3593    4
    3594    4
    3595    4
    3596    6
    3597    5
    3598    1
    3599   12
    3600   12
    3601   12
    3602   13
    3603   13
    3604   13
    3605   13
    3606   13
    3607   13
    3608   13
    3609   13
    3610   13
    3611   13
    3612   13
    3613   13
    3614   13
    3615   13
    3616   13
    3617   13
    3618   13
    3619   13
    3620   13
    3621   13
    3622   13
    3623   13
    3624   13
    3625   13
    3626   13
    3627   13
    3628   13
    3629   13
    3630   13
    3631   13
    3632   13
    3633   13
    3634   13
    3635   13
    3636   13
    3637   13
    3638   13
    3639   13
    3640   13
    3641   13
    3642   12
    3643    6
    3644    4
    3645    4
    3646    4
    3647    4
    3648   12
    3649   12
    3650   12
    3651    1
    3652    1
    3653    1
    3654   12
    3655   10
    3656   10
    3657   10
    3658   10
    3659   10
    3660   10
    3661   10
    3662   10
    3663   10
    3664   10
    3665   10
    3666   10
    3667   10
    3668   10
    3669   10
    3670   10
    3671   10
    3672   10
    3673   10
    3674   10
    3675   12
    3676   12
    3677   12
    3678   12
    3679   12
    3680   12
    3681   10
    3682   10
    3683   10
    3684   10
    3685   10
    3686   10
    3687   10
    3688   10
    3689   10
    3690   10
    3691   10
    3692   13
    3693   13
    3694   13
    3695   13
    3696   13
    3697   13
    3698   13
    3699   13
    3700   13
    3701   13
    3702   13
    3703   13
    3704   13
    3705   13
    3706   13
    3707   13
    3708   13
    3709   13
    3710   13
    3711   13
    3712   13
    3713   13
    3714   13
    3715   13
    3716   13
    3717   10
    3718   10
    3719   10
    3720   10
    3721   10
    3722   10
    3723   10
    3724   10
    3725   10
    3726   10
    3727   10
    3728   10
    3729   10
    3730   10
    3731   10
    3732   10
    3733   10
    3734   10
    3735   10
    3736   10
    3737   10
    3738   10
    3739   10
    3740   10
    3741   10
    3742   10
    3743   10
    3744   10
    3745   10
    3746   10
    3747   10
    3748   10
    3749   12
    3750   12
    3751   12
    3752   12
    3753    1
    3754    1
    3755    1
    3756    1
    3757    1
    3758    1
    3759    1
    3760    1
    3761    1
    3762    1
    3763    1
    3764    1
    3765    1
    3766    1
    3767   12
    3768   12
    3769   12
    3770   12
    3771   12
    3772   12
    3773   12
    3774   12
    3775   12
    3776   12
    3777   12
    3778   12
    3779    1
    3780    5
    3781    1
    3782    4
    3783    4
    3784   12
    3785   12
    3786   12
    3787   12
    3788   12
    3789    7
    3790   12
    3791   12
    3792   12
    3793   12
    3794   10
    3795   10
    3796   10
    3797   10
    3798   10
    3799   10
    3800   10
    3801   10
    3802   10
    3803   10
    3804   10
    3805   10
    3806   10
    3807   10
    3808   10
    3809   10
    3810   10
    3811   10
    3812   10
    3813   10
    3814   10
    3815   10
    3816   10
    3817   12
    3818   12
    3819   12
    3820   10
    3821   10
    3822   10
    3823   10
    3824   10
    3825   10
    3826   10
    3827   12
    3828   12
    3829   12
    3830   12
    3831   12
    3832   12
    3833   10
    3834   10
    3835   10
    3836   10
    3837   10
    3838   10
    3839   10
    3840   10
    3841   10
    3842   10
    3843   10
    3844   10
    3845   10
    3846   10
    3847   10
    3848   10
    3849   10
    3850   10
    3851   10
    3852   10
    3853   10
    3854   10
    3855   10
    3856   10
    3857   10
    3858   10
    3859   10
    3860   10
    3861   10
    3862   10
    3863   10
    3864   10
    3865   10
    3866   10
    3867   10
    3868   10
    3869   10
    3870   10
    3871   10
    3872   10
    3873   10
    3874   10
    3875   10
    3876   10
    3877   10
    3878   10
    3879   10
    3880   10
    3881   10
    3882   12
    3883   12
    3884   12
    3885   12
    3886   12
    3887   12
    3888   12
    3889    9
    3890    9
    3891   10
    3892   10
    3893   10
    3894   10
    3895   10
    3896   10
    3897   10
    3898   11
    3899    9
    3900    9
    3901   10
    3902   10
    3903   10
    3904   10
    3905   10
    3906   10
    3907   10
    3908   10
    3909   10
    3910   10
    3911    9
    3912   11
    3913   11
    3914   11
    3915    9
    3916    9
    3917   10
    3918   10
    3919   10
    3920   10
    3921    6
    3922    1
    3923    1
    3924   12
    3925   12
    3926   12
    3927   12
    3928   12
    3929   12
    3930   12
    3931   12
    3932    6
    3933    5
    3934    3
    3935    3
    3936    3
    3937    3
    3938    3
    3939    3
    3940    3
    3941    3
    3942    3
    3943    3
    3944    3
    3945    3
    3946    1
    3947    1
    3948    1
    3949   12
    3950   12
    3951   12
    3952    8
    3953   10
    3954    9
    3955   12
    3956   12
    3957    8
    3958    8
    3959   12
    3960   12
    3961   12
    3962   12
    3963   12
    3964   12
    3965   12
    3966   12
    3967    8
    3968    8
    3969   10
    3970   10
    3971   10
    3972   10
    3973   10
    3974    9
    3975   10
    3976   10
    3977   10
    3978   10
    3979   10
    3980   10
    3981   10
    3982   10
    3983   10
    3984   10
    3985   10
    3986   10
    3987    9
    3988   10
    3989    9
    3990   11
    3991   11
    3992    8
    3993   12
    3994    8
    3995   12
    3996   12
    3997    7
    3998    6
    3999    5
    4000    4
    4001    4
    4002    4
    4003    4
    4004    4
    4005    3
    4006    3
    4007    3
    4008    1
    4009    1
    4010    1
    4011    3
    4012    1
    4013    1
    4014    1
    4015    1
    4016    1
    4017    1
    4018    1
    4019    1
    4020    1
    4021    1
    4022    1
    4023    1
    4024    1
    4025    1
    4026    1
    4027    7
    4028   12
    4029   12
    4030   12
    4031   12
    4032   12
    4033    4
    4034    6
    4035    5
    4036   12
    4037   12
    4038   12
    4039   12
    4040   12
    4041   12
    4042   12
    4043   12
    4044    1
    4045    1
    4046    1
    4047    1
    4048    1
    4049    1
    4050    1
    4051    1
    4052   12
    4053   12
    4054   12
    4055   12
    4056   12
    4057   12
    4058   12
    4059   12
    4060   12
    4061   12
    4062   12
    4063   12
    4064   12
    4065   12
    4066   12
    4067   12
    4068   12
    4069   12
    4070   12
    4071   12
    4072   12
    4073   12
    4074   12
    4075   12
    4076   12
    4077   12
    4078   12
    4079   12
    4080   12
    4081   12
    4082   12
    4083   12
    4084   12
    4085   12
    4086   12
    4087   12
    4088    7
    4089   12
    4090   12
    4091   12
    4092   12
    4093   12
    4094   12
    4095    8
    4096   12
    4097   12
    4098   12
    4099   12
    4100   12
    4101    8
    4102    8
    4103   12
    4104   12
    4105   12
    4106   12
    4107   12
    4108   12
    4109   12
    4110   12
    4111   12
    4112   12
    4113   12
    4114   12
    4115   12
    4116   12
    4117   12
    4118   12
    4119   12
    4120   12
    4121   12
    4122   12
    4123   12
    4124   12
    4125   12
    4126   12
    4127    8
    4128   12
    4129   12
    4130   12
    4131   12
    4132    8
    4133    8
    4134   12
    4135   12
    4136    7
    4137   12
    4138   12
    4139   12
    4140   12
    4141   12
    4142   12
    4143   12
    4144   12
    4145   12
    4146   12
    4147   12
    4148   12
    4149   12
    4150   12
    4151   12
    4152   12
    4153   12
    4154   12
    4155   12
    4156   12
    4157   12
    4158    8
    4159    8
    4160    7
    4161   12
    4162   12
    4163   12
    4164   12
    4165   13
    4166   13
    4167   13
    4168   13
    4169   13
    4170   13
    4171   13
    4172   13
    4173   13
    4174   13
    4175   13
    4176   13
    4177   13
    4178   13
    4179   13
    4180   13
    4181   13
    4182   13
    4183   13
    4184   13
    4185   13
    4186   13
    4187   13
    4188   13
    4189   13
    4190   13
    4191   13
    4192   13
    4193   13
    4194   13
    4195   13
    4196   13
    4197   13
    4198   13
    4199   13
    4200   13
    4201   13
    4202   13
    4203   13
    4204   13
    4205   13
    4206   13
    4207   13
    4208   13
    4209   13
    4210   13
    4211   13
    4212   13
    4213   13
    4214   13
    4215   13
    4216   13
    4217   13
    4218   13
    4219   13
    4220   13
    4221   13
    4222   13
    4223   13
    4224   13
    4225   13
    4226   13
    4227   13
    4228   13
    4229   13
    4230   13
    4231   13
    4232   13
    4233   13
    4234   13
    4235   13
    4236   13
    4237   13
    4238   13
    4239   13
    4240   13
    4241   13
    4242   13
    4243   13
    4244   13
    4245   13
    4246   13
    4247   13
    4248   13
    4249   13
    4250   13
    4251   13
    4252   13
    4253   13
    4254   13
    4255   13
    4256   13
    4257   13
    4258   13
    4259   13
    4260   13
    4261   13
    4262   13
    4263   13
    4264   13
    4265   13
    4266   13
    4267   13
    4268   13
    4269   13
    4270   13
    4271    8
    4272   12
    4273   12
    4274   12
    4275   14
    4276   14
    4277   14
    4278   14
    4279   14
    4280   14
    4281   14
    4282   14
    4283   14
    4284   14
    4285   14
    4286   14
    4287   14
    4288   14
    4289   14
    4290   14
    4291   14
    4292   14
    4293   14
    4294   14
    4295   14
    4296   14
    4297   14
    4298   14
    4299   14
    4300   14
    4301   14
    4302   14
    4303   14
    4304   14
    4305   14
    4306   14
    4307   14
    4308   14
    4309    7
    4310   14
    4311   14
    4312   14
    4313   14
    4314   14
    4315   14
    4316   14
    4317   14
    4318   14
    4319   14
    4320   14
    4321   14
    4322   14
    4323   14
    4324   14
    4325   14
    4326   14
    4327   14
    4328   14
    4329   14
    4330   14
    4331   14
    4332   14
    4333   14
    4334   14
    4335   14
    4336   14
    4337   13
    4338   13
    4339   13
    4340   13
    4341   13
    4342   13
    4343   13
    4344   13
    4345   13
    4346   10
    4347   10
    4348    9
    4349    9
    4350   10
    4351   10
    4352   13
    4353   13
    4354   13
    4355   13
    4356   14
    4357   14
    4358   14
    4359   14
    4360   14
    4361   14
    4362   14
    4363   14
    4364   13
    4365   13
    4366   13
    4367   13
    4368   13
    4369   13
    4370   13
    4371   13
    4372   14
    4373   14
    4374   14
    4375   14
    4376   14
    4377   14
    4378   14
    4379   13
    4380   13
    4381   13
    4382   13
    4383   13
    4384   13
    4385   13
    4386   13
    4387   13
    4388   13
    4389   13
    4390   10
    4391   10
    4392   10
    4393   10
    4394   10
    4395   10
    4396    9
    4397   11
    4398   11
    4399   11
    4400   11
    4401   11
    4402    9
    4403    9
    4404   10
    4405   10
    4406   10
    4407   10
    4408   10
    4409   10
    4410   10
    4411   10
    4412   10
    4413   10
    4414   10
    4415   10
    4416   10
    4417   10
    4418   10
    4419   10
    4420   10
    4421   10
    4422   10
    4423   10
    4424   11
    4425   11
    4426   11
    4427   11
    4428   11
    4429   11
    4430   11
    4431   10
    4432   10
    4433   10
    4434   10
    4435   10
    4436   10
    4437   10
    4438   10
    4439   10
    4440   10
    4441   10
    4442   10
    4443   10
    4444   10
    4445   10
    4446   10
    4447   10
    4448   10
    4449   10
    4450   10
    4451   10
    4452   10
    4453   10
    4454   10
    4455    9
    4456   10
    4457   10
    4458   10
    4459   10
    4460   10
    4461   13
    4462   13
    4463   13
    4464   13
    4465   13
    4466   13
    4467   13
    4468   13
    4469   13
    4470   13
    4471   13
    4472   13
    4473   13
    4474   13
    4475   13
    4476   13
    4477   13
    4478   14
    4479   14
    4480   14
    4481   14
    4482   14
    4483   13
    4484   13
    4485   13
    4486   13
    4487   13
    4488   10
    4489   10
    4490   13
    4491   13
    4492   13
    4493   13
    4494   13
    4495   13
    4496   14
    4497   14
    4498   14
    4499   13
    4500   13
    4501   13
    4502   13
    4503   13
    4504   13
    4505   13
    4506   13
    4507   13
    4508   13
    4509   14
    4510   14
    4511   14
    4512   14
    4513   14
    4514   14
    4515   14
    4516   14
    4517   14
    4518   14
    4519   14
    4520   14
    4521   14
    4522   14
    4523   14
    4524   14
    4525   14
    4526   14
    4527   14
    4528   13
    4529   13
    4530   13
    4531   13
    4532   13
    4533   13
    4534   13
    4535   13
    4536   13
    4537   13
    4538   13
    4539   14
    4540   14
    4541   14
    4542   13
    4543   13
    4544   13
    4545   13
    4546   13
    4547   13
    4548   13
    4549   13
    4550   13
    4551   13
    4552   13
    4553   13
    4554   13
    4555   13
    4556   13
    4557   13
    4558   13
    4559   13
    4560   13
    4561   13
    4562   13
    4563   13
    4564   13
    4565   13
    4566   13
    4567   13
    4568   13
    4569   13
    4570   13
    4571   13
    4572   13
    4573   13
    4574   10
    4575   10
    4576   10
    4577   10
    4578   10
    4579   10
    4580   10
    4581   10
    4582   10
    4583   10
    4584   10
    4585    9
    4586   12
    4587   12
    4588   10
    4589    8
    4590    7
    4591    1
    4592    3
    4593    5
    4594    6
    4595    1
    4596   12
    4597   12
    4598   12
    4599   12
    4600   12
    4601   12
    4602   12
    4603   12
    4604    8
    4605   12
    4606   12
    4607   12
    4608   12
    4609   12
    4610   10
    4611   10
    4612   10
    4613   10
    4614   10
    4615   12
    4616   12
    4617   12
    4618   12
    4619   12
    4620   12
    4621   12
    4622   10
    4623   10
    4624   10
    4625   10
    4626   10
    4627   10
    4628   10
    4629   10
    4630   10
    4631   10
    4632   10
    4633   10
    4634   10
    4635   10
    4636   10
    4637   10
    4638   10
    4639   10
    4640   10
    4641   10
    4642   10
    4643   10
    4644   10
    4645   10
    4646   10
    4647   10
    4648   10
    4649   10
    4650   10
    4651   10
    4652   10
    4653   10
    4654   10
    4655   10
    4656   10
    4657   10
    4658   10
    4659   10
    4660   10
    4661   10
    4662   10
    4663   10
    4664   10
    4665   10
    4666   10
    4667   10
    4668    9
    4669   10
    4670   10
    4671   10
    4672   10
    4673   10
    4674   10
    4675   10
    4676   10
    4677   10
    4678   10
    4679   10
    4680   10
    4681   10
    4682   10
    4683   10
    4684   10
    4685   10
    4686    8
    4687   10
    4688   10
    4689   10
    4690   10
    4691   10
    4692   10
    4693   10
    4694   10
    4695    9
    4696   11
    4697   11
    4698   11
    4699    9
    4700    9
    4701    9
    4702   12
    4703   12
    4704    8
    4705    7
    4706    8
    4707   12
    4708    7
    4709    8
    4710    9
    4711   11
    4712   11
    4713   11
    4714    9
    4715   11
    4716   11
    4717   11
    4718   11
    4719   11
    4720   11
    4721    8
    4722   12
    4723    8
    4724    6
    4725    5
    4726    5
    4727    3
    4728    3
    4729    3
    4730    3
    4731    3
    4732    1
    4733    1
    4734    1
    4735    5
    4736    5
    4737    5
    4738    5
    4739    5
    4740    5
    4741    5
    4742    5
    4743    4
    4744    4
    4745    4
    4746    4
    4747    4
    4748    4
    4749    4
    4750    4
    4751    4
    4752    4
    4753    6
    4754    8
    4755    8
    4756   12
    4757    9
    4758    9
    4759    6
    4760    5
    4761    5
    4762    5
    4763    1
    4764    5
    4765    3
    4766    1
    4767    1
    4768    1
    4769    1
    4770   12
    4771   12
    4772    9
    4773   11
    4774    9
    4775    9
    4776   10
    4777   10
    4778   10
    4779   10
    4780   10
    4781    6
    4782    1
    4783    1
    4784    3
    4785    3
    4786    3
    4787    3
    4788    6
    4789    6
    4790    1
    4791    1
    4792    4
    4793    7
    4794    8
    4795   12
    4796    1
    4797    1
    4798    1
    4799   12
    4800   12
    4801   12
    4802    2
    4803    1
    4804    2
    4805    2
    4806    1
    4807    1
    4808    1
    4809    1
    4810    1
    4811    6
    4812    9
    4813   11
    4814   11
    4815    9
    4816    6
    4817    5
    4818    3
    4819    3
    4820    5
    4821    5
    4822    6
    4823    2
    4824    6
    4825    9
    4826    9
    4827    9
    4828    9
    4829    2
    4830    2
    4831    5
    4832    6
    4833    9
    4834    9
    4835   11
    4836   11
    4837   11
    4838   11
    4839   11
    4840   11
    4841   11
    4842   11
    4843   11
    4844   11
    4845   11
    4846   10
    4847   10
    4848    6
    4849    2
    4850    2
    4851    9
    4852    9
    4853    9
    4854    9
    4855    9
    4856    9
    4857   11
    4858   11
    4859    9
    4860   11
    4861   11
    4862   11
    4863   11
    4864   11
    4865   11
    4866   11
    4867   11
    4868   11
    4869    9
    4870   10
    4871   10
    4872   10
    4873   10
    4874   10
    4875   10
    4876   10
    4877   10
    4878   10
    4879   10
    4880   10
    4881   10
    4882   10
    4883    9
    4884    1
    4885    1
    4886    1
    4887    1
    4888    1
    4889    3
    4890    3
    4891    3
    4892    1
    4893    3
    4894    3
    4895    3
    4896    3
    4897    3
    4898    3
    4899    3
    4900    3
    4901    5
    4902    5
    4903    3
    4904    3
    4905    6
    4906    7
    4907   12
    4908   12
    4909   12
    4910    1
    4911    1
    4912    1
    4913    1
    4914    5
    4915    6
    4916    6
    4917    8
    4918   12
    4919    8
    4920    6
    4921    5
    4922    6
    4923    5
    4924    6
    4925    9
    4926   12
    4927    8
    4928    8
    4929    6
    4930    5
    4931    5
    4932    5
    4933    3
    4934    3
    4935    5
    4936    3
    4937    1
    4938    1
    4939    1
    4940    1
    4941    1
    4942    1
    4943    5
    4944    1
    4945    1
    4946    1
    4947    1
    4948    1
    4949    1
    4950    7
    4951    8
    4952   12
    4953    7
    4954    8
    4955    8
    4956    8
    4957    6
    4958    5
    4959    2
    4960    2
    4961    5
    4962    2
    4963   11
    4964    9
    4965    8
    4966    7
    4967    6
    4968    5
    4969    7
    4970    8
    4971   12
    4972   12
    4973    1
    4974    3
    4975    3
    4976    5
    4977    6
    4978   12
    4979    8
    4980   12
    4981   12
    4982   12
    4983    4
    4984    6
    4985    9
    4986    9
    4987   10
    4988   10
    4989   10
    4990    9
    4991   10
    4992   10
    4993   10
    4994   10
    4995   10
    4996   10
    4997   10
    4998   10
    4999   10
    5000    9
