       1   11
       2   11
       3   11
       4   11
       5    9
       6   11
       7   11
       8   11
       9   11
      10   11
      11   11
      12    9
      13   11
      14   11
      15   11
      16    9
      17    9
      18    6
      19    6
      20    5
      21    5
      22    5
      23    3
      24    3
      25    2
      26    2
      27    2
      28    2
      29    2
      30    2
      31    2
      32    2
      33    5
      34    6
      35    5
      36    4
      37    5
      38    5
      39    5
      40    6
      41    5
      42    5
      43    2
      44    2
      45    2
      46    6
      47    6
      48    5
      49   12
      50    7
      51    8
      52    7
      53    7
      54    7
      55    7
      56    2
      57    2
      58    2
      59    1
      60    1
      61    5
      62    1
      63    1
      64    1
      65    1
      66    1
      67    3
      68    3
      69    1
      70    3
      71    3
      72    5
      73    4
      74    6
      75   12
      76    1
      77    1
      78    1
      79    5
      80    6
      81    2
      82    1
      83    1
      84    1
      85    2
      86    2
      87    2
      88    2
      89    2
      90    2
      91    2
      92    2
      93    2
      94    2
      95    5
      96    3
      97    5
      98    6
      99    9
     100    9
     101    8
     102    9
     103    6
     104    1
     105    1
     106    1
     107    1
     108    1
     109    1
     110    1
     111    5
     112    5
     113    1
     114    5
     115    6
     116    6
     117    7
     118   12
     119    9
     120   12
     121   12
     122    8
     123    8
     124   12
     125    1
     126    1
     127    1
     128    1
     129    1
     130    1
     131    1
     132    1
     133    1
     134    1
     135    1
     136    1
     137    1
     138    1
     139    1
     140    3
     141    3
     142    3
     143    3
     144    6
     145    8
     146   12
     147   12
     148   12
     149    8
     150   12
     151   12
     152   12
     153   12
     154   12
     155    8
     156    8
     157   12
     158   12
     159   12
     160   12
     161    6
     162    5
     163    3
     164    5
     165    5
     166    3
     167    3
     168    3
     169    3
     170    3
     171    3
     172    2
     173    2
     174    2
     175   12
     176   11
     177   11
     178   11
     179    9
     180    9
     181    9
     182    9
     183    6
     184    5
     185    5
     186    3
     187    5
     188    2
     189    2
     190   12
     191    9
     192    6
     193    6
     194    6
     195    6
     196    5
     197    5
     198    3
     199    3
     200    5
     201    6
     202    5
     203    6
     204    5
     205    6
     206    6
     207    9
     208    9
     209    9
     210   11
     211   11
     212   11
     213    9
     214   11
     215   11
     216   11
     217   11
     218   11
     219   11
     220   11
     221   11
     222   11
     223   12
     224   12
     225   12
     226    5
     227    3
     228    3
     229    5
     230    5
     231    6
     232    9
     233    9
     234    9
     235   11
     236   11
     237   11
     238    9
     239   11
     240   11
     241   11
     242   11
     243   11
     244   11
     245   11
     246   11
     247    9
     248   11
     249   11
     250   11
     251   11
     252    9
     253    9
     254   11
     255   11
     256   10
     257   10
     258   10
     259   10
     260    8
     261    7
     262   12
     263   10
     264    6
     265    3
     266    3
     267    3
     268    3
     269    3
     270    5
     271    5
     272    3
     273    3
     274    3
     275    1
     276    1
     277    1
     278    1
     279    1
     280    1
     281    1
     282    1
     283    1
     284    1
     285    1
     286    1
     287    1
     288    1
     289    1
     290    1
     291    1
     292    1
     293    1
     294    2
     295    2
     296    2
     297    2
     298    2
     299    2
     300    2
     301    9
     302    9
     303    9
     304   11
     305    9
     306    9
     307   11
     308    9
     309   11
     310   11
     311   11
     312   11
     313   11
     314    9
     315   11
     316   11
     317   11
     318   12
     319   12
     320   12
     321    2
     322    6
     323    5
     324    2
     325    1
     326    1
     327    3
     328    3
     329    3
     330    5
     331    5
     332    6
     333    5
     334    3
     335    3
     336    3
     337    3
     338    3
     339    1
     340    5
     341    3
     342    5
     343    5
     344    7
     345    8
     346   12
     347    7
     348    8
     349   12
     350    7
     351    7
     352    7
     353    1
     354    6
     355    2
     356    2
     357    2
     358    6
     359    9
     360    9
     361   11
     362   11
     363   11
     364   11
     365   11
     366   11
     367   11
     368   11
     369    9
     370   11
     371   11
     372   11
     373   11
     374   11
     375   11
     376   11
     377    9
     378   11
     379   11
     380   11
     381   11
     382   11
     383    9
     384   11
     385   11
     386   11
     387   11
     388   11
     389   11
     390   11
     391   11
     392   11
     393   11
     394    9
     395   11
     396    9
     397   11
     398   11
     399   11
     400   11
     401   11
     402   11
     403   11
     404   11
     405   11
     406   12
     407   12
     408    1
     409    1
     410    5
     411    5
     412    6
     413    9
     414    9
     415    6
     416    2
     417    9
     418   10
     419   10
     420    6
     421    3
     422    3
     423    3
     424    3
     425    1
     426    1
     427    1
     428    1
     429    1
     430    1
     431    1
     432    1
     433    1
     434    1
     435    1
     436    1
     437    1
     438    1
     439    1
     440    1
     441    7
     442    7
     443    8
     444   11
     445    9
     446    9
     447   11
     448   11
     449   11
     450   11
     451   11
     452   11
     453   11
     454    9
     455    9
     456   11
     457   11
     458   11
     459    9
     460   11
     461   11
     462   11
     463   11
     464   11
     465   11
     466   11
     467   11
     468   11
     469   11
     470    9
     471    9
     472    9
     473   10
     474   10
     475    6
     476    3
     477    1
     478    1
     479    1
     480    1
     481   12
     482   12
     483   10
     484   10
     485   10
     486    9
     487   11
     488   11
     489   11
     490    9
     491    9
     492   11
     493   11
     494   11
     495   11
     496   11
     497   11
     498   11
     499   11
     500   11
     501   11
     502   11
     503    9
     504    9
     505   11
     506   11
     507    9
     508    9
     509    9
     510    9
     511    6
     512    5
     513    5
     514    5
     515    3
     516    5
     517    8
     518    6
     519    5
     520    3
     521    5
     522    5
     523    5
     524    5
     525    5
     526    5
     527    1
     528    5
     529    1
     530    1
     531    1
     532    1
     533    1
     534    1
     535    9
     536   11
     537   11
     538   11
     539    9
     540   11
     541   11
     542   11
     543   11
     544   11
     545   11
     546   11
     547   11
     548    9
     549   11
     550   11
     551   11
     552   11
     553   11
     554   11
     555   11
     556   11
     557   11
     558   11
     559   11
     560   11
     561   11
     562   11
     563   11
     564   11
     565   11
     566   11
     567   11
     568   11
     569   11
     570   11
     571   11
     572   11
     573   11
     574   11
     575   11
     576   11
     577   11
     578   11
     579   11
     580   11
     581   11
     582   11
     583   11
     584   11
     585   11
     586   10
     587   10
     588   10
     589   13
     590   13
     591   13
     592   13
     593   13
     594   13
     595   13
     596   13
     597   13
     598   13
     599   13
     600   13
     601   13
     602   13
     603   13
     604   13
     605   13
     606   13
     607   13
     608   14
     609   14
     610   14
     611   14
     612   14
     613   14
     614   14
     615   14
     616   14
     617   14
     618   14
     619   14
     620   14
     621   14
     622   14
     623   14
     624   14
     625   14
     626   14
     627   14
     628   14
     629   14
     630   14
     631   14
     632   14
     633   14
     634   14
     635   14
     636   14
     637   14
     638   14
     639   14
     640   14
     641   14
     642   14
     643   14
     644   14
     645   14
     646   14
     647   14
     648   14
     649   14
     650   14
     651   14
     652   14
     653   14
     654   14
     655   14
     656   14
     657   14
     658   14
     659   14
     660   14
     661   14
     662   14
     663   14
     664   14
     665   14
     666   14
     667   14
     668   14
     669   14
     670   14
     671   14
     672   14
     673   14
     674   14
     675   14
     676   14
     677   14
     678   14
     679   14
     680   14
     681   14
     682   14
     683   14
     684   14
     685   14
     686   14
     687   14
     688   14
     689   14
     690   14
     691   14
     692   14
     693   14
     694   14
     695   14
     696   14
     697   14
     698   14
     699   14
     700   14
     701   14
     702   14
     703   14
     704   14
     705   14
     706   14
     707   14
     708   14
     709   14
     710   14
     711   14
     712   14
     713   14
     714   14
     715   14
     716   14
     717   14
     718   14
     719   14
     720   14
     721   14
     722   14
     723   14
     724   14
     725   14
     726   14
     727   14
     728   14
     729   14
     730   14
     731   14
     732   14
     733   14
     734   14
     735   14
     736   14
     737   14
     738   14
     739   14
     740   14
     741   14
     742   14
     743   14
     744   14
     745   14
     746   14
     747   14
     748   14
     749   14
     750   14
     751   14
     752   14
     753   14
     754   14
     755   14
     756   14
     757   14
     758   14
     759   14
     760   14
     761   14
     762   14
     763   14
     764   14
     765   14
     766   14
     767   14
     768   14
     769   14
     770   14
     771   14
     772   15
     773   12
     774   12
     775   12
     776   10
     777   10
     778   10
     779   10
     780   10
     781   10
     782   10
     783   10
     784   10
     785   10
     786   10
     787   10
     788   10
     789   10
     790   10
     791   14
     792   14
     793   14
     794   14
     795   13
     796   13
     797   13
     798   13
     799   13
     800   14
     801   14
     802   14
     803   14
     804   14
     805   14
     806   14
     807   14
     808   14
     809   14
     810   14
     811   14
     812   13
     813   13
     814   13
     815   10
     816   10
     817   10
     818   10
     819   10
     820   10
     821   10
     822   10
     823   10
     824   11
     825   11
     826   11
     827   11
     828   11
     829   14
     830   14
     831   14
     832   14
     833   11
     834   11
     835   10
     836   10
     837   10
     838   10
     839   12
     840   12
     841   12
     842   12
     843   12
     844   12
     845   12
     846   12
     847   12
     848   12
     849   10
     850   10
     851   11
     852   11
     853   11
     854   11
     855   11
     856   11
     857   11
     858   11
     859    9
     860    9
     861    9
     862    9
     863    9
     864   11
     865   11
     866    9
     867    9
     868   11
     869   11
     870   11
     871   11
     872   11
     873   11
     874   11
     875   11
     876   11
     877   11
     878   11
     879   11
     880   11
     881   11
     882   11
     883   11
     884   11
     885   11
     886   11
     887   11
     888   11
     889   11
     890   11
     891   11
     892   11
     893   11
     894   11
     895   11
     896   11
     897   11
     898   11
     899   11
     900   11
     901   11
     902   11
     903    9
     904   11
     905   11
     906   10
     907   10
     908   10
     909   10
     910   10
     911   10
     912   11
     913   11
     914   11
     915   11
     916   11
     917   11
     918    9
     919    9
     920   10
     921   10
     922   10
     923    9
     924    8
     925    8
     926    9
     927    9
     928    9
     929    9
     930    9
     931    6
     932    5
     933    6
     934    5
     935    4
     936    3
     937    3
     938    3
     939    3
     940    3
     941    3
     942    1
     943    1
     944    1
     945    1
     946    1
     947    1
     948    1
     949    1
     950    1
     951   12
     952    7
     953    6
     954    5
     955    6
     956    5
     957    5
     958    3
     959    2
     960    2
     961    2
     962    2
     963   12
     964   12
     965   12
     966   12
     967   12
     968   12
     969   12
     970   12
     971   12
     972    7
     973   12
     974   12
     975   12
     976   12
     977   12
     978   12
     979   12
     980   12
     981   12
     982   12
     983   12
     984    4
     985    4
     986    4
     987    5
     988    5
     989    6
     990   12
     991    9
     992    9
     993    6
     994    5
     995    2
     996    2
     997    2
     998    9
     999    9
    1000   11
    1001   11
    1002   11
    1003   11
    1004    9
    1005    9
    1006    2
    1007    1
    1008    1
    1009    1
    1010    5
    1011    5
    1012    1
    1013    1
    1014    1
    1015    1
    1016    1
    1017    1
    1018    1
    1019    1
    1020    1
    1021    1
    1022    1
    1023    1
    1024    1
    1025    5
    1026    3
    1027    5
    1028    3
    1029    3
    1030    3
    1031    3
    1032    5
    1033    6
    1034    3
    1035    3
    1036    3
    1037    3
    1038    3
    1039    3
    1040    3
    1041    6
    1042    3
    1043    3
    1044    5
    1045    3
    1046    3
    1047    3
    1048    5
    1049    6
    1050   10
    1051   10
    1052   10
    1053   10
    1054    9
    1055   11
    1056   11
    1057   11
    1058   11
    1059   11
    1060   10
    1061   10
    1062   10
    1063   10
    1064    9
    1065   10
    1066   10
    1067   10
    1068   10
    1069   10
    1070   10
    1071   10
    1072   10
    1073   10
    1074   10
    1075   10
    1076   10
    1077   10
    1078   10
    1079   10
    1080   10
    1081   10
    1082   10
    1083   10
    1084   10
    1085   10
    1086   10
    1087   10
    1088   10
    1089   10
    1090   10
    1091   10
    1092   10
    1093   10
    1094   10
    1095   10
    1096   10
    1097   10
    1098   10
    1099   10
    1100   10
    1101   10
    1102   10
    1103   10
    1104   10
    1105   10
    1106   10
    1107   10
    1108   10
    1109   10
    1110   10
    1111   10
    1112   10
    1113   10
    1114   11
    1115   11
    1116   11
    1117   11
    1118   11
    1119   11
    1120   11
    1121   11
    1122   12
    1123   12
    1124   12
    1125   12
    1126   12
    1127   12
    1128   12
    1129   12
    1130   12
    1131   11
    1132   11
    1133   11
    1134   11
    1135   11
    1136   11
    1137   11
    1138   11
    1139   11
    1140   11
    1141   11
    1142   11
    1143   11
    1144   11
    1145   11
    1146   11
    1147   11
    1148   11
    1149   11
    1150   11
    1151   11
    1152    9
    1153   14
    1154   14
    1155   14
    1156   14
    1157   14
    1158   14
    1159   14
    1160   14
    1161   14
    1162   14
    1163   14
    1164   14
    1165   13
    1166   13
    1167   13
    1168   13
    1169   13
    1170   13
    1171   14
    1172   14
    1173   14
    1174   14
    1175   14
    1176   14
    1177   14
    1178   14
    1179   14
    1180   14
    1181   14
    1182   14
    1183   14
    1184   14
    1185   14
    1186   14
    1187   14
    1188   14
    1189   14
    1190   14
    1191   14
    1192   14
    1193   14
    1194   11
    1195   11
    1196   11
    1197   11
    1198   11
    1199   11
    1200   14
    1201   14
    1202   14
    1203   14
    1204   14
    1205   14
    1206   14
    1207   14
    1208   14
    1209   14
    1210   14
    1211   14
    1212   14
    1213   14
    1214   14
    1215   14
    1216   14
    1217   14
    1218   14
    1219   14
    1220   13
    1221   13
    1222   13
    1223   13
    1224   13
    1225   13
    1226   13
    1227   13
    1228   13
    1229   13
    1230   13
    1231   10
    1232   10
    1233   14
    1234   14
    1235   14
    1236   14
    1237   14
    1238   14
    1239   14
    1240   14
    1241   14
    1242   14
    1243   14
    1244   14
    1245   14
    1246   14
    1247   14
    1248   14
    1249   14
    1250   14
    1251   14
    1252   14
    1253   14
    1254   14
    1255   14
    1256   14
    1257   14
    1258   14
    1259   14
    1260   14
    1261   14
    1262   14
    1263   14
    1264   14
    1265   14
    1266   14
    1267   14
    1268   14
    1269   14
    1270   14
    1271   14
    1272   14
    1273   14
    1274   11
    1275   11
    1276   11
    1277   11
    1278   11
    1279   11
    1280   11
    1281   14
    1282   14
    1283   14
    1284   14
    1285   14
    1286   14
    1287   14
    1288   14
    1289   14
    1290   14
    1291   14
    1292   14
    1293   14
    1294   14
    1295   14
    1296   14
    1297   14
    1298   14
    1299   14
    1300   14
    1301   14
    1302   14
    1303   14
    1304   14
    1305   14
    1306   14
    1307   10
    1308   10
    1309   10
    1310   10
    1311   10
    1312   10
    1313   10
    1314   11
    1315   11
    1316   11
    1317   11
    1318   11
    1319   11
    1320   12
    1321   12
    1322   12
    1323   12
    1324   12
    1325   12
    1326   12
    1327   11
    1328   10
    1329   10
    1330   11
    1331   11
    1332   11
    1333   11
    1334   11
    1335   11
    1336   11
    1337   11
    1338   11
    1339   11
    1340   11
    1341   11
    1342   11
    1343   11
    1344   11
    1345   11
    1346   11
    1347   11
    1348   11
    1349   11
    1350   11
    1351   11
    1352   11
    1353   11
    1354   10
    1355   10
    1356   10
    1357   10
    1358   11
    1359   11
    1360   11
    1361   11
    1362   11
    1363   11
    1364   11
    1365   11
    1366   11
    1367   11
    1368   11
    1369   11
    1370   11
    1371   11
    1372   11
    1373   11
    1374   11
    1375   11
    1376   11
    1377   11
    1378   11
    1379   11
    1380   11
    1381   11
    1382   11
    1383   11
    1384   11
    1385   11
    1386   11
    1387   11
    1388   11
    1389   11
    1390   11
    1391   11
    1392   11
    1393   11
    1394   11
    1395   11
    1396   11
    1397   11
    1398   11
    1399   11
    1400   11
    1401   11
    1402   11
    1403   11
    1404   11
    1405   11
    1406   10
    1407   10
    1408   10
    1409   10
    1410   10
    1411   10
    1412   10
    1413   10
    1414    9
    1415    9
    1416    9
    1417    6
    1418    5
    1419    2
    1420   11
    1421   11
    1422   11
    1423   11
    1424   11
    1425   11
    1426   11
    1427    9
    1428    6
    1429    3
    1430    1
    1431    5
    1432    5
    1433    5
    1434    1
    1435    5
    1436    5
    1437    6
    1438    2
    1439    2
    1440    2
    1441    2
    1442    7
    1443    6
    1444    5
    1445    2
    1446    3
    1447    1
    1448    1
    1449    1
    1450    1
    1451    1
    1452    1
    1453    5
    1454    1
    1455    1
    1456    7
    1457    6
    1458    9
    1459    6
    1460    1
    1461    5
    1462    2
    1463    2
    1464    2
    1465    2
    1466    2
    1467    2
    1468    2
    1469   11
    1470    9
    1471   11
    1472   11
    1473    9
    1474   11
    1475   11
    1476   11
    1477   11
    1478   11
    1479   11
    1480   11
    1481   11
    1482   11
    1483   11
    1484   11
    1485   11
    1486   14
    1487   14
    1488   14
    1489   14
    1490   11
    1491   11
    1492   11
    1493   11
    1494   11
    1495   11
    1496   11
    1497   11
    1498   11
    1499   11
    1500   11
    1501   11
    1502   11
    1503   11
    1504   11
    1505   11
    1506   11
    1507   11
    1508   11
    1509   11
    1510   11
    1511   11
    1512   11
    1513   11
    1514   11
    1515   11
    1516   11
    1517    9
    1518    9
    1519   11
    1520   11
    1521   11
    1522   11
    1523   11
    1524   11
    1525   11
    1526   11
    1527   11
    1528   11
    1529   11
    1530   11
    1531   11
    1532   11
    1533   11
    1534   11
    1535   11
    1536   11
    1537   11
    1538   11
    1539   11
    1540   11
    1541   11
    1542   11
    1543   11
    1544   11
    1545   11
    1546   11
    1547   11
    1548   11
    1549    9
    1550   11
    1551   11
    1552   11
    1553   11
    1554    9
    1555   11
    1556   11
    1557   11
    1558   11
    1559   11
    1560   11
    1561   11
    1562   11
    1563    9
    1564    2
    1565    3
    1566    5
    1567    6
    1568    6
    1569    2
    1570   12
    1571    8
    1572    9
    1573   11
    1574   11
    1575   11
    1576   11
    1577   11
    1578   11
    1579    8
    1580    7
    1581    8
    1582    7
    1583    7
    1584   12
    1585   12
    1586    6
    1587    6
    1588    9
    1589    9
    1590   11
    1591    9
    1592    9
    1593    9
    1594   12
    1595    8
    1596    6
    1597    6
    1598    3
    1599    6
    1600    5
    1601    3
    1602    3
    1603    5
    1604    6
    1605    6
    1606    6
    1607    6
    1608    6
    1609    5
    1610    5
    1611    5
    1612    6
    1613    9
    1614    9
    1615    6
    1616    8
    1617    7
    1618    7
    1619    7
    1620    6
    1621    5
    1622    1
    1623    1
    1624    1
    1625    1
    1626    5
    1627    3
    1628    3
    1629    5
    1630    6
    1631    7
    1632    6
    1633    4
    1634    4
    1635    4
    1636    5
    1637    4
    1638    4
    1639    4
    1640    4
    1641    4
    1642    4
    1643    1
    1644    1
    1645    2
    1646    2
    1647    6
    1648    1
    1649    1
    1650    1
    1651    2
    1652   12
    1653   12
    1654    9
    1655    9
    1656    9
    1657   11
    1658   11
    1659   11
    1660   11
    1661   10
    1662    9
    1663   11
    1664    9
    1665   11
    1666   11
    1667   11
    1668    9
    1669   11
    1670   11
    1671   11
    1672    9
    1673    9
    1674    9
    1675    9
    1676    9
    1677   11
    1678   11
    1679   11
    1680   11
    1681   11
    1682   11
    1683   11
    1684   11
    1685   11
    1686   11
    1687   11
    1688   11
    1689   11
    1690   11
    1691   11
    1692   11
    1693   11
    1694   11
    1695   11
    1696   11
    1697   11
    1698   11
    1699   11
    1700   11
    1701   12
    1702    6
    1703    5
    1704    3
    1705    5
    1706    3
    1707    6
    1708    6
    1709    2
    1710    2
    1711    2
    1712    2
    1713    2
    1714    2
    1715    2
    1716    2
    1717    6
    1718    7
    1719    6
    1720    1
    1721    1
    1722    1
    1723    1
    1724    1
    1725    1
    1726    1
    1727    1
    1728    1
    1729    1
    1730    1
    1731    1
    1732    1
    1733    1
    1734    1
    1735    1
    1736    1
    1737    1
    1738    1
    1739    1
    1740    1
    1741    2
    1742   12
    1743   12
    1744   11
    1745    9
    1746   10
    1747   10
    1748   10
    1749   10
    1750   10
    1751   10
    1752   10
    1753   10
    1754   10
    1755   10
    1756   10
    1757   10
    1758   10
    1759   10
    1760   10
    1761   10
    1762   10
    1763   10
    1764   10
    1765   10
    1766   10
    1767   10
    1768   10
    1769   11
    1770   11
    1771    9
    1772   10
    1773   10
    1774   10
    1775   10
    1776   11
    1777   11
    1778   11
    1779   11
    1780   11
    1781   11
    1782   11
    1783    9
    1784    9
    1785   11
    1786   11
    1787    9
    1788    9
    1789    9
    1790    9
    1791    2
    1792    2
    1793    6
    1794    6
    1795    6
    1796    8
    1797    7
    1798    6
    1799    5
    1800    5
    1801   12
    1802   12
    1803   12
    1804   12
    1805   12
    1806    9
    1807    6
    1808    6
    1809    6
    1810    1
    1811    1
    1812    1
    1813    7
    1814   11
    1815   11
    1816   11
    1817   11
    1818   11
    1819    9
    1820   11
    1821   11
    1822   11
    1823   11
    1824   11
    1825   11
    1826   11
    1827   11
    1828   11
    1829   11
    1830   11
    1831   11
    1832   11
    1833   11
    1834   11
    1835   11
    1836   11
    1837   11
    1838   10
    1839   10
    1840   10
    1841   10
    1842   10
    1843   10
    1844   10
    1845   12
    1846   12
    1847   12
    1848   12
    1849   12
    1850    8
    1851   10
    1852   10
    1853   10
    1854   10
    1855   10
    1856   10
    1857   10
    1858   10
    1859   11
    1860   11
    1861   11
    1862   11
    1863   10
    1864   10
    1865   10
    1866   10
    1867   10
    1868   12
    1869   12
    1870   12
    1871   12
    1872   12
    1873   10
    1874   10
    1875   10
    1876   10
    1877   10
    1878   10
    1879   10
    1880    9
    1881   11
    1882    9
    1883    9
    1884    6
    1885    5
    1886    2
    1887    2
    1888    6
    1889    2
    1890    9
    1891    9
    1892    6
    1893    1
    1894    1
    1895    1
    1896    5
    1897    6
    1898    7
    1899    7
    1900    8
    1901    6
    1902    6
    1903    6
    1904    6
    1905    2
    1906    5
    1907    6
    1908    9
    1909    9
    1910    9
    1911    6
    1912    6
    1913    5
    1914    5
    1915    5
    1916    2
    1917    2
    1918    2
    1919    6
    1920    9
    1921   11
    1922   11
    1923   11
    1924   11
    1925   11
    1926   11
    1927    9
    1928    9
    1929    9
    1930    9
    1931   11
    1932   11
    1933   11
    1934   11
    1935   11
    1936   11
    1937    2
    1938    2
    1939    2
    1940    3
    1941    3
    1942    5
    1943    6
    1944   11
    1945   11
    1946   11
    1947   11
    1948   11
    1949    9
    1950   11
    1951   11
    1952   11
    1953   11
    1954   11
    1955   11
    1956   11
    1957   11
    1958   11
    1959   11
    1960   11
    1961   11
    1962   11
    1963   11
    1964   11
    1965   11
    1966   11
    1967   11
    1968   11
    1969   11
    1970   11
    1971   11
    1972   11
    1973   11
    1974   11
    1975   11
    1976   11
    1977   11
    1978   11
    1979   11
    1980   11
    1981   11
    1982   11
    1983   11
    1984   11
    1985   11
    1986   11
    1987    9
    1988    9
    1989   11
    1990   11
    1991   11
    1992    9
    1993   11
    1994    9
    1995    5
    1996    5
    1997    3
    1998    6
    1999    2
    2000    2
    2001    2
    2002    2
    2003    2
    2004    3
    2005    3
    2006    6
    2007    6
    2008   10
    2009   10
    2010   10
    2011   10
    2012   10
    2013   10
    2014   10
    2015   10
    2016   10
    2017   10
    2018   10
    2019   10
    2020   11
    2021   11
    2022   11
    2023   11
    2024    9
    2025   11
    2026   11
    2027   11
    2028    9
    2029   11
    2030    9
    2031   11
    2032   11
    2033   11
    2034   11
    2035   11
    2036   11
    2037    9
    2038    7
    2039    7
    2040    1
    2041    1
    2042    1
    2043    1
    2044    1
    2045    5
    2046    5
    2047    6
    2048    3
    2049    5
    2050    5
    2051    5
    2052    6
    2053    6
    2054    5
    2055    6
    2056    6
    2057    8
    2058    8
    2059    7
    2060    7
    2061    7
    2062    5
    2063    6
    2064    9
    2065    9
    2066    9
    2067    6
    2068    5
    2069    2
    2070    2
    2071    2
    2072    2
    2073   11
    2074   11
    2075   11
    2076   11
    2077   11
    2078   11
    2079   11
    2080   11
    2081   11
    2082    9
    2083   11
    2084   11
    2085   11
    2086   11
    2087   11
    2088   11
    2089   11
    2090   11
    2091   11
    2092   11
    2093   11
    2094   11
    2095   11
    2096   11
    2097   11
    2098   11
    2099   11
    2100   11
    2101   11
    2102   11
    2103   11
    2104   11
    2105   11
    2106   11
    2107   11
    2108   11
    2109   11
    2110   11
    2111   11
    2112   11
    2113   11
    2114   11
    2115   11
    2116   11
    2117   11
    2118    9
    2119   11
    2120   11
    2121   11
    2122   11
    2123   11
    2124   11
    2125   11
    2126   11
    2127   11
    2128   11
    2129   11
    2130   11
    2131   11
    2132   11
    2133   11
    2134   11
    2135   11
    2136   11
    2137   11
    2138   11
    2139   11
    2140   10
    2141   10
    2142   10
    2143   10
    2144   10
    2145   10
    2146   10
    2147   11
    2148   11
    2149   11
    2150   11
    2151   11
    2152   11
    2153   11
    2154   11
    2155    9
    2156   11
    2157   11
    2158    9
    2159   11
    2160   11
    2161   11
    2162    9
    2163    9
    2164    9
    2165    7
    2166    6
    2167    3
    2168    3
    2169    3
    2170    3
    2171    3
    2172    5
    2173    3
    2174    3
    2175    5
    2176    3
    2177    3
    2178    3
    2179    3
    2180    5
    2181    3
    2182    3
    2183    3
    2184    3
    2185    3
    2186    5
    2187    5
    2188    5
    2189    6
    2190    5
    2191    5
    2192    5
    2193    5
    2194    5
    2195    6
    2196    6
    2197    6
    2198    6
    2199    7
    2200    7
    2201    7
    2202    7
    2203   12
    2204    8
    2205    8
    2206    8
    2207    8
    2208    8
    2209    7
    2210    8
    2211    7
    2212    7
    2213    8
    2214    8
    2215    7
    2216    6
    2217    7
    2218    7
    2219    8
    2220    7
    2221    8
    2222    8
    2223    8
    2224    7
    2225    7
    2226    6
    2227    5
    2228    3
    2229    3
    2230    3
    2231    3
    2232    3
    2233    3
    2234    3
    2235    3
    2236    4
    2237    4
    2238    4
    2239    3
    2240    5
    2241    5
    2242    3
    2243    3
    2244    5
    2245    5
    2246    3
    2247    3
    2248    3
    2249    3
    2250    3
    2251    3
    2252    3
    2253    3
    2254    1
    2255    1
    2256    1
    2257    5
    2258    5
    2259    2
    2260    9
    2261    9
    2262    9
    2263    2
    2264    2
    2265    2
    2266    2
    2267    6
    2268    6
    2269    1
    2270    2
    2271    2
    2272    2
    2273    2
    2274    2
    2275    2
    2276    2
    2277    2
    2278    2
    2279    2
    2280    4
    2281    4
    2282    6
    2283    9
    2284   11
    2285   11
    2286   11
    2287   11
    2288   11
    2289   11
    2290   11
    2291   11
    2292   11
    2293   11
    2294    9
    2295   11
    2296   11
    2297    9
    2298   11
    2299   11
    2300   11
    2301   11
    2302   11
    2303    9
    2304    9
    2305   11
    2306   11
    2307    9
    2308    9
    2309   11
    2310   11
    2311   11
    2312   11
    2313   11
    2314   11
    2315   11
    2316   11
    2317    9
    2318   11
    2319    9
    2320    6
    2321    9
    2322    9
    2323   11
    2324   11
    2325   11
    2326   11
    2327   11
    2328   11
    2329   11
    2330   11
    2331   11
    2332   11
    2333   11
    2334   11
    2335   11
    2336   11
    2337   11
    2338   11
    2339   11
    2340   11
    2341   11
    2342   11
    2343   11
    2344   11
    2345   11
    2346   11
    2347   11
    2348   11
    2349   11
    2350    9
    2351    9
    2352   11
    2353   11
    2354   11
    2355   11
    2356   11
    2357   11
    2358   11
    2359   11
    2360   11
    2361   11
    2362   11
    2363   11
    2364   11
    2365   11
    2366   11
    2367   11
    2368    9
    2369   11
    2370   11
    2371   11
    2372   11
    2373   11
    2374   11
    2375   11
    2376   11
    2377   11
    2378   11
    2379   11
    2380   11
    2381   11
    2382    9
    2383    9
    2384    9
    2385   11
    2386   11
    2387   11
    2388   11
    2389   11
    2390   11
    2391   11
    2392   11
    2393   11
    2394   11
    2395   11
    2396   11
    2397    9
    2398   12
    2399    7
    2400    6
    2401    7
    2402    7
    2403    8
    2404    7
    2405    7
    2406    8
    2407    9
    2408   11
    2409   11
    2410   11
    2411   11
    2412   11
    2413   11
    2414   11
    2415   11
    2416   11
    2417   11
    2418   11
    2419   11
    2420   11
    2421   11
    2422    9
    2423    9
    2424   11
    2425   11
    2426    9
    2427   11
    2428   11
    2429   11
    2430   11
    2431   11
    2432   11
    2433   11
    2434   11
    2435   11
    2436   11
    2437   11
    2438   11
    2439   11
    2440    9
    2441   11
    2442    9
    2443   11
    2444   11
    2445    9
    2446    9
    2447    9
    2448    9
    2449    9
    2450   11
    2451   11
    2452   11
    2453   11
    2454    9
    2455   11
    2456    9
    2457    9
    2458   11
    2459    9
    2460   11
    2461   11
    2462   11
    2463   11
    2464   11
    2465   11
    2466   11
    2467    9
    2468    9
    2469   11
    2470    9
    2471    9
    2472   11
    2473   11
    2474   11
    2475   11
    2476   11
    2477   11
    2478   11
    2479   11
    2480   11
    2481   11
    2482   11
    2483   11
    2484   11
    2485   11
    2486   11
    2487   11
    2488   11
    2489   11
    2490   11
    2491   11
    2492   11
    2493   11
    2494   11
    2495   11
    2496   11
    2497   11
    2498   11
    2499   11
    2500   11
    2501   11
    2502   11
    2503   11
    2504   11
    2505   11
    2506   11
    2507    6
    2508    5
    2509    6
    2510    3
    2511    3
    2512    3
    2513    3
    2514    3
    2515    1
    2516    1
    2517    1
    2518    1
    2519    1
    2520    3
    2521    2
    2522    1
    2523    2
    2524    5
    2525    5
    2526    1
    2527    1
    2528    1
    2529    1
    2530    1
    2531    1
    2532    6
    2533    5
    2534    5
    2535    3
    2536    3
    2537    3
    2538    1
    2539    1
    2540    3
    2541    3
    2542    3
    2543    3
    2544    3
    2545    3
    2546    3
    2547    3
    2548    3
    2549    3
    2550    3
    2551    3
    2552    3
    2553    3
    2554    3
    2555    5
    2556    3
    2557    3
    2558    3
    2559    6
    2560    6
    2561    7
    2562   12
    2563   12
    2564   12
    2565    8
    2566    7
    2567    6
    2568    1
    2569    2
    2570    2
    2571    2
    2572    2
    2573    2
    2574    2
    2575    2
    2576    5
    2577    5
    2578    6
    2579    6
    2580    6
    2581    3
    2582   12
    2583   12
    2584    9
    2585   11
    2586   11
    2587   11
    2588   11
    2589   11
    2590   11
    2591   11
    2592   11
    2593   11
    2594   11
    2595   11
    2596   11
    2597   11
    2598   11
    2599   11
    2600   11
    2601   11
    2602   11
    2603   11
    2604   11
    2605   11
    2606   11
    2607   11
    2608   11
    2609   11
    2610   11
    2611   11
    2612   11
    2613   11
    2614   11
    2615   11
    2616   11
    2617   11
    2618   11
    2619    9
    2620    9
    2621   11
    2622   11
    2623   11
    2624   11
    2625   11
    2626   11
    2627   11
    2628   11
    2629   11
    2630   11
    2631   11
    2632   11
    2633   11
    2634   11
    2635   11
    2636   11
    2637   11
    2638   11
    2639    9
    2640    9
    2641    9
    2642    9
    2643    9
    2644    9
    2645    9
    2646    9
    2647    9
    2648    9
    2649    9
    2650    1
    2651    5
    2652    5
    2653    3
    2654    5
    2655    5
    2656    3
    2657    5
    2658    6
    2659    5
    2660    5
    2661    6
    2662    5
    2663    5
    2664    5
    2665    6
    2666    6
    2667   10
    2668    9
    2669   11
    2670   11
    2671    9
    2672    9
    2673    9
    2674    9
    2675    8
    2676    7
    2677    6
    2678    7
    2679    8
    2680    8
    2681    9
    2682    9
    2683    9
    2684    9
    2685    6
    2686    5
    2687    3
    2688    3
    2689    5
    2690    1
    2691    1
    2692    1
    2693    1
    2694    1
    2695    1
    2696    1
    2697    1
    2698    1
    2699    1
    2700    1
    2701    5
    2702    5
    2703    5
    2704    5
    2705    5
    2706    6
    2707    8
    2708    7
    2709    7
    2710    6
    2711    5
    2712    5
    2713    5
    2714    5
    2715    1
    2716    7
    2717    8
    2718    9
    2719    6
    2720    6
    2721    9
    2722   11
    2723   11
    2724   11
    2725    9
    2726    9
    2727    9
    2728    9
    2729    9
    2730    9
    2731    9
    2732    9
    2733    9
    2734    9
    2735   11
    2736    9
    2737    9
    2738    9
    2739    2
    2740    3
    2741    5
    2742    3
    2743    5
    2744    5
    2745    6
    2746    6
    2747    6
    2748    5
    2749    3
    2750    5
    2751    6
    2752    5
    2753    6
    2754    6
    2755    5
    2756    6
    2757    6
    2758    5
    2759    7
    2760    7
    2761    6
    2762    6
    2763   11
    2764   11
    2765    9
    2766    9
    2767    9
    2768    9
    2769    9
    2770    9
    2771    9
    2772    9
    2773    9
    2774    9
    2775    9
    2776    9
    2777    9
    2778    9
    2779    9
    2780    7
    2781    7
    2782    7
    2783    8
    2784    6
    2785    7
    2786    8
    2787    6
    2788    9
    2789    9
    2790    9
    2791    9
    2792    9
    2793    9
    2794    9
    2795    9
    2796    6
    2797    7
    2798    8
    2799    7
    2800    7
    2801    7
    2802    7
    2803    6
    2804    7
    2805    7
    2806    7
    2807    7
    2808    7
    2809    8
    2810    7
    2811    6
    2812    7
    2813    7
    2814    7
    2815    7
    2816    9
    2817   11
    2818    9
    2819    9
    2820    9
    2821   11
    2822   11
    2823    9
    2824    9
    2825    6
    2826    3
    2827    3
    2828    3
    2829    3
    2830    3
    2831    3
    2832    3
    2833    3
    2834    3
    2835    5
    2836    5
    2837    5
    2838    2
    2839    2
    2840    2
    2841    2
    2842    9
    2843    9
    2844   11
    2845   11
    2846   11
    2847    9
    2848    9
    2849    9
    2850    9
    2851    9
    2852    9
    2853    9
    2854    9
    2855    9
    2856    9
    2857    9
    2858    7
    2859    9
    2860   11
    2861    9
    2862    9
    2863    9
    2864   11
    2865    9
    2866    9
    2867    9
    2868    9
    2869    6
    2870    5
    2871    5
    2872    6
    2873    3
    2874    1
    2875    7
    2876    7
    2877    9
    2878   10
    2879   10
    2880    9
    2881    9
    2882    9
    2883    8
    2884    7
    2885   12
    2886    7
    2887    7
    2888    8
    2889    2
    2890    2
    2891    2
    2892    2
    2893    9
    2894    9
    2895    9
    2896    9
    2897    9
    2898    9
    2899    2
    2900    2
    2901    2
    2902    5
    2903    3
    2904    3
    2905    3
    2906    3
    2907    3
    2908    5
    2909    6
    2910    1
    2911    1
    2912    3
    2913    3
    2914    6
    2915    6
    2916    9
    2917   11
    2918    9
    2919    9
    2920    9
    2921    9
    2922   11
    2923   11
    2924   11
    2925   11
    2926   11
    2927   11
    2928   11
    2929   11
    2930   11
    2931   11
    2932   11
    2933   11
    2934   11
    2935   11
    2936   11
    2937   11
    2938   11
    2939   11
    2940   11
    2941   11
    2942   11
    2943   11
    2944   11
    2945   11
    2946   11
    2947   11
    2948   11
    2949   11
    2950   11
    2951   11
    2952   11
    2953   11
    2954   11
    2955   11
    2956   11
    2957   11
    2958   11
    2959   11
    2960   11
    2961   11
    2962   11
    2963   11
    2964   11
    2965   11
    2966   11
    2967   11
    2968   11
    2969   11
    2970   11
    2971   11
    2972   11
    2973   11
    2974   11
    2975   11
    2976   11
    2977   11
    2978   11
    2979   11
    2980   11
    2981   11
    2982   11
    2983   11
    2984   11
    2985   11
    2986   11
    2987   11
    2988   11
    2989   11
    2990   11
    2991   11
    2992   11
    2993   11
    2994   11
    2995   11
    2996   11
    2997   11
    2998   11
    2999   11
    3000    2
    3001    2
    3002    2
    3003    2
    3004    2
    3005    2
    3006    2
    3007    2
    3008    6
    3009    5
    3010    2
    3011    2
    3012    5
    3013    2
    3014    2
    3015    2
    3016    2
    3017    2
    3018    2
    3019    2
    3020    2
    3021    2
    3022    2
    3023    2
    3024    2
    3025    5
    3026    1
    3027    1
    3028    3
    3029    5
    3030    5
    3031    6
    3032   11
    3033   11
    3034   11
    3035    9
    3036    9
    3037   11
    3038    9
    3039   11
    3040   11
    3041   11
    3042    9
    3043    2
    3044    2
    3045    2
    3046    2
    3047    2
    3048    5
    3049    6
    3050    2
    3051    2
    3052    2
    3053    2
    3054    1
    3055    5
    3056    1
    3057    1
    3058    1
    3059    1
    3060    1
    3061    1
    3062    5
    3063    6
    3064    6
    3065    5
    3066    5
    3067    4
    3068    5
    3069    3
    3070    6
    3071    6
    3072    5
    3073    6
    3074    5
    3075    5
    3076    6
    3077    9
    3078    8
    3079    7
    3080   12
    3081   12
    3082    8
    3083    7
    3084    8
    3085    7
    3086    9
    3087   11
    3088   11
    3089   11
    3090   11
    3091   11
    3092   11
    3093   11
    3094   10
    3095   10
    3096   10
    3097   10
    3098   10
    3099   10
    3100   10
    3101   10
    3102   10
    3103   10
    3104   10
    3105   10
    3106   10
    3107   10
    3108   10
    3109   10
    3110   10
    3111   10
    3112   10
    3113   12
    3114   12
    3115    9
    3116   11
    3117   11
    3118   12
    3119   12
    3120    8
    3121    8
    3122    8
    3123    8
    3124    8
    3125    8
    3126    7
    3127    8
    3128    8
    3129    7
    3130    8
    3131    8
    3132    8
    3133   15
    3134   15
    3135    8
    3136   12
    3137   12
    3138   12
    3139    8
    3140   12
    3141   12
    3142   12
    3143   12
    3144   12
    3145   12
    3146   12
    3147   12
    3148   12
    3149   12
    3150   12
    3151   12
    3152   12
    3153    1
    3154    1
    3155    1
    3156    1
    3157    1
    3158    1
    3159    2
    3160    2
    3161    6
    3162   10
    3163   10
    3164   10
    3165   10
    3166   10
    3167   12
    3168    8
    3169    7
    3170    7
    3171    8
    3172   12
    3173    8
    3174   10
    3175   10
    3176   10
    3177   10
    3178   10
    3179   10
    3180   10
    3181   10
    3182   10
    3183   10
    3184   10
    3185   10
    3186   10
    3187   10
    3188   10
    3189   10
    3190   10
    3191    9
    3192   10
    3193   10
    3194   13
    3195   13
    3196   13
    3197   13
    3198   13
    3199   13
    3200   13
    3201   13
    3202   13
    3203   13
    3204   13
    3205   13
    3206   13
    3207   14
    3208   14
    3209   14
    3210   11
    3211   11
    3212   11
    3213   14
    3214   14
    3215   14
    3216   14
    3217   14
    3218   14
    3219   14
    3220   14
    3221   14
    3222   14
    3223   14
    3224   14
    3225   14
    3226   14
    3227   14
    3228   14
    3229   14
    3230   14
    3231   14
    3232   14
    3233   14
    3234   14
    3235   14
    3236   14
    3237   14
    3238   14
    3239   14
    3240   14
    3241   14
    3242   14
    3243   14
    3244   14
    3245   14
    3246   14
    3247   14
    3248   14
    3249   14
    3250   14
    3251   14
    3252   14
    3253   14
    3254   14
    3255   14
    3256   14
    3257   14
    3258   14
    3259   14
    3260   14
    3261   14
    3262   13
    3263   13
    3264   13
    3265   13
    3266   13
    3267   13
    3268   13
    3269   13
    3270   13
    3271   13
    3272   13
    3273   13
    3274   13
    3275   13
    3276   13
    3277   13
    3278   13
    3279   13
    3280   13
    3281   13
    3282   14
    3283   14
    3284   14
    3285   14
    3286   14
    3287   14
    3288   14
    3289   14
    3290   14
    3291   14
    3292   14
    3293   14
    3294   14
    3295   14
    3296   14
    3297   14
    3298   14
    3299   14
    3300   14
    3301   14
    3302   12
    3303   12
    3304    8
    3305    8
    3306    8
    3307    8
    3308    7
    3309   15
    3310   15
    3311   15
    3312   15
    3313   15
    3314   15
    3315   10
    3316   10
    3317    9
    3318   11
    3319   11
    3320   10
    3321   10
    3322   10
    3323   10
    3324   10
    3325   10
    3326   10
    3327   10
    3328   10
    3329   10
    3330   10
    3331   10
    3332   10
    3333   10
    3334   10
    3335   10
    3336   10
    3337   10
    3338    8
    3339    7
    3340    8
    3341    8
    3342   10
    3343   10
    3344   10
    3345   10
    3346   10
    3347   10
    3348   10
    3349   10
    3350   10
    3351   10
    3352   10
    3353   10
    3354   10
    3355   10
    3356   10
    3357   10
    3358   10
    3359   10
    3360   10
    3361   10
    3362   10
    3363   10
    3364   10
    3365   10
    3366   10
    3367   10
    3368   10
    3369   10
    3370   10
    3371   10
    3372   10
    3373   11
    3374   11
    3375   11
    3376   11
    3377   11
    3378   11
    3379   11
    3380   11
    3381   11
    3382   11
    3383   11
    3384   11
    3385   11
    3386   11
    3387   11
    3388   11
    3389   11
    3390   11
    3391   11
    3392   11
    3393   11
    3394   11
    3395   11
    3396   11
    3397   11
    3398   11
    3399   11
    3400   11
    3401   11
    3402   11
    3403   11
    3404   11
    3405    9
    3406   11
    3407   11
    3408    9
    3409    8
    3410   12
    3411   12
    3412   12
    3413   12
    3414   12
    3415   12
    3416   12
    3417   12
    3418   12
    3419    2
    3420    2
    3421    2
    3422    2
    3423    5
    3424    9
    3425   11
    3426    9
    3427   10
    3428   10
    3429   10
    3430   10
    3431   10
    3432    8
    3433    7
    3434    8
    3435   12
    3436    1
    3437    3
    3438    3
    3439    6
    3440    5
    3441    6
    3442    6
    3443    8
    3444    8
    3445    8
    3446   12
    3447    7
    3448    7
    3449   12
    3450    8
    3451    7
    3452    7
    3453    7
    3454    7
    3455    7
    3456    8
    3457    8
    3458    7
    3459    7
    3460    8
    3461    7
    3462   12
    3463    8
    3464    7
    3465    7
    3466    8
    3467   12
    3468    8
    3469    8
    3470    7
    3471    7
    3472   12
    3473    7
    3474    7
    3475    7
    3476    7
    3477    7
    3478    7
    3479    8
    3480    7
    3481    8
    3482    8
    3483    7
    3484    8
    3485    8
    3486    8
    3487    8
    3488    8
    3489    7
    3490    8
    3491    8
    3492    8
    3493    8
    3494    7
    3495    8
    3496    6
    3497    7
    3498    8
    3499    9
    3500    8
    3501    8
    3502    9
    3503    9
    3504    9
    3505    9
    3506    9
    3507    9
    3508    9
    3509    8
    3510    8
    3511    7
    3512    8
    3513    8
    3514    7
    3515    8
    3516   12
    3517   12
    3518   12
    3519   12
    3520   12
    3521   12
    3522   12
    3523   12
    3524   12
    3525   12
    3526   12
    3527   12
    3528   12
    3529   12
    3530   12
    3531   12
    3532   12
    3533   12
    3534   12
    3535   12
    3536    7
    3537    9
    3538   11
    3539    8
    3540   10
    3541   10
    3542    8
    3543    7
    3544    7
    3545    7
    3546    7
    3547    7
    3548    7
    3549    7
    3550    7
    3551    7
    3552   12
    3553    8
    3554   12
    3555    8
    3556    8
    3557    7
    3558    7
    3559    8
    3560    8
    3561    8
    3562    7
    3563    8
    3564    7
    3565    6
    3566    3
    3567    1
    3568   12
    3569   10
    3570   10
    3571   10
    3572   10
    3573   10
    3574   10
    3575   10
    3576   10
    3577   10
    3578   10
    3579   10
    3580   10
    3581   10
    3582   10
    3583   10
    3584   10
    3585   10
    3586   10
    3587   10
    3588   10
    3589   10
    3590   10
    3591   10
    3592   10
    3593   10
    3594   10
    3595   10
    3596   10
    3597   10
    3598   10
    3599   10
    3600   10
    3601   10
    3602   10
    3603   10
    3604   10
    3605   10
    3606   10
    3607   10
    3608   10
    3609   10
    3610   10
    3611   10
    3612   10
    3613   10
    3614   10
    3615   10
    3616   10
    3617   10
    3618   10
    3619   10
    3620   10
    3621   10
    3622   10
    3623   10
    3624   10
    3625   10
    3626   10
    3627   10
    3628   10
    3629   10
    3630   10
    3631   10
    3632   10
    3633   10
    3634   10
    3635   10
    3636   10
    3637   12
    3638   12
    3639   12
    3640   12
    3641   12
    3642   12
    3643   12
    3644   10
    3645   10
    3646   10
    3647   10
    3648   10
    3649   10
    3650   10
    3651   10
    3652   10
    3653   10
    3654   10
    3655   10
    3656   10
    3657   10
    3658   10
    3659   10
    3660   10
    3661   10
    3662   10
    3663   13
    3664   13
    3665   13
    3666   13
    3667   13
    3668   13
    3669   13
    3670   13
    3671   13
    3672   14
    3673   14
    3674   14
    3675   14
    3676   14
    3677   14
    3678   14
    3679   14
    3680   13
    3681   13
    3682   13
    3683   13
    3684   13
    3685   13
    3686   13
    3687   13
    3688   14
    3689   14
    3690   14
    3691   14
    3692   14
    3693   14
    3694   14
    3695   14
    3696   14
    3697   14
    3698   14
    3699   14
    3700   14
    3701   14
    3702   14
    3703   14
    3704   14
    3705   14
    3706   14
    3707   14
    3708   14
    3709   14
    3710   14
    3711   14
    3712   14
    3713   14
    3714   14
    3715   14
    3716   14
    3717   14
    3718   14
    3719   14
    3720   14
    3721   14
    3722   14
    3723   14
    3724   14
    3725   14
    3726   14
    3727   14
    3728   14
    3729   14
    3730   14
    3731   14
    3732   14
    3733   14
    3734   14
    3735   14
    3736   14
    3737   14
    3738   14
    3739   14
    3740   14
    3741   14
    3742   14
    3743   14
    3744   14
    3745   14
    3746   14
    3747   14
    3748   14
    3749   14
    3750   14
    3751   14
    3752   14
    3753   14
    3754   14
    3755   14
    3756   14
    3757   14
    3758   14
    3759   14
    3760   14
    3761   14
    3762   14
    3763   14
    3764   14
    3765   14
    3766   14
    3767   14
    3768   14
    3769   14
    3770   14
    3771   14
    3772   14
    3773   14
    3774   14
    3775   14
    3776   14
    3777   14
    3778   14
    3779   14
    3780   14
    3781   14
    3782   14
    3783   14
    3784   14
    3785   14
    3786   14
    3787   14
    3788   14
    3789   14
    3790   14
    3791   14
    3792   14
    3793   14
    3794   14
    3795   14
    3796   14
    3797   14
    3798   14
    3799   14
    3800   14
    3801   14
    3802   14
    3803   14
    3804   14
    3805   14
    3806   14
    3807   14
    3808   14
    3809   14
    3810   14
    3811   14
    3812   14
    3813   14
    3814   14
    3815   14
    3816   14
    3817    7
    3818   14
    3819   14
    3820   14
    3821   14
    3822   14
    3823   14
    3824   14
    3825   14
    3826   14
    3827   14
    3828   14
    3829   14
    3830   14
    3831   14
    3832   14
    3833   14
    3834   14
    3835   14
    3836   14
    3837   14
    3838   14
    3839   14
    3840   14
    3841   14
    3842   14
    3843   14
    3844   14
    3845   14
    3846   14
    3847   14
    3848   14
    3849   14
    3850   14
    3851   14
    3852   14
    3853   14
    3854   14
    3855   14
    3856   14
    3857   14
    3858   14
    3859   14
    3860   14
    3861   14
    3862   14
    3863   14
    3864   14
    3865   14
    3866   14
    3867   14
    3868   14
    3869   14
    3870   14
    3871   14
    3872   14
    3873   14
    3874   14
    3875   14
    3876   14
    3877   14
    3878   14
    3879   14
    3880   14
    3881   14
    3882   14
    3883   14
    3884   14
    3885   14
    3886   14
    3887   14
    3888   14
    3889   14
    3890   14
    3891   14
    3892   14
    3893   14
    3894   14
    3895   14
    3896   14
    3897   14
    3898   14
    3899   14
    3900   14
    3901   14
    3902   14
    3903   14
    3904   14
    3905   14
    3906   14
    3907   14
    3908   14
    3909   14
    3910   14
    3911   14
    3912   14
    3913   14
    3914   14
    3915   14
    3916   14
    3917   14
    3918   14
    3919   14
    3920   14
    3921   14
    3922   14
    3923   14
    3924   14
    3925   14
    3926   14
    3927   14
    3928   14
    3929   14
    3930   14
    3931   14
    3932   14
    3933   14
    3934   14
    3935   14
    3936   14
    3937   14
    3938   14
    3939   14
    3940   14
    3941   14
    3942   14
    3943   14
    3944   14
    3945   14
    3946   14
    3947   14
    3948   14
    3949   14
    3950   14
    3951   14
    3952   14
    3953   14
    3954   14
    3955   14
    3956   14
    3957   14
    3958   14
    3959   14
    3960   14
    3961   14
    3962   14
    3963   14
    3964   11
    3965   11
    3966   11
    3967   10
    3968   10
    3969   10
    3970   10
    3971   10
    3972   10
    3973   10
    3974   10
    3975   10
    3976   10
    3977   10
    3978   10
    3979   10
    3980   10
    3981   10
    3982   10
    3983   10
    3984    9
    3985   11
    3986    9
    3987    6
    3988    3
    3989    3
    3990    3
    3991    3
    3992    5
    3993    6
    3994    5
    3995    3
    3996    1
    3997    7
    3998    8
    3999    7
    4000    8
    4001   12
    4002   12
    4003   12
    4004   12
    4005   12
    4006   12
    4007    8
    4008    6
    4009    5
    4010    1
    4011    1
    4012    3
    4013    1
    4014    1
    4015    3
    4016    3
    4017    1
    4018    1
    4019   12
    4020   10
    4021   10
    4022   10
    4023   10
    4024   11
    4025   11
    4026   11
    4027   11
    4028   11
    4029   11
    4030   11
    4031   11
    4032   11
    4033   11
    4034   11
    4035   11
    4036   11
    4037   11
    4038   11
    4039   11
    4040   11
    4041   11
    4042   11
    4043   11
    4044   11
    4045   11
    4046   11
    4047   11
    4048   11
    4049   11
    4050   11
    4051   11
    4052   11
    4053   11
    4054   11
    4055   11
    4056   11
    4057   11
    4058   11
    4059   11
    4060   11
    4061   11
    4062   11
    4063   11
    4064   11
    4065   11
    4066   11
    4067   11
    4068   11
    4069   11
    4070   11
    4071   11
    4072   11
    4073   11
    4074   11
    4075   11
    4076   11
    4077   11
    4078   11
    4079   11
    4080   11
    4081   11
    4082   11
    4083   11
    4084   11
    4085   11
    4086   11
    4087   11
    4088   11
    4089   11
    4090   11
    4091   11
    4092   11
    4093   11
    4094   11
    4095   11
    4096   11
    4097   11
    4098   11
    4099   11
    4100   11
    4101   11
    4102   11
    4103   11
    4104   11
    4105   11
    4106   11
    4107   11
    4108   11
    4109   11
    4110   11
    4111   11
    4112   11
    4113   11
    4114   11
    4115   11
    4116   11
    4117   11
    4118   11
    4119   11
    4120   11
    4121   11
    4122   11
    4123   11
    4124   11
    4125   11
    4126   11
    4127   11
    4128   11
    4129   11
    4130   11
    4131   11
    4132   11
    4133   11
    4134   11
    4135   11
    4136    9
    4137   11
    4138   11
    4139   11
    4140   11
    4141    9
    4142   11
    4143   11
    4144   11
    4145   11
    4146   11
    4147   11
    4148   11
    4149   11
    4150   11
    4151   11
    4152   11
    4153   11
    4154   11
    4155   11
    4156   11
    4157    9
    4158   11
    4159   11
    4160   11
    4161   11
    4162   11
    4163   11
    4164   11
    4165   11
    4166   11
    4167    9
    4168   11
    4169   11
    4170   11
    4171   11
    4172   11
    4173   11
    4174   11
    4175   11
    4176   11
    4177   11
    4178   11
    4179   11
    4180   11
    4181   11
    4182   11
    4183   11
    4184   11
    4185    6
    4186    2
    4187    2
    4188    2
    4189    2
    4190    2
    4191    2
    4192    9
    4193    6
    4194    5
    4195    2
    4196    2
    4197    9
    4198    9
    4199    9
    4200    9
    4201    9
    4202    9
    4203    9
    4204   11
    4205   11
    4206    9
    4207    9
    4208    9
    4209   11
    4210   11
    4211   11
    4212   11
    4213   11
    4214    9
    4215   11
    4216   11
    4217   11
    4218   11
    4219   11
    4220    9
    4221    9
    4222   11
    4223   11
    4224    9
    4225   11
    4226    9
    4227    6
    4228    6
    4229    9
    4230    9
    4231    9
    4232    9
    4233    9
    4234    9
    4235   11
    4236   11
    4237   11
    4238   11
    4239   11
    4240   11
    4241   11
    4242   11
    4243   11
    4244   11
    4245   11
    4246   11
    4247   11
    4248   11
    4249   11
    4250   11
    4251   11
    4252   11
    4253   11
    4254   11
    4255   11
    4256    9
    4257    9
    4258   11
    4259   11
    4260   11
    4261   11
    4262   11
    4263   11
    4264   11
    4265   11
    4266   11
    4267   11
    4268   11
    4269   11
    4270   11
    4271   11
    4272   11
    4273   11
    4274   11
    4275   11
    4276   11
    4277   11
    4278   11
    4279   11
    4280   11
    4281   11
    4282   11
    4283   11
    4284   11
    4285   11
    4286   11
    4287   11
    4288   11
    4289   11
    4290   11
    4291   11
    4292   11
    4293   11
    4294   11
    4295   11
    4296   11
    4297   11
    4298   11
    4299   11
    4300   11
    4301   11
    4302   11
    4303   11
    4304   11
    4305   11
    4306   11
    4307   11
    4308   11
    4309   11
    4310   11
    4311   11
    4312   11
    4313   11
    4314   11
    4315   11
    4316   11
    4317   11
    4318   11
    4319   11
    4320   11
    4321   11
    4322   11
    4323   11
    4324   11
    4325   11
    4326   11
    4327   11
    4328   11
    4329   11
    4330   11
    4331   11
    4332   11
    4333   11
    4334   11
    4335   11
    4336   11
    4337   11
    4338   11
    4339   11
    4340   11
    4341   11
    4342   11
    4343   11
    4344   11
    4345   11
    4346   11
    4347   11
    4348   11
    4349   11
    4350    9
    4351   11
    4352   11
    4353   11
    4354   11
    4355   11
    4356   11
    4357   11
    4358   11
    4359   11
    4360   11
    4361   11
    4362    9
    4363   10
    4364    8
    4365    8
    4366   12
    4367   12
    4368   12
    4369   12
    4370   12
    4371   12
    4372   12
    4373    8
    4374    8
    4375   11
    4376    7
    4377    6
    4378    3
    4379    3
    4380    3
    4381    3
    4382    3
    4383    3
    4384    1
    4385    1
    4386    1
    4387    1
    4388    1
    4389    9
    4390    9
    4391   11
    4392    6
    4393    5
    4394    5
    4395    5
    4396    5
    4397    3
    4398    3
    4399    3
    4400    3
    4401    5
    4402    5
    4403    3
    4404    2
    4405    2
    4406   11
    4407   11
    4408   11
    4409   11
    4410   11
    4411   11
    4412   11
    4413   11
    4414   11
    4415   11
    4416   11
    4417   11
    4418   11
    4419   11
    4420   11
    4421   11
    4422   11
    4423   11
    4424   11
    4425   11
    4426   11
    4427   11
    4428   11
    4429   11
    4430   11
    4431   11
    4432    9
    4433   11
    4434   11
    4435   11
    4436   11
    4437   11
    4438   11
    4439    9
    4440   11
    4441   11
    4442   11
    4443   11
    4444    9
    4445    6
    4446    5
    4447    3
    4448    3
    4449    2
    4450    2
    4451    2
    4452    2
    4453    2
    4454    2
    4455    2
    4456    2
    4457    2
    4458    9
    4459   11
    4460   11
    4461   11
    4462   11
    4463   11
    4464   11
    4465   11
    4466   11
    4467   11
    4468   11
    4469   11
    4470   11
    4471   11
    4472   11
    4473   11
    4474   11
    4475   11
    4476   11
    4477   11
    4478   11
    4479   11
    4480   11
    4481   11
    4482   11
    4483   11
    4484   11
    4485   11
    4486   11
    4487   11
    4488   11
    4489   11
    4490   11
    4491   11
    4492    6
    4493    6
    4494    5
    4495    3
    4496    3
    4497    2
    4498   11
    4499   11
    4500   11
    4501   11
    4502   11
    4503   11
    4504   11
    4505   11
    4506   11
    4507   11
    4508    9
    4509   11
    4510   11
    4511    6
    4512    5
    4513    5
    4514    6
    4515    9
    4516    9
    4517    6
    4518    6
    4519    3
    4520    5
    4521    6
    4522    5
    4523    6
    4524    9
    4525   10
    4526   10
    4527   10
    4528   10
    4529   10
    4530   10
    4531   10
    4532   10
    4533   10
    4534   10
    4535   10
    4536   10
    4537   10
    4538   11
    4539   11
    4540   11
    4541   11
    4542   11
    4543   11
    4544   11
    4545   11
    4546   11
    4547   11
    4548   11
    4549   11
    4550   11
    4551   11
    4552   11
    4553   11
    4554   11
    4555   11
    4556   11
    4557   11
    4558   11
    4559    9
    4560   11
    4561   11
    4562   11
    4563   11
    4564   11
    4565   11
    4566   11
    4567   11
    4568   11
    4569   11
    4570   11
    4571   11
    4572   11
    4573   11
    4574   11
    4575   11
    4576   11
    4577   11
    4578   11
    4579   11
    4580   11
    4581   11
    4582   11
    4583   11
    4584   11
    4585   11
    4586   11
    4587   11
    4588   11
    4589   11
    4590   11
    4591   11
    4592   11
    4593   11
    4594   11
    4595    9
    4596   11
    4597   11
    4598   11
    4599   11
    4600   11
    4601   11
    4602   11
    4603   11
    4604   11
    4605   11
    4606   11
    4607   11
    4608   11
    4609   11
    4610   11
    4611   11
    4612   11
    4613   11
    4614   11
    4615   11
    4616   11
    4617   11
    4618   11
    4619   11
    4620   11
    4621   11
    4622   11
    4623   11
    4624   11
    4625   11
    4626   11
    4627   11
    4628   11
    4629    9
    4630   11
    4631   11
    4632   11
    4633   11
    4634   11
    4635   11
    4636   11
    4637   11
    4638   11
    4639   11
    4640   11
    4641   11
    4642   11
    4643   11
    4644   11
    4645   11
    4646   11
    4647   11
    4648   11
    4649   11
    4650   11
    4651   11
    4652   11
    4653   11
    4654   11
    4655   11
    4656   11
    4657   11
    4658   11
    4659   11
    4660   11
    4661   11
    4662   11
    4663   11
    4664   11
    4665   11
    4666   11
    4667   11
    4668   11
    4669   11
    4670   11
    4671   11
    4672   11
    4673   11
    4674   11
    4675   11
    4676   11
    4677   11
    4678   11
    4679   11
    4680   11
    4681   11
    4682   11
    4683   11
    4684   12
    4685   12
    4686   12
    4687   12
    4688   12
    4689   12
    4690   12
    4691   13
    4692   13
    4693   13
    4694   13
    4695   13
    4696   12
    4697   12
    4698   12
    4699   12
    4700   12
    4701    9
    4702    9
    4703    6
    4704    1
    4705   12
    4706   12
    4707   12
    4708   12
    4709   12
    4710   10
    4711   10
    4712   10
    4713   10
    4714   10
    4715   10
    4716   10
    4717   10
    4718   10
    4719   10
    4720   10
    4721   11
    4722   11
    4723   11
    4724   11
    4725   11
    4726   11
    4727   11
    4728   11
    4729   11
    4730   11
    4731   11
    4732   11
    4733   11
    4734   11
    4735   11
    4736   11
    4737   11
    4738   11
    4739   11
    4740   11
    4741   11
    4742   11
    4743   11
    4744   11
    4745   14
    4746   14
    4747   14
    4748   14
    4749   14
    4750   14
    4751   14
    4752   14
    4753   14
    4754   14
    4755   11
    4756   11
    4757   11
    4758   11
    4759   11
    4760   11
    4761   11
    4762   11
    4763   11
    4764   11
    4765   11
    4766   11
    4767   11
    4768   11
    4769   11
    4770   14
    4771   14
    4772   14
    4773   14
    4774   14
    4775   14
    4776   14
    4777   14
    4778   14
    4779   14
    4780   14
    4781   14
    4782   14
    4783   14
    4784   14
    4785   14
    4786   14
    4787   14
    4788   14
    4789   14
    4790   14
    4791   14
    4792   14
    4793   14
    4794   14
    4795   14
    4796   14
    4797   14
    4798   14
    4799   14
    4800   14
    4801   14
    4802   14
    4803   14
    4804   14
    4805   14
    4806   14
    4807   14
    4808   14
    4809   14
    4810   14
    4811   14
    4812   14
    4813   14
    4814   14
    4815   14
    4816   14
    4817   14
    4818   14
    4819   14
    4820   14
    4821   14
    4822   14
    4823   14
    4824   14
    4825   14
    4826   14
    4827   14
    4828   14
    4829   14
    4830   14
    4831   14
    4832   14
    4833   14
    4834   14
    4835   14
    4836   14
    4837   14
    4838   14
    4839   14
    4840   14
    4841   14
    4842   14
    4843   14
    4844   14
    4845   14
    4846   14
    4847   14
    4848   14
    4849   14
    4850   14
    4851   14
    4852   14
    4853   14
    4854   14
    4855   14
    4856   14
    4857   14
    4858   14
    4859   14
    4860   14
    4861   14
    4862   14
    4863   14
    4864   14
    4865   14
    4866   14
    4867   11
    4868   11
    4869   11
    4870   11
    4871   11
    4872   11
    4873   11
    4874   11
    4875   11
    4876   11
    4877   14
    4878   14
    4879   14
    4880   14
    4881   14
    4882   14
    4883   14
    4884   14
    4885   14
    4886   14
    4887   14
    4888   11
    4889   11
    4890   14
    4891   14
    4892   14
    4893   14
    4894   14
    4895   14
    4896   14
    4897   14
    4898   14
    4899   14
    4900   14
    4901   14
    4902   14
    4903   14
    4904   14
    4905   14
    4906   14
    4907   11
    4908   11
    4909   11
    4910   11
    4911   11
    4912   11
    4913   11
    4914   11
    4915   11
    4916   11
    4917   11
    4918   11
    4919   11
    4920   11
    4921   11
    4922   11
    4923   11
    4924   11
    4925   11
    4926   11
    4927   11
    4928   11
    4929   11
    4930   11
    4931   11
    4932   11
    4933   11
    4934   11
    4935   11
    4936   11
    4937   11
    4938   11
    4939   11
    4940   11
    4941   11
    4942   11
    4943   11
    4944   11
    4945   11
    4946   11
    4947   11
    4948   11
    4949   11
    4950   11
    4951   11
    4952   11
    4953   11
    4954   11
    4955   11
    4956   11
    4957   11
    4958   11
    4959   11
    4960   11
    4961   11
    4962   11
    4963   11
    4964   11
    4965   11
    4966   11
    4967   11
    4968   11
    4969   11
    4970   11
    4971   11
    4972   11
    4973   11
    4974   11
    4975   11
    4976   11
    4977   11
    4978   11
    4979   11
    4980   11
    4981   11
    4982   11
    4983   11
    4984   11
    4985   11
    4986   11
    4987   11
    4988   11
    4989   11
    4990   11
    4991   11
    4992   11
    4993   11
    4994   11
    4995   11
    4996   11
    4997   11
    4998   11
    4999   11
    5000   11
