       1   12
       2   12
       3   12
       4   12
       5   12
       6   12
       7   12
       8   10
       9    9
      10   10
      11   10
      12   10
      13   10
      14   10
      15   10
      16   10
      17   10
      18   10
      19   10
      20   10
      21   10
      22   10
      23   10
      24   10
      25    9
      26   11
      27   11
      28   11
      29    9
      30    8
      31   10
      32   10
      33   10
      34   10
      35   10
      36   10
      37   10
      38   10
      39   10
      40   10
      41   10
      42   10
      43   10
      44   10
      45   10
      46   10
      47   10
      48   10
      49   10
      50   10
      51   11
      52    9
      53   10
      54   10
      55   10
      56   10
      57   10
      58   10
      59   10
      60   10
      61   10
      62   10
      63   12
      64   12
      65   12
      66   12
      67   12
      68   12
      69   12
      70   12
      71   12
      72   12
      73   12
      74   12
      75    8
      76   12
      77    1
      78    1
      79    1
      80    1
      81    1
      82    1
      83   12
      84    7
      85    8
      86   12
      87   12
      88   12
      89   12
      90   12
      91   12
      92   12
      93   12
      94   12
      95   12
      96   12
      97   12
      98   12
      99   12
     100   12
     101   12
     102   12
     103   12
     104   12
     105    4
     106    4
     107    4
     108    4
     109    4
     110    4
     111    4
     112    4
     113    4
     114    4
     115    4
     116    4
     117    4
     118    4
     119    4
     120    4
     121    4
     122    3
     123    5
     124    5
     125    5
     126    4
     127    5
     128    5
     129    6
     130    9
     131   10
     132   10
     133   10
     134   10
     135   10
     136   10
     137   10
     138   10
     139    8
     140   10
     141   10
     142   10
     143   10
     144   10
     145   10
     146   10
     147   10
     148   10
     149    9
     150   10
     151   10
     152   10
     153   10
     154   10
     155   10
     156   10
     157   10
     158   10
     159   10
     160   10
     161   10
     162   10
     163   10
     164   10
     165   10
     166   10
     167   10
     168   10
     169   12
     170    6
     171    1
     172    1
     173    1
     174    1
     175    1
     176    1
     177   12
     178    7
     179    8
     180    7
     181    7
     182    6
     183    5
     184    3
     185    3
     186    3
     187    3
     188    3
     189    5
     190   12
     191   12
     192    8
     193    8
     194    8
     195   12
     196   12
     197   12
     198   12
     199   12
     200   12
     201   12
     202    8
     203    8
     204    8
     205   12
     206   12
     207   12
     208   12
     209   12
     210    8
     211   12
     212   12
     213   12
     214   12
     215   12
     216   12
     217   12
     218   12
     219   12
     220   12
     221   12
     222   13
     223   13
     224   10
     225   10
     226   10
     227   10
     228   10
     229   10
     230   10
     231   10
     232   10
     233   10
     234   10
     235   10
     236   10
     237   10
     238   10
     239   10
     240   10
     241   10
     242   10
     243   10
     244   10
     245   10
     246   10
     247   10
     248   10
     249   10
     250   13
     251   13
     252   13
     253   13
     254   13
     255   13
     256   13
     257   13
     258   13
     259   13
     260   13
     261   13
     262   13
     263   13
     264   13
     265   13
     266   13
     267   13
     268   13
     269   13
     270   13
     271   13
     272   13
     273   13
     274   13
     275   13
     276   13
     277   13
     278   13
     279   13
     280   13
     281   13
     282   13
     283   13
     284   13
     285   13
     286   13
     287    8
     288   13
     289   13
     290   13
     291   13
     292   13
     293   13
     294   13
     295   13
     296   13
     297   13
     298   13
     299   13
     300   13
     301   13
     302   13
     303   14
     304   14
     305   14
     306   14
     307   14
     308   14
     309   14
     310   14
     311   14
     312   14
     313   14
     314   14
     315   14
     316   14
     317   14
     318   13
     319   13
     320   13
     321   13
     322   13
     323   13
     324   13
     325   13
     326   13
     327   13
     328   13
     329   13
     330   13
     331   13
     332   13
     333   13
     334   13
     335   13
     336   13
     337   13
     338   13
     339   13
     340   13
     341   13
     342   13
     343   13
     344   13
     345   13
     346   13
     347   13
     348   13
     349   13
     350   13
     351   13
     352   13
     353   13
     354   13
     355   13
     356   13
     357   13
     358   13
     359   13
     360   13
     361   13
     362   13
     363   13
     364   13
     365   13
     366   13
     367   13
     368   13
     369   13
     370   13
     371   13
     372   13
     373   13
     374   10
     375   10
     376   10
     377   10
     378   10
     379   10
     380   10
     381   13
     382   13
     383   13
     384   13
     385   13
     386   13
     387   13
     388   13
     389   13
     390   13
     391   13
     392   13
     393   13
     394   13
     395   13
     396   13
     397   13
     398   14
     399   14
     400   14
     401   14
     402   14
     403   14
     404   14
     405   14
     406   14
     407   14
     408   14
     409   13
     410   13
     411   13
     412   13
     413   13
     414   13
     415   13
     416   13
     417   13
     418   13
     419   13
     420    8
     421   12
     422   12
     423   13
     424   13
     425   13
     426   13
     427   13
     428   13
     429   13
     430   13
     431   13
     432   13
     433   13
     434   13
     435   13
     436   10
     437    9
     438   12
     439    8
     440   12
     441   12
     442   12
     443   14
     444   14
     445   14
     446   14
     447   14
     448   14
     449   14
     450   14
     451   14
     452   14
     453   14
     454   14
     455   14
     456   14
     457   14
     458   14
     459   14
     460   14
     461   14
     462   14
     463   14
     464   14
     465   14
     466   14
     467   14
     468   14
     469   14
     470   14
     471   14
     472   14
     473   14
     474   14
     475   14
     476   14
     477   14
     478   14
     479   14
     480   14
     481   14
     482   14
     483   14
     484   14
     485   14
     486   14
     487   14
     488   14
     489   14
     490   14
     491   14
     492   14
     493   14
     494   14
     495   14
     496   14
     497   13
     498   13
     499   13
     500   13
     501   13
     502   13
     503   13
     504   13
     505   13
     506   13
     507   13
     508   13
     509   13
     510   13
     511   13
     512   14
     513   14
     514   14
     515   14
     516   14
     517   14
     518   14
     519   14
     520   14
     521   14
     522   14
     523   14
     524   14
     525   14
     526   14
     527   14
     528   14
     529   14
     530   14
     531   14
     532   14
     533   14
     534   14
     535   14
     536   14
     537   14
     538   14
     539   14
     540   14
     541   14
     542   14
     543   14
     544   14
     545   14
     546   14
     547   13
     548   13
     549   13
     550   13
     551   13
     552   13
     553   13
     554   13
     555   13
     556   13
     557   13
     558   13
     559   13
     560   13
     561   13
     562   13
     563   13
     564   14
     565   14
     566   14
     567   14
     568   14
     569   14
     570   14
     571   14
     572   14
     573   14
     574   14
     575   14
     576   14
     577   14
     578   14
     579   14
     580   14
     581   14
     582   14
     583   14
     584   14
     585   14
     586   14
     587   14
     588   14
     589   14
     590   14
     591   14
     592   14
     593   14
     594   14
     595   14
     596   14
     597   14
     598   14
     599   14
     600   14
     601   14
     602   14
     603   14
     604   14
     605   14
     606   14
     607   14
     608   14
     609   14
     610   14
     611   14
     612   14
     613   14
     614   14
     615   14
     616   14
     617   14
     618   14
     619   14
     620   14
     621   14
     622   14
     623   14
     624   14
     625   14
     626   14
     627   14
     628   14
     629   14
     630   14
     631   14
     632   14
     633   14
     634   14
     635   14
     636   14
     637   14
     638   14
     639   14
     640   14
     641   14
     642   14
     643   14
     644   14
     645   14
     646   14
     647   14
     648   14
     649   14
     650   14
     651   13
     652   13
     653   13
     654   13
     655   13
     656   14
     657   14
     658   14
     659   14
     660   14
     661   14
     662   14
     663   14
     664   14
     665   14
     666   14
     667   14
     668   14
     669   14
     670   14
     671   14
     672   13
     673   13
     674   13
     675   13
     676   13
     677   13
     678   13
     679   13
     680   13
     681   13
     682   13
     683   13
     684   13
     685   13
     686   13
     687   13
     688   13
     689   13
     690   13
     691   13
     692   13
     693   13
     694   13
     695   13
     696   13
     697   13
     698   13
     699   13
     700   13
     701   13
     702   13
     703   13
     704   13
     705   13
     706   13
     707   13
     708   13
     709   13
     710   13
     711   13
     712   13
     713   13
     714   13
     715   13
     716   13
     717   13
     718   13
     719   13
     720   13
     721   13
     722   13
     723   13
     724   13
     725   13
     726   13
     727   13
     728   13
     729   13
     730   13
     731   13
     732   13
     733   13
     734   13
     735   13
     736   13
     737   13
     738   13
     739   13
     740   13
     741   13
     742   13
     743   13
     744   13
     745   13
     746   13
     747   13
     748   13
     749   13
     750   13
     751   13
     752   13
     753   13
     754   13
     755   13
     756   13
     757   13
     758   13
     759   13
     760   13
     761   13
     762   13
     763   13
     764   13
     765   13
     766   13
     767   13
     768   13
     769   12
     770    7
     771   12
     772   12
     773   12
     774   12
     775   12
     776   12
     777   12
     778   12
     779   12
     780   12
     781   12
     782   12
     783   12
     784   12
     785   12
     786   12
     787   12
     788   12
     789   12
     790   12
     791   12
     792   12
     793   12
     794   12
     795   12
     796   10
     797   10
     798   10
     799   10
     800   10
     801   10
     802   10
     803   10
     804   13
     805   13
     806   13
     807   13
     808   13
     809   13
     810   13
     811   13
     812   13
     813   10
     814   10
     815   10
     816   10
     817   10
     818   10
     819   10
     820   10
     821   10
     822   10
     823   10
     824   10
     825   10
     826   12
     827    8
     828    8
     829    8
     830    7
     831   12
     832    8
     833    7
     834    8
     835    8
     836    8
     837    8
     838   12
     839    5
     840    6
     841    5
     842    3
     843    5
     844    5
     845    5
     846    1
     847    1
     848    5
     849    5
     850    5
     851    3
     852    3
     853    3
     854    5
     855    3
     856    3
     857    3
     858    3
     859    5
     860    6
     861    9
     862   10
     863   10
     864   10
     865   10
     866   10
     867   10
     868   10
     869   10
     870   10
     871   10
     872   10
     873   10
     874   10
     875   10
     876   10
     877   10
     878   10
     879   12
     880    8
     881   12
     882   15
     883   15
     884   12
     885    8
     886    9
     887   11
     888   10
     889    8
     890    8
     891    8
     892    8
     893   10
     894   12
     895   12
     896   12
     897   12
     898   12
     899   12
     900   12
     901   12
     902   12
     903   12
     904   10
     905   10
     906   10
     907   10
     908   10
     909   10
     910   10
     911   10
     912   10
     913   10
     914   10
     915   10
     916   10
     917   10
     918   10
     919   10
     920   10
     921   10
     922   13
     923   13
     924   13
     925   13
     926   13
     927   13
     928   13
     929   13
     930   13
     931   13
     932   13
     933   13
     934   13
     935   13
     936   13
     937   13
     938   13
     939   13
     940   13
     941   13
     942   13
     943   13
     944   13
     945   13
     946   13
     947   13
     948   13
     949   13
     950   13
     951   13
     952   13
     953   13
     954   13
     955   13
     956   13
     957   13
     958   13
     959   13
     960   13
     961   13
     962   13
     963   13
     964   13
     965   13
     966   13
     967   13
     968   14
     969   14
     970   14
     971   14
     972   14
     973   13
     974   13
     975   13
     976   13
     977   13
     978   13
     979   13
     980   13
     981   13
     982   14
     983   14
     984   14
     985   14
     986   14
     987   14
     988   14
     989   14
     990   14
     991   14
     992   14
     993   14
     994   14
     995   14
     996   14
     997   14
     998   14
     999   14
    1000   14
    1001   14
    1002   14
    1003   14
    1004   14
    1005   14
    1006   14
    1007   14
    1008   14
    1009   14
    1010   14
    1011   14
    1012   14
    1013   14
    1014   14
    1015   12
    1016   12
    1017   12
    1018   12
    1019    8
    1020    8
    1021   12
    1022   12
    1023   14
    1024   14
    1025   14
    1026   14
    1027   14
    1028   14
    1029   13
    1030   12
    1031   12
    1032   12
    1033    8
    1034    8
    1035    8
    1036    8
    1037   12
    1038   12
    1039    7
    1040    7
    1041    8
    1042    7
    1043    7
    1044    8
    1045   13
    1046   13
    1047   13
    1048   13
    1049   13
    1050   13
    1051   13
    1052   13
    1053   13
    1054   13
    1055   13
    1056   13
    1057   13
    1058   13
    1059   13
    1060   13
    1061   13
    1062   13
    1063   13
    1064   13
    1065   13
    1066   13
    1067   13
    1068   13
    1069   13
    1070   13
    1071   13
    1072   13
    1073   13
    1074   13
    1075   13
    1076   13
    1077   13
    1078   13
    1079   13
    1080   13
    1081   13
    1082   13
    1083   13
    1084   13
    1085   13
    1086   13
    1087   13
    1088   13
    1089   13
    1090   13
    1091   13
    1092   13
    1093   13
    1094   13
    1095   13
    1096   13
    1097   13
    1098   13
    1099   13
    1100   13
    1101   13
    1102   13
    1103   13
    1104   13
    1105   13
    1106   13
    1107   13
    1108   13
    1109   13
    1110   13
    1111   13
    1112   13
    1113   13
    1114   13
    1115   13
    1116   10
    1117   10
    1118   10
    1119   10
    1120   10
    1121   10
    1122   10
    1123   10
    1124   10
    1125   10
    1126   13
    1127   13
    1128   13
    1129   13
    1130   13
    1131   13
    1132   13
    1133   13
    1134   13
    1135   13
    1136   13
    1137   13
    1138   13
    1139   13
    1140   13
    1141   13
    1142   13
    1143   10
    1144   10
    1145   10
    1146   10
    1147   10
    1148   10
    1149   12
    1150   12
    1151   12
    1152   12
    1153   12
    1154   12
    1155   12
    1156   12
    1157   12
    1158   12
    1159   10
    1160   10
    1161   10
    1162   10
    1163   11
    1164   11
    1165   11
    1166    9
    1167    8
    1168   12
    1169   12
    1170   12
    1171   12
    1172   12
    1173   12
    1174   12
    1175   12
    1176   12
    1177   12
    1178   12
    1179   12
    1180   12
    1181   12
    1182    1
    1183    1
    1184    1
    1185    1
    1186   12
    1187    8
    1188    8
    1189    1
    1190    1
    1191    1
    1192   12
    1193   12
    1194   12
    1195   12
    1196   12
    1197   12
    1198   12
    1199    8
    1200    6
    1201    4
    1202    4
    1203    4
    1204    4
    1205    4
    1206    4
    1207    6
    1208    5
    1209    6
    1210    4
    1211    4
    1212    4
    1213    4
    1214    4
    1215    4
    1216    4
    1217    6
    1218    4
    1219    4
    1220    4
    1221    4
    1222    4
    1223    4
    1224    4
    1225    4
    1226    4
    1227    4
    1228    6
    1229    4
    1230    6
    1231    8
    1232   12
    1233   12
    1234   12
    1235   12
    1236   12
    1237   12
    1238   12
    1239   12
    1240   12
    1241   12
    1242    8
    1243   12
    1244   12
    1245   12
    1246   12
    1247    6
    1248    5
    1249    5
    1250    1
    1251    1
    1252    1
    1253    1
    1254    3
    1255    3
    1256    3
    1257    3
    1258    3
    1259    3
    1260    3
    1261    3
    1262    4
    1263    5
    1264    6
    1265   12
    1266   12
    1267   12
    1268   12
    1269   12
    1270   12
    1271    1
    1272    1
    1273    1
    1274   12
    1275   12
    1276   12
    1277   12
    1278   12
    1279    1
    1280   12
    1281    1
    1282    1
    1283    1
    1284    1
    1285    1
    1286    7
    1287   12
    1288   12
    1289   12
    1290   12
    1291   12
    1292   12
    1293   12
    1294   12
    1295   12
    1296   12
    1297   12
    1298   12
    1299    1
    1300    1
    1301    1
    1302    1
    1303   12
    1304   12
    1305   12
    1306   12
    1307    7
    1308   12
    1309   12
    1310    1
    1311    1
    1312    1
    1313    3
    1314    6
    1315    2
    1316    2
    1317    3
    1318    6
    1319    6
    1320    5
    1321    5
    1322    3
    1323    1
    1324   12
    1325   12
    1326   10
    1327   10
    1328   10
    1329   10
    1330   10
    1331   10
    1332   10
    1333   11
    1334   11
    1335   10
    1336   10
    1337   10
    1338   10
    1339   10
    1340   10
    1341   10
    1342   10
    1343   10
    1344   10
    1345   10
    1346   10
    1347   10
    1348   10
    1349   10
    1350   10
    1351   10
    1352   10
    1353   10
    1354   10
    1355   10
    1356   10
    1357    9
    1358   10
    1359   10
    1360   10
    1361   10
    1362   10
    1363   10
    1364   10
    1365   10
    1366   11
    1367   11
    1368   11
    1369   11
    1370   11
    1371   11
    1372   11
    1373   11
    1374   11
    1375   11
    1376   11
    1377   11
    1378   11
    1379   10
    1380   10
    1381   10
    1382   10
    1383   10
    1384   10
    1385   10
    1386   10
    1387   10
    1388   10
    1389   10
    1390   10
    1391   10
    1392   10
    1393   10
    1394   10
    1395   10
    1396   10
    1397   10
    1398   10
    1399   10
    1400   10
    1401   10
    1402   10
    1403   10
    1404   10
    1405   10
    1406   10
    1407   10
    1408   10
    1409   10
    1410   10
    1411   10
    1412   10
    1413   10
    1414   10
    1415   10
    1416   10
    1417   10
    1418   10
    1419   10
    1420   10
    1421   10
    1422   10
    1423   13
    1424   13
    1425   13
    1426   13
    1427   13
    1428   13
    1429   13
    1430   13
    1431   13
    1432   13
    1433   13
    1434   13
    1435   13
    1436   13
    1437   13
    1438   13
    1439   13
    1440   13
    1441   13
    1442   13
    1443   13
    1444   13
    1445   13
    1446   13
    1447   13
    1448   13
    1449   13
    1450   13
    1451   13
    1452   13
    1453   10
    1454   10
    1455   10
    1456   10
    1457   10
    1458   10
    1459   10
    1460   10
    1461   10
    1462   10
    1463   10
    1464   10
    1465   10
    1466   10
    1467   10
    1468   10
    1469   10
    1470   10
    1471   10
    1472   10
    1473   10
    1474   10
    1475   10
    1476   10
    1477   10
    1478   10
    1479   10
    1480   10
    1481   10
    1482   10
    1483   10
    1484   10
    1485   10
    1486   10
    1487   10
    1488   10
    1489   10
    1490   10
    1491   10
    1492   10
    1493   10
    1494   10
    1495   10
    1496   10
    1497   10
    1498   10
    1499   10
    1500   10
    1501   13
    1502   13
    1503   13
    1504   13
    1505   13
    1506   13
    1507   13
    1508   13
    1509   13
    1510   13
    1511   13
    1512   13
    1513   13
    1514   13
    1515   13
    1516   13
    1517   13
    1518   13
    1519   13
    1520   10
    1521   10
    1522   10
    1523   13
    1524   13
    1525   13
    1526   13
    1527   13
    1528   13
    1529   13
    1530   13
    1531   13
    1532   13
    1533   13
    1534   13
    1535   13
    1536   13
    1537   13
    1538   13
    1539   13
    1540   13
    1541   13
    1542   13
    1543   13
    1544   13
    1545   13
    1546   13
    1547   13
    1548   13
    1549   13
    1550   13
    1551   13
    1552   13
    1553   10
    1554   10
    1555   10
    1556   10
    1557   13
    1558   13
    1559   13
    1560   13
    1561   10
    1562   13
    1563   13
    1564   13
    1565   13
    1566   10
    1567   10
    1568   10
    1569   10
    1570   10
    1571   10
    1572   10
    1573   10
    1574   10
    1575   10
    1576   10
    1577   10
    1578   10
    1579   10
    1580   10
    1581   10
    1582   10
    1583   10
    1584   10
    1585   10
    1586   10
    1587   10
    1588   10
    1589   10
    1590   10
    1591   10
    1592   10
    1593   10
    1594   10
    1595   10
    1596   10
    1597   10
    1598   10
    1599   10
    1600   10
    1601   10
    1602   11
    1603   11
    1604   11
    1605   11
    1606   11
    1607   11
    1608   11
    1609   10
    1610   10
    1611   10
    1612   10
    1613   10
    1614   10
    1615   10
    1616   10
    1617   10
    1618   10
    1619   10
    1620   10
    1621   10
    1622   10
    1623   10
    1624   10
    1625   10
    1626   10
    1627   10
    1628   10
    1629   10
    1630   12
    1631   12
    1632   12
    1633   12
    1634   12
    1635   12
    1636   12
    1637   12
    1638   12
    1639   12
    1640   12
    1641    1
    1642    1
    1643    1
    1644   12
    1645   12
    1646   12
    1647   12
    1648   12
    1649   12
    1650   12
    1651   12
    1652   12
    1653    1
    1654    1
    1655    1
    1656    1
    1657    1
    1658    1
    1659    1
    1660    1
    1661   12
    1662   12
    1663   12
    1664   12
    1665   12
    1666   12
    1667    5
    1668    4
    1669    4
    1670    4
    1671    6
    1672   12
    1673   12
    1674   12
    1675   12
    1676   12
    1677   12
    1678   12
    1679   12
    1680   12
    1681   12
    1682   12
    1683    7
    1684    6
    1685    1
    1686    1
    1687    1
    1688    1
    1689    1
    1690    1
    1691    1
    1692    1
    1693   12
    1694   12
    1695   12
    1696   12
    1697   12
    1698   12
    1699   12
    1700   12
    1701   12
    1702   12
    1703   12
    1704   12
    1705   12
    1706   12
    1707   12
    1708   12
    1709   12
    1710    7
    1711    6
    1712    3
    1713    3
    1714    3
    1715    1
    1716    1
    1717    1
    1718    1
    1719    1
    1720    1
    1721    1
    1722    1
    1723    1
    1724    1
    1725    1
    1726    1
    1727    1
    1728    1
    1729   12
    1730   11
    1731   11
    1732   11
    1733   11
    1734   11
    1735    9
    1736   11
    1737   11
    1738   11
    1739   11
    1740   11
    1741    9
    1742    9
    1743   11
    1744   11
    1745   11
    1746   11
    1747   11
    1748   11
    1749   11
    1750   11
    1751   10
    1752   10
    1753   10
    1754   10
    1755   10
    1756   10
    1757   11
    1758   11
    1759   11
    1760   11
    1761   11
    1762   10
    1763   10
    1764   10
    1765   10
    1766   10
    1767   10
    1768   12
    1769   12
    1770   12
    1771   12
    1772    8
    1773   12
    1774    1
    1775    3
    1776    3
    1777    3
    1778    5
    1779    6
    1780   12
    1781   12
    1782    1
    1783    1
    1784    1
    1785    1
    1786    1
    1787    1
    1788    1
    1789    5
    1790    5
    1791    1
    1792    5
    1793    6
    1794    9
    1795   10
    1796   10
    1797   10
    1798   10
    1799   10
    1800   10
    1801   12
    1802    8
    1803    8
    1804    7
    1805   12
    1806   12
    1807   10
    1808   10
    1809   10
    1810   10
    1811   10
    1812   10
    1813   10
    1814   10
    1815   10
    1816   10
    1817   10
    1818   10
    1819   10
    1820   10
    1821   10
    1822   10
    1823   10
    1824   10
    1825   10
    1826   10
    1827   10
    1828   10
    1829   10
    1830   10
    1831   10
    1832   10
    1833   10
    1834   10
    1835   10
    1836   10
    1837   10
    1838   10
    1839   10
    1840   10
    1841   10
    1842   10
    1843   10
    1844   10
    1845   10
    1846   10
    1847   10
    1848   10
    1849   10
    1850   10
    1851   10
    1852   10
    1853   10
    1854   10
    1855   10
    1856   10
    1857   10
    1858   10
    1859   10
    1860   10
    1861   10
    1862   10
    1863   10
    1864   10
    1865   10
    1866   11
    1867   11
    1868   11
    1869   11
    1870   11
    1871   10
    1872   10
    1873   10
    1874   10
    1875   10
    1876   10
    1877   10
    1878   10
    1879   10
    1880   10
    1881   10
    1882   10
    1883   10
    1884   10
    1885   10
    1886   10
    1887   10
    1888   10
    1889   10
    1890   10
    1891   10
    1892   10
    1893   10
    1894   10
    1895   10
    1896   10
    1897   10
    1898   10
    1899   10
    1900   10
    1901   10
    1902   10
    1903   10
    1904   10
    1905   10
    1906   10
    1907   10
    1908   10
    1909   10
    1910   10
    1911   11
    1912    9
    1913   10
    1914   10
    1915   10
    1916   10
    1917   10
    1918   10
    1919   10
    1920   10
    1921   10
    1922   10
    1923   10
    1924   10
    1925   10
    1926   10
    1927   10
    1928   10
    1929   10
    1930   10
    1931   10
    1932   10
    1933   10
    1934   10
    1935   10
    1936   10
    1937   10
    1938   10
    1939   10
    1940   10
    1941   10
    1942   10
    1943   10
    1944   10
    1945   10
    1946   10
    1947   10
    1948   10
    1949   10
    1950   10
    1951   10
    1952   10
    1953   10
    1954   10
    1955   10
    1956   10
    1957   10
    1958   10
    1959   10
    1960   10
    1961   10
    1962   10
    1963   10
    1964   10
    1965   10
    1966   10
    1967   10
    1968   10
    1969   10
    1970   10
    1971   10
    1972   10
    1973   10
    1974   10
    1975   10
    1976   10
    1977   10
    1978   10
    1979   10
    1980   10
    1981   10
    1982   10
    1983   10
    1984   10
    1985   10
    1986   10
    1987   10
    1988   11
    1989   11
    1990   11
    1991   11
    1992    8
    1993   12
    1994   12
    1995   12
    1996   12
    1997    8
    1998   10
    1999   10
    2000   10
    2001   10
    2002    9
    2003   12
    2004   12
    2005   12
    2006   10
    2007   10
    2008   10
    2009   10
    2010   10
    2011   10
    2012    9
    2013   11
    2014   11
    2015   11
    2016   11
    2017   11
    2018    9
    2019    9
    2020   11
    2021   11
    2022    6
    2023    5
    2024    5
    2025    3
    2026    3
    2027    3
    2028    3
    2029    3
    2030    3
    2031    3
    2032    3
    2033    3
    2034    3
    2035    3
    2036    5
    2037    5
    2038    4
    2039    4
    2040    4
    2041    5
    2042    5
    2043    5
    2044    1
    2045    5
    2046    3
    2047    3
    2048    1
    2049    1
    2050    1
    2051    1
    2052    1
    2053    1
    2054    2
    2055    2
    2056    2
    2057    2
    2058    2
    2059    2
    2060    2
    2061    3
    2062    1
    2063    1
    2064    1
    2065    7
    2066    8
    2067   10
    2068    7
    2069   12
    2070   12
    2071   10
    2072   10
    2073   10
    2074   10
    2075   10
    2076   10
    2077   10
    2078   10
    2079   10
    2080   10
    2081    9
    2082   10
    2083   10
    2084   10
    2085   10
    2086   10
    2087   10
    2088   10
    2089   10
    2090   10
    2091   10
    2092   10
    2093   10
    2094   10
    2095   10
    2096   10
    2097   10
    2098   10
    2099   10
    2100   10
    2101   10
    2102   10
    2103   10
    2104   10
    2105   10
    2106   10
    2107   10
    2108   10
    2109   10
    2110   10
    2111   10
    2112   10
    2113   10
    2114   10
    2115   10
    2116   10
    2117   10
    2118   10
    2119   12
    2120   12
    2121   12
    2122   12
    2123   12
    2124   12
    2125   12
    2126   12
    2127   10
    2128   10
    2129   10
    2130   10
    2131   10
    2132   10
    2133   10
    2134   10
    2135   10
    2136   10
    2137   10
    2138    9
    2139   10
    2140   10
    2141   10
    2142   10
    2143   10
    2144   10
    2145   10
    2146   10
    2147   10
    2148   10
    2149   10
    2150   10
    2151   10
    2152   10
    2153   10
    2154   10
    2155   10
    2156   10
    2157   10
    2158   10
    2159   10
    2160   10
    2161   10
    2162   10
    2163   10
    2164   10
    2165   10
    2166   10
    2167   10
    2168   10
    2169   10
    2170   10
    2171   10
    2172   10
    2173   10
    2174   10
    2175   10
    2176   10
    2177   10
    2178   10
    2179   10
    2180   10
    2181   10
    2182   10
    2183   10
    2184   10
    2185   10
    2186   10
    2187   10
    2188   10
    2189   10
    2190   10
    2191   10
    2192   10
    2193   10
    2194   10
    2195   10
    2196   10
    2197   10
    2198   10
    2199   10
    2200    6
    2201    3
    2202    4
    2203    4
    2204    4
    2205    4
    2206    4
    2207    3
    2208    3
    2209    3
    2210    5
    2211    3
    2212    3
    2213    3
    2214    1
    2215    1
    2216    1
    2217    1
    2218    1
    2219   12
    2220   12
    2221   12
    2222   10
    2223   10
    2224   10
    2225   10
    2226   10
    2227   10
    2228   10
    2229    9
    2230   10
    2231   10
    2232   10
    2233   10
    2234   10
    2235   10
    2236   10
    2237   10
    2238   10
    2239   10
    2240   10
    2241   10
    2242   10
    2243   10
    2244   10
    2245   10
    2246   10
    2247   10
    2248   10
    2249   10
    2250   10
    2251   10
    2252   10
    2253   10
    2254   12
    2255   12
    2256   12
    2257   12
    2258    8
    2259    7
    2260    8
    2261    8
    2262    8
    2263    8
    2264    7
    2265    8
    2266   12
    2267   12
    2268   12
    2269   10
    2270   10
    2271   10
    2272   10
    2273   10
    2274   10
    2275   10
    2276   10
    2277   10
    2278   10
    2279   10
    2280   10
    2281   10
    2282   10
    2283   10
    2284   10
    2285   10
    2286   10
    2287   10
    2288   10
    2289   10
    2290   10
    2291   10
    2292   12
    2293   12
    2294   12
    2295   12
    2296   12
    2297   10
    2298   10
    2299   10
    2300   10
    2301   10
    2302   10
    2303   10
    2304   10
    2305   10
    2306   10
    2307   10
    2308   10
    2309   10
    2310   10
    2311   10
    2312   10
    2313   10
    2314   11
    2315   11
    2316   11
    2317   11
    2318   11
    2319   11
    2320   11
    2321    9
    2322   11
    2323   11
    2324   11
    2325   11
    2326   10
    2327   10
    2328   13
    2329   13
    2330   13
    2331   13
    2332   13
    2333   13
    2334   13
    2335   13
    2336   13
    2337   13
    2338   13
    2339   13
    2340   13
    2341   13
    2342   13
    2343   13
    2344   13
    2345   13
    2346   13
    2347   13
    2348   13
    2349   13
    2350   13
    2351   13
    2352   13
    2353   13
    2354   10
    2355   10
    2356   10
    2357   10
    2358    9
    2359    9
    2360   12
    2361   12
    2362   12
    2363   12
    2364   12
    2365   10
    2366   10
    2367   10
    2368   10
    2369   13
    2370   13
    2371   13
    2372   13
    2373   13
    2374   12
    2375   12
    2376   12
    2377   12
    2378   12
    2379   12
    2380   12
    2381   12
    2382   12
    2383   12
    2384    5
    2385    6
    2386    6
    2387    5
    2388    3
    2389    1
    2390    1
    2391    1
    2392    1
    2393    5
    2394    5
    2395    2
    2396   11
    2397    9
    2398    9
    2399   11
    2400    9
    2401   11
    2402   11
    2403   11
    2404   11
    2405   11
    2406   11
    2407   11
    2408   11
    2409   11
    2410   11
    2411   11
    2412   11
    2413   11
    2414   11
    2415   11
    2416   11
    2417   11
    2418   11
    2419   11
    2420   11
    2421   11
    2422    9
    2423   11
    2424   11
    2425   11
    2426   11
    2427   11
    2428   11
    2429   11
    2430   11
    2431   11
    2432   11
    2433    7
    2434    7
    2435    7
    2436   11
    2437   11
    2438   11
    2439   11
    2440   11
    2441    9
    2442   11
    2443    9
    2444    9
    2445   11
    2446   11
    2447   11
    2448    9
    2449   11
    2450   11
    2451   11
    2452    9
    2453   11
    2454    9
    2455    9
    2456   11
    2457   11
    2458   11
    2459   11
    2460   10
    2461   10
    2462   10
    2463   10
    2464   10
    2465   10
    2466   10
    2467   10
    2468   13
    2469   13
    2470   13
    2471   13
    2472   13
    2473   13
    2474   13
    2475   13
    2476   13
    2477   13
    2478   13
    2479   13
    2480   13
    2481   13
    2482   13
    2483   13
    2484   13
    2485   13
    2486   13
    2487   13
    2488   12
    2489   11
    2490   11
    2491   11
    2492   11
    2493   10
    2494   10
    2495   10
    2496   11
    2497   11
    2498   11
    2499   11
    2500   11
    2501   11
    2502   11
    2503   11
    2504   11
    2505   10
    2506   13
    2507   13
    2508   13
    2509   13
    2510   13
    2511   13
    2512   13
    2513   13
    2514   13
    2515   13
    2516   13
    2517   13
    2518   13
    2519   13
    2520   13
    2521   13
    2522   13
    2523   13
    2524   13
    2525   13
    2526   13
    2527   13
    2528   13
    2529   13
    2530   13
    2531   13
    2532   13
    2533   13
    2534   13
    2535   13
    2536    9
    2537    9
    2538   11
    2539   11
    2540   11
    2541   10
    2542   10
    2543   10
    2544   10
    2545   10
    2546   10
    2547   10
    2548   10
    2549   10
    2550   10
    2551    9
    2552    9
    2553   10
    2554   10
    2555   10
    2556   10
    2557   10
    2558   10
    2559   10
    2560   10
    2561   10
    2562   10
    2563   10
    2564   10
    2565   10
    2566   10
    2567   10
    2568   10
    2569   10
    2570   10
    2571   10
    2572   10
    2573   10
    2574   10
    2575   10
    2576   10
    2577   10
    2578   10
    2579   10
    2580   10
    2581   10
    2582   10
    2583   10
    2584   10
    2585   10
    2586   10
    2587   10
    2588   10
    2589   10
    2590   10
    2591   10
    2592   10
    2593   10
    2594   10
    2595   10
    2596   10
    2597   10
    2598   10
    2599   10
    2600   10
    2601   10
    2602   10
    2603   10
    2604   10
    2605   10
    2606   10
    2607   10
    2608   10
    2609   10
    2610   10
    2611   10
    2612   10
    2613   10
    2614   10
    2615   10
    2616   10
    2617   10
    2618   10
    2619   10
    2620   12
    2621   12
    2622   12
    2623   12
    2624   12
    2625   12
    2626   12
    2627   10
    2628   10
    2629   10
    2630   10
    2631   10
    2632   12
    2633   12
    2634   12
    2635   12
    2636   10
    2637   10
    2638   10
    2639   10
    2640   10
    2641   10
    2642   10
    2643   10
    2644   10
    2645   10
    2646   10
    2647   13
    2648   13
    2649   13
    2650   13
    2651   13
    2652   13
    2653   13
    2654   13
    2655   13
    2656   13
    2657   13
    2658   13
    2659   13
    2660   13
    2661   13
    2662   13
    2663   13
    2664   12
    2665   12
    2666   12
    2667   12
    2668   10
    2669   10
    2670   10
    2671   10
    2672   10
    2673   10
    2674   10
    2675   10
    2676   10
    2677   10
    2678   10
    2679   10
    2680   10
    2681   10
    2682   10
    2683   10
    2684   10
    2685   10
    2686   10
    2687   10
    2688   10
    2689   10
    2690   10
    2691   10
    2692   10
    2693   10
    2694   10
    2695   10
    2696   10
    2697   10
    2698   13
    2699   13
    2700   13
    2701   13
    2702   13
    2703   13
    2704   13
    2705   13
    2706   13
    2707   13
    2708   13
    2709   13
    2710   10
    2711   10
    2712   10
    2713   10
    2714   11
    2715   11
    2716   11
    2717   11
    2718   11
    2719   11
    2720   11
    2721   11
    2722   11
    2723   11
    2724   11
    2725   11
    2726   11
    2727   11
    2728   11
    2729   11
    2730   11
    2731   11
    2732   11
    2733   11
    2734   11
    2735   11
    2736   11
    2737   11
    2738   10
    2739   10
    2740   10
    2741   10
    2742   10
    2743   10
    2744   10
    2745   10
    2746   10
    2747   10
    2748   10
    2749   10
    2750   10
    2751   10
    2752   10
    2753   10
    2754   10
    2755   10
    2756   10
    2757   12
    2758    8
    2759    7
    2760    6
    2761    8
    2762    8
    2763   12
    2764    7
    2765    7
    2766    7
    2767    8
    2768   12
    2769    8
    2770    8
    2771    8
    2772    7
    2773    8
    2774   15
    2775    8
    2776   15
    2777   15
    2778   15
    2779   15
    2780   15
    2781    8
    2782   15
    2783   15
    2784    8
    2785    8
    2786    8
    2787    8
    2788    8
    2789    7
    2790    7
    2791    6
    2792    5
    2793    5
    2794    6
    2795    5
    2796    3
    2797    1
    2798    1
    2799    3
    2800    3
    2801    3
    2802    1
    2803    1
    2804    1
    2805    1
    2806    1
    2807    3
    2808    3
    2809    1
    2810    1
    2811    1
    2812    3
    2813    3
    2814    3
    2815    3
    2816    3
    2817    3
    2818    3
    2819    3
    2820    3
    2821    3
    2822    3
    2823    3
    2824    6
    2825   12
    2826   10
    2827   12
    2828    8
    2829    8
    2830    8
    2831    8
    2832   12
    2833    4
    2834    3
    2835    5
    2836    6
    2837    6
    2838   10
    2839   10
    2840   10
    2841   10
    2842   10
    2843   10
    2844   10
    2845   10
    2846   10
    2847   10
    2848   10
    2849   10
    2850   10
    2851   10
    2852   10
    2853   10
    2854   10
    2855   10
    2856   10
    2857   10
    2858   10
    2859   10
    2860   10
    2861   10
    2862   10
    2863   10
    2864   10
    2865   10
    2866   10
    2867   10
    2868   10
    2869   10
    2870   10
    2871   10
    2872   10
    2873   10
    2874   10
    2875   10
    2876   10
    2877   10
    2878   10
    2879   10
    2880   10
    2881   10
    2882   10
    2883   10
    2884   10
    2885   10
    2886   10
    2887   10
    2888   10
    2889   10
    2890   10
    2891   10
    2892   10
    2893   10
    2894   11
    2895   11
    2896   11
    2897   11
    2898   11
    2899   11
    2900   11
    2901   11
    2902   11
    2903   11
    2904   11
    2905   11
    2906   11
    2907   11
    2908   11
    2909   11
    2910   11
    2911   11
    2912   11
    2913   11
    2914   11
    2915   11
    2916   11
    2917   11
    2918   11
    2919   11
    2920   11
    2921   11
    2922   11
    2923   11
    2924   11
    2925   11
    2926   11
    2927   11
    2928   11
    2929   11
    2930   11
    2931   11
    2932   11
    2933   11
    2934   11
    2935   11
    2936   11
    2937   11
    2938   11
    2939   11
    2940   11
    2941   11
    2942    9
    2943   11
    2944   11
    2945   11
    2946   11
    2947   11
    2948   11
    2949   11
    2950   11
    2951    9
    2952   10
    2953   10
    2954   10
    2955   10
    2956   10
    2957   12
    2958    1
    2959    1
    2960    1
    2961    1
    2962    1
    2963    1
    2964    3
    2965    3
    2966    1
    2967    1
    2968    1
    2969    1
    2970    3
    2971    3
    2972    3
    2973    1
    2974    3
    2975    6
    2976    9
    2977    9
    2978   12
    2979    9
    2980    9
    2981    9
    2982    9
    2983   11
    2984   11
    2985   11
    2986   11
    2987   11
    2988   11
    2989   11
    2990    9
    2991    9
    2992   12
    2993   12
    2994    1
    2995    1
    2996    1
    2997    1
    2998    1
    2999    2
    3000    2
    3001    2
    3002    2
    3003    2
    3004    2
    3005    2
    3006    2
    3007    2
    3008    3
    3009    3
    3010    5
    3011    6
    3012    1
    3013    1
    3014    1
    3015    1
    3016    1
    3017    6
    3018   12
    3019   12
    3020   12
    3021   12
    3022   12
    3023   12
    3024   12
    3025   12
    3026   12
    3027   12
    3028   12
    3029   12
    3030   12
    3031   12
    3032   12
    3033   12
    3034   12
    3035   12
    3036   12
    3037   12
    3038   12
    3039   12
    3040   12
    3041   12
    3042   12
    3043   12
    3044   12
    3045   12
    3046   12
    3047   12
    3048   12
    3049   12
    3050   12
    3051   12
    3052   12
    3053   12
    3054   12
    3055   12
    3056   12
    3057   12
    3058   12
    3059    8
    3060   12
    3061   12
    3062   12
    3063   12
    3064   12
    3065   12
    3066   12
    3067   12
    3068   12
    3069   12
    3070   12
    3071    8
    3072    8
    3073    8
    3074    5
    3075    5
    3076    5
    3077    1
    3078    1
    3079    1
    3080    1
    3081    1
    3082    1
    3083    3
    3084    3
    3085    5
    3086    6
    3087    8
    3088    8
    3089   12
    3090   10
    3091   12
    3092   12
    3093   12
    3094    1
    3095    1
    3096    1
    3097    3
    3098    3
    3099    3
    3100    4
    3101    5
    3102    4
    3103    4
    3104    5
    3105    6
    3106    9
    3107   10
    3108   10
    3109   10
    3110    9
    3111   11
    3112   11
    3113   11
    3114    9
    3115   11
    3116   11
    3117   11
    3118   12
    3119   12
    3120   12
    3121    1
    3122    1
    3123    1
    3124    3
    3125    3
    3126    3
    3127    5
    3128    6
    3129   10
    3130   10
    3131   10
    3132   10
    3133   10
    3134   10
    3135   10
    3136   10
    3137   10
    3138   10
    3139   10
    3140   10
    3141    9
    3142    9
    3143   11
    3144   11
    3145    9
    3146   12
    3147    8
    3148   12
    3149    8
    3150    8
    3151   12
    3152   12
    3153    7
    3154    8
    3155   12
    3156    2
    3157   11
    3158   11
    3159   11
    3160   11
    3161    9
    3162    9
    3163    9
    3164    6
    3165    8
    3166    8
    3167    8
    3168   12
    3169    8
    3170    9
    3171    6
    3172    5
    3173    3
    3174    6
    3175    6
    3176    6
    3177    6
    3178    6
    3179    6
    3180    9
    3181    9
    3182   11
    3183    9
    3184    9
    3185    9
    3186    9
    3187   11
    3188    9
    3189    6
    3190    5
    3191    5
    3192    6
    3193    6
    3194    6
    3195    3
    3196    3
    3197    5
    3198    3
    3199    3
    3200    6
    3201    5
    3202    1
    3203    1
    3204    1
    3205    1
    3206    1
    3207    1
    3208    1
    3209    1
    3210    5
    3211    5
    3212    6
    3213    8
    3214    8
    3215    8
    3216   12
    3217    9
    3218    9
    3219   11
    3220   11
    3221   11
    3222   11
    3223   11
    3224   11
    3225    9
    3226   10
    3227   10
    3228   10
    3229   10
    3230   10
    3231   10
    3232   10
    3233   10
    3234   10
    3235   10
    3236   10
    3237   10
    3238    8
    3239   12
    3240   12
    3241    1
    3242    6
    3243    6
    3244    4
    3245    5
    3246    3
    3247    3
    3248    3
    3249    3
    3250    3
    3251    3
    3252    3
    3253    3
    3254    3
    3255    3
    3256    3
    3257    3
    3258    3
    3259    3
    3260    1
    3261    1
    3262    1
    3263    1
    3264    1
    3265    6
    3266    8
    3267    6
    3268    6
    3269    4
    3270    5
    3271    5
    3272    5
    3273    4
    3274    4
    3275    4
    3276    5
    3277    3
    3278    3
    3279    1
    3280    1
    3281    1
    3282    1
    3283    1
    3284    1
    3285    1
    3286    2
    3287    2
    3288    9
    3289   11
    3290   11
    3291   11
    3292   11
    3293   11
    3294   10
    3295   10
    3296   11
    3297   10
    3298   10
    3299   12
    3300   12
    3301   12
    3302   12
    3303   12
    3304   12
    3305   12
    3306   12
    3307   12
    3308   12
    3309   12
    3310   12
    3311   12
    3312   12
    3313   10
    3314   10
    3315   10
    3316   10
    3317   10
    3318    9
    3319   10
    3320   10
    3321   10
    3322   10
    3323   10
    3324   10
    3325   10
    3326   10
    3327   10
    3328   10
    3329   10
    3330    9
    3331    9
    3332   11
    3333   11
    3334   11
    3335   11
    3336   11
    3337   11
    3338   11
    3339   11
    3340   11
    3341    9
    3342    9
    3343   11
    3344    9
    3345   11
    3346   11
    3347   11
    3348   11
    3349   11
    3350   11
    3351   10
    3352   10
    3353   10
    3354   10
    3355   10
    3356   12
    3357   12
    3358    6
    3359    4
    3360   12
    3361   12
    3362   12
    3363   12
    3364   12
    3365   12
    3366    1
    3367    1
    3368    1
    3369    1
    3370    1
    3371    1
    3372    1
    3373   12
    3374   12
    3375   12
    3376   12
    3377   12
    3378   12
    3379    8
    3380    8
    3381   12
    3382    7
    3383    7
    3384    7
    3385    6
    3386    5
    3387    5
    3388    4
    3389   12
    3390   12
    3391   12
    3392   12
    3393   12
    3394   10
    3395   10
    3396   12
    3397   12
    3398   12
    3399   12
    3400   12
    3401   12
    3402   12
    3403   12
    3404    6
    3405    5
    3406    6
    3407    4
    3408    5
    3409    1
    3410    1
    3411    1
    3412    1
    3413    1
    3414    1
    3415    2
    3416    9
    3417    9
    3418   10
    3419   10
    3420   10
    3421   10
    3422   10
    3423   10
    3424   10
    3425   10
    3426   10
    3427    6
    3428    4
    3429    4
    3430    4
    3431    4
    3432    4
    3433    4
    3434    4
    3435    3
    3436    3
    3437    3
    3438    1
    3439    1
    3440    1
    3441    1
    3442    1
    3443    1
    3444    1
    3445   12
    3446   12
    3447   12
    3448   12
    3449   12
    3450   12
    3451   12
    3452   12
    3453   12
    3454    7
    3455    8
    3456    8
    3457   12
    3458   12
    3459    7
    3460   12
    3461   12
    3462    3
    3463    6
    3464    1
    3465   12
    3466   12
    3467   12
    3468   12
    3469    9
    3470   11
    3471   11
    3472    9
    3473    7
    3474    7
    3475    8
    3476    8
    3477    9
    3478    9
    3479   11
    3480    9
    3481   11
    3482   11
    3483   11
    3484   11
    3485    9
    3486    7
    3487    8
    3488    8
    3489    8
    3490    8
    3491    8
    3492    8
    3493    7
    3494   12
    3495    8
    3496    8
    3497    6
    3498    4
    3499    4
    3500    4
    3501    5
    3502    3
    3503    4
    3504    3
    3505    3
    3506    4
    3507   12
    3508   12
    3509    7
    3510    1
    3511    1
    3512    1
    3513    5
    3514    1
    3515    1
    3516    1
    3517    5
    3518    7
    3519    8
    3520   12
    3521    8
    3522    8
    3523    7
    3524    8
    3525    8
    3526    8
    3527    8
    3528   12
    3529    8
    3530    8
    3531    8
    3532    6
    3533    5
    3534    5
    3535    5
    3536    6
    3537    5
    3538    5
    3539    5
    3540    5
    3541    5
    3542    5
    3543    1
    3544   12
    3545    7
    3546    7
    3547    7
    3548    8
    3549    8
    3550    7
    3551    6
    3552    4
    3553    6
    3554    5
    3555    3
    3556    5
    3557    6
    3558    6
    3559    5
    3560    5
    3561    3
    3562    6
    3563    5
    3564    5
    3565    5
    3566    5
    3567    5
    3568    3
    3569    3
    3570    5
    3571    2
    3572    2
    3573    2
    3574    1
    3575    1
    3576    1
    3577    1
    3578    8
    3579    8
    3580   12
    3581    8
    3582    8
    3583   12
    3584   12
    3585    1
    3586    1
    3587    1
    3588    1
    3589    1
    3590    1
    3591   12
    3592   12
    3593   12
    3594   12
    3595   12
    3596   12
    3597    4
    3598    4
    3599    1
    3600    1
    3601    1
    3602   12
    3603   12
    3604    4
    3605    4
    3606    5
    3607    4
    3608    4
    3609    4
    3610    4
    3611    4
    3612    4
    3613    4
    3614    4
    3615    6
    3616    7
    3617   12
    3618    8
    3619    8
    3620   10
    3621   10
    3622    9
    3623    9
    3624   10
    3625   10
    3626   10
    3627   12
    3628   12
    3629   12
    3630   12
    3631   12
    3632   12
    3633   12
    3634   12
    3635   12
    3636   12
    3637    7
    3638    8
    3639    7
    3640    8
    3641    1
    3642    1
    3643    1
    3644    1
    3645    1
    3646    1
    3647    1
    3648    1
    3649    3
    3650    3
    3651    3
    3652    3
    3653    6
    3654    6
    3655    9
    3656   10
    3657   10
    3658   10
    3659   10
    3660   10
    3661   10
    3662   10
    3663   10
    3664   10
    3665   10
    3666   10
    3667   10
    3668   10
    3669   10
    3670   10
    3671   10
    3672   10
    3673   10
    3674   10
    3675   10
    3676   10
    3677    9
    3678   10
    3679   10
    3680   10
    3681   10
    3682   10
    3683   10
    3684   10
    3685   10
    3686   10
    3687   10
    3688   10
    3689   10
    3690   10
    3691   10
    3692   10
    3693   10
    3694    9
    3695    8
    3696    8
    3697    7
    3698    8
    3699    8
    3700    8
    3701    8
    3702   12
    3703    9
    3704    8
    3705    7
    3706    7
    3707    7
    3708    8
    3709    8
    3710    8
    3711   10
    3712   10
    3713    8
    3714    8
    3715   10
    3716   10
    3717   10
    3718   10
    3719   12
    3720   12
    3721   12
    3722   12
    3723   12
    3724   12
    3725   12
    3726   12
    3727    6
    3728    3
    3729    3
    3730    4
    3731    4
    3732    1
    3733    1
    3734    1
    3735    1
    3736    1
    3737    1
    3738    1
    3739    1
    3740    1
    3741    1
    3742    1
    3743    1
    3744    1
    3745    1
    3746    1
    3747    1
    3748    1
    3749    1
    3750    1
    3751    1
    3752    1
    3753    1
    3754    1
    3755    1
    3756    9
    3757   11
    3758   11
    3759   11
    3760    9
    3761   11
    3762    9
    3763   10
    3764   10
    3765   10
    3766   10
    3767   10
    3768   10
    3769   10
    3770   10
    3771   10
    3772   10
    3773   10
    3774   10
    3775    9
    3776   11
    3777   11
    3778   11
    3779    9
    3780    9
    3781   12
    3782    8
    3783   10
    3784   10
    3785   10
    3786    9
    3787   11
    3788   11
    3789   11
    3790   11
    3791   11
    3792   11
    3793   11
    3794   11
    3795   11
    3796    9
    3797   11
    3798   10
    3799   10
    3800   10
    3801    9
    3802   10
    3803   10
    3804   10
    3805   12
    3806   12
    3807   12
    3808   12
    3809   12
    3810   12
    3811   12
    3812   12
    3813   12
    3814   12
    3815   12
    3816    1
    3817    1
    3818    1
    3819    5
    3820    5
    3821    5
    3822    5
    3823    1
    3824    1
    3825    3
    3826    5
    3827    5
    3828    5
    3829    6
    3830    5
    3831    3
    3832    5
    3833    5
    3834    5
    3835    6
    3836    7
    3837    7
    3838    8
    3839    7
    3840    8
    3841   12
    3842    6
    3843    5
    3844    3
    3845    3
    3846    1
    3847    3
    3848    3
    3849    5
    3850    6
    3851    5
    3852    5
    3853    5
    3854    1
    3855    1
    3856    1
    3857    1
    3858    1
    3859    1
    3860    1
    3861    1
    3862    1
    3863    3
    3864    5
    3865    6
    3866    4
    3867    4
    3868    4
    3869    4
    3870    4
    3871    4
    3872    4
    3873    4
    3874    5
    3875    5
    3876    6
    3877   12
    3878   12
    3879   12
    3880   12
    3881    2
    3882    2
    3883    6
    3884    7
    3885    8
    3886    9
    3887   12
    3888   12
    3889   12
    3890    9
    3891   11
    3892   11
    3893   11
    3894   11
    3895   11
    3896    9
    3897   11
    3898   14
    3899   14
    3900   14
    3901   14
    3902   14
    3903   14
    3904   14
    3905    2
    3906    2
    3907    2
    3908    9
    3909   14
    3910   14
    3911   14
    3912   14
    3913   14
    3914   14
    3915   14
    3916   14
    3917    1
    3918    1
    3919    1
    3920    3
    3921    3
    3922    5
    3923    6
    3924    8
    3925   12
    3926   12
    3927    7
    3928   12
    3929   12
    3930   12
    3931   12
    3932   12
    3933   12
    3934   12
    3935   12
    3936   12
    3937   10
    3938    9
    3939    9
    3940    2
    3941    1
    3942    1
    3943    1
    3944    3
    3945    3
    3946    3
    3947    4
    3948    4
    3949    4
    3950    4
    3951    4
    3952    4
    3953    3
    3954    5
    3955    6
    3956   12
    3957    8
    3958    8
    3959   12
    3960    9
    3961   11
    3962   11
    3963   11
    3964   11
    3965   11
    3966   11
    3967    9
    3968   10
    3969   10
    3970   10
    3971   12
    3972   12
    3973   12
    3974   12
    3975   12
    3976   12
    3977   12
    3978   12
    3979   12
    3980    8
    3981    8
    3982    8
    3983   12
    3984   12
    3985   12
    3986   12
    3987   12
    3988   12
    3989   12
    3990   12
    3991   12
    3992    2
    3993   12
    3994   12
    3995   12
    3996   12
    3997   12
    3998   12
    3999    6
    4000    6
    4001   12
    4002   12
    4003   12
    4004   12
    4005   12
    4006   12
    4007   12
    4008    1
    4009    1
    4010    1
    4011    7
    4012   12
    4013   12
    4014   12
    4015   12
    4016   12
    4017   12
    4018   12
    4019   12
    4020   12
    4021   12
    4022   12
    4023    8
    4024    8
    4025    8
    4026    8
    4027    8
    4028    7
    4029    7
    4030    7
    4031    7
    4032    7
    4033    7
    4034    7
    4035    5
    4036    4
    4037    4
    4038    3
    4039    1
    4040    1
    4041    1
    4042    1
    4043    1
    4044    1
    4045    1
    4046    1
    4047    1
    4048    1
    4049    1
    4050    1
    4051    1
    4052    9
    4053    9
    4054   10
    4055   10
    4056   10
    4057   10
    4058   10
    4059   10
    4060   10
    4061   10
    4062   10
    4063   10
    4064   10
    4065   10
    4066   10
    4067   10
    4068   10
    4069   10
    4070   10
    4071   10
    4072    1
    4073    1
    4074    1
    4075    1
    4076    1
    4077    3
    4078    5
    4079    6
    4080    3
    4081    3
    4082    1
    4083    1
    4084    1
    4085    1
    4086    1
    4087    1
    4088    1
    4089    1
    4090    3
    4091    6
    4092    7
    4093    7
    4094    8
    4095    8
    4096    8
    4097   12
    4098   11
    4099   11
    4100   11
    4101   11
    4102   11
    4103   11
    4104    9
    4105   10
    4106   10
    4107   10
    4108   12
    4109   12
    4110    8
    4111   12
    4112   12
    4113    9
    4114   10
    4115   10
    4116   10
    4117   10
    4118    8
    4119   10
    4120   10
    4121   10
    4122   10
    4123   10
    4124   10
    4125   10
    4126   10
    4127   10
    4128   10
    4129   10
    4130   10
    4131   12
    4132   12
    4133    1
    4134    1
    4135    3
    4136    6
    4137    9
    4138   10
    4139   10
    4140   10
    4141   10
    4142   10
    4143   10
    4144   10
    4145   10
    4146   12
    4147   12
    4148    6
    4149    6
    4150    5
    4151    3
    4152    3
    4153    3
    4154    3
    4155    1
    4156    1
    4157   12
    4158   12
    4159    9
    4160    9
    4161    6
    4162    5
    4163    6
    4164    6
    4165    3
    4166    3
    4167    5
    4168    2
    4169    2
    4170    1
    4171    1
    4172    1
    4173    1
    4174    1
    4175    1
    4176    6
    4177    1
    4178    1
    4179    1
    4180    5
    4181    6
    4182    5
    4183    1
    4184    5
    4185    4
    4186    5
    4187    6
    4188    5
    4189    6
    4190    6
    4191    7
    4192    8
    4193    7
    4194    8
    4195    8
    4196   12
    4197    7
    4198    7
    4199    1
    4200    1
    4201    1
    4202    1
    4203    7
    4204    8
    4205   12
    4206   10
    4207   11
    4208   11
    4209   11
    4210   11
    4211   11
    4212   11
    4213   11
    4214   11
    4215   11
    4216   11
    4217   10
    4218   10
    4219   10
    4220   10
    4221   10
    4222   10
    4223   10
    4224   10
    4225   10
    4226   10
    4227   10
    4228   10
    4229   10
    4230   11
    4231   11
    4232   11
    4233   11
    4234   11
    4235   11
    4236   11
    4237   10
    4238   10
    4239   10
    4240   10
    4241   10
    4242   10
    4243   10
    4244   10
    4245   10
    4246   10
    4247   10
    4248   10
    4249   10
    4250    9
    4251   10
    4252   10
    4253   10
    4254   10
    4255   10
    4256   10
    4257   10
    4258   10
    4259   10
    4260   10
    4261   10
    4262   11
    4263   11
    4264   11
    4265   11
    4266   11
    4267   11
    4268   11
    4269   11
    4270   11
    4271   11
    4272   11
    4273   11
    4274   11
    4275   11
    4276   11
    4277   11
    4278   10
    4279   10
    4280   10
    4281   10
    4282   10
    4283   10
    4284   10
    4285   10
    4286   10
    4287   10
    4288   10
    4289   10
    4290   10
    4291   11
    4292   11
    4293    9
    4294   11
    4295   11
    4296   11
    4297   11
    4298   11
    4299    2
    4300    1
    4301    1
    4302    1
    4303    1
    4304    1
    4305    1
    4306    1
    4307    2
    4308    5
    4309    2
    4310    2
    4311    9
    4312   11
    4313   11
    4314   11
    4315   11
    4316   11
    4317   11
    4318   11
    4319   11
    4320   11
    4321   11
    4322    9
    4323   10
    4324   10
    4325   10
    4326   10
    4327   10
    4328   10
    4329   10
    4330   10
    4331   10
    4332   10
    4333   10
    4334   10
    4335   10
    4336   10
    4337   10
    4338   10
    4339   10
    4340   10
    4341   10
    4342   10
    4343   10
    4344   10
    4345   11
    4346   11
    4347    9
    4348   11
    4349   11
    4350   11
    4351   11
    4352   11
    4353   11
    4354   11
    4355   11
    4356   11
    4357   11
    4358   11
    4359   11
    4360   11
    4361   11
    4362   11
    4363   11
    4364   11
    4365   10
    4366   10
    4367   10
    4368   10
    4369   10
    4370   10
    4371   10
    4372   10
    4373    6
    4374    4
    4375    4
    4376    4
    4377    4
    4378    4
    4379    1
    4380    1
    4381    1
    4382    1
    4383   12
    4384    8
    4385   12
    4386    9
    4387    9
    4388   11
    4389    9
    4390   10
    4391   10
    4392   10
    4393   12
    4394   12
    4395    4
    4396    6
    4397    5
    4398    3
    4399    2
    4400   12
    4401   12
    4402   12
    4403   12
    4404    9
    4405    9
    4406   10
    4407    8
    4408   10
    4409   10
    4410   10
    4411   10
    4412   10
    4413   10
    4414   10
    4415   10
    4416   10
    4417   10
    4418   10
    4419   10
    4420   10
    4421   10
    4422   10
    4423   10
    4424   10
    4425   10
    4426   10
    4427   10
    4428    9
    4429   10
    4430   10
    4431   10
    4432   10
    4433   10
    4434   10
    4435   10
    4436   10
    4437   10
    4438   10
    4439   10
    4440   10
    4441   10
    4442   10
    4443   10
    4444   10
    4445   10
    4446   10
    4447   10
    4448   10
    4449   10
    4450   10
    4451   10
    4452   10
    4453   10
    4454   10
    4455   10
    4456   10
    4457   10
    4458   10
    4459   10
    4460   10
    4461   10
    4462   10
    4463   10
    4464   10
    4465   10
    4466   10
    4467   10
    4468   10
    4469   10
    4470   10
    4471   10
    4472   10
    4473   10
    4474   10
    4475   10
    4476   12
    4477   12
    4478   12
    4479   12
    4480   12
    4481   12
    4482   12
    4483   12
    4484   12
    4485   12
    4486   12
    4487   12
    4488   12
    4489   12
    4490   12
    4491   12
    4492   12
    4493   12
    4494   12
    4495   12
    4496   12
    4497   12
    4498   12
    4499   12
    4500   12
    4501   12
    4502   12
    4503   12
    4504   12
    4505   12
    4506   12
    4507   12
    4508   12
    4509   12
    4510   12
    4511   12
    4512   12
    4513   12
    4514   12
    4515   12
    4516    6
    4517    9
    4518   10
    4519   10
    4520   10
    4521   10
    4522   10
    4523   10
    4524   10
    4525   12
    4526   12
    4527   12
    4528   12
    4529   12
    4530   12
    4531   12
    4532   12
    4533    6
    4534    4
    4535    1
    4536    1
    4537    1
    4538   12
    4539   12
    4540   12
    4541    1
    4542    1
    4543    1
    4544    1
    4545    1
    4546    1
    4547    1
    4548    1
    4549    1
    4550    1
    4551    1
    4552    1
    4553    1
    4554    1
    4555    1
    4556    1
    4557    1
    4558    1
    4559    4
    4560    4
    4561    4
    4562    1
    4563    1
    4564    4
    4565    4
    4566    4
    4567    4
    4568    4
    4569    4
    4570    4
    4571    5
    4572    6
    4573    1
    4574    1
    4575    1
    4576    1
    4577    1
    4578    1
    4579   12
    4580   12
    4581   12
    4582   12
    4583   12
    4584   12
    4585   12
    4586   12
    4587   12
    4588   12
    4589   12
    4590   12
    4591   12
    4592   12
    4593   12
    4594   12
    4595    1
    4596    1
    4597    1
    4598    1
    4599    1
    4600    1
    4601    1
    4602   12
    4603   12
    4604   12
    4605    1
    4606    1
    4607    1
    4608    1
    4609    1
    4610    1
    4611    1
    4612    3
    4613    3
    4614    3
    4615    3
    4616    3
    4617    3
    4618    3
    4619    3
    4620    3
    4621    3
    4622    6
    4623    6
    4624   12
    4625   12
    4626   12
    4627    8
    4628    8
    4629   12
    4630   12
    4631   12
    4632   12
    4633   12
    4634    7
    4635   12
    4636    8
    4637    7
    4638    6
    4639    3
    4640    3
    4641    3
    4642    1
    4643   12
    4644   12
    4645    7
    4646    8
    4647    9
    4648   12
    4649   12
    4650   12
    4651   12
    4652   12
    4653   12
    4654   12
    4655   12
    4656   12
    4657   12
    4658   12
    4659   12
    4660   12
    4661   12
    4662   12
    4663   12
    4664   12
    4665   12
    4666   12
    4667   12
    4668   12
    4669   12
    4670   12
    4671   12
    4672    9
    4673   12
    4674   12
    4675   12
    4676    8
    4677   12
    4678   10
    4679   10
    4680   10
    4681   10
    4682   10
    4683   10
    4684   10
    4685   10
    4686   10
    4687   10
    4688   10
    4689   10
    4690   10
    4691   10
    4692    8
    4693   12
    4694   12
    4695   10
    4696   10
    4697   10
    4698   13
    4699   13
    4700   13
    4701   13
    4702   13
    4703   13
    4704   13
    4705   13
    4706   13
    4707   13
    4708   13
    4709   13
    4710   13
    4711   13
    4712   13
    4713   13
    4714   13
    4715   13
    4716   13
    4717   13
    4718   13
    4719   13
    4720   13
    4721   13
    4722   13
    4723   13
    4724   13
    4725   13
    4726   13
    4727   13
    4728   13
    4729   13
    4730   13
    4731   13
    4732   13
    4733   13
    4734   13
    4735   13
    4736   13
    4737   13
    4738   13
    4739   13
    4740   13
    4741   13
    4742   13
    4743   13
    4744   13
    4745   13
    4746   13
    4747   13
    4748   13
    4749   13
    4750   12
    4751   12
    4752   12
    4753   12
    4754   12
    4755   12
    4756   12
    4757    8
    4758    7
    4759   12
    4760   12
    4761   12
    4762   12
    4763   12
    4764    8
    4765    7
    4766   12
    4767   12
    4768   12
    4769   12
    4770   12
    4771   12
    4772   12
    4773   12
    4774   12
    4775   12
    4776   12
    4777   12
    4778   12
    4779   12
    4780   12
    4781   12
    4782   12
    4783   12
    4784    8
    4785    8
    4786    8
    4787    8
    4788   12
    4789    6
    4790    5
    4791    3
    4792    3
    4793    3
    4794    1
    4795    4
    4796    4
    4797    4
    4798    4
    4799    4
    4800    4
    4801    4
    4802    4
    4803    4
    4804    1
    4805    1
    4806    1
    4807    1
    4808    1
    4809    1
    4810    1
    4811    1
    4812    1
    4813    1
    4814    5
    4815    6
    4816    5
    4817    7
    4818    8
    4819    8
    4820    8
    4821    8
    4822    8
    4823    7
    4824    8
    4825    7
    4826    8
    4827    8
    4828    8
    4829    5
    4830    5
    4831    5
    4832    6
    4833    5
    4834    5
    4835    4
    4836    6
    4837    8
    4838    8
    4839    7
    4840    7
    4841    7
    4842   12
    4843    8
    4844    8
    4845    8
    4846   10
    4847   10
    4848   10
    4849   10
    4850   10
    4851   10
    4852   10
    4853   10
    4854   10
    4855   10
    4856   10
    4857   10
    4858   10
    4859    6
    4860    3
    4861    1
    4862    1
    4863    1
    4864    1
    4865    1
    4866   12
    4867   12
    4868   10
    4869   10
    4870   10
    4871   10
    4872   10
    4873   10
    4874   13
    4875   13
    4876   13
    4877   13
    4878   13
    4879   13
    4880   13
    4881   13
    4882   13
    4883   13
    4884   13
    4885   13
    4886   13
    4887   13
    4888   13
    4889   13
    4890   13
    4891   13
    4892   13
    4893   13
    4894   13
    4895   13
    4896   13
    4897   13
    4898   13
    4899   13
    4900   13
    4901   13
    4902   13
    4903   13
    4904   13
    4905   13
    4906   13
    4907   13
    4908   13
    4909   13
    4910   13
    4911   13
    4912   13
    4913   13
    4914   13
    4915   13
    4916   13
    4917   13
    4918   13
    4919   13
    4920   13
    4921   13
    4922   13
    4923   13
    4924   13
    4925   13
    4926   13
    4927   13
    4928   13
    4929   13
    4930   13
    4931   13
    4932   13
    4933   13
    4934   13
    4935   13
    4936   13
    4937   13
    4938   13
    4939   13
    4940   13
    4941   13
    4942   13
    4943   13
    4944   13
    4945   13
    4946   13
    4947   13
    4948   13
    4949   13
    4950   13
    4951   13
    4952   13
    4953   13
    4954   13
    4955   13
    4956   13
    4957   13
    4958   13
    4959   13
    4960   13
    4961   13
    4962   13
    4963   13
    4964   13
    4965   13
    4966   13
    4967   13
    4968   13
    4969   13
    4970   13
    4971   13
    4972   13
    4973   13
    4974   13
    4975   13
    4976   13
    4977   13
    4978   13
    4979   13
    4980   13
    4981   13
    4982   13
    4983   13
    4984   13
    4985   13
    4986   13
    4987   13
    4988   13
    4989   13
    4990   13
    4991   13
    4992   13
    4993   13
    4994   13
    4995   13
    4996   13
    4997   13
    4998   13
    4999   13
    5000   13
