       1    5
       2    6
       3   11
       4   11
       5   11
       6   11
       7   11
       8   11
       9   11
      10   11
      11   11
      12   11
      13   11
      14   11
      15   11
      16   11
      17   11
      18   11
      19   11
      20   11
      21   11
      22    9
      23   11
      24   11
      25   11
      26   11
      27   11
      28   11
      29   11
      30    9
      31   11
      32   11
      33   11
      34   11
      35   11
      36   11
      37   11
      38   11
      39   11
      40   11
      41   11
      42   11
      43   11
      44   11
      45   11
      46   11
      47   11
      48   11
      49   11
      50   11
      51   11
      52   11
      53    9
      54   11
      55   11
      56   11
      57    6
      58    5
      59    5
      60    2
      61    2
      62    9
      63   10
      64   10
      65   10
      66   10
      67   10
      68   10
      69   10
      70   10
      71   10
      72   11
      73   11
      74   11
      75   11
      76   11
      77   11
      78   11
      79    9
      80   11
      81   11
      82   11
      83   11
      84   11
      85   11
      86   11
      87   11
      88   11
      89   11
      90   10
      91   10
      92   10
      93   10
      94   10
      95   10
      96   10
      97   10
      98   10
      99   10
     100   10
     101   10
     102   10
     103   10
     104   10
     105   10
     106   10
     107   10
     108   10
     109   10
     110   10
     111   10
     112   10
     113   10
     114   10
     115   10
     116   10
     117   10
     118   10
     119   10
     120   10
     121   10
     122   10
     123   10
     124   10
     125    9
     126   11
     127   11
     128   11
     129   10
     130   10
     131   10
     132    6
     133    5
     134    5
     135    3
     136    3
     137    3
     138    3
     139    3
     140    3
     141    3
     142    3
     143    5
     144    5
     145   12
     146   12
     147    8
     148    7
     149    6
     150    5
     151    3
     152    5
     153    5
     154    3
     155    1
     156    1
     157    1
     158    1
     159    5
     160    3
     161    3
     162    1
     163    1
     164    1
     165    1
     166    1
     167    1
     168    1
     169    5
     170    6
     171    6
     172    5
     173    5
     174    3
     175    3
     176    5
     177    2
     178    5
     179    6
     180    1
     181    1
     182    1
     183    6
     184    5
     185    3
     186    3
     187    3
     188    1
     189    3
     190    3
     191    1
     192    1
     193    1
     194    7
     195    2
     196    2
     197    1
     198    9
     199    9
     200   10
     201   10
     202   10
     203   10
     204   10
     205   10
     206   10
     207   10
     208   10
     209   10
     210   10
     211   10
     212   10
     213   10
     214   10
     215   10
     216   11
     217   11
     218   11
     219   12
     220   12
     221   12
     222   12
     223   12
     224   10
     225   10
     226   10
     227   10
     228   10
     229    8
     230   12
     231    7
     232    7
     233    8
     234    8
     235    8
     236   10
     237   10
     238   10
     239   10
     240   10
     241   10
     242   10
     243    9
     244    9
     245    6
     246    1
     247    7
     248   14
     249   14
     250   14
     251   14
     252    6
     253   12
     254   12
     255   10
     256    9
     257   11
     258   11
     259   11
     260   11
     261   11
     262   11
     263   11
     264   11
     265    9
     266   11
     267   11
     268   11
     269   11
     270   11
     271   11
     272   11
     273   11
     274   11
     275   11
     276   11
     277   10
     278   10
     279   10
     280   10
     281   14
     282   14
     283    9
     284    1
     285    1
     286   12
     287   12
     288    1
     289    3
     290    6
     291    9
     292    9
     293    9
     294   11
     295   11
     296    9
     297    6
     298    6
     299    6
     300    5
     301    3
     302    2
     303    2
     304    6
     305    1
     306    6
     307    6
     308    2
     309    2
     310    2
     311    9
     312   11
     313   11
     314   11
     315   11
     316    9
     317    9
     318    9
     319    9
     320    9
     321    9
     322    8
     323    7
     324    7
     325    7
     326    9
     327   11
     328   11
     329   11
     330   11
     331   11
     332   10
     333   10
     334   10
     335   10
     336   10
     337   10
     338   10
     339   10
     340    9
     341   11
     342   11
     343   11
     344   10
     345   10
     346   10
     347    9
     348    6
     349    5
     350    2
     351    6
     352    6
     353    3
     354    6
     355    9
     356    9
     357    9
     358    8
     359    7
     360    7
     361    7
     362    8
     363    8
     364   12
     365    8
     366    8
     367    8
     368    8
     369    8
     370   10
     371   10
     372   10
     373    8
     374    7
     375    7
     376    7
     377    9
     378   11
     379   11
     380   11
     381    9
     382    9
     383   11
     384   11
     385    9
     386   11
     387    9
     388    8
     389    7
     390    7
     391    8
     392    8
     393    8
     394    8
     395    7
     396   12
     397    7
     398    1
     399    5
     400    6
     401    9
     402   11
     403   11
     404   11
     405    9
     406    5
     407    6
     408    9
     409    9
     410    9
     411    8
     412    8
     413   11
     414   11
     415   11
     416   12
     417    8
     418   10
     419    7
     420    6
     421    2
     422    2
     423    6
     424    6
     425    1
     426    7
     427    6
     428    5
     429    2
     430    7
     431    8
     432    9
     433   10
     434   12
     435   12
     436    8
     437    8
     438    7
     439   10
     440   10
     441    6
     442    6
     443    3
     444    2
     445    2
     446    6
     447    6
     448    5
     449    6
     450    5
     451    5
     452    2
     453    6
     454    2
     455    9
     456    9
     457    9
     458    2
     459    2
     460    6
     461    8
     462    9
     463   11
     464   11
     465   11
     466   11
     467    9
     468   11
     469    9
     470    9
     471    9
     472    9
     473    2
     474    2
     475    1
     476    1
     477    1
     478    9
     479   11
     480   11
     481   11
     482   11
     483   11
     484    9
     485    6
     486    2
     487   11
     488   11
     489   11
     490   11
     491   11
     492   11
     493   11
     494   11
     495    9
     496    9
     497    6
     498    5
     499    6
     500    6
     501    6
     502    2
     503    2
     504    2
     505    2
     506    5
     507    2
     508    6
     509    6
     510    6
     511    1
     512    2
     513    2
     514    2
     515    1
     516    1
     517    1
     518    1
     519    2
     520    5
     521    6
     522    6
     523    6
     524    7
     525    9
     526    6
     527    3
     528    1
     529    1
     530    1
     531   12
     532    8
     533   12
     534    1
     535    1
     536    1
     537    1
     538    1
     539    1
     540    5
     541    6
     542    3
     543    3
     544    3
     545    3
     546   14
     547   14
     548   14
     549   14
     550   14
     551   14
     552   14
     553   14
     554   14
     555   14
     556   14
     557   14
     558   14
     559   14
     560   14
     561   14
     562   14
     563   14
     564   14
     565   14
     566   14
     567    1
     568    1
     569    1
     570    1
     571    1
     572    4
     573    6
     574    9
     575   14
     576   14
     577    1
     578    1
     579    1
     580    3
     581    6
     582   14
     583   14
     584   14
     585   14
     586   14
     587   14
     588   14
     589   14
     590   14
     591    1
     592    1
     593    1
     594    4
     595    6
     596    6
     597   14
     598   14
     599   14
     600   14
     601   14
     602    2
     603    6
     604    5
     605    1
     606    1
     607    1
     608    1
     609    3
     610    3
     611    3
     612    6
     613    5
     614    1
     615    1
     616    1
     617    4
     618    4
     619    6
     620    2
     621   14
     622   14
     623   14
     624   14
     625   14
     626   14
     627   14
     628   14
     629   14
     630   14
     631    6
     632    4
     633    1
     634    1
     635    6
     636    1
     637    1
     638    1
     639    3
     640    3
     641    2
     642   14
     643   14
     644   14
     645   14
     646   14
     647   14
     648   14
     649   14
     650   14
     651   14
     652    6
     653   14
     654   14
     655   14
     656   14
     657   14
     658   14
     659   14
     660   14
     661   14
     662   14
     663   14
     664   14
     665    6
     666   12
     667   12
     668    6
     669   14
     670   14
     671   14
     672   14
     673   14
     674   14
     675   14
     676   14
     677   14
     678   14
     679   14
     680   14
     681    7
     682   14
     683   14
     684   14
     685   14
     686   14
     687   14
     688   14
     689   14
     690   14
     691   14
     692   14
     693   14
     694   14
     695   14
     696   14
     697   14
     698   14
     699   14
     700   14
     701   14
     702   14
     703   14
     704   14
     705   14
     706   14
     707   14
     708   14
     709   14
     710   14
     711   14
     712   14
     713    6
     714    2
     715   14
     716   14
     717   14
     718   14
     719   14
     720   14
     721   14
     722   14
     723   14
     724   14
     725   14
     726   14
     727   14
     728   14
     729   14
     730   14
     731   14
     732    7
     733   14
     734   14
     735   14
     736   14
     737   14
     738   14
     739   14
     740    7
     741    6
     742    3
     743    1
     744    1
     745    1
     746   14
     747   14
     748   14
     749   14
     750   14
     751   14
     752   14
     753   14
     754   14
     755   14
     756   14
     757   14
     758   14
     759   14
     760    9
     761    6
     762    3
     763    1
     764    1
     765    1
     766    1
     767    1
     768    1
     769    1
     770    1
     771   12
     772    7
     773   14
     774   14
     775   14
     776   14
     777   14
     778   14
     779   14
     780   14
     781   14
     782   14
     783   14
     784   14
     785   14
     786   14
     787   14
     788   14
     789   14
     790   14
     791    6
     792    7
     793   14
     794   14
     795   14
     796   14
     797   14
     798   14
     799   14
     800   14
     801   14
     802   14
     803   14
     804   14
     805   14
     806   14
     807   14
     808   14
     809   14
     810   14
     811   14
     812   14
     813   14
     814   14
     815   14
     816   14
     817    9
     818   14
     819   14
     820   14
     821   14
     822   14
     823   14
     824   14
     825   14
     826    2
     827    2
     828    5
     829    6
     830   14
     831   14
     832   14
     833   14
     834   14
     835   14
     836    7
     837   12
     838    1
     839    1
     840    4
     841    6
     842    7
     843   12
     844   12
     845   12
     846   12
     847   12
     848   12
     849   12
     850    1
     851    1
     852    1
     853    6
     854    7
     855   14
     856   14
     857   14
     858   14
     859   14
     860   14
     861   14
     862   14
     863   14
     864   14
     865   13
     866   10
     867   10
     868   10
     869   10
     870   10
     871   10
     872   11
     873   11
     874   11
     875   11
     876   11
     877   11
     878    8
     879    6
     880    3
     881    3
     882    5
     883    4
     884    6
     885    5
     886    5
     887    4
     888    4
     889    4
     890    4
     891    5
     892    3
     893    3
     894    6
     895    5
     896    3
     897    3
     898    3
     899    5
     900    3
     901    3
     902    5
     903    3
     904    3
     905    5
     906    2
     907    2
     908    2
     909    5
     910    4
     911    1
     912    5
     913    5
     914    2
     915    2
     916    2
     917    2
     918    1
     919    1
     920    1
     921    1
     922    1
     923    1
     924    1
     925    1
     926    2
     927    2
     928    2
     929    2
     930    2
     931    2
     932    2
     933    1
     934    1
     935    1
     936    2
     937    2
     938    2
     939    2
     940    2
     941    2
     942    9
     943    9
     944    9
     945   11
     946    9
     947    9
     948    9
     949   11
     950   11
     951    9
     952   11
     953   11
     954   11
     955   11
     956   11
     957   11
     958    9
     959    6
     960    4
     961    6
     962    9
     963   11
     964   11
     965    9
     966   10
     967   10
     968   10
     969   10
     970    9
     971    9
     972    9
     973    6
     974    2
     975    9
     976    9
     977    9
     978    9
     979    2
     980   11
     981   11
     982   11
     983   11
     984   11
     985   11
     986   11
     987   11
     988   11
     989   11
     990   11
     991   11
     992   11
     993   11
     994   11
     995   11
     996   11
     997   11
     998   11
     999   11
    1000   11
    1001    9
    1002   11
    1003    9
    1004   11
    1005   11
    1006    9
    1007    9
    1008   11
    1009   11
    1010   11
    1011   11
    1012   11
    1013   11
    1014   11
    1015   11
    1016   11
    1017    9
    1018   10
    1019   10
    1020    9
    1021    6
    1022    6
    1023    1
    1024    1
    1025    2
    1026    2
    1027    6
    1028    6
    1029    6
    1030    5
    1031    6
    1032    5
    1033    5
    1034    6
    1035    6
    1036    6
    1037    5
    1038    6
    1039    5
    1040    5
    1041    5
    1042    6
    1043    5
    1044    5
    1045    7
    1046    7
    1047    8
    1048    8
    1049    8
    1050    6
    1051    8
    1052    7
    1053    8
    1054    8
    1055    7
    1056    8
    1057   12
    1058   12
    1059    8
    1060    8
    1061    8
    1062    5
    1063    1
    1064    6
    1065    5
    1066    5
    1067    6
    1068    6
    1069    7
    1070    7
    1071    8
    1072    1
    1073    7
    1074    8
    1075   12
    1076    2
    1077    5
    1078    6
    1079    2
    1080    2
    1081    2
    1082    2
    1083    3
    1084    6
    1085    2
    1086    2
    1087    2
    1088    2
    1089    2
    1090    5
    1091    3
    1092    5
    1093    6
    1094    9
    1095   11
    1096   11
    1097   10
    1098   10
    1099   10
    1100   12
    1101   12
    1102   12
    1103   12
    1104    9
    1105    9
    1106   11
    1107   11
    1108    9
    1109    9
    1110   11
    1111    9
    1112    9
    1113   11
    1114   11
    1115   11
    1116   11
    1117   11
    1118   11
    1119   11
    1120   11
    1121   11
    1122    8
    1123    6
    1124    5
    1125    5
    1126    5
    1127    6
    1128    5
    1129    6
    1130    5
    1131    5
    1132    2
    1133    2
    1134    2
    1135    9
    1136    9
    1137    9
    1138    9
    1139   10
    1140   10
    1141   10
    1142   10
    1143   10
    1144   10
    1145    9
    1146   11
    1147   11
    1148   11
    1149    9
    1150   11
    1151   11
    1152   11
    1153   11
    1154   10
    1155   10
    1156   10
    1157   10
    1158   10
    1159    9
    1160   11
    1161   11
    1162    9
    1163    9
    1164    9
    1165    9
    1166    6
    1167    5
    1168    3
    1169    1
    1170    1
    1171    1
    1172    2
    1173    2
    1174    2
    1175    2
    1176    6
    1177    6
    1178    6
    1179    6
    1180    6
    1181    5
    1182    1
    1183    6
    1184    5
    1185    6
    1186    7
    1187    6
    1188    5
    1189    2
    1190    2
    1191    2
    1192    2
    1193    2
    1194    6
    1195    2
    1196    2
    1197    9
    1198    9
    1199    9
    1200   11
    1201    9
    1202   12
    1203    1
    1204    6
    1205    5
    1206    6
    1207   10
    1208   10
    1209    9
    1210   10
    1211   10
    1212   10
    1213   10
    1214   10
    1215   10
    1216   10
    1217   10
    1218   10
    1219   10
    1220   10
    1221   10
    1222   10
    1223   10
    1224   10
    1225   10
    1226   10
    1227   10
    1228   10
    1229   10
    1230   10
    1231   10
    1232   10
    1233    9
    1234   11
    1235   11
    1236   11
    1237    9
    1238   10
    1239   10
    1240   10
    1241   10
    1242   10
    1243   10
    1244   10
    1245   10
    1246   10
    1247   10
    1248   10
    1249   10
    1250   10
    1251   10
    1252   10
    1253   10
    1254   11
    1255   11
    1256    9
    1257   10
    1258   10
    1259   10
    1260   10
    1261   10
    1262    9
    1263    5
    1264    1
    1265    3
    1266    5
    1267    6
    1268    8
    1269   12
    1270   12
    1271    1
    1272    1
    1273    5
    1274    7
    1275    6
    1276    5
    1277    6
    1278    6
    1279    5
    1280    6
    1281    6
    1282    8
    1283   11
    1284    9
    1285   11
    1286   11
    1287   11
    1288    9
    1289    7
    1290    7
    1291   12
    1292   12
    1293   12
    1294   12
    1295    6
    1296    3
    1297    3
    1298    4
    1299    4
    1300    6
    1301    1
    1302    1
    1303    1
    1304   14
    1305   14
    1306   14
    1307   14
    1308   14
    1309   14
    1310    2
    1311    3
    1312    6
    1313   12
    1314   12
    1315   12
    1316    3
    1317    3
    1318    5
    1319    6
    1320   12
    1321   12
    1322   12
    1323    8
    1324    8
    1325    8
    1326   10
    1327   10
    1328   10
    1329   10
    1330   10
    1331   10
    1332    7
    1333    8
    1334   12
    1335   10
    1336   10
    1337   10
    1338   10
    1339    9
    1340   12
    1341    1
    1342    1
    1343   12
    1344    9
    1345    9
    1346    9
    1347    6
    1348    1
    1349    3
    1350    5
    1351    5
    1352    5
    1353    3
    1354    5
    1355    5
    1356    5
    1357    6
    1358    6
    1359    8
    1360   12
    1361   12
    1362   12
    1363   12
    1364    1
    1365    1
    1366    1
    1367    1
    1368    3
    1369    3
    1370    6
    1371    5
    1372    3
    1373    1
    1374    1
    1375    1
    1376    1
    1377    2
    1378   11
    1379   11
    1380   11
    1381    9
    1382    9
    1383    9
    1384    9
    1385    6
    1386    6
    1387    7
    1388    7
    1389    6
    1390    6
    1391    8
    1392    1
    1393    7
    1394    6
    1395   10
    1396   10
    1397   10
    1398    9
    1399   11
    1400   11
    1401   11
    1402   11
    1403   11
    1404   11
    1405    9
    1406    9
    1407    9
    1408   11
    1409   11
    1410   11
    1411    9
    1412   11
    1413   11
    1414    9
    1415    9
    1416    9
    1417    2
    1418    2
    1419   12
    1420    9
    1421    9
    1422    9
    1423    9
    1424    9
    1425   11
    1426   11
    1427   11
    1428   11
    1429   11
    1430    9
    1431   11
    1432   11
    1433    9
    1434   12
    1435    1
    1436    1
    1437    1
    1438    1
    1439    1
    1440    1
    1441    1
    1442    1
    1443    1
    1444    6
    1445    6
    1446    5
    1447    2
    1448    2
    1449    2
    1450    6
    1451    6
    1452    5
    1453    2
    1454    2
    1455    2
    1456    6
    1457    7
    1458    8
    1459    8
    1460    7
    1461    6
    1462    6
    1463    2
    1464    9
    1465    9
    1466    8
    1467    8
    1468   12
    1469   11
    1470   11
    1471   11
    1472   11
    1473   10
    1474   10
    1475   10
    1476   10
    1477   10
    1478   10
    1479   10
    1480   11
    1481   11
    1482   11
    1483   11
    1484   11
    1485   11
    1486   11
    1487   11
    1488   11
    1489   11
    1490   11
    1491   11
    1492   11
    1493   11
    1494   11
    1495   11
    1496   11
    1497   11
    1498   11
    1499   11
    1500   11
    1501   11
    1502   11
    1503   11
    1504   11
    1505   10
    1506   10
    1507   10
    1508   10
    1509   10
    1510   10
    1511   10
    1512   10
    1513   10
    1514   10
    1515   10
    1516   10
    1517   10
    1518   10
    1519   10
    1520   10
    1521   10
    1522   10
    1523   10
    1524   11
    1525   11
    1526    9
    1527   11
    1528   11
    1529   10
    1530   10
    1531   12
    1532    8
    1533    8
    1534    7
    1535    7
    1536    6
    1537   12
    1538   11
    1539    9
    1540    9
    1541   12
    1542    2
    1543    2
    1544    6
    1545    6
    1546    6
    1547    8
    1548   12
    1549    1
    1550    1
    1551    1
    1552    1
    1553    6
    1554    6
    1555    3
    1556    3
    1557    1
    1558    3
    1559    3
    1560    5
    1561    3
    1562    5
    1563    6
    1564    1
    1565    6
    1566    6
    1567    1
    1568    1
    1569    1
    1570    3
    1571    6
    1572    5
    1573    6
    1574    6
    1575    2
    1576    6
    1577    2
    1578    2
    1579    2
    1580    6
    1581    5
    1582    2
    1583    5
    1584    1
    1585    1
    1586    6
    1587    1
    1588    3
    1589    6
    1590   10
    1591   10
    1592   10
    1593   10
    1594   10
    1595   10
    1596   10
    1597   10
    1598   10
    1599   10
    1600   10
    1601   10
    1602   11
    1603   11
    1604   11
    1605    9
    1606   11
    1607   11
    1608   11
    1609   11
    1610   11
    1611   11
    1612   11
    1613    9
    1614    9
    1615   11
    1616   11
    1617   11
    1618   11
    1619   11
    1620   11
    1621   11
    1622   11
    1623   11
    1624   11
    1625   11
    1626   11
    1627   11
    1628   11
    1629   11
    1630   11
    1631   11
    1632   11
    1633   11
    1634   11
    1635   11
    1636   11
    1637   11
    1638   11
    1639   11
    1640   11
    1641   11
    1642    9
    1643   11
    1644   11
    1645   11
    1646   11
    1647   11
    1648   11
    1649   11
    1650   11
    1651   11
    1652   11
    1653   11
    1654   11
    1655   11
    1656   11
    1657   11
    1658   11
    1659   11
    1660   11
    1661   11
    1662   11
    1663   11
    1664   11
    1665   11
    1666   11
    1667   11
    1668   11
    1669   11
    1670   11
    1671   11
    1672    6
    1673    6
    1674    5
    1675    2
    1676    9
    1677    6
    1678    6
    1679    2
    1680    2
    1681    5
    1682    2
    1683   11
    1684   11
    1685   11
    1686    9
    1687    9
    1688    9
    1689   11
    1690   11
    1691   12
    1692    6
    1693   11
    1694   11
    1695   11
    1696   11
    1697   11
    1698   11
    1699    9
    1700   11
    1701   11
    1702   11
    1703   11
    1704   11
    1705   11
    1706   11
    1707   11
    1708   11
    1709   11
    1710    9
    1711   11
    1712   11
    1713   11
    1714   11
    1715    6
    1716    6
    1717    5
    1718    9
    1719   11
    1720   11
    1721   11
    1722   11
    1723   11
    1724   11
    1725   11
    1726   11
    1727    9
    1728   11
    1729   11
    1730   11
    1731   11
    1732   11
    1733   11
    1734   11
    1735   11
    1736   11
    1737   11
    1738   11
    1739   11
    1740    2
    1741    2
    1742    3
    1743    5
    1744    6
    1745    5
    1746    5
    1747    5
    1748    5
    1749    6
    1750    6
    1751    6
    1752    9
    1753   12
    1754    6
    1755    6
    1756    6
    1757    6
    1758    5
    1759    3
    1760    5
    1761    6
    1762   10
    1763    9
    1764    9
    1765    9
    1766    6
    1767    3
    1768    1
    1769    1
    1770    1
    1771    1
    1772    1
    1773    1
    1774    2
    1775    2
    1776   11
    1777   11
    1778    9
    1779   11
    1780   11
    1781    9
    1782   11
    1783   11
    1784    9
    1785    9
    1786    8
    1787    7
    1788    7
    1789    7
    1790    7
    1791    8
    1792    8
    1793    7
    1794    8
    1795    8
    1796    8
    1797    7
    1798    7
    1799    8
    1800    7
    1801    8
    1802    1
    1803    1
    1804    5
    1805    5
    1806    6
    1807   12
    1808    9
    1809    8
    1810   10
    1811    9
    1812    9
    1813   11
    1814   11
    1815   11
    1816   11
    1817   11
    1818   11
    1819   11
    1820   11
    1821   11
    1822   11
    1823   11
    1824   11
    1825   11
    1826   11
    1827   11
    1828   10
    1829   10
    1830   10
    1831   10
    1832   10
    1833   10
    1834   10
    1835   10
    1836   10
    1837   10
    1838   10
    1839   10
    1840   12
    1841   12
    1842   12
    1843   12
    1844   12
    1845   12
    1846   10
    1847   10
    1848   10
    1849   10
    1850   10
    1851   10
    1852   10
    1853   10
    1854   10
    1855   10
    1856   10
    1857   10
    1858   10
    1859   10
    1860   10
    1861   10
    1862   10
    1863   10
    1864   10
    1865   10
    1866   10
    1867   10
    1868   10
    1869   10
    1870   10
    1871   10
    1872   10
    1873   10
    1874   10
    1875   10
    1876   10
    1877   10
    1878   10
    1879   10
    1880   10
    1881   10
    1882   10
    1883   10
    1884   10
    1885   10
    1886   10
    1887   10
    1888   10
    1889   10
    1890   13
    1891   13
    1892   13
    1893   13
    1894   13
    1895   13
    1896   13
    1897   10
    1898   10
    1899   10
    1900   10
    1901   10
    1902   10
    1903   10
    1904   10
    1905   10
    1906   10
    1907   13
    1908   13
    1909   13
    1910   13
    1911   13
    1912   13
    1913   13
    1914   13
    1915   10
    1916   10
    1917   10
    1918   10
    1919   10
    1920   10
    1921   10
    1922   10
    1923   10
    1924   10
    1925   10
    1926   10
    1927   10
    1928   10
    1929   10
    1930   10
    1931   10
    1932   10
    1933   10
    1934   10
    1935   10
    1936   10
    1937   10
    1938   10
    1939   10
    1940   10
    1941   10
    1942   13
    1943   13
    1944   13
    1945   13
    1946   13
    1947   13
    1948   13
    1949   13
    1950   13
    1951   13
    1952   10
    1953   10
    1954   10
    1955   10
    1956   10
    1957   10
    1958   10
    1959   10
    1960   10
    1961   10
    1962   10
    1963   10
    1964   10
    1965   10
    1966   10
    1967   11
    1968   11
    1969   11
    1970   11
    1971   11
    1972   11
    1973   11
    1974   11
    1975   11
    1976   11
    1977   11
    1978   11
    1979   11
    1980   11
    1981   11
    1982   11
    1983   11
    1984   11
    1985   10
    1986   10
    1987   10
    1988   10
    1989   10
    1990    8
    1991   12
    1992    8
    1993    7
    1994    9
    1995   12
    1996    1
    1997    1
    1998    1
    1999    1
    2000    6
    2001    6
    2002    1
    2003    1
    2004    2
    2005    6
    2006    6
    2007    7
    2008    1
    2009    1
    2010    1
    2011    1
    2012    1
    2013    3
    2014    3
    2015    6
    2016    8
    2017    8
    2018    5
    2019    6
    2020    6
    2021    1
    2022    2
    2023    3
    2024    6
    2025    2
    2026    2
    2027    6
    2028    6
    2029    8
    2030   12
    2031    7
    2032   12
    2033   12
    2034    9
    2035   11
    2036   11
    2037   11
    2038   11
    2039   11
    2040    9
    2041    9
    2042    9
    2043   11
    2044   11
    2045   12
    2046    1
    2047    1
    2048    1
    2049    1
    2050    1
    2051    6
    2052    9
    2053   11
    2054   11
    2055    9
    2056    9
    2057    9
    2058   10
    2059   10
    2060    9
    2061   10
    2062   10
    2063   10
    2064   10
    2065   10
    2066    7
    2067   14
    2068   14
    2069   14
    2070   14
    2071   14
    2072   14
    2073   14
    2074   14
    2075   14
    2076   14
    2077   14
    2078   14
    2079   14
    2080   14
    2081    7
    2082   12
    2083    1
    2084    1
    2085    1
    2086    1
    2087    7
    2088   12
    2089   12
    2090   12
    2091    7
    2092   14
    2093   14
    2094   14
    2095   14
    2096   14
    2097    7
    2098    1
    2099    1
    2100    1
    2101    6
    2102    1
    2103   12
    2104   12
    2105    6
    2106    5
    2107    1
    2108   12
    2109   12
    2110   12
    2111    6
    2112    1
    2113    1
    2114    1
    2115    6
    2116    1
    2117    1
    2118    1
    2119    6
    2120    3
    2121    1
    2122    1
    2123    6
    2124    1
    2125    1
    2126    1
    2127   12
    2128   12
    2129    6
    2130    1
    2131    1
    2132    1
    2133    6
    2134    5
    2135    1
    2136    1
    2137   14
    2138   14
    2139   14
    2140   14
    2141   14
    2142    9
    2143    6
    2144    1
    2145    1
    2146    1
    2147    1
    2148    1
    2149   12
    2150   12
    2151    7
    2152    7
    2153   12
    2154    1
    2155    1
    2156    1
    2157    1
    2158    1
    2159    1
    2160    1
    2161    6
    2162   14
    2163   14
    2164   14
    2165   14
    2166   14
    2167   14
    2168   14
    2169   14
    2170   14
    2171   14
    2172    9
    2173   14
    2174   14
    2175   14
    2176   14
    2177   14
    2178   14
    2179   14
    2180   14
    2181    9
    2182   11
    2183   11
    2184   11
    2185   14
    2186   14
    2187   14
    2188   14
    2189   14
    2190   14
    2191   11
    2192   11
    2193   14
    2194   14
    2195   14
    2196   14
    2197    2
    2198    2
    2199    3
    2200    6
    2201    8
    2202   12
    2203   12
    2204   10
    2205   11
    2206    9
    2207   10
    2208   12
    2209   12
    2210   12
    2211   12
    2212    8
    2213   12
    2214    7
    2215    7
    2216    8
    2217    8
    2218    7
    2219    8
    2220    8
    2221    8
    2222    8
    2223    6
    2224    1
    2225    5
    2226    1
    2227    5
    2228    6
    2229    6
    2230    3
    2231    3
    2232    3
    2233    1
    2234   12
    2235   12
    2236    8
    2237    8
    2238    7
    2239    6
    2240    7
    2241    8
    2242    2
    2243    5
    2244    6
    2245    6
    2246    8
    2247    8
    2248    7
    2249    7
    2250    6
    2251    6
    2252    2
    2253    7
    2254    8
    2255    8
    2256    7
    2257    8
    2258   12
    2259    7
    2260    7
    2261    8
    2262    6
    2263    6
    2264    2
    2265    9
    2266   10
    2267   10
    2268    8
    2269    6
    2270    6
    2271    5
    2272    6
    2273    3
    2274    6
    2275    5
    2276    2
    2277    2
    2278    6
    2279    6
    2280    5
    2281    6
    2282    6
    2283    6
    2284    5
    2285    6
    2286    6
    2287    6
    2288    5
    2289    6
    2290    6
    2291    6
    2292    5
    2293    3
    2294    3
    2295    5
    2296    2
    2297    2
    2298    2
    2299    2
    2300    6
    2301    7
    2302   12
    2303   12
    2304    8
    2305    8
    2306    8
    2307    8
    2308    6
    2309    6
    2310    5
    2311    3
    2312    3
    2313    3
    2314    2
    2315    6
    2316    6
    2317    3
    2318    3
    2319    6
    2320    6
    2321    6
    2322    3
    2323    6
    2324    5
    2325    5
    2326    5
    2327    5
    2328    5
    2329    2
    2330    9
    2331    9
    2332    9
    2333    9
    2334    7
    2335    7
    2336    6
    2337    8
    2338    9
    2339   11
    2340   11
    2341   11
    2342   11
    2343    9
    2344   11
    2345   11
    2346   11
    2347   11
    2348   11
    2349    9
    2350    6
    2351    6
    2352    5
    2353    2
    2354    2
    2355    6
    2356    5
    2357    1
    2358    1
    2359    2
    2360    2
    2361    2
    2362    9
    2363    9
    2364   11
    2365    9
    2366    9
    2367   11
    2368    9
    2369    9
    2370    2
    2371    2
    2372    2
    2373    2
    2374    6
    2375    7
    2376    8
    2377   12
    2378   12
    2379    1
    2380    3
    2381    6
    2382    6
    2383    2
    2384    2
    2385    6
    2386    7
    2387    8
    2388    9
    2389    9
    2390    9
    2391    9
    2392    9
    2393    9
    2394    6
    2395    9
    2396    9
    2397    9
    2398   12
    2399    9
    2400    9
    2401    6
    2402    6
    2403    6
    2404    5
    2405    5
    2406    2
    2407    8
    2408   12
    2409    8
    2410    8
    2411    1
    2412    3
    2413    5
    2414    5
    2415    5
    2416    5
    2417    6
    2418    9
    2419   11
    2420   11
    2421    9
    2422    9
    2423    2
    2424    1
    2425    1
    2426    1
    2427   12
    2428    9
    2429    9
    2430   11
    2431   11
    2432    9
    2433   11
    2434    9
    2435    8
    2436    9
    2437    6
    2438    5
    2439    6
    2440    1
    2441    1
    2442    1
    2443    6
    2444    6
    2445    5
    2446    6
    2447    8
    2448    8
    2449   11
    2450   11
    2451   11
    2452   11
    2453    9
    2454    6
    2455    5
    2456    5
    2457    5
    2458    5
    2459    6
    2460    9
    2461   11
    2462    8
    2463    2
    2464    2
    2465    2
    2466    1
    2467    1
    2468    1
    2469    1
    2470    3
    2471    3
    2472    3
    2473    6
    2474    5
    2475    6
    2476    6
    2477    6
    2478    7
    2479    6
    2480    6
    2481    6
    2482    9
    2483    9
    2484    9
    2485    9
    2486    9
    2487   11
    2488   11
    2489   11
    2490   11
    2491   11
    2492   11
    2493   11
    2494   11
    2495   11
    2496   11
    2497   11
    2498   11
    2499    6
    2500    5
    2501    2
    2502    2
    2503    2
    2504    2
    2505    8
    2506    8
    2507    8
    2508    8
    2509   12
    2510   12
    2511    8
    2512    8
    2513    8
    2514    7
    2515    8
    2516    9
    2517   11
    2518   11
    2519   10
    2520   10
    2521   10
    2522   10
    2523   10
    2524   10
    2525   10
    2526   10
    2527    8
    2528   10
    2529   10
    2530   10
    2531   10
    2532   10
    2533   10
    2534   10
    2535   10
    2536   10
    2537   10
    2538    9
    2539    9
    2540   11
    2541   11
    2542   11
    2543   11
    2544   11
    2545   11
    2546   11
    2547   11
    2548   11
    2549   11
    2550   11
    2551   11
    2552   11
    2553   11
    2554   11
    2555   11
    2556   11
    2557   11
    2558   11
    2559   11
    2560    9
    2561    9
    2562   11
    2563   11
    2564   11
    2565   11
    2566   11
    2567   11
    2568   11
    2569    9
    2570    6
    2571    6
    2572    3
    2573    3
    2574    3
    2575    3
    2576    3
    2577    2
    2578    2
    2579    2
    2580    2
    2581    9
    2582    9
    2583    9
    2584    9
    2585    9
    2586    9
    2587   10
    2588   10
    2589   10
    2590   10
    2591   10
    2592   10
    2593   10
    2594    9
    2595    9
    2596   11
    2597   11
    2598    9
    2599    9
    2600   11
    2601   11
    2602   11
    2603   11
    2604   11
    2605   11
    2606   11
    2607   11
    2608   11
    2609    8
    2610   12
    2611   12
    2612   12
    2613    8
    2614   12
    2615    8
    2616   12
    2617   12
    2618   12
    2619    8
    2620    6
    2621    6
    2622    2
    2623    9
    2624    9
    2625    9
    2626   11
    2627    9
    2628    9
    2629   11
    2630   11
    2631   11
    2632    9
    2633    9
    2634   11
    2635    2
    2636    2
    2637    1
    2638    1
    2639    1
    2640    2
    2641    2
    2642    2
    2643    6
    2644    6
    2645    5
    2646    3
    2647    3
    2648    3
    2649    6
    2650    6
    2651    2
    2652    7
    2653    6
    2654    5
    2655    2
    2656    5
    2657    6
    2658    6
    2659    9
    2660    9
    2661    9
    2662    8
    2663    9
    2664    9
    2665    7
    2666    7
    2667    7
    2668    6
    2669    1
    2670    6
    2671    6
    2672    6
    2673    6
    2674    5
    2675    5
    2676    3
    2677    5
    2678    5
    2679    5
    2680    3
    2681    3
    2682    3
    2683    5
    2684    3
    2685    5
    2686    5
    2687    3
    2688    3
    2689    5
    2690    5
    2691    6
    2692    5
    2693    3
    2694    3
    2695    5
    2696    5
    2697    6
    2698    5
    2699    2
    2700    2
    2701    9
    2702   11
    2703    9
    2704    9
    2705   11
    2706   11
    2707    9
    2708    9
    2709    2
    2710    6
    2711   12
    2712    7
    2713    2
    2714    2
    2715    2
    2716    2
    2717    1
    2718    3
    2719    6
    2720    5
    2721    5
    2722    6
    2723    6
    2724    8
    2725    7
    2726    6
    2727    5
    2728    5
    2729    3
    2730    3
    2731    3
    2732    3
    2733    3
    2734    3
    2735    3
    2736    3
    2737    3
    2738    6
    2739    3
    2740    1
    2741    1
    2742    5
    2743   12
    2744   12
    2745    6
    2746    6
    2747    7
    2748    7
    2749    6
    2750    7
    2751    7
    2752    6
    2753    1
    2754    1
    2755    6
    2756   12
    2757   12
    2758    7
    2759   12
    2760   12
    2761    9
    2762    9
    2763    7
    2764    8
    2765    8
    2766    9
    2767    9
    2768   10
    2769   10
    2770    6
    2771    6
    2772    2
    2773    2
    2774    2
    2775    2
    2776    2
    2777    2
    2778   11
    2779   11
    2780   11
    2781   11
    2782   11
    2783   11
    2784    9
    2785   11
    2786    9
    2787   11
    2788   11
    2789    9
    2790    9
    2791   11
    2792   11
    2793   11
    2794    9
    2795    9
    2796   12
    2797    6
    2798    2
    2799    2
    2800    2
    2801    2
    2802    5
    2803    6
    2804    9
    2805    9
    2806   10
    2807   10
    2808   10
    2809   10
    2810   10
    2811   10
    2812   10
    2813    8
    2814   10
    2815   10
    2816   10
    2817   10
    2818   12
    2819   12
    2820    7
    2821    8
    2822    6
    2823    5
    2824    5
    2825    6
    2826    3
    2827    3
    2828    3
    2829    3
    2830    5
    2831    3
    2832    5
    2833    5
    2834    3
    2835    1
    2836    1
    2837    1
    2838   12
    2839   12
    2840    2
    2841   12
    2842   11
    2843    9
    2844    9
    2845    9
    2846    9
    2847   10
    2848   10
    2849    6
    2850    5
    2851    2
    2852    2
    2853    9
    2854    8
    2855    7
    2856    6
    2857    2
    2858   12
    2859   12
    2860   10
    2861   10
    2862   10
    2863   10
    2864   10
    2865   10
    2866   10
    2867   10
    2868    9
    2869   11
    2870   11
    2871   11
    2872   11
    2873    9
    2874    2
    2875    2
    2876    2
    2877    6
    2878    7
    2879    7
    2880    7
    2881   12
    2882   10
    2883   10
    2884   10
    2885   10
    2886   10
    2887   10
    2888   10
    2889   10
    2890   10
    2891   10
    2892   10
    2893   10
    2894   10
    2895   10
    2896   10
    2897   10
    2898   10
    2899   10
    2900   10
    2901   10
    2902   10
    2903   10
    2904   10
    2905   10
    2906   10
    2907   10
    2908   10
    2909   11
    2910   11
    2911   11
    2912   11
    2913   11
    2914   11
    2915   11
    2916   11
    2917   11
    2918   11
    2919   11
    2920   11
    2921    9
    2922    9
    2923    2
    2924    2
    2925    2
    2926    2
    2927    2
    2928    2
    2929    2
    2930    2
    2931    2
    2932    2
    2933    3
    2934    6
    2935    2
    2936   12
    2937   12
    2938   12
    2939   12
    2940   12
    2941    6
    2942    1
    2943    1
    2944    1
    2945    1
    2946    1
    2947    1
    2948    1
    2949    1
    2950    1
    2951    6
    2952    9
    2953   11
    2954    9
    2955    9
    2956    2
    2957    2
    2958    9
    2959    9
    2960   11
    2961   11
    2962    9
    2963   11
    2964    9
    2965    9
    2966   12
    2967    6
    2968    1
    2969    1
    2970    5
    2971    7
    2972    8
    2973    7
    2974    7
    2975    8
    2976    1
    2977    3
    2978    6
    2979    9
    2980    9
    2981    8
    2982   11
    2983    9
    2984    9
    2985    8
    2986   12
    2987   12
    2988   12
    2989    6
    2990    5
    2991    2
    2992    2
    2993    2
    2994    6
    2995    5
    2996    2
    2997    2
    2998    9
    2999    9
    3000    9
    3001    9
    3002    9
    3003    9
    3004    8
    3005   12
    3006   12
    3007   12
    3008   12
    3009   12
    3010    9
    3011    9
    3012    7
    3013    7
    3014    7
    3015    7
    3016   12
    3017    9
    3018    9
    3019   11
    3020   11
    3021   11
    3022    9
    3023    6
    3024    6
    3025    6
    3026    7
    3027    6
    3028    9
    3029    9
    3030    9
    3031   11
    3032    9
    3033   11
    3034    9
    3035    9
    3036    9
    3037    9
    3038    8
    3039    7
    3040   12
    3041   12
    3042   12
    3043    6
    3044    6
    3045    8
    3046   12
    3047   12
    3048    7
    3049    9
    3050    7
    3051    7
    3052    7
    3053    9
    3054    9
    3055    8
    3056    7
    3057    8
    3058   12
    3059    7
    3060    8
    3061    8
    3062    6
    3063    9
    3064    8
    3065   12
    3066   12
    3067    7
    3068   12
    3069    1
    3070    1
    3071    1
    3072    1
    3073    1
    3074    6
    3075    6
    3076    8
    3077    8
    3078    8
    3079    7
    3080    6
    3081    5
    3082    6
    3083    1
    3084    1
    3085    1
    3086   12
    3087    7
    3088    8
    3089    8
    3090    7
    3091    6
    3092    6
    3093    6
    3094    6
    3095    2
    3096    2
    3097    2
    3098    5
    3099    6
    3100    5
    3101    2
    3102    2
    3103    2
    3104    9
    3105   11
    3106   11
    3107   11
    3108   11
    3109   11
    3110   11
    3111    9
    3112    9
    3113    9
    3114   11
    3115    9
    3116    8
    3117    6
    3118    5
    3119    3
    3120    3
    3121    3
    3122    2
    3123    6
    3124    6
    3125    7
    3126    6
    3127    2
    3128   12
    3129    9
    3130    9
    3131    9
    3132    9
    3133    8
    3134    8
    3135   12
    3136   12
    3137    8
    3138    8
    3139   12
    3140    8
    3141    8
    3142    9
    3143   10
    3144   10
    3145    9
    3146   10
    3147   10
    3148   10
    3149   10
    3150   10
    3151   10
    3152   10
    3153   10
    3154   10
    3155   10
    3156   10
    3157   10
    3158   10
    3159   10
    3160   10
    3161   10
    3162   10
    3163   10
    3164   12
    3165   12
    3166    7
    3167    8
    3168    5
    3169    1
    3170    1
    3171    1
    3172    5
    3173    6
    3174   11
    3175   11
    3176   11
    3177   11
    3178   11
    3179   11
    3180   11
    3181   11
    3182   11
    3183   11
    3184   11
    3185    9
    3186    9
    3187    9
    3188    9
    3189    9
    3190    6
    3191    6
    3192    2
    3193    2
    3194    2
    3195    7
    3196    7
    3197    5
    3198    6
    3199    6
    3200    6
    3201    7
    3202    7
    3203    6
    3204    5
    3205    2
    3206    2
    3207    1
    3208    1
    3209   12
    3210    8
    3211    5
    3212    5
    3213    5
    3214    6
    3215    3
    3216    6
    3217    7
    3218    7
    3219    6
    3220    2
    3221    3
    3222    3
    3223    5
    3224    1
    3225    1
    3226    1
    3227    5
    3228    6
    3229    6
    3230    3
    3231    2
    3232    2
    3233    6
    3234    5
    3235    6
    3236    6
    3237    2
    3238    2
    3239   12
    3240    9
    3241    9
    3242    9
    3243    9
    3244    9
    3245   11
    3246   11
    3247   11
    3248    9
    3249    9
    3250    9
    3251   11
    3252    9
    3253    9
    3254    6
    3255    5
    3256    5
    3257    2
    3258    2
    3259    2
    3260    2
    3261    2
    3262    9
    3263    9
    3264    6
    3265    3
    3266    1
    3267    1
    3268    1
    3269    5
    3270    6
    3271    6
    3272    2
    3273    6
    3274    6
    3275    6
    3276    6
    3277    2
    3278    2
    3279   11
    3280    9
    3281   12
    3282    5
    3283    5
    3284    3
    3285    5
    3286    6
    3287   12
    3288    9
    3289    9
    3290   11
    3291    9
    3292    9
    3293   11
    3294   11
    3295   11
    3296    2
    3297    2
    3298    2
    3299    2
    3300    2
    3301    2
    3302    2
    3303    2
    3304    5
    3305    6
    3306    5
    3307    3
    3308    3
    3309    1
    3310    1
    3311   12
    3312    9
    3313   11
    3314   11
    3315   11
    3316   11
    3317   11
    3318   12
    3319   12
    3320    8
    3321    8
    3322   12
    3323   12
    3324   12
    3325   12
    3326   12
    3327    9
    3328    8
    3329   12
    3330    9
    3331   11
    3332   11
    3333   11
    3334   11
    3335    9
    3336   11
    3337   11
    3338   11
    3339   11
    3340    9
    3341    6
    3342    2
    3343    2
    3344    2
    3345    2
    3346    2
    3347    6
    3348    2
    3349    2
    3350    2
    3351    2
    3352    2
    3353    2
    3354    2
    3355    6
    3356    5
    3357    1
    3358    1
    3359    1
    3360    7
    3361    2
    3362    2
    3363    9
    3364    2
    3365    6
    3366    6
    3367    7
    3368    8
    3369    8
    3370    6
    3371   12
    3372    9
    3373   12
    3374    7
    3375    7
    3376    2
    3377    6
    3378    3
    3379    3
    3380    3
    3381    2
    3382    2
    3383    2
    3384    2
    3385    9
    3386    9
    3387    9
    3388   11
    3389   11
    3390   11
    3391   11
    3392    9
    3393    9
    3394   11
    3395   11
    3396   11
    3397   11
    3398   11
    3399   11
    3400    9
    3401   10
    3402    9
    3403    9
    3404   11
    3405   11
    3406   11
    3407   11
    3408   11
    3409   11
    3410   11
    3411    9
    3412   11
    3413   11
    3414   11
    3415   11
    3416   11
    3417   11
    3418   11
    3419   11
    3420   11
    3421   11
    3422   11
    3423   11
    3424   11
    3425   11
    3426   11
    3427   11
    3428   11
    3429   11
    3430   11
    3431   11
    3432   11
    3433   11
    3434   11
    3435   11
    3436   11
    3437   11
    3438   11
    3439   11
    3440   11
    3441   11
    3442   11
    3443   11
    3444   11
    3445    9
    3446   11
    3447   11
    3448   11
    3449   11
    3450   11
    3451   11
    3452   11
    3453   11
    3454   11
    3455   11
    3456   11
    3457   11
    3458    9
    3459    6
    3460    5
    3461    6
    3462   12
    3463   11
    3464   11
    3465   11
    3466   11
    3467    9
    3468   11
    3469   11
    3470   11
    3471   11
    3472   11
    3473   11
    3474   11
    3475   11
    3476   11
    3477   11
    3478   11
    3479   11
    3480   11
    3481   11
    3482   11
    3483   11
    3484   11
    3485   11
    3486   10
    3487   10
    3488   10
    3489   10
    3490   10
    3491   10
    3492   10
    3493   10
    3494    9
    3495   11
    3496   11
    3497   11
    3498   11
    3499   11
    3500   11
    3501   11
    3502   11
    3503   11
    3504    9
    3505   11
    3506   11
    3507   11
    3508   11
    3509   11
    3510   11
    3511   11
    3512   11
    3513   11
    3514   11
    3515   11
    3516   11
    3517   11
    3518   11
    3519    9
    3520    2
    3521    2
    3522    6
    3523   11
    3524   11
    3525   11
    3526   11
    3527   11
    3528   11
    3529   11
    3530   11
    3531   11
    3532   11
    3533   11
    3534   11
    3535   11
    3536   11
    3537   11
    3538   11
    3539   11
    3540   11
    3541   11
    3542   11
    3543   11
    3544   11
    3545   10
    3546   10
    3547   10
    3548   10
    3549   10
    3550   10
    3551   10
    3552   10
    3553   10
    3554   10
    3555   10
    3556   10
    3557   10
    3558   11
    3559   11
    3560   11
    3561   11
    3562   11
    3563   11
    3564   11
    3565   11
    3566    9
    3567    2
    3568    6
    3569    6
    3570    6
    3571    6
    3572    5
    3573    6
    3574    6
    3575    9
    3576   11
    3577   11
    3578    7
    3579    7
    3580    8
    3581   12
    3582    8
    3583   11
    3584   11
    3585   11
    3586   11
    3587   11
    3588   11
    3589   11
    3590   11
    3591   11
    3592    9
    3593   11
    3594   11
    3595   11
    3596   11
    3597   11
    3598   11
    3599   11
    3600   11
    3601   11
    3602   11
    3603   11
    3604   11
    3605   11
    3606   11
    3607   11
    3608   11
    3609   11
    3610   11
    3611   11
    3612   11
    3613   11
    3614    9
    3615    5
    3616    1
    3617    1
    3618   12
    3619    9
    3620   11
    3621   11
    3622   11
    3623   11
    3624   11
    3625   11
    3626   11
    3627   11
    3628   11
    3629   11
    3630   10
    3631   10
    3632   12
    3633   12
    3634   12
    3635   12
    3636   10
    3637   12
    3638    6
    3639    2
    3640    2
    3641    9
    3642   11
    3643   11
    3644   11
    3645   11
    3646   11
    3647   11
    3648   11
    3649   11
    3650   11
    3651   11
    3652   11
    3653   11
    3654   11
    3655   11
    3656    9
    3657   11
    3658   11
    3659   11
    3660   11
    3661    8
    3662    7
    3663   14
    3664   14
    3665   14
    3666   14
    3667   14
    3668   14
    3669   14
    3670   14
    3671   14
    3672   14
    3673   14
    3674   14
    3675   14
    3676   14
    3677   14
    3678   14
    3679    2
    3680    2
    3681    6
    3682   14
    3683   14
    3684   14
    3685    8
    3686    6
    3687   14
    3688   14
    3689   14
    3690   14
    3691   14
    3692    7
    3693    1
    3694    1
    3695    1
    3696    4
    3697    6
    3698    7
    3699    1
    3700    1
    3701    3
    3702    6
    3703    1
    3704    3
    3705    5
    3706    6
    3707    1
    3708    1
    3709    1
    3710    6
    3711   12
    3712   12
    3713    1
    3714    1
    3715    1
    3716    1
    3717    1
    3718    3
    3719    6
    3720   14
    3721   14
    3722   14
    3723   14
    3724   14
    3725    1
    3726    2
    3727    3
    3728    6
    3729   14
    3730   14
    3731   14
    3732   14
    3733   14
    3734    7
    3735    7
    3736   12
    3737   12
    3738    6
    3739    5
    3740    3
    3741    3
    3742    3
    3743    1
    3744    1
    3745    1
    3746    1
    3747   12
    3748   12
    3749   12
    3750   14
    3751   14
    3752   14
    3753   14
    3754    6
    3755    3
    3756    3
    3757    3
    3758    1
    3759    8
    3760    6
    3761    1
    3762    1
    3763    1
    3764    1
    3765    1
    3766   12
    3767    9
    3768    9
    3769   14
    3770   14
    3771   14
    3772   14
    3773   14
    3774   14
    3775   14
    3776   14
    3777   14
    3778   14
    3779   14
    3780    6
    3781   14
    3782   14
    3783   14
    3784   14
    3785   14
    3786   14
    3787   14
    3788   14
    3789   14
    3790   14
    3791   14
    3792   14
    3793   14
    3794   14
    3795   14
    3796   14
    3797   14
    3798   14
    3799   14
    3800   14
    3801   14
    3802   14
    3803   14
    3804    9
    3805    8
    3806    6
    3807    3
    3808    3
    3809    1
    3810    1
    3811    1
    3812    1
    3813    1
    3814    6
    3815   14
    3816   14
    3817   14
    3818   14
    3819   14
    3820    6
    3821    5
    3822    3
    3823    3
    3824    3
    3825    1
    3826   12
    3827   12
    3828    7
    3829   12
    3830    1
    3831    1
    3832    1
    3833    3
    3834    3
    3835    3
    3836    3
    3837    3
    3838    6
    3839    2
    3840    2
    3841    2
    3842    2
    3843    2
    3844    2
    3845    5
    3846    2
    3847    6
    3848    8
    3849    8
    3850    8
    3851   12
    3852   12
    3853    1
    3854    1
    3855    1
    3856    1
    3857    6
    3858    9
    3859   14
    3860   14
    3861   14
    3862   14
    3863   14
    3864    2
    3865   14
    3866   14
    3867   14
    3868    1
    3869    1
    3870    1
    3871    5
    3872    6
    3873   14
    3874   14
    3875   14
    3876   14
    3877   14
    3878   14
    3879   14
    3880   14
    3881    7
    3882    1
    3883    1
    3884    1
    3885    6
    3886    1
    3887    3
    3888    5
    3889    6
    3890    1
    3891    1
    3892    5
    3893    6
    3894   14
    3895   14
    3896   14
    3897   14
    3898   14
    3899   14
    3900   14
    3901   14
    3902   14
    3903   14
    3904   14
    3905   14
    3906   14
    3907   14
    3908   14
    3909   14
    3910   14
    3911   14
    3912   14
    3913   14
    3914    2
    3915    2
    3916    2
    3917    2
    3918    2
    3919    3
    3920    5
    3921    6
    3922   14
    3923   14
    3924   14
    3925    7
    3926    7
    3927   14
    3928   14
    3929   14
    3930   14
    3931   14
    3932    7
    3933   14
    3934   14
    3935   14
    3936   14
    3937   14
    3938   14
    3939    9
    3940    9
    3941   14
    3942   14
    3943   14
    3944   14
    3945   14
    3946   14
    3947   14
    3948   14
    3949   14
    3950   14
    3951   14
    3952   14
    3953   14
    3954   14
    3955   14
    3956   14
    3957   14
    3958   14
    3959   14
    3960   11
    3961   11
    3962   11
    3963   11
    3964   11
    3965   11
    3966   11
    3967    6
    3968    1
    3969    1
    3970    1
    3971    1
    3972   12
    3973    9
    3974    9
    3975    2
    3976    2
    3977   14
    3978   14
    3979    6
    3980    3
    3981    1
    3982    1
    3983    8
    3984    8
    3985    7
    3986    6
    3987    6
    3988    3
    3989    3
    3990    1
    3991    1
    3992    8
    3993    8
    3994    6
    3995    3
    3996    3
    3997    1
    3998    1
    3999    1
    4000    7
    4001    6
    4002    6
    4003    1
    4004    6
    4005    5
    4006    5
    4007    5
    4008    6
    4009    5
    4010    3
    4011    3
    4012    3
    4013    3
    4014    1
    4015    1
    4016    5
    4017    7
    4018    7
    4019    8
    4020    8
    4021    8
    4022   12
    4023    7
    4024    7
    4025    7
    4026    8
    4027    7
    4028    8
    4029    7
    4030   12
    4031    8
    4032    7
    4033    8
    4034    8
    4035   11
    4036   11
    4037   11
    4038   11
    4039   11
    4040   11
    4041   11
    4042   11
    4043   11
    4044   11
    4045   11
    4046   11
    4047   11
    4048   11
    4049   11
    4050   11
    4051   11
    4052   11
    4053   11
    4054   11
    4055    8
    4056   12
    4057    8
    4058    8
    4059    8
    4060    8
    4061   12
    4062    8
    4063   10
    4064   10
    4065   10
    4066   10
    4067   10
    4068   10
    4069    7
    4070    8
    4071    8
    4072    8
    4073    6
    4074    6
    4075    2
    4076    9
    4077    9
    4078   11
    4079   11
    4080   11
    4081   11
    4082   11
    4083   11
    4084   11
    4085   11
    4086   11
    4087   11
    4088   11
    4089   11
    4090   11
    4091   11
    4092   11
    4093   11
    4094   11
    4095   11
    4096   11
    4097   11
    4098   11
    4099   11
    4100   11
    4101   11
    4102   11
    4103   11
    4104    9
    4105    9
    4106    9
    4107   11
    4108   11
    4109   11
    4110   11
    4111   11
    4112   11
    4113   11
    4114   11
    4115   11
    4116   11
    4117   11
    4118   11
    4119    9
    4120    9
    4121    6
    4122    2
    4123    6
    4124    5
    4125    1
    4126    1
    4127    6
    4128    6
    4129    2
    4130    2
    4131    2
    4132    6
    4133    9
    4134    9
    4135    9
    4136    2
    4137    2
    4138    6
    4139    6
    4140    6
    4141    6
    4142    6
    4143    8
    4144    9
    4145   11
    4146   11
    4147    9
    4148   11
    4149   11
    4150   11
    4151   11
    4152   11
    4153   11
    4154   11
    4155   11
    4156   11
    4157   11
    4158   11
    4159   11
    4160   11
    4161   11
    4162   11
    4163   11
    4164   11
    4165   11
    4166   11
    4167   11
    4168   11
    4169   11
    4170   11
    4171   11
    4172   11
    4173   11
    4174    9
    4175    9
    4176   11
    4177   10
    4178   10
    4179   10
    4180    9
    4181   10
    4182   10
    4183   10
    4184   10
    4185    6
    4186    7
    4187   12
    4188    2
    4189    2
    4190    2
    4191    6
    4192    6
    4193    3
    4194    6
    4195    6
    4196    9
    4197   11
    4198   11
    4199   11
    4200   11
    4201   11
    4202   11
    4203    9
    4204    9
    4205   11
    4206   11
    4207   11
    4208   11
    4209   11
    4210   11
    4211   11
    4212   11
    4213   11
    4214   11
    4215   10
    4216   10
    4217   10
    4218   10
    4219   10
    4220   10
    4221   10
    4222   10
    4223   10
    4224   10
    4225   10
    4226   10
    4227   10
    4228   10
    4229   10
    4230   10
    4231   10
    4232   10
    4233   10
    4234   10
    4235   10
    4236   10
    4237   10
    4238   10
    4239   10
    4240   10
    4241   11
    4242   11
    4243   11
    4244   11
    4245   11
    4246   11
    4247   11
    4248   11
    4249   11
    4250   11
    4251   11
    4252   11
    4253   11
    4254   11
    4255   11
    4256   11
    4257   11
    4258   11
    4259   11
    4260   11
    4261   10
    4262   10
    4263   10
    4264   10
    4265   10
    4266   10
    4267   10
    4268   10
    4269   10
    4270   10
    4271   10
    4272   10
    4273   10
    4274   10
    4275   10
    4276   10
    4277   10
    4278   10
    4279   10
    4280   10
    4281   10
    4282   10
    4283   10
    4284   10
    4285   10
    4286   10
    4287   10
    4288   10
    4289   10
    4290   10
    4291   10
    4292   10
    4293   10
    4294   10
    4295   10
    4296   10
    4297   10
    4298   10
    4299   10
    4300   10
    4301    9
    4302   11
    4303   11
    4304   11
    4305    9
    4306   12
    4307   12
    4308   12
    4309    2
    4310    2
    4311    2
    4312    2
    4313    2
    4314    6
    4315   11
    4316    9
    4317    9
    4318    9
    4319    2
    4320    2
    4321    2
    4322    2
    4323    2
    4324    2
    4325    6
    4326   11
    4327   11
    4328    9
    4329   11
    4330    9
    4331    9
    4332    9
    4333    9
    4334    9
    4335    9
    4336    9
    4337    9
    4338    9
    4339    2
    4340    2
    4341    2
    4342    5
    4343    6
    4344    6
    4345    6
    4346   12
    4347    6
    4348    6
    4349    3
    4350    3
    4351    3
    4352    5
    4353    6
    4354    6
    4355    1
    4356    1
    4357    2
    4358    6
    4359    9
    4360   11
    4361   11
    4362    9
    4363    9
    4364    9
    4365   10
    4366    9
    4367    7
    4368    7
    4369    7
    4370    6
    4371    2
    4372    9
    4373    9
    4374    9
    4375   11
    4376    9
    4377    9
    4378    9
    4379    6
    4380    5
    4381    1
    4382    1
    4383    6
    4384   11
    4385   11
    4386   11
    4387   11
    4388   11
    4389   11
    4390   11
    4391   11
    4392    9
    4393    5
    4394    6
    4395    9
    4396    9
    4397    6
    4398    3
    4399    6
    4400    9
    4401   11
    4402   11
    4403    9
    4404    9
    4405    9
    4406   11
    4407    9
    4408   11
    4409    9
    4410   12
    4411    9
    4412    9
    4413    9
    4414   11
    4415    9
    4416   10
    4417   10
    4418    6
    4419    6
    4420   12
    4421    2
    4422    6
    4423    6
    4424    2
    4425    2
    4426    5
    4427    6
    4428    7
    4429    6
    4430    6
    4431    6
    4432    5
    4433    6
    4434    3
    4435    5
    4436    5
    4437    6
    4438    5
    4439    6
    4440    1
    4441    1
    4442    1
    4443    1
    4444   12
    4445   10
    4446   10
    4447   10
    4448   10
    4449   10
    4450   10
    4451   10
    4452   10
    4453   10
    4454   10
    4455   10
    4456   10
    4457   10
    4458   10
    4459   10
    4460   10
    4461   10
    4462   10
    4463   10
    4464   10
    4465   10
    4466   10
    4467   10
    4468   10
    4469   10
    4470   10
    4471   10
    4472   10
    4473   10
    4474   10
    4475   10
    4476   10
    4477   10
    4478   10
    4479   10
    4480   10
    4481   10
    4482   10
    4483   10
    4484   10
    4485   11
    4486   11
    4487   11
    4488   11
    4489   11
    4490   11
    4491   11
    4492   11
    4493   11
    4494   11
    4495   11
    4496   11
    4497   11
    4498   11
    4499   11
    4500   11
    4501   10
    4502   10
    4503   10
    4504   10
    4505   10
    4506   10
    4507   10
    4508   10
    4509   10
    4510   10
    4511   10
    4512   10
    4513   10
    4514   11
    4515    9
    4516   11
    4517   11
    4518    9
    4519    2
    4520    3
    4521    3
    4522    3
    4523    6
    4524    6
    4525    5
    4526    6
    4527    7
    4528    7
    4529    7
    4530    6
    4531    6
    4532    5
    4533    5
    4534    2
    4535    2
    4536    6
    4537    9
    4538   11
    4539   11
    4540   11
    4541   11
    4542   11
    4543   11
    4544   11
    4545   11
    4546    1
    4547    1
    4548   12
    4549   12
    4550   12
    4551   12
    4552   12
    4553   12
    4554   12
    4555   12
    4556   12
    4557   12
    4558   12
    4559    1
    4560    1
    4561    1
    4562    1
    4563    1
    4564    3
    4565    6
    4566   12
    4567   12
    4568   12
    4569   12
    4570   12
    4571   12
    4572    8
    4573    8
    4574   12
    4575    7
    4576    7
    4577   14
    4578   14
    4579   14
    4580    9
    4581   14
    4582   14
    4583    7
    4584   14
    4585   14
    4586   14
    4587   14
    4588   14
    4589   14
    4590   14
    4591   14
    4592   14
    4593   14
    4594   14
    4595   14
    4596   14
    4597   14
    4598   14
    4599   14
    4600   14
    4601   14
    4602   14
    4603   14
    4604   14
    4605   14
    4606   14
    4607   14
    4608   14
    4609   14
    4610   14
    4611   14
    4612   14
    4613   14
    4614   14
    4615   14
    4616   14
    4617   14
    4618   14
    4619   14
    4620   14
    4621    6
    4622    3
    4623    3
    4624    3
    4625    3
    4626   14
    4627   14
    4628   14
    4629   14
    4630   14
    4631   14
    4632   14
    4633   14
    4634   14
    4635   14
    4636   14
    4637   14
    4638   14
    4639   14
    4640   14
    4641   14
    4642   14
    4643   14
    4644   14
    4645   14
    4646   14
    4647   14
    4648   10
    4649   10
    4650   10
    4651    9
    4652    9
    4653   11
    4654   11
    4655   11
    4656   14
    4657   14
    4658   14
    4659   14
    4660   14
    4661   14
    4662   14
    4663   14
    4664    2
    4665    2
    4666    5
    4667    3
    4668    5
    4669    6
    4670    6
    4671    4
    4672    4
    4673   12
    4674    8
    4675    8
    4676    8
    4677    8
    4678    6
    4679    6
    4680    8
    4681    8
    4682    7
    4683    8
    4684    8
    4685    5
    4686    5
    4687    5
    4688    5
    4689    7
    4690    8
    4691    8
    4692   12
    4693    6
    4694    8
    4695    7
    4696    7
    4697    6
    4698    8
    4699    8
    4700    8
    4701    8
    4702    8
    4703   11
    4704   11
    4705   12
    4706    8
    4707    8
    4708    8
    4709   11
    4710   11
    4711   11
    4712   11
    4713   11
    4714   11
    4715    8
    4716    8
    4717    8
    4718   11
    4719   11
    4720   11
    4721    7
    4722    8
    4723    9
    4724   14
    4725   14
    4726   14
    4727   10
    4728   10
    4729   10
    4730   10
    4731   10
    4732   10
    4733   10
    4734    8
    4735    8
    4736    7
    4737    9
    4738   11
    4739   11
    4740    6
    4741    1
    4742    3
    4743    3
    4744    3
    4745    1
    4746   12
    4747   12
    4748   12
    4749   12
    4750    6
    4751    5
    4752    1
    4753    1
    4754    1
    4755   12
    4756   12
    4757    8
    4758    6
    4759    3
    4760    3
    4761    3
    4762    3
    4763   12
    4764   12
    4765   12
    4766    6
    4767    1
    4768    1
    4769   12
    4770   12
    4771   12
    4772    6
    4773    3
    4774    6
    4775    6
    4776    1
    4777    1
    4778    8
    4779    8
    4780    6
    4781    3
    4782    1
    4783    7
    4784    6
    4785    3
    4786    1
    4787   12
    4788   12
    4789    6
    4790    3
    4791    1
    4792   12
    4793   12
    4794   12
    4795   12
    4796    4
    4797    6
    4798   12
    4799    6
    4800    5
    4801    1
    4802    6
    4803    1
    4804   12
    4805   12
    4806   12
    4807    6
    4808    5
    4809    3
    4810    3
    4811    3
    4812    3
    4813    5
    4814    6
    4815    1
    4816    1
    4817    5
    4818    9
    4819    9
    4820    2
    4821   12
    4822    6
    4823    1
    4824    1
    4825    6
    4826    3
    4827    1
    4828    7
    4829    5
    4830    1
    4831   12
    4832    7
    4833    8
    4834   12
    4835    9
    4836   12
    4837   12
    4838    6
    4839    5
    4840    3
    4841    4
    4842    4
    4843    1
    4844    1
    4845    1
    4846    1
    4847   12
    4848   12
    4849   12
    4850   12
    4851    6
    4852    3
    4853    3
    4854    1
    4855    1
    4856    1
    4857    1
    4858    1
    4859    1
    4860    1
    4861    3
    4862    3
    4863    5
    4864    5
    4865    6
    4866    6
    4867    5
    4868    5
    4869    3
    4870    3
    4871    3
    4872    6
    4873    3
    4874    3
    4875    1
    4876    1
    4877    3
    4878    3
    4879   12
    4880   12
    4881   12
    4882   12
    4883    1
    4884    3
    4885    6
    4886   14
    4887   14
    4888   14
    4889   14
    4890   14
    4891    6
    4892   14
    4893   14
    4894   14
    4895   14
    4896   14
    4897   14
    4898   14
    4899   14
    4900   14
    4901    2
    4902    6
    4903    2
    4904   11
    4905   11
    4906   11
    4907   11
    4908   14
    4909   14
    4910    9
    4911   11
    4912   11
    4913    9
    4914   14
    4915   14
    4916   14
    4917   14
    4918   14
    4919   14
    4920   14
    4921   14
    4922   14
    4923   14
    4924   14
    4925   14
    4926   14
    4927   14
    4928   14
    4929   14
    4930   14
    4931   14
    4932    6
    4933    7
    4934   14
    4935   14
    4936   14
    4937   14
    4938    6
    4939    6
    4940    3
    4941    2
    4942    2
    4943    2
    4944    2
    4945   14
    4946   14
    4947    7
    4948    6
    4949    3
    4950    3
    4951    1
    4952    1
    4953    1
    4954    1
    4955    1
    4956    1
    4957    6
    4958    6
    4959    3
    4960    3
    4961    3
    4962    3
    4963    6
    4964    3
    4965    3
    4966    3
    4967    6
    4968    5
    4969    2
    4970    1
    4971    1
    4972    6
    4973    7
    4974    6
    4975    8
    4976    8
    4977    8
    4978    6
    4979    6
    4980    5
    4981    5
    4982    6
    4983    6
    4984    6
    4985    2
    4986    2
    4987   12
    4988   12
    4989   12
    4990   12
    4991   10
    4992    9
    4993   12
    4994   12
    4995    6
    4996    3
    4997    6
    4998    1
    4999    3
    5000    3
