37 1
50 4
54 4
61 4
114 2
115 1
123 2
132 1
138 2
162 2
169 2
191 2
217 4
230 4
328 2
338 2
342 1
352 4
412 1
415 1
455 4
457 1
501 4
505 1
510 1
512 1
556 2
572 2
583 1
587 4
588 4
590 1
591 1
597 1
612 1
622 4
648 2
670 2
681 1
683 1
689 1
706 2
712 4
715 2
727 1
780 4
821 4
843 1
875 2
988 2
989 2
1010 4
1017 4
1057 4
1058 1
1100 4
1138 1
1142 4
1147 2
1182 4
1226 1
1232 2
1251 4
1276 4
1288 2
1318 2
1324 4
1350 1
1355 1
1363 4
1400 4
1402 4
1423 1
1464 4
1475 1
1480 2
1497 4
1516 4
1519 4
1548 4
1565 1
1569 2
1577 2
1604 2
1623 2
1633 4
1643 2
1646 4
1649 4
1698 1
1761 1
1773 0
1804 2
1813 2
1824 4
1837 1
1860 1
1875 1
1924 1
1931 4
2000 1
2147 4
2241 1
2260 4
2273 2
2279 4
2306 1
2311 1
2370 4
2372 1
2385 4
2394 4
2399 1
2406 1
2410 2
2463 4
2487 1
2512 4
2537 2
2543 1
2637 4
2643 1
2725 2
2760 4
2821 2
2832 4
2844 2
2868 1
2890 2
2898 4
2919 2
2926 2
2944 1
2968 2
3038 4
3039 4
3069 1
3071 1
3104 2
3129 1
3145 2
3146 1
3252 4
3271 4
3278 1
3326 1
3330 1
3360 2
3386 4
3392 2
3398 1
3407 2
3446 2
3449 4
3496 1
3523 1
3524 1
3537 4
3559 4
3582 4
3634 4
3647 4
3683 1
3692 1
3709 4
3710 1
3732 1
3742 2
3754 2
3776 2
3873 2
3896 1
3897 4
3925 4
3954 2
3962 2
3964 1
4012 4
4045 2
4091 2
4109 4
4125 4
4172 2
4177 4
4194 1
4208 1
4213 2
4218 2
4240 4
4261 1
4277 1
4341 1
4347 2
4373 1
4380 2
4414 4
4426 4
4460 2
4468 2
4482 4
4494 4
4496 1
4510 1
4541 2
4595 1
4651 1
4670 2
4675 1
4723 4
4731 1
4734 4
4741 4
4834 1
4865 1
4869 1
4872 1
4935 1
4972 4
4976 1
5000 2
