195 1
279 2
295 4
324 1
361 2
363 2
384 1
628 1
642 2
667 2
671 1
702 2
763 1
765 4
796 1
799 4
823 4
847 1
874 1
890 1
927 4
929 1
1002 4
1024 2
1109 4
1154 1
1266 2
1297 1
1341 2
1425 1
1531 1
1537 2
1603 2
1604 4
1670 1
1695 4
1716 2
1756 1
1763 2
1801 1
1802 1
1844 2
1940 2
1963 1
2009 1
2081 1
2238 2
2247 2
2248 4
2255 2
2317 1
2328 2
2333 2
2354 4
2362 2
2366 1
2369 2
2372 2
2386 0
2416 2
2419 2
2447 4
2466 4
2479 1
2489 1
2495 2
2498 4
2519 2
2523 4
2526 2
2539 2
2542 2
2543 2
2551 2
2559 4
2571 2
2584 2
2589 2
2591 1
2637 2
2652 2
2661 1
2668 1
2677 2
2685 4
2688 4
2720 2
2787 2
2795 4
2800 1
2891 4
2894 1
2895 4
2898 4
2905 4
2938 2
2980 4
2982 1
2992 1
3001 4
3007 1
3018 1
3037 2
3041 4
3046 2
3088 2
3124 4
3131 1
3156 4
3164 2
3185 1
3186 4
3213 1
3215 1
3216 1
3236 1
3249 2
3254 4
3262 2
3273 1
3280 2
3284 2
3292 1
3299 1
3302 4
3338 4
3339 4
3340 2
3342 1
3346 4
3347 1
3348 1
3356 1
3375 2
3376 2
3402 4
3409 1
3483 2
3500 2
3512 1
3545 2
3552 2
3556 2
3581 2
3639 2
3642 4
3654 4
3677 1
3685 4
3704 2
3711 2
3728 1
3734 2
3751 2
3757 2
3763 2
3767 4
3785 4
3799 1
3802 2
3815 4
3817 2
3830 1
3844 4
3857 2
3876 4
3886 1
3910 2
3915 1
3916 4
3921 2
3930 1
3939 2
3943 1
3944 2
3990 4
3998 2
4074 1
4138 2
4144 1
4148 4
4152 4
4176 2
4181 4
4193 1
4255 4
4305 4
4328 1
4340 1
4342 2
4352 1
4369 4
4372 4
4386 2
4402 4
4412 4
4517 4
4528 2
4554 1
4578 4
4582 2
4583 1
4591 1
4600 2
4602 1
4603 2
4604 1
4605 2
4609 4
4614 2
4615 2
4623 2
4646 4
4662 2
4679 4
4681 4
4697 2
4723 2
4726 1
4727 4
4733 4
4747 2
4867 4
4900 2
4908 4
4955 4
4962 1
4973 1
4988 1
4991 2
