34 4
46 1
94 4
117 1
130 4
163 4
184 1
188 4
198 2
201 4
217 1
220 2
223 4
241 2
248 2
253 4
266 4
276 4
401 2
411 2
416 4
422 1
495 2
499 1
500 4
506 1
527 2
538 2
550 4
555 1
574 4
594 2
645 2
662 4
666 4
679 2
690 4
700 1
714 1
728 1
773 2
774 1
777 1
789 2
815 4
819 1
827 2
828 4
836 1
855 1
860 4
896 4
968 4
980 1
992 1
997 4
998 4
1013 4
1046 1
1062 2
1082 4
1116 2
1120 4
1147 1
1151 2
1178 2
1187 2
1203 1
1213 1
1220 2
1227 2
1231 4
1236 4
1289 4
1296 4
1298 4
1302 4
1308 2
1315 4
1317 1
1321 1
1329 4
1330 4
1334 2
1343 1
1347 1
1348 2
1349 4
1364 2
1365 4
1367 2
1379 4
1384 1
1395 2
1405 2
1406 4
1415 1
1428 1
1446 1
1462 4
1465 4
1467 2
1473 4
1478 2
1479 4
1481 2
1486 1
1537 4
1556 4
1559 4
1566 2
1576 4
1578 2
1583 2
1606 2
1615 1
1620 2
1624 4
1628 2
1635 1
1637 4
1640 1
1647 4
1649 4
1654 4
1659 2
1665 2
1672 4
1690 4
1692 4
1695 4
1703 4
1712 4
1715 2
1719 2
1720 1
1722 4
1727 2
1738 4
1744 4
1755 2
1756 4
1776 2
1777 1
1790 1
1792 1
1803 4
1814 1
1825 2
1896 1
1897 1
1898 2
1915 2
1923 1
1931 2
1936 4
1942 4
1948 1
1957 2
1961 4
1964 4
1965 2
1968 1
1969 4
1971 4
1992 4
2009 2
2018 1
2023 2
2024 1
2036 1
2044 4
2051 1
2054 2
2055 1
2075 4
2081 1
2089 2
2095 1
2112 4
2117 2
2123 1
2134 4
2136 2
2137 2
2147 1
2155 4
2156 1
2166 1
2167 2
2175 4
2184 4
2196 1
2200 1
2217 2
2218 4
2231 1
2232 4
2278 2
2281 2
2283 1
2284 2
2290 1
2295 1
2300 1
2313 4
2320 1
2331 4
2351 4
2352 4
2367 1
2368 2
2369 2
2372 1
2384 1
2385 2
2392 1
2398 1
2404 4
2405 4
2415 2
2424 4
2433 4
2439 2
2441 1
2444 2
2450 2
2456 1
2457 1
2469 2
2478 1
2482 2
2485 4
2486 2
2496 0
2521 4
2523 4
2541 1
2543 2
2551 2
2554 2
2563 1
2571 1
2589 2
2592 2
2600 4
2608 1
2611 1
2619 1
2635 4
2636 4
2638 1
2642 4
2643 4
2646 1
2648 2
2656 4
2660 1
2662 2
2663 4
2670 1
2671 4
2673 4
2675 1
2693 4
2695 2
2701 2
2702 1
2734 1
2744 4
2749 1
2760 1
2778 1
2782 4
2787 4
2795 4
2806 1
2817 4
2825 4
2853 2
2855 4
2859 2
2867 2
2873 2
2972 4
2980 4
2983 4
2991 2
3004 2
3005 1
3016 2
3062 4
3067 1
3079 2
3088 2
3116 4
3139 4
3149 4
3156 4
3171 1
3176 2
3184 1
3185 2
3194 4
3205 2
3206 4
3210 1
3212 4
3218 1
3220 2
3221 1
3231 2
3232 4
3236 4
3242 4
3247 4
3252 1
3259 1
3268 1
3269 1
3278 1
3283 4
3286 1
3291 4
3307 4
3315 1
3333 1
3337 1
3340 2
3350 4
3352 1
3361 2
3374 2
3377 1
3379 1
3392 2
3393 4
3422 4
3423 4
3452 4
3461 4
3471 1
3474 1
3479 1
3489 2
3495 2
3498 4
3503 4
3526 4
3527 4
3530 4
3555 2
3557 2
3558 1
3572 4
3588 4
3592 2
3596 4
3607 4
3616 4
3621 4
3627 2
3632 4
3633 2
3635 4
3639 2
3644 4
3648 4
3650 0
3656 4
3670 2
3675 2
3688 4
3695 2
3712 4
3716 2
3725 1
3726 1
3741 2
3742 4
3752 2
3755 2
3757 2
3773 1
3784 2
3786 1
3806 2
3807 4
3816 1
3827 2
3840 1
3847 1
3876 1
3880 2
3890 4
3908 1
3923 1
3933 2
3963 2
3969 1
4037 4
4050 1
4075 1
4093 4
4223 1
4451 2
4501 2
4594 1
4615 1
4617 1
4671 1
4675 2
4686 4
4687 4
4719 4
4721 4
4722 1
4726 2
4736 2
4744 2
4760 2
4763 4
4770 4
4781 4
4815 2
4840 0
4841 4
4880 2
4912 4
4916 1
4934 2
4942 1
4947 4
4951 1
4952 4
4959 4
4972 4
4975 1
4980 4
4989 2
