1 1
43 2
53 1
75 1
100 2
117 2
118 1
148 4
163 2
198 1
209 1
241 2
270 1
315 2
359 1
436 4
486 4
517 1
595 1
635 2
637 4
655 1
658 1
660 1
730 2
737 2
742 2
747 2
750 1
754 1
789 2
796 4
797 4
799 2
801 1
823 4
830 2
857 2
884 1
893 1
922 4
947 2
975 4
996 4
1010 4
1016 4
1019 1
1034 2
1037 1
1065 1
1068 4
1076 1
1080 2
1081 1
1102 2
1114 4
1115 4
1117 1
1121 2
1123 1
1127 4
1128 1
1143 1
1163 4
1172 1
1177 4
1195 1
1199 1
1208 1
1215 2
1216 2
1225 1
1231 4
1232 1
1234 2
1237 1
1238 2
1240 4
1247 4
1263 1
1296 4
1325 2
1352 1
1360 2
1370 4
1375 1
1380 1
1391 2
1414 1
1420 2
1421 2
1440 2
1445 1
1454 2
1457 2
1471 2
1472 1
1476 4
1486 2
1487 1
1502 2
1533 2
1536 2
1553 1
1569 1
1577 1
1589 2
1600 1
1604 1
1607 1
1644 1
1696 1
1700 2
1704 1
1716 4
1728 1
1747 4
1756 2
1761 2
1762 4
1813 4
1814 4
1833 1
1840 4
1847 1
1872 4
1885 0
1903 2
1908 2
1912 1
1919 2
1944 1
1959 2
1966 4
1975 1
1976 1
1978 4
1992 1
2001 2
2002 2
2007 1
2016 1
2029 2
2030 4
2066 2
2083 2
2084 1
2092 4
2095 4
2113 2
2114 2
2120 4
2122 2
2138 2
2139 4
2150 2
2151 4
2174 1
2181 1
2182 4
2200 1
2202 4
2217 2
2218 4
2277 1
2315 1
2320 1
2321 1
2360 1
2464 1
2498 4
2534 2
2553 1
2601 4
2657 4
2676 4
2681 1
2709 1
2716 4
2725 2
2726 4
2729 4
2731 4
2740 1
2760 1
2763 1
2787 2
2789 2
2819 4
2830 2
2831 4
2852 2
2854 1
2888 4
2904 1
2906 1
2933 4
2943 4
2994 1
3025 1
3034 1
3039 2
3060 4
3069 2
3082 1
3087 4
3088 4
3089 1
3095 1
3111 1
3122 4
3131 2
3183 1
3194 1
3234 4
3236 2
3241 2
3283 1
3286 1
3292 4
3298 2
3315 1
3335 4
3336 1
3340 2
3359 2
3366 4
3389 1
3414 4
3415 1
3419 1
3437 4
3440 2
3442 2
3455 1
3475 4
3487 4
3496 2
3501 4
3504 4
3510 4
3511 2
3525 2
3595 2
3606 4
3612 1
3615 4
3698 2
3802 2
3821 4
3833 1
3852 4
3876 2
4081 4
4093 2
4098 4
4102 2
4117 2
4146 2
4147 2
4162 1
4164 2
4172 2
4187 4
4189 2
4214 1
4219 4
4224 2
4228 4
4239 4
4243 2
4263 1
4270 4
4279 2
4308 4
4309 1
4345 2
4357 4
4358 4
4423 1
4433 1
4436 1
4462 1
4487 2
4488 4
4502 2
4520 1
4527 4
4564 4
4567 2
4571 4
4581 2
4587 2
4592 1
4605 4
4608 4
4609 1
4631 4
4632 1
4653 1
4668 4
4673 1
4674 1
4682 1
4695 4
4702 1
4703 1
4705 4
4707 1
4713 1
4747 1
4811 2
4813 2
4827 2
4829 2
4832 1
4850 2
4880 1
4887 1
4888 4
4891 1
4893 2
4894 1
4908 1
4942 2
4958 2
4959 2
4965 2
4966 2
4972 1
4983 2
4986 2
4997 1
