26 2
167 2
193 4
210 4
230 4
266 1
278 1
305 2
306 4
315 1
388 4
402 2
432 4
450 1
477 4
496 2
506 4
514 2
525 4
528 2
529 1
534 2
541 1
545 1
604 1
616 1
709 2
780 1
805 4
812 1
816 1
818 2
827 1
836 2
843 0
861 1
904 1
1059 4
1063 4
1067 4
1069 4
1075 2
1097 4
1098 4
1122 4
1257 2
1295 2
1324 2
1335 1
1340 2
1350 1
1373 2
1389 2
1390 4
1396 4
1418 2
1467 1
1469 2
1475 2
1478 2
1485 4
1505 2
1521 4
1567 1
1651 2
1681 1
1747 1
1787 4
1820 4
1862 4
1881 2
1954 1
1998 1
2006 1
2049 1
2088 2
2094 2
2107 4
2116 1
2171 4
2172 1
2201 1
2213 4
2246 2
2290 2
2317 2
2332 4
2350 1
2351 4
2505 1
2538 4
2545 2
2547 4
2549 4
2577 1
2578 1
2584 4
2587 4
2614 2
2640 2
2641 1
2647 2
2752 4
2766 2
2772 4
2782 4
2818 4
2844 2
2845 2
2884 4
2916 4
2918 1
2959 1
2993 2
3001 1
3011 4
3017 1
3056 1
3154 2
3176 4
3213 4
3234 4
3238 1
3244 1
3263 1
3280 2
3313 4
3457 4
3612 4
3645 1
3763 2
3829 4
3833 4
3862 4
3869 2
3884 4
3927 4
3967 2
3968 4
3978 4
4002 2
4053 2
4080 1
4106 4
4114 1
4120 4
4130 1
4136 1
4140 2
4188 4
4189 2
4193 2
4196 1
4200 4
4201 2
4229 4
4231 2
4233 1
4299 2
4320 2
4381 4
4383 4
4430 1
4434 1
4439 4
4443 4
4485 2
4493 2
4501 2
4511 4
4513 4
4525 1
4530 4
4539 4
4557 4
4561 1
4582 1
4644 1
