17 2
54 2
77 1
111 2
195 2
267 1
306 2
319 2
359 1
377 2
522 1
601 2
761 2
787 2
794 2
809 1
823 1
827 1
839 1
846 1
856 2
862 4
881 4
908 1
925 4
937 1
942 2
945 1
946 4
956 1
964 1
1097 2
1115 4
1127 2
1128 4
1138 4
1180 2
1188 4
1436 4
1480 1
1502 4
1541 2
1551 4
1672 1
1675 1
1742 4
2011 4
2049 4
2148 2
2163 4
2165 2
2196 2
2251 2
2277 1
2299 2
2322 1
2347 1
2354 2
2363 2
2413 1
2438 4
2440 2
2444 4
2457 2
2468 4
2476 0
2477 2
2489 2
2502 4
2511 1
2556 1
2565 4
2596 2
2598 4
2607 2
2610 2
2622 2
2624 4
2635 4
2638 1
2656 2
2683 2
2684 2
2697 1
2752 2
2766 1
2786 1
2792 2
2800 1
2805 2
2811 2
2812 2
2830 1
2861 4
2946 2
3191 1
3349 2
3350 2
3355 1
3367 1
3376 1
3378 4
3383 4
3390 2
3400 1
3401 1
3407 2
3444 1
3451 4
3460 1
3496 2
3516 1
3518 1
3520 1
3530 2
3557 4
3565 4
3576 1
3580 4
3591 2
3602 2
3604 4
3608 1
3609 2
3610 4
3613 1
3617 2
3632 1
3635 1
3665 2
3678 1
3705 4
3708 4
3713 4
3734 2
3738 1
3739 2
3740 1
3741 2
3750 2
3757 4
3777 2
3778 2
3801 2
3809 4
3815 2
3822 2
3829 2
3834 4
3839 1
3846 2
3847 4
3849 2
3851 1
3861 2
3863 2
3867 4
3884 4
3889 1
3890 2
3892 2
3898 4
3909 2
3917 1
3936 1
3943 1
3954 4
4007 4
4031 1
4045 2
4047 2
4057 2
4071 2
4072 4
4074 1
4095 1
4110 1
4114 1
4125 4
4126 1
4153 1
4195 2
4228 1
4267 1
4348 2
4385 4
4388 4
4408 2
4429 4
4432 4
4433 1
4447 4
4455 4
4458 4
4498 4
4509 1
4513 1
4516 1
4517 4
4518 4
4520 1
4523 2
4525 2
4541 1
4558 1
4559 2
4560 2
4565 4
4575 4
4577 2
4585 2
4601 1
4623 4
4626 2
4640 1
4654 1
4684 2
4709 4
4718 4
4737 2
4747 1
4749 2
4757 1
4761 2
4763 4
4780 1
4785 1
4794 2
4822 2
4832 1
4849 4
4856 2
4873 1
4874 4
4915 4
4934 1
4985 1
4992 4
