29 2
57 4
76 1
79 2
86 4
103 1
113 4
123 1
132 2
136 1
143 2
192 2
193 2
199 4
216 1
217 1
218 1
220 4
234 4
241 4
245 1
257 2
272 1
300 4
320 1
332 2
340 4
352 1
388 4
399 2
414 4
419 1
425 1
437 2
451 1
462 4
463 2
683 1
696 1
701 1
778 1
793 4
798 1
810 1
841 1
846 2
871 2
877 1
879 1
920 1
1036 4
1038 4
1054 4
1067 2
1072 1
1309 1
1355 1
1491 1
1495 2
1573 2
1711 4
1758 2
1770 1
1801 1
1818 4
1828 1
1829 4
1861 2
1865 4
1880 4
1908 1
1912 2
1931 2
1948 4
1971 1
1974 1
2004 1
2026 2
2027 4
2059 2
2103 2
2163 1
2216 2
2267 4
2284 1
2341 1
2381 1
2432 1
2436 1
2449 4
2462 2
2474 4
2478 1
2490 1
2493 4
2497 1
2518 4
2522 1
2545 2
2563 1
2588 2
2594 2
2598 4
2619 2
2634 2
2668 4
2672 4
2700 1
2707 2
2720 4
2736 4
2773 2
2776 2
2831 4
2849 2
2854 1
2868 2
2878 4
2905 1
2958 2
2981 2
2985 1
2994 1
3005 1
3012 4
3023 2
3024 4
3032 1
3072 4
3431 4
3510 2
3548 2
3599 2
3704 4
3736 2
3792 1
3795 1
3823 1
3866 2
3870 1
3896 4
3898 4
3927 4
3939 1
3976 4
4171 4
4196 1
4229 2
4231 4
4234 4
4236 4
4241 1
4249 1
4343 4
4432 1
4452 1
4496 2
4559 4
4572 4
4593 2
4594 4
4605 4
4641 1
4650 1
4655 4
4661 1
4684 2
4687 1
4693 2
4699 0
4700 2
4711 4
4731 4
4746 4
4751 4
4759 2
4773 2
4813 2
4818 2
4820 2
4828 1
4841 1
4848 4
4907 1
4913 2
4916 1
4926 4
4947 2
4949 4
4963 2
