13 4
32 2
44 4
51 2
59 2
60 1
61 1
68 1
79 2
86 1
99 2
106 2
116 4
120 1
123 1
129 4
131 2
142 1
146 2
147 1
161 1
164 1
169 4
171 4
173 1
176 2
177 1
197 4
224 2
238 4
251 2
254 4
269 2
278 4
309 4
396 1
516 1
580 1
685 4
708 2
711 2
715 2
718 2
726 4
737 2
758 2
772 1
810 1
830 2
843 1
857 4
878 2
891 1
922 4
927 1
929 1
968 1
1004 1
1011 4
1029 1
1040 1
1053 1
1071 4
1078 4
1084 2
1091 2
1107 4
1114 1
1117 4
1150 2
1159 2
1166 4
1178 2
1185 4
1188 1
1215 1
1235 4
1236 4
1243 1
1245 1
1263 4
1274 2
1292 1
1308 4
1311 2
1338 2
1339 4
1349 1
1361 2
1366 4
1368 2
1392 2
1394 4
1413 2
1414 1
1430 2
1434 4
1437 4
1447 2
1448 4
1461 2
1462 4
1465 1
1472 1
1476 1
1479 2
1483 2
1501 4
1504 2
1506 1
1509 1
1521 2
1527 1
1582 4
1586 4
1590 1
1596 1
1607 1
1636 1
1676 1
1724 2
1728 2
1729 2
1736 4
1751 1
1764 1
1767 2
1769 2
1778 1
1796 2
1809 1
1836 4
1837 1
1856 1
1884 2
1893 1
1904 1
1907 2
1911 2
1914 2
2013 2
2030 1
2050 2
2060 4
2063 4
2068 2
2078 4
2087 1
2093 0
2187 4
2188 4
2218 1
2279 1
2312 2
2316 1
2332 2
2350 1
2383 4
2384 1
2391 2
2413 1
2423 1
2450 1
2473 4
2511 2
2556 4
2600 4
2652 1
2653 1
2700 4
2720 4
2722 4
2725 2
2728 1
2734 2
2741 1
2762 2
2848 1
2865 1
3053 1
3128 4
3131 2
3217 2
3220 1
3240 1
3310 4
3316 4
3318 1
3338 2
3347 2
3355 2
3375 2
3379 2
3380 2
3385 1
3400 4
3402 4
3403 4
3447 2
3451 1
3480 4
3504 1
3525 4
3529 4
3553 4
3561 1
3608 2
3612 2
3621 4
3624 4
3642 1
3669 2
3679 2
3709 4
3735 1
3739 4
3748 4
3753 4
3757 1
3762 1
3767 1
3791 2
3802 2
3813 1
3835 4
3892 4
3922 1
3949 4
3965 1
3992 2
4014 1
4029 1
4089 4
4095 4
4097 1
4118 2
4136 4
4144 2
4157 2
4198 2
4215 2
4329 2
4386 4
4402 4
4407 1
4414 2
4417 1
4420 4
4461 2
4463 2
4464 2
4465 4
4485 1
4512 4
4518 1
4523 4
4545 4
4549 4
4579 2
4600 1
4611 4
4612 1
4618 4
4635 1
4641 1
4650 2
4651 1
4660 2
4671 4
4672 1
4675 1
4679 2
4680 4
4690 2
4691 2
4692 4
4694 2
4737 1
4743 4
4754 1
4761 4
4767 1
4768 4
4822 1
4836 1
4855 2
4863 1
4895 1
4904 2
4915 2
4924 4
4942 1
4980 1
4989 2
