54 2
77 1
111 0
195 2
306 2
319 1
359 1
427 1
522 1
546 2
555 2
586 2
601 2
646 1
732 1
739 1
761 1
769 2
776 1
787 2
794 2
809 1
823 2
827 2
846 1
856 2
862 4
881 4
882 1
908 2
925 4
937 1
945 1
946 4
964 1
1002 1
1013 1
1016 1
1097 2
1120 1
1127 2
1128 4
1138 4
1180 2
1201 2
1351 1
1436 4
1437 2
1460 2
1465 2
1471 1
1480 1
1502 4
1516 2
1541 2
1545 2
1551 4
1553 1
1560 2
1592 1
1597 1
1663 2
1666 1
1672 1
1675 1
1704 4
1742 4
1754 2
1792 4
1865 1
1962 2
2011 4
2017 4
2031 4
2036 1
2049 4
2073 1
2135 2
2148 2
2158 4
2159 2
2163 4
2165 2
2196 1
2203 1
2235 2
2299 2
2319 4
2331 1
2354 1
2363 2
2381 4
2385 1
2391 1
2413 1
2438 4
2444 4
2468 4
2476 1
2477 2
2484 1
2489 0
2502 4
2503 4
2511 1
2556 1
2596 2
2598 4
2622 1
2624 4
2635 4
2659 2
2673 2
2683 2
2736 1
2752 2
2766 1
2786 1
2792 2
2805 2
2946 2
3141 4
3191 1
3194 2
3198 4
3202 2
3234 1
3317 1
3348 2
3349 2
3350 2
3355 1
3357 1
3367 2
3378 4
3383 4
3390 1
3401 2
3451 4
3460 2
3518 1
3557 4
3565 4
3572 2
3576 2
3580 4
3602 2
3604 4
3608 1
3610 1
3614 2
3632 1
3635 1
3658 2
3668 1
3678 1
3705 4
3708 4
3713 4
3738 1
3739 1
3740 1
3741 2
3757 4
3778 2
3809 4
3815 2
3829 2
3834 1
3839 1
3847 4
3851 1
3861 1
3867 4
3884 4
3890 1
3892 2
3898 1
3909 2
3917 1
3936 2
3943 2
3950 4
3971 4
4007 4
4045 2
4047 2
4072 4
4074 1
4125 4
4126 1
4127 1
4153 1
4249 2
4385 4
4388 4
4429 4
4432 4
4433 1
4447 4
4455 4
4458 4
4498 4
4517 4
4518 4
4520 2
4523 2
4525 2
4529 2
4536 2
4541 1
4558 1
4559 2
4560 2
4565 4
4575 1
4577 0
4585 2
4600 1
4601 1
4640 1
4684 2
4709 4
4718 4
4737 1
4747 1
4749 1
4757 2
4761 2
4763 4
4780 1
4849 4
4856 2
4874 4
4876 1
4915 4
4981 1
4992 2
