35 4
43 1
65 4
177 4
364 2
452 2
469 2
475 1
476 4
508 4
521 4
613 2
659 2
790 1
833 2
878 2
901 1
955 2
966 4
1046 1
1062 1
1069 2
1178 4
1283 4
1332 4
1345 1
1352 4
1397 4
1417 2
1433 1
1435 2
1451 4
1509 4
1618 1
1622 4
1629 1
1638 1
1642 1
1645 4
1651 1
1657 1
1718 2
1747 4
1770 2
1788 2
1815 4
1827 4
1836 4
1879 1
1885 4
1922 4
1942 2
1978 1
1979 2
2024 4
2031 4
2034 2
2049 2
2063 4
2093 4
2108 1
2114 2
2135 4
2142 4
2145 2
2147 1
2149 4
2150 4
2170 4
2175 4
2245 4
2264 4
2284 1
2314 2
2343 1
2362 2
2368 4
2441 4
2492 4
2495 1
2511 2
2515 4
2544 1
2591 2
2596 2
2631 1
2632 4
2648 4
2727 2
2752 1
2754 4
2756 1
2758 1
2766 2
2778 4
2789 4
2791 1
2795 4
2806 1
2813 1
2840 4
2863 4
2874 1
2900 4
2914 2
2915 1
2945 4
2947 4
2950 4
2964 4
2996 4
3054 1
3055 1
3060 4
3124 2
3145 4
3147 4
3148 1
3153 4
3161 4
3164 4
3168 1
3172 4
3177 1
3178 1
3184 2
3192 1
3196 2
3201 2
3213 2
3214 4
3219 0
3224 2
3235 1
3236 2
3253 1
3285 1
3286 1
3355 4
3377 2
3398 1
3443 4
3462 1
3463 1
3481 4
3498 4
3500 1
3503 2
3506 2
3513 1
3517 4
3527 2
3541 2
3559 4
3561 2
3576 4
3592 2
3593 2
3601 4
3607 2
3626 1
3646 1
3659 2
3661 4
3663 1
3670 1
3675 1
3677 1
3687 1
3708 2
3768 1
3774 4
3792 2
3804 2
3810 4
3815 2
3817 1
3827 1
3900 2
3907 4
3909 4
3919 4
3942 2
3945 4
3946 4
3951 1
3976 4
3977 1
4009 2
4017 2
4022 1
4034 2
4036 1
4079 1
4092 2
4100 4
4102 2
4103 2
4106 2
4150 1
4153 4
4163 2
4179 4
4218 4
4233 1
4248 2
4299 2
4304 4
4499 2
4502 2
4509 1
4532 1
4567 4
4607 4
4617 1
4620 1
4638 2
4640 1
4648 4
4676 2
4706 2
4707 2
4708 4
4717 4
4731 2
4736 2
4740 2
4746 2
4752 1
4761 1
4775 1
4778 1
4792 2
4793 1
4803 1
4843 1
4848 4
4855 4
4869 1
4893 4
4906 4
4907 4
4908 2
4912 4
4927 4
4956 1
4972 1
4982 4
4983 1
4985 2
