68834212	68834453	
57682992	57683234	
55499044	55499298	
56736019	56736238	
68738345	68738545	
72536106	72536292	
68544141	68544357	
68362601	68362800	
56998527	56998759	
57610373	57610574	
57334558	57334767	
68562613	68562815	
57553749	57553940	
72866548	72866731	
53088796	53088995	
57202003	57202180	
68074528	68074745	
67678653	67678839	
56611033	56611233	
57118235	57118435	
71995420	71995602	
70687702	70687870	
74743404	74743597	
68295558	68295749	
58790396	58790577	
67051841	67052027	
58370658	58370856	
68263366	68263562	
67294673	67294862	
67527993	67528179	
56352310	56352497	
67706703	67706904	
74896736	74896929	
67011658	67011852	
57451010	57451212	
72158882	72159060	
71644999	71645190	
66623368	66623602	
68479458	68479634	
67580973	67581158	
66517741	66517906	
57079794	57079965	
66988088	66988258	
66440454	66440641	
71533759	71533938	
67962462	67962631	
69830510	69830704	
66901798	66901976	
66929193	66929362	
58848263	58848424	
71392462	71392633	
65151980	65152148	
56901254	56901435	
67189331	67189503	
50840534	50840694	
67850533	67850714	
53583975	53584128	
52225560	52225728	
71033774	71033940	
58695210	58695386	
67555059	67555246	
70429371	70429550	
69184168	69184322	
50699379	50699540	
55876831	55877004	
50058875	50059042	
50244513	50244719	
56985277	56985437	
53544453	53544619	
68273945	68274092	
74343799	74343958	
69157983	69158138	
66349239	66349399	
67313291	67313439	
66981185	66981335	
73912642	73912796	
53807180	53807345	
57634395	57634538	
57791209	57791371	
58521696	58521882	
50543605	50543756	
74847093	74847282	
67515173	67515338	
63323852	63324016	
68936403	68936564	
72501165	72501319	
55978314	55978457	
50247956	50248100	
50781588	50781750	
67219391	67219539	
70910507	70910652	
70805092	70805245	
73230759	73230921	
67548375	67548535	
53056450	53056593	
67499816	67499958	
71916407	71916553	
50408691	50408851	
71446746	71446886	
62160428	62160580	
57625417	57625580	
50840211	50840381	
50101537	50101677	
50361065	50361220	
57933738	57933874	
69139422	69139550	
63395046	63395173	
74657252	74657402	
69788872	69788990	
69743533	69743674	
68881283	68881418	
67433419	67433574	
52946601	52946732	
67917746	67917874	
53926106	53926265	
53164444	53164608	
69430054	69430202	
69964209	69964359	
57456382	57456516	
68098741	68098870	
68624514	68624651	
50705712	50705826	
53979948	53980087	
67462154	67462285	
57452870	57453026	
67134948	67135074	
55735749	55735878	
55291993	55292130	
71780468	71780594	
62672845	62672990	
52016759	52016893	
71571684	71571822	
71345639	71345761	
73990608	73990756	
67701896	67702006	
57643611	57643732	
68430577	68430705	
68127908	68128048	
67373468	67373588	
53010842	53010970	
72100724	72100836	
50678782	50678905	
71598933	71599034	
72133341	72133453	
67481622	67481755	
62075443	62075557	
58877754	58877879	
51796153	51796272	
58054688	58054833	
53193913	53194034	
73066491	73066603	
55746324	55746432	
73082132	73082245	
74309080	74309190	
58545937	58546034	
53580926	53581015	
66642606	66642681	
66512737	66512809	
69320982	69321084	
53241789	53241854	
56708004	56708085	
71249062	71249116	
68150302	68150377	
58034639	58034737	
66638809	66638895	
68001379	68001569	
72881177	72881261	
56903539	56903729	
66549851	66549901	
70404113	70404217	
56547900	56548090	
66304447	66304547	
58340307	58340497	
72275913	72275997	
57754319	57754377	
50055508	50055698	
58155935	58156029	
67976138	67976190	
53254657	53254719	
58131257	58131342	
72434294	72434484	
50406139	50406329	
68027288	68027371	
68554575	68554765	
56823433	56823623	
56390408	56390598	
62259671	62259861	
72691850	72692040	
56237100	56237163	
67383250	67383304	
71599474	71599664	
70199133	70199217	
57509924	57510025	
73599304	73599494	
57829353	57829543	
66864835	66865025	
69432286	69432476	
71535598	71535788	
55737410	55737600	
56634478	56634539	
69893611	69893801	
69146676	69146866	
62904514	62904704	
62224448	62224638	
57336672	57336862	
57411122	57411187	
50280010	50280089	
65017985	65018175	
68297971	68298161	
57496398	57496588	
71679461	71679651	
67555475	67555665	
54227654	54227844	
66684934	66685124	
69345115	69345305	
72700273	72700463	
71002376	71002566	
66962753	66962943	
58712758	58712948	
56637587	56637777	
57897556	57897746	
54991343	54991533	
66762146	66762336	
53777095	53777285	
58039282	58039353	
67899324	67899514	
50170397	50170587	
57126805	57126995	
56827586	56827776	
56075782	56075972	
59226545	59226735	
66696815	66697005	
72890808	72890998	
69598279	69598469	
73323149	73323339	
61970560	61970750	
67450318	67450508	
69601209	69601399	
69971403	69971593	
69029160	69029350	
71928190	71928380	
57076141	57076331	
67596594	67596784	
56366693	56366883	
70301518	70301708	
62112008	62112198	
61182873	61183063	
74464104	74464173	
70542764	70542954	
53317335	53317525	
58160921	58161111	
74069790	74069980	
67406649	67406839	
58028781	58028971	
53491684	53491874	
69528887	69529077	
50661517	50661707	
56922756	56922946	
56435471	56435661	
68401008	68401198	
74260607	74260797	
55069035	55069225	
73561159	73561349	
66309835	66310025	
74970936	74971126	
63495221	63495411	
57075320	57075510	
50701523	50701713	
66203863	66204053	
60789930	60790120	
71446275	71446465	
57940442	57940632	
57770505	57770695	
74068838	74069028	
69498920	69499110	
71641675	71641865	
66391482	66391672	
67203671	67203861	
50918119	50918309	
50299205	50299395	
50627752	50627942	
56885961	56886151	
73029114	73029304	
58672245	58672435	
70517559	70517749	
58768181	58768371	
74141747	74141937	
66596396	66596586	
66773936	66774126	
51852379	51852569	
57005244	57005434	
56990774	56990964	
58277476	58277666	
70501113	70501303	
57509629	57509819	
67875768	67875958	
70052228	70052418	
66907118	66907308	
50315982	50316172	
57809552	57809742	
70464803	70464993	
50402855	50403045	
53857108	53857298	
70510583	70510773	
74760726	74760916	
57694687	57694877	
70616608	70616798	
71513402	71513592	
70365551	70365741	
68118486	68118676	
65738891	65739081	
57383178	57383368	
68790306	68790496	
58189840	58190030	
67213684	67213874	
71576279	71576469	
70679222	70679412	
70563382	70563572	
50848501	50848691	
64123681	64123871	
70507716	70507906	
62102730	62102920	
57578179	57578369	
71879758	71879948	
71682930	71683120	
68783532	68783722	
68626470	68626660	
70462023	70462213	
66060218	66060408	
71850565	71850755	
50644267	50644457	
67180478	67180668	
67906855	67907045	
53449410	53449600	
72995485	72995675	
68236042	68236232	
57685379	57685569	
66378541	66378731	
57715050	57715240	
68105131	68105321	
56894413	56894603	
53095732	53095922	
70772364	70772554	
66994996	66995186	
71876235	71876425	
52102416	52102606	
50388896	50389086	
51083682	51083872	
67193983	67194173	
57445444	57445634	
57447387	57447577	
50186337	50186527	
70504878	70505068	
50936503	50936693	
67702469	67702659	
53089587	53089777	
53105728	53105918	
60389267	60389457	
74684976	74685166	
67048033	67048223	
50776618	50776808	
73074455	73074645	
