       1   13
       2   13
       3   13
       4   13
       5   13
       6   13
       7   13
       8   13
       9   13
      10   13
      11   13
      12   13
      13   13
      14   13
      15   13
      16   13
      17   13
      18   13
      19   13
      20   13
      21   13
      22   13
      23   13
      24   13
      25   13
      26   13
      27   13
      28   13
      29   13
      30   13
      31   13
      32   13
      33   13
      34   13
      35   13
      36   13
      37   13
      38   13
      39   13
      40   13
      41   13
      42   13
      43   13
      44   13
      45   13
      46   13
      47   13
      48   13
      49   13
      50   13
      51   13
      52   13
      53   13
      54   13
      55   13
      56   13
      57   13
      58   13
      59   13
      60   13
      61   13
      62   13
      63   13
      64   13
      65   13
      66   13
      67   13
      68   13
      69   13
      70   13
      71   13
      72   13
      73   13
      74   13
      75   13
      76   13
      77   14
      78   14
      79   13
      80   13
      81   13
      82   13
      83   13
      84   13
      85   13
      86   13
      87   13
      88   13
      89   13
      90   13
      91   13
      92   13
      93   13
      94   13
      95   13
      96   13
      97   13
      98   13
      99   13
     100   13
     101   13
     102   13
     103   13
     104   13
     105   13
     106   13
     107   13
     108   13
     109   13
     110   13
     111   13
     112   13
     113   13
     114   13
     115   13
     116   13
     117   13
     118   13
     119   13
     120   13
     121   13
     122   13
     123   13
     124   13
     125   13
     126   13
     127   13
     128   13
     129   13
     130   13
     131   13
     132   13
     133   13
     134   13
     135   13
     136   13
     137   13
     138   13
     139   13
     140   13
     141   13
     142   13
     143   13
     144   13
     145   13
     146   13
     147   13
     148   13
     149   13
     150   13
     151   13
     152   13
     153   13
     154   13
     155   13
     156   13
     157   13
     158   13
     159   13
     160   13
     161   13
     162   13
     163   13
     164   13
     165   13
     166   13
     167   13
     168   13
     169   13
     170   13
     171   13
     172   13
     173   13
     174   13
     175   13
     176   13
     177   13
     178   13
     179   13
     180   13
     181   13
     182   13
     183   13
     184   13
     185   13
     186   13
     187   13
     188   13
     189   13
     190   13
     191   13
     192   13
     193   13
     194   13
     195   13
     196   13
     197   13
     198   13
     199   13
     200   13
     201   13
     202   13
     203   13
     204   13
     205   13
     206   13
     207   13
     208   13
     209   13
     210   13
     211   13
     212   13
     213   13
     214   13
     215   13
     216   13
     217   13
     218   13
     219   13
     220   13
     221   13
     222   13
     223   13
     224   13
     225   13
     226   13
     227   13
     228   13
     229   13
     230   13
     231   13
     232   13
     233   13
     234   13
     235   13
     236   13
     237   13
     238   13
     239   13
     240   13
     241   13
     242   13
     243   13
     244   13
     245   13
     246   13
     247   13
     248   13
     249   13
     250   13
     251   13
     252   13
     253   13
     254   13
     255   13
     256   13
     257   13
     258   13
     259   13
     260   13
     261   13
     262   13
     263   13
     264   13
     265   13
     266   13
     267   13
     268   13
     269   13
     270   13
     271   13
     272   13
     273   13
     274   13
     275   13
     276   13
     277   13
     278   13
     279   13
     280   13
     281   13
     282   13
     283   13
     284   13
     285   13
     286   13
     287   13
     288   13
     289   13
     290   13
     291   13
     292   13
     293   13
     294   13
     295   13
     296   13
     297   13
     298   13
     299   13
     300   13
     301   13
     302   13
     303   13
     304   13
     305   13
     306   13
     307   13
     308   13
     309   13
     310   13
     311   13
     312   13
     313   13
     314   13
     315   13
     316   13
     317   13
     318   13
     319   13
     320   13
     321   13
     322   13
     323   13
     324   13
     325   13
     326   13
     327   13
     328   13
     329   13
     330   13
     331   13
     332   13
     333   13
     334   13
     335   13
     336   13
     337   13
     338   13
     339   13
     340   13
     341   13
     342   13
     343   13
     344   13
     345   13
     346   13
     347   13
     348   13
     349   13
     350   13
     351   13
     352   13
     353   13
     354   13
     355   13
     356   13
     357   13
     358   13
     359   13
     360   13
     361   13
     362   13
     363   13
     364   13
     365   13
     366   13
     367   13
     368   13
     369   13
     370   13
     371   13
     372   13
     373   13
     374   13
     375   13
     376   13
     377   13
     378   13
     379   13
     380   13
     381   13
     382   13
     383   13
     384   13
     385   13
     386   13
     387   13
     388   13
     389   13
     390   13
     391   13
     392   13
     393   13
     394   13
     395   13
     396   13
     397   13
     398   13
     399   13
     400   13
     401   13
     402   13
     403   13
     404   13
     405   13
     406   13
     407   13
     408   13
     409   13
     410   13
     411   13
     412   13
     413   13
     414    9
     415   13
     416   13
     417   13
     418   13
     419   13
     420   13
     421   13
     422   13
     423   13
     424   13
     425   13
     426   13
     427   13
     428   13
     429   13
     430   13
     431   13
     432   13
     433   13
     434   13
     435   13
     436   13
     437   13
     438   13
     439   13
     440   13
     441   13
     442   13
     443   13
     444   13
     445   13
     446   13
     447   13
     448   13
     449   13
     450   13
     451   13
     452   13
     453   13
     454   13
     455   13
     456   13
     457   13
     458   13
     459   13
     460   13
     461   13
     462   13
     463   13
     464   13
     465   13
     466   13
     467   13
     468   13
     469   13
     470   13
     471   13
     472   13
     473   13
     474   13
     475   13
     476   13
     477   13
     478   13
     479   13
     480   13
     481   13
     482   13
     483   13
     484   13
     485   13
     486   13
     487   13
     488   13
     489   13
     490   13
     491   13
     492   13
     493   13
     494   13
     495   13
     496   13
     497   13
     498   13
     499   13
     500   13
     501   13
     502   13
     503   13
     504   13
     505   13
     506   13
     507   13
     508   13
     509   13
     510   13
     511   13
     512   13
     513   13
     514   13
     515   13
     516   13
     517   13
     518   13
     519   13
     520   13
     521   13
     522   13
     523   13
     524   13
     525   13
     526   13
     527   13
     528   13
     529   13
     530   13
     531   13
     532   13
     533   13
     534   13
     535   13
     536   13
     537   13
     538   13
     539   13
     540   13
     541   13
     542   13
     543   13
     544   13
     545   13
     546   13
     547   13
     548   13
     549   13
     550   13
     551   13
     552   13
     553   13
     554   13
     555   13
     556   13
     557   13
     558   13
     559   13
     560   13
     561   13
     562   13
     563   13
     564   13
     565   13
     566   13
     567   13
     568   13
     569   13
     570   13
     571   13
     572   13
     573   13
     574   13
     575   13
     576   13
     577   13
     578   13
     579   13
     580   13
     581   13
     582   13
     583   13
     584   13
     585   13
     586   13
     587   13
     588   13
     589   13
     590   13
     591   13
     592   13
     593   13
     594   13
     595   13
     596   13
     597   13
     598   13
     599   13
     600   13
     601   13
     602   13
     603   13
     604   13
     605   13
     606   13
     607   13
     608   13
     609   13
     610   13
     611   13
     612   13
     613   13
     614   13
     615   13
     616   13
     617   13
     618   13
     619   13
     620   13
     621   13
     622   13
     623   13
     624   13
     625   13
     626   13
     627   13
     628   13
     629   13
     630   13
     631   13
     632   13
     633   13
     634   13
     635   13
     636   13
     637   13
     638   13
     639   13
     640   13
     641   13
     642   13
     643   13
     644   13
     645   13
     646   13
     647   13
     648   13
     649   13
     650   13
     651   13
     652   13
     653   13
     654   13
     655   13
     656   13
     657   13
     658   13
     659   13
     660   13
     661   13
     662   13
     663   13
     664   13
     665   13
     666   13
     667   13
     668   13
     669   13
     670   13
     671   13
     672   13
     673   13
     674   13
     675   13
     676   13
     677   13
     678   13
     679   13
     680   13
     681   13
     682   13
     683   13
     684   13
     685   13
     686   13
     687   13
     688   13
     689   13
     690   13
     691   13
     692   13
     693   13
     694   13
     695   13
     696   13
     697   13
     698   13
     699   13
     700   13
     701   13
     702   13
     703   13
     704   13
     705   13
     706   13
     707   13
     708   13
     709   13
     710   13
     711   13
     712   13
     713   13
     714   14
     715   14
     716   14
     717   14
     718   14
     719   14
     720   14
     721   14
     722   13
     723   13
     724   13
     725   13
     726   13
     727   13
     728   13
     729   13
     730   13
     731   13
     732   13
     733   13
     734   13
     735   13
     736   13
     737   13
     738   13
     739   13
     740   13
     741   13
     742   13
     743   13
     744   13
     745   13
     746   13
     747   13
     748   13
     749   13
     750   13
     751   13
     752   13
     753   13
     754   13
     755   13
     756   13
     757   13
     758   13
     759   13
     760   13
     761   13
     762   13
     763   13
     764   13
     765   13
     766   13
     767   13
     768   13
     769   13
     770   13
     771   13
     772   13
     773   13
     774   13
     775   13
     776   13
     777   13
     778   14
     779   14
     780   14
     781   14
     782   14
     783   14
     784   14
     785   14
     786   13
     787   13
     788   13
     789   13
     790   13
     791   13
     792   13
     793   13
     794   13
     795   13
     796   13
     797   13
     798   13
     799   13
     800   13
     801   13
     802   13
     803   13
     804   13
     805   13
     806   13
     807   13
     808   13
     809   13
     810   13
     811   13
     812   13
     813   13
     814   13
     815   13
     816   13
     817   13
     818   13
     819   13
     820   13
     821   13
     822   13
     823   13
     824   13
     825   13
     826   13
     827   13
     828   13
     829   13
     830   13
     831   13
     832   13
     833   13
     834   13
     835   13
     836   13
     837   13
     838   13
     839   13
     840   13
     841   13
     842   13
     843   13
     844   13
     845   13
     846   13
     847   13
     848   13
     849   13
     850   13
     851   13
     852   13
     853   13
     854   13
     855   13
     856   13
     857   13
     858   13
     859   13
     860   13
     861   13
     862   13
     863   13
     864   13
     865   13
     866   13
     867   13
     868   13
     869   13
     870   13
     871   13
     872   13
     873   13
     874   13
     875   13
     876   13
     877   13
     878   13
     879   13
     880   13
     881   13
     882   13
     883   13
     884   13
     885   13
     886   13
     887   13
     888   13
     889   13
     890   13
     891   13
     892   13
     893   13
     894   13
     895   13
     896   13
     897   13
     898   13
     899   13
     900   13
     901   13
     902   13
     903   13
     904   13
     905   13
     906   13
     907   13
     908   13
     909   13
     910   13
     911   13
     912   13
     913   13
     914   13
     915   13
     916   13
     917   13
     918   13
     919   13
     920   13
     921   13
     922   13
     923   13
     924   13
     925   13
     926   13
     927   13
     928   13
     929   13
     930   13
     931   13
     932   13
     933   13
     934   13
     935   13
     936   13
     937   13
     938   13
     939   13
     940   13
     941   13
     942   13
     943   13
     944   13
     945   13
     946   13
     947   13
     948   13
     949   13
     950   13
     951   13
     952   13
     953   13
     954   13
     955   13
     956   13
     957   13
     958   13
     959   13
     960   13
     961   13
     962   13
     963   13
     964   13
     965   13
     966   13
     967   13
     968   13
     969   13
     970   13
     971   13
     972   13
     973   13
     974   13
     975   13
     976   13
     977   13
     978   13
     979   13
     980   13
     981   13
     982   13
     983   13
     984   13
     985   13
     986   13
     987   13
     988   13
     989   13
     990   13
     991   13
     992   13
     993   13
     994   13
     995   13
     996   13
     997   13
     998   13
     999   13
    1000   13
    1001   13
    1002   13
    1003   13
    1004   13
    1005   13
    1006   13
    1007   13
    1008   13
    1009   13
    1010   13
    1011   13
    1012   13
    1013   13
    1014   13
    1015   13
    1016   13
    1017   13
    1018   13
    1019   13
    1020   13
    1021   13
    1022   13
    1023   13
    1024   13
    1025   13
    1026   13
    1027   13
    1028   13
    1029   13
    1030   13
    1031   13
    1032   13
    1033   13
    1034   13
    1035   13
    1036   13
    1037   13
    1038   13
    1039   13
    1040   13
    1041   13
    1042   13
    1043   13
    1044   13
    1045   13
    1046   13
    1047   13
    1048   13
    1049   13
    1050   13
    1051   13
    1052   13
    1053   13
    1054   13
    1055   13
    1056   13
    1057   13
    1058   13
    1059   13
    1060   13
    1061   13
    1062   13
    1063   13
    1064   13
    1065   13
    1066   13
    1067   13
    1068   13
    1069   13
    1070   13
    1071   13
    1072   13
    1073   13
    1074   13
    1075   13
    1076   13
    1077   13
    1078   13
    1079   13
    1080   13
    1081   13
    1082   13
    1083   13
    1084   13
    1085   13
    1086   13
    1087   13
    1088   13
    1089   13
    1090   13
    1091   13
    1092   13
    1093   13
    1094   13
    1095   13
    1096   13
    1097   13
    1098   13
    1099   13
    1100   13
    1101   13
    1102   13
    1103   13
    1104   13
    1105   13
    1106   13
    1107   13
    1108   13
    1109   13
    1110   13
    1111   13
    1112   13
    1113   13
    1114   13
    1115   13
    1116   13
    1117   13
    1118   13
    1119   13
    1120   13
    1121   13
    1122   13
    1123   13
    1124   13
    1125   13
    1126   13
    1127   13
    1128   13
    1129   13
    1130   13
    1131   13
    1132   13
    1133   13
    1134   13
    1135   13
    1136   13
    1137   13
    1138   13
    1139   13
    1140   13
    1141   13
    1142   13
    1143   13
    1144   13
    1145   13
    1146   13
    1147   13
    1148   13
    1149   13
    1150   13
    1151   13
    1152   13
    1153   13
    1154   13
    1155   13
    1156   13
    1157   13
    1158   13
    1159   13
    1160   13
    1161   13
    1162   13
    1163   13
    1164   13
    1165   13
    1166   13
    1167   13
    1168   13
    1169   13
    1170   13
    1171   13
    1172   13
    1173   13
    1174   13
    1175   13
    1176   13
    1177   13
    1178   13
    1179   13
    1180   13
    1181   13
    1182   13
    1183   13
    1184   13
    1185   13
    1186   13
    1187   13
    1188   13
    1189   13
    1190   13
    1191   13
    1192   13
    1193   13
    1194   13
    1195   13
    1196   13
    1197   13
    1198   13
    1199   13
    1200   13
    1201   13
    1202   13
    1203   13
    1204   13
    1205   13
    1206   13
    1207   13
    1208   13
    1209   13
    1210   13
    1211   13
    1212   13
    1213   13
    1214   13
    1215   13
    1216   13
    1217   13
    1218   13
    1219   13
    1220   13
    1221   13
    1222   13
    1223   13
    1224   13
    1225   13
    1226   13
    1227   13
    1228   13
    1229   13
    1230   13
    1231   13
    1232   13
    1233   13
    1234   13
    1235   13
    1236   13
    1237   13
    1238   13
    1239   13
    1240   13
    1241   13
    1242   13
    1243   13
    1244   13
    1245   13
    1246   13
    1247   13
    1248   13
    1249   13
    1250   13
    1251   13
    1252   13
    1253   13
    1254    8
    1255   12
    1256   12
    1257   12
    1258   12
    1259   12
    1260   12
    1261   12
    1262   12
    1263   12
    1264   12
    1265    8
    1266   12
    1267   12
    1268   12
    1269   12
    1270   12
    1271   12
    1272   12
    1273   12
    1274   12
    1275   12
    1276   12
    1277   12
    1278   12
    1279   12
    1280   12
    1281   12
    1282    8
    1283   13
    1284   13
    1285   13
    1286   13
    1287   13
    1288   13
    1289   13
    1290   13
    1291   13
    1292   13
    1293   13
    1294   13
    1295   13
    1296   13
    1297   13
    1298   13
    1299   13
    1300   13
    1301   13
    1302   13
    1303   13
    1304   13
    1305   13
    1306   13
    1307   14
    1308   14
    1309    7
    1310    8
    1311    8
    1312    7
    1313   12
    1314   12
    1315   12
    1316   12
    1317    8
    1318   15
    1319   15
    1320   15
    1321   15
    1322   14
    1323   14
    1324   13
    1325   13
    1326   13
    1327   13
    1328   13
    1329   13
    1330   13
    1331   12
    1332   12
    1333    8
    1334    7
    1335    1
    1336    1
    1337   12
    1338   12
    1339   12
    1340    1
    1341    1
    1342   12
    1343   12
    1344   12
    1345    1
    1346    1
    1347    1
    1348    1
    1349    1
    1350    1
    1351    5
    1352    5
    1353    6
    1354    5
    1355    3
    1356    3
    1357    6
    1358    6
    1359    6
    1360    6
    1361   12
    1362   12
    1363   12
    1364    8
    1365    6
    1366    6
    1367    6
    1368   14
    1369   14
    1370   14
    1371    6
    1372    6
    1373    6
    1374    6
    1375    6
    1376    6
    1377    8
    1378   12
    1379   12
    1380   12
    1381   12
    1382   12
    1383   12
    1384    8
    1385   12
    1386    6
    1387    6
    1388    6
    1389    6
    1390    5
    1391    3
    1392    3
    1393    3
    1394    3
    1395    6
    1396    7
    1397   12
    1398   12
    1399   12
    1400   12
    1401    8
    1402    7
    1403   12
    1404   12
    1405   12
    1406   12
    1407   12
    1408   12
    1409   12
    1410   12
    1411   12
    1412   12
    1413   12
    1414   12
    1415   12
    1416   12
    1417    1
    1418    1
    1419    3
    1420    5
    1421    6
    1422    6
    1423    3
    1424    1
    1425    1
    1426    1
    1427    1
    1428    1
    1429   12
    1430   12
    1431   12
    1432    9
    1433   10
    1434    8
    1435   12
    1436   12
    1437   12
    1438   12
    1439   12
    1440   12
    1441   12
    1442   12
    1443   10
    1444   10
    1445   10
    1446   10
    1447   12
    1448   12
    1449   12
    1450   12
    1451    1
    1452    1
    1453    1
    1454    1
    1455    1
    1456    1
    1457   12
    1458   12
    1459   12
    1460   12
    1461   12
    1462   12
    1463   12
    1464    1
    1465    1
    1466   12
    1467    8
    1468    8
    1469    1
    1470    1
    1471    1
    1472    1
    1473    1
    1474    1
    1475   12
    1476   12
    1477    8
    1478    1
    1479    1
    1480    1
    1481    1
    1482    1
    1483    1
    1484    1
    1485   12
    1486   12
    1487   12
    1488    7
    1489   12
    1490   12
    1491    4
    1492    1
    1493    1
    1494    4
    1495    1
    1496    1
    1497    3
    1498    4
    1499    4
    1500    4
    1501    5
    1502    4
    1503    4
    1504    4
    1505    4
    1506    5
    1507    5
    1508    6
    1509   12
    1510   13
    1511   13
    1512   13
    1513   13
    1514   13
    1515   13
    1516   13
    1517   13
    1518   13
    1519   13
    1520   13
    1521   13
    1522   13
    1523   13
    1524   13
    1525   13
    1526   13
    1527   13
    1528   13
    1529   13
    1530   13
    1531   13
    1532   13
    1533   13
    1534   13
    1535   13
    1536   13
    1537   13
    1538   13
    1539   13
    1540   13
    1541   13
    1542   13
    1543   13
    1544   13
    1545   13
    1546   13
    1547   13
    1548   13
    1549   13
    1550   13
    1551   13
    1552   13
    1553   13
    1554   13
    1555    8
    1556   13
    1557   13
    1558   13
    1559   13
    1560   13
    1561   13
    1562   13
    1563   13
    1564   13
    1565   13
    1566   13
    1567   13
    1568   13
    1569   13
    1570   13
    1571   13
    1572   13
    1573   13
    1574   13
    1575   13
    1576   13
    1577   13
    1578   13
    1579   13
    1580   13
    1581   13
    1582   13
    1583   13
    1584   13
    1585   13
    1586   13
    1587   13
    1588   13
    1589   13
    1590   13
    1591   13
    1592   13
    1593   13
    1594   13
    1595   13
    1596   13
    1597   13
    1598   13
    1599   13
    1600   13
    1601   13
    1602   13
    1603   13
    1604   13
    1605   13
    1606   13
    1607   13
    1608   13
    1609   13
    1610   13
    1611   13
    1612   13
    1613   13
    1614   13
    1615   13
    1616   13
    1617   13
    1618   13
    1619   13
    1620   13
    1621   13
    1622   13
    1623   13
    1624   13
    1625   13
    1626   13
    1627   13
    1628   13
    1629   13
    1630   13
    1631   13
    1632   13
    1633   13
    1634   13
    1635   13
    1636   13
    1637   13
    1638   13
    1639   13
    1640   13
    1641   13
    1642   13
    1643   13
    1644   13
    1645   13
    1646   13
    1647   13
    1648   13
    1649   13
    1650   13
    1651   13
    1652   13
    1653   13
    1654   13
    1655   13
    1656   13
    1657   13
    1658   13
    1659   13
    1660   13
    1661   13
    1662   13
    1663   13
    1664   13
    1665   13
    1666   13
    1667   13
    1668   13
    1669   13
    1670   13
    1671   13
    1672   13
    1673   13
    1674   13
    1675   13
    1676   13
    1677   13
    1678   13
    1679   13
    1680   13
    1681   13
    1682   13
    1683   13
    1684   13
    1685   13
    1686   13
    1687   13
    1688   13
    1689   13
    1690   13
    1691   13
    1692   13
    1693   13
    1694   13
    1695   13
    1696   13
    1697   13
    1698   13
    1699   13
    1700   13
    1701   13
    1702   13
    1703   13
    1704   13
    1705   13
    1706   13
    1707   13
    1708   13
    1709   13
    1710   13
    1711   13
    1712   13
    1713   13
    1714   13
    1715   13
    1716   13
    1717   13
    1718   13
    1719   13
    1720   13
    1721   13
    1722   13
    1723   13
    1724   13
    1725   13
    1726   13
    1727   13
    1728   13
    1729   13
    1730   13
    1731   13
    1732   13
    1733   13
    1734   13
    1735   13
    1736   13
    1737   13
    1738   13
    1739   13
    1740   13
    1741   13
    1742   13
    1743   13
    1744   13
    1745   13
    1746   13
    1747   13
    1748   13
    1749   13
    1750   13
    1751   13
    1752   13
    1753   13
    1754   13
    1755   13
    1756   13
    1757   13
    1758   13
    1759   13
    1760   13
    1761   13
    1762   13
    1763   13
    1764   13
    1765   13
    1766   13
    1767   13
    1768   13
    1769   13
    1770   13
    1771   13
    1772   13
    1773   13
    1774   13
    1775   13
    1776   13
    1777   13
    1778   13
    1779   13
    1780   13
    1781   13
    1782   13
    1783   13
    1784   13
    1785   13
    1786   13
    1787   13
    1788   13
    1789   13
    1790   13
    1791   13
    1792   13
    1793   13
    1794   13
    1795   13
    1796   13
    1797   13
    1798   13
    1799   13
    1800   13
    1801   13
    1802   13
    1803   13
    1804   13
    1805   13
    1806   13
    1807   13
    1808   13
    1809   13
    1810   13
    1811   13
    1812   13
    1813   13
    1814   13
    1815   13
    1816   13
    1817   13
    1818   13
    1819   13
    1820   13
    1821   13
    1822   13
    1823   13
    1824   13
    1825   13
    1826   13
    1827   13
    1828   13
    1829   13
    1830   13
    1831   13
    1832   13
    1833   13
    1834   13
    1835   13
    1836   13
    1837   13
    1838   13
    1839   13
    1840   13
    1841   13
    1842   13
    1843   13
    1844   13
    1845   13
    1846   13
    1847   13
    1848   13
    1849   13
    1850   13
    1851   13
    1852   13
    1853   13
    1854   13
    1855   13
    1856   13
    1857   13
    1858   13
    1859   13
    1860   13
    1861   13
    1862   13
    1863   13
    1864   13
    1865   13
    1866   13
    1867   13
    1868   13
    1869   13
    1870   13
    1871   13
    1872   13
    1873   13
    1874   13
    1875   13
    1876   13
    1877   13
    1878   13
    1879   13
    1880   13
    1881   13
    1882   13
    1883   13
    1884   13
    1885   13
    1886   13
    1887   13
    1888   13
    1889   13
    1890   13
    1891   13
    1892   13
    1893   13
    1894   13
    1895   13
    1896   13
    1897   13
    1898   13
    1899   13
    1900   13
    1901   13
    1902   13
    1903   13
    1904   13
    1905   13
    1906   13
    1907   13
    1908   13
    1909   13
    1910   13
    1911   13
    1912   13
    1913   13
    1914   13
    1915   13
    1916   13
    1917   13
    1918   13
    1919   13
    1920   13
    1921   13
    1922   13
    1923   13
    1924   13
    1925   13
    1926   13
    1927   13
    1928   13
    1929   13
    1930   13
    1931   13
    1932   13
    1933   13
    1934   13
    1935   13
    1936   13
    1937   13
    1938   13
    1939   13
    1940   13
    1941   13
    1942   13
    1943   13
    1944   13
    1945   13
    1946   13
    1947   13
    1948   13
    1949   13
    1950   13
    1951   13
    1952   13
    1953   13
    1954   13
    1955   13
    1956   13
    1957   13
    1958   13
    1959   13
    1960   13
    1961   13
    1962   13
    1963   13
    1964   13
    1965   13
    1966   13
    1967   13
    1968   13
    1969   13
    1970   13
    1971   13
    1972   13
    1973   13
    1974   13
    1975   13
    1976   13
    1977   13
    1978   13
    1979   13
    1980   13
    1981   13
    1982   13
    1983   13
    1984   13
    1985   13
    1986   13
    1987   13
    1988   13
    1989   13
    1990   13
    1991   13
    1992   13
    1993   13
    1994   13
    1995   13
    1996   13
    1997   13
    1998   13
    1999   13
    2000   13
    2001   13
    2002   13
    2003   13
    2004   13
    2005   13
    2006   13
    2007   13
    2008   13
    2009   13
    2010   13
    2011   13
    2012   13
    2013   13
    2014   13
    2015   13
    2016   13
    2017   13
    2018   13
    2019   13
    2020   13
    2021   13
    2022   13
    2023    9
    2024   13
    2025   13
    2026   13
    2027   13
    2028   13
    2029   13
    2030   13
    2031   13
    2032   13
    2033   13
    2034   13
    2035   13
    2036   13
    2037   13
    2038   13
    2039   13
    2040   13
    2041   13
    2042   13
    2043   12
    2044   12
    2045   12
    2046   12
    2047   12
    2048    1
    2049    1
    2050    1
    2051    7
    2052   12
    2053   12
    2054   12
    2055   12
    2056   12
    2057   12
    2058   12
    2059    1
    2060    1
    2061    1
    2062    1
    2063    1
    2064    1
    2065    5
    2066    1
    2067    1
    2068    1
    2069    1
    2070    1
    2071    3
    2072    6
    2073    7
    2074    7
    2075    6
    2076    4
    2077    4
    2078    6
    2079    6
    2080    5
    2081    3
    2082    1
    2083    1
    2084    1
    2085    1
    2086    3
    2087    5
    2088    6
    2089    6
    2090    6
    2091   12
    2092   12
    2093   12
    2094   12
    2095   12
    2096   12
    2097    8
    2098    7
    2099    6
    2100    8
    2101   12
    2102   12
    2103   12
    2104   12
    2105   12
    2106   12
    2107   12
    2108   12
    2109    8
    2110    8
    2111    8
    2112   12
    2113    7
    2114   12
    2115   12
    2116   12
    2117   12
    2118   12
    2119    8
    2120    7
    2121    7
    2122    7
    2123    8
    2124   15
    2125   15
    2126   15
    2127   15
    2128   15
    2129   15
    2130   15
    2131   15
    2132   15
    2133    7
    2134    6
    2135    6
    2136    5
    2137    3
    2138    3
    2139    3
    2140    3
    2141    3
    2142    5
    2143    5
    2144    5
    2145    1
    2146    1
    2147    1
    2148    1
    2149    1
    2150   12
    2151   12
    2152   12
    2153   12
    2154   12
    2155   12
    2156   12
    2157   12
    2158   12
    2159   12
    2160   12
    2161   12
    2162   12
    2163   12
    2164   12
    2165   12
    2166   12
    2167   12
    2168    8
    2169   13
    2170   13
    2171   13
    2172   13
    2173   13
    2174   13
    2175   13
    2176   13
    2177   13
    2178   13
    2179   13
    2180   13
    2181   13
    2182   13
    2183   13
    2184   13
    2185   13
    2186   13
    2187   13
    2188   13
    2189   13
    2190   13
    2191   13
    2192   13
    2193   13
    2194   13
    2195   13
    2196   13
    2197   13
    2198   13
    2199   13
    2200   13
    2201    8
    2202    7
    2203   12
    2204   12
    2205   12
    2206   13
    2207   13
    2208   13
    2209   13
    2210   13
    2211   13
    2212   13
    2213   13
    2214   13
    2215   13
    2216   13
    2217   13
    2218   13
    2219   13
    2220   13
    2221   13
    2222   13
    2223   13
    2224   13
    2225   13
    2226   13
    2227   13
    2228   13
    2229   13
    2230   13
    2231   13
    2232   13
    2233   13
    2234   13
    2235   13
    2236   13
    2237   13
    2238   13
    2239   13
    2240   13
    2241   13
    2242   13
    2243   13
    2244   13
    2245   13
    2246   13
    2247   13
    2248   13
    2249   13
    2250   13
    2251   13
    2252   13
    2253   13
    2254   13
    2255   13
    2256   13
    2257   13
    2258   13
    2259   13
    2260   13
    2261   13
    2262   13
    2263   13
    2264   13
    2265   13
    2266   13
    2267   13
    2268   13
    2269   13
    2270   13
    2271   13
    2272   13
    2273   13
    2274   13
    2275   13
    2276   13
    2277   13
    2278   13
    2279   13
    2280   13
    2281   13
    2282   13
    2283   13
    2284   13
    2285   13
    2286   13
    2287   13
    2288   13
    2289   13
    2290   13
    2291   13
    2292   13
    2293   13
    2294   13
    2295   13
    2296   13
    2297   13
    2298   13
    2299   13
    2300   13
    2301   13
    2302   13
    2303   13
    2304   13
    2305   13
    2306   13
    2307   13
    2308   13
    2309   13
    2310   13
    2311   13
    2312   13
    2313   13
    2314   13
    2315   13
    2316   13
    2317   13
    2318   13
    2319   13
    2320   13
    2321   13
    2322   13
    2323   13
    2324   13
    2325   13
    2326   13
    2327   13
    2328   13
    2329   13
    2330   13
    2331   13
    2332   13
    2333   13
    2334   13
    2335   13
    2336   13
    2337   13
    2338   13
    2339   13
    2340   13
    2341   13
    2342   13
    2343   13
    2344   13
    2345   13
    2346   13
    2347   13
    2348   13
    2349   13
    2350   13
    2351   13
    2352   13
    2353   13
    2354   13
    2355   13
    2356   13
    2357   13
    2358   13
    2359   13
    2360   13
    2361   13
    2362   13
    2363   13
    2364   13
    2365   13
    2366   13
    2367   13
    2368   13
    2369   13
    2370   13
    2371   13
    2372   13
    2373   13
    2374   13
    2375   13
    2376   13
    2377   13
    2378   13
    2379   13
    2380   13
    2381   13
    2382   13
    2383   13
    2384   13
    2385   13
    2386   13
    2387   13
    2388   13
    2389   13
    2390   13
    2391   13
    2392   13
    2393   13
    2394   13
    2395   13
    2396   13
    2397   13
    2398   13
    2399   13
    2400   13
    2401   13
    2402   13
    2403   13
    2404   13
    2405   13
    2406   13
    2407   13
    2408   13
    2409   13
    2410   13
    2411   13
    2412   13
    2413   13
    2414   13
    2415   13
    2416   13
    2417   13
    2418   13
    2419   13
    2420   13
    2421   13
    2422   13
    2423   13
    2424   13
    2425   13
    2426   13
    2427   13
    2428   13
    2429   13
    2430   13
    2431   13
    2432   13
    2433   13
    2434   13
    2435   13
    2436   13
    2437   13
    2438   13
    2439   13
    2440   13
    2441   13
    2442   13
    2443   13
    2444   13
    2445   13
    2446   13
    2447   13
    2448   13
    2449   13
    2450   13
    2451   13
    2452   13
    2453   13
    2454   13
    2455   13
    2456   13
    2457   13
    2458   13
    2459   13
    2460   13
    2461   13
    2462   13
    2463   13
    2464   13
    2465   13
    2466   13
    2467   13
    2468   13
    2469   13
    2470   13
    2471   13
    2472   13
    2473   13
    2474   13
    2475   13
    2476   12
    2477    8
    2478   12
    2479   12
    2480   12
    2481   12
    2482    8
    2483    8
    2484   12
    2485   12
    2486   12
    2487   12
    2488   12
    2489   12
    2490   12
    2491   12
    2492   12
    2493   12
    2494   12
    2495    8
    2496    8
    2497   12
    2498   12
    2499   12
    2500    8
    2501    8
    2502   12
    2503   12
    2504   12
    2505   12
    2506   12
    2507   12
    2508   12
    2509   12
    2510   12
    2511   12
    2512   12
    2513    8
    2514    8
    2515   12
    2516   12
    2517   12
    2518    8
    2519   12
    2520   12
    2521   12
    2522   12
    2523   12
    2524   12
    2525   12
    2526   12
    2527   12
    2528   12
    2529   12
    2530   12
    2531   12
    2532   12
    2533   12
    2534   12
    2535   12
    2536   12
    2537   12
    2538   12
    2539    8
    2540   12
    2541   12
    2542   12
    2543   12
    2544   12
    2545   12
    2546   12
    2547   12
    2548   12
    2549   12
    2550   12
    2551   12
    2552   12
    2553   12
    2554   12
    2555   12
    2556   12
    2557   12
    2558   12
    2559   12
    2560   12
    2561   12
    2562   12
    2563   12
    2564   12
    2565   12
    2566   12
    2567   12
    2568   12
    2569   12
    2570   12
    2571   12
    2572   12
    2573   12
    2574   12
    2575    8
    2576    8
    2577   12
    2578   12
    2579   12
    2580   12
    2581   12
    2582   12
    2583   12
    2584   12
    2585    9
    2586    9
    2587   12
    2588   12
    2589   12
    2590   12
    2591   12
    2592    8
    2593   12
    2594   12
    2595   12
    2596   12
    2597   12
    2598   12
    2599   12
    2600   12
    2601   12
    2602   12
    2603   12
    2604    8
    2605    8
    2606    6
    2607    6
    2608    5
    2609    1
    2610    1
    2611    1
    2612    1
    2613    1
    2614    1
    2615    3
    2616    3
    2617    5
    2618    3
    2619    5
    2620    6
    2621    6
    2622   12
    2623   12
    2624   12
    2625   12
    2626   12
    2627   12
    2628    8
    2629    7
    2630   10
    2631   10
    2632   10
    2633   10
    2634   13
    2635   13
    2636   13
    2637   13
    2638   13
    2639   13
    2640   13
    2641   13
    2642   13
    2643   13
    2644   13
    2645   13
    2646   13
    2647   13
    2648   10
    2649   10
    2650   10
    2651   10
    2652   10
    2653   10
    2654   10
    2655   10
    2656   10
    2657   13
    2658   13
    2659   13
    2660   13
    2661   13
    2662   13
    2663   13
    2664   13
    2665   13
    2666   13
    2667   13
    2668   13
    2669   13
    2670   13
    2671   13
    2672   13
    2673   13
    2674   13
    2675   13
    2676   13
    2677   13
    2678   13
    2679   13
    2680   13
    2681   13
    2682   13
    2683   13
    2684   13
    2685   13
    2686   13
    2687   13
    2688   13
    2689   13
    2690   10
    2691   10
    2692   10
    2693   10
    2694   10
    2695   10
    2696   10
    2697   12
    2698   12
    2699   12
    2700   12
    2701    7
    2702    8
    2703   12
    2704   12
    2705   12
    2706   12
    2707   10
    2708   10
    2709   10
    2710   13
    2711   13
    2712   13
    2713   13
    2714   13
    2715   13
    2716   13
    2717   13
    2718   13
    2719   13
    2720   10
    2721   10
    2722    9
    2723   10
    2724   12
    2725   12
    2726   12
    2727   12
    2728    1
    2729    4
    2730    6
    2731   12
    2732   12
    2733   12
    2734    1
    2735    1
    2736    1
    2737    1
    2738    1
    2739    1
    2740    1
    2741    1
    2742    1
    2743    1
    2744    1
    2745    1
    2746    1
    2747    1
    2748    1
    2749    1
    2750    1
    2751    3
    2752    5
    2753    6
    2754   12
    2755   10
    2756   10
    2757   10
    2758   13
    2759   13
    2760   13
    2761   13
    2762   13
    2763   13
    2764   13
    2765   13
    2766   13
    2767   13
    2768   13
    2769   13
    2770   13
    2771   13
    2772   13
    2773   13
    2774   13
    2775   13
    2776   13
    2777   13
    2778   13
    2779   13
    2780   13
    2781   13
    2782   10
    2783   10
    2784   10
    2785   10
    2786   10
    2787   10
    2788    9
    2789   10
    2790   12
    2791   12
    2792   12
    2793   12
    2794    1
    2795    1
    2796    6
    2797    7
    2798   12
    2799   12
    2800    1
    2801    1
    2802    1
    2803    1
    2804    1
    2805    1
    2806    1
    2807    1
    2808    1
    2809    1
    2810    1
    2811    1
    2812    1
    2813    1
    2814    1
    2815   12
    2816    8
    2817    8
    2818    1
    2819    6
    2820    7
    2821    1
    2822    1
    2823    1
    2824    1
    2825    3
    2826    3
    2827    6
    2828    6
    2829    9
    2830   12
    2831   12
    2832   12
    2833   12
    2834   12
    2835   12
    2836   12
    2837    8
    2838   12
    2839   12
    2840   10
    2841   10
    2842   10
    2843   10
    2844   10
    2845   10
    2846   10
    2847   10
    2848   10
    2849   10
    2850   10
    2851   10
    2852   10
    2853   10
    2854   10
    2855   10
    2856   10
    2857    8
    2858   12
    2859   12
    2860    7
    2861    8
    2862    8
    2863   10
    2864   10
    2865   10
    2866   10
    2867   10
    2868   10
    2869   10
    2870   10
    2871   10
    2872   10
    2873   10
    2874   10
    2875   10
    2876   10
    2877   10
    2878   10
    2879   10
    2880   10
    2881   10
    2882   10
    2883   11
    2884   11
    2885   11
    2886   11
    2887   11
    2888    9
    2889   11
    2890    9
    2891   10
    2892   10
    2893   10
    2894   10
    2895   10
    2896   10
    2897   10
    2898   10
    2899   10
    2900   10
    2901   10
    2902   10
    2903   10
    2904   10
    2905   10
    2906   10
    2907   10
    2908   10
    2909   10
    2910   10
    2911   10
    2912   10
    2913   10
    2914    8
    2915    7
    2916    8
    2917    7
    2918   12
    2919   12
    2920    6
    2921    6
    2922    6
    2923    5
    2924    1
    2925    5
    2926    5
    2927    6
    2928    6
    2929    1
    2930    1
    2931    1
    2932    1
    2933    1
    2934    7
    2935    8
    2936    7
    2937   12
    2938   12
    2939    6
    2940    5
    2941    3
    2942    5
    2943    1
    2944    1
    2945    1
    2946    7
    2947    8
    2948   12
    2949    8
    2950    7
    2951    7
    2952    8
    2953    8
    2954    8
    2955    6
    2956    6
    2957    6
    2958    3
    2959    3
    2960    5
    2961    6
    2962    5
    2963    5
    2964    1
    2965    1
    2966    1
    2967    1
    2968    4
    2969    4
    2970    6
    2971   12
    2972    7
    2973   12
    2974   12
    2975    1
    2976    1
    2977    1
    2978    1
    2979    1
    2980    1
    2981    3
    2982    6
    2983    6
    2984    5
    2985    5
    2986    3
    2987    3
    2988    3
    2989    1
    2990    1
    2991    6
    2992    6
    2993    1
    2994    1
    2995    1
    2996    1
    2997    1
    2998    1
    2999    1
    3000    1
    3001    3
    3002    6
    3003    9
    3004   12
    3005   12
    3006   12
    3007   12
    3008   12
    3009   12
    3010   12
    3011    8
    3012    8
    3013   13
    3014   13
    3015   13
    3016   13
    3017   13
    3018   13
    3019   13
    3020   13
    3021   13
    3022   13
    3023   13
    3024   13
    3025   13
    3026   13
    3027   13
    3028   13
    3029   13
    3030   13
    3031   13
    3032   13
    3033   13
    3034   13
    3035   13
    3036   13
    3037   13
    3038   13
    3039   13
    3040   13
    3041   13
    3042   13
    3043   13
    3044   13
    3045   13
    3046   13
    3047   13
    3048   13
    3049   13
    3050   13
    3051   10
    3052   10
    3053   12
    3054    1
    3055    1
    3056    5
    3057    6
    3058   12
    3059    8
    3060    7
    3061    8
    3062    8
    3063    8
    3064    6
    3065    8
    3066   12
    3067   12
    3068    8
    3069    7
    3070   12
    3071    7
    3072   14
    3073   14
    3074   14
    3075   14
    3076   14
    3077   14
    3078    6
    3079    7
    3080    7
    3081   12
    3082   12
    3083    8
    3084   12
    3085   12
    3086   12
    3087   12
    3088   12
    3089    6
    3090    5
    3091    5
    3092    5
    3093    3
    3094    3
    3095    3
    3096    3
    3097    3
    3098    3
    3099    3
    3100    3
    3101    3
    3102    3
    3103    1
    3104   12
    3105   12
    3106   12
    3107   12
    3108   12
    3109   12
    3110   12
    3111   12
    3112   12
    3113   12
    3114    8
    3115    8
    3116   12
    3117   12
    3118   12
    3119   12
    3120   12
    3121   12
    3122   12
    3123   12
    3124   12
    3125   12
    3126   12
    3127   12
    3128   12
    3129   10
    3130   10
    3131   10
    3132   10
    3133   10
    3134   10
    3135   10
    3136   10
    3137   10
    3138   10
    3139   10
    3140   10
    3141   10
    3142   10
    3143   10
    3144   10
    3145   10
    3146    9
    3147   12
    3148   12
    3149    6
    3150    1
    3151    5
    3152    2
    3153    2
    3154    8
    3155    8
    3156   12
    3157   10
    3158   10
    3159   10
    3160   10
    3161   10
    3162   10
    3163   10
    3164   10
    3165   10
    3166   10
    3167   10
    3168   10
    3169   10
    3170   10
    3171   10
    3172   10
    3173   10
    3174   10
    3175   10
    3176   12
    3177   12
    3178    8
    3179    7
    3180   12
    3181   12
    3182   12
    3183    6
    3184   12
    3185   12
    3186   12
    3187   12
    3188    8
    3189   12
    3190   12
    3191    8
    3192   12
    3193   12
    3194   12
    3195   12
    3196    8
    3197    7
    3198    8
    3199    8
    3200    8
    3201    8
    3202    7
    3203    8
    3204   12
    3205   12
    3206   12
    3207   12
    3208    6
    3209    6
    3210    5
    3211    3
    3212    5
    3213    6
    3214    3
    3215    5
    3216    5
    3217    1
    3218   12
    3219   12
    3220   10
    3221   10
    3222   10
    3223    9
    3224   10
    3225   10
    3226   10
    3227   10
    3228   10
    3229   10
    3230   12
    3231   12
    3232    1
    3233    1
    3234    1
    3235    1
    3236    5
    3237    1
    3238    1
    3239    1
    3240    1
    3241    1
    3242    1
    3243    5
    3244    2
    3245    2
    3246    2
    3247    6
    3248    2
    3249    5
    3250    1
    3251    6
    3252    9
    3253   11
    3254   11
    3255   11
    3256    9
    3257   11
    3258   12
    3259   12
    3260   12
    3261    9
    3262   10
    3263   12
    3264   12
    3265   12
    3266   12
    3267   12
    3268    9
    3269    9
    3270   11
    3271    9
    3272    9
    3273   10
    3274   10
    3275   10
    3276   10
    3277   10
    3278    8
    3279    7
    3280    8
    3281    8
    3282    8
    3283    7
    3284    7
    3285   10
    3286   10
    3287   10
    3288   10
    3289   10
    3290   10
    3291   10
    3292   10
    3293   10
    3294   10
    3295   10
    3296   10
    3297   10
    3298   10
    3299   10
    3300   10
    3301   10
    3302   10
    3303   10
    3304   10
    3305   10
    3306   12
    3307   12
    3308   12
    3309   12
    3310   12
    3311   12
    3312    7
    3313   12
    3314    8
    3315    8
    3316    8
    3317    8
    3318    8
    3319    8
    3320    8
    3321    9
    3322   11
    3323   11
    3324   10
    3325   10
    3326   10
    3327   10
    3328   10
    3329   10
    3330   10
    3331   10
    3332   10
    3333   10
    3334   10
    3335   10
    3336   10
    3337   10
    3338    8
    3339    8
    3340   10
    3341   10
    3342   10
    3343    9
    3344   10
    3345   10
    3346   10
    3347   10
    3348   10
    3349   10
    3350   10
    3351   10
    3352   10
    3353   10
    3354   10
    3355   10
    3356   10
    3357   12
    3358   12
    3359   12
    3360   12
    3361   12
    3362   12
    3363   12
    3364   12
    3365   10
    3366   10
    3367   10
    3368   10
    3369   10
    3370   10
    3371   10
    3372   10
    3373   10
    3374   10
    3375   10
    3376   10
    3377   10
    3378   12
    3379   12
    3380    7
    3381   12
    3382   10
    3383   10
    3384   10
    3385   10
    3386   10
    3387   10
    3388   10
    3389   10
    3390   10
    3391   10
    3392   10
    3393   10
    3394   10
    3395   10
    3396   10
    3397   10
    3398   10
    3399   10
    3400   10
    3401   10
    3402   10
    3403   10
    3404   10
    3405   10
    3406   10
    3407   10
    3408   10
    3409   10
    3410   10
    3411   10
    3412   10
    3413   10
    3414   10
    3415   10
    3416   10
    3417   10
    3418   10
    3419   10
    3420   10
    3421   10
    3422   10
    3423   10
    3424   10
    3425   10
    3426   10
    3427   10
    3428   10
    3429   12
    3430   12
    3431   12
    3432   12
    3433   10
    3434   10
    3435   10
    3436   10
    3437   10
    3438   10
    3439   10
    3440   10
    3441   10
    3442   10
    3443   10
    3444   10
    3445   10
    3446   10
    3447   10
    3448   10
    3449   10
    3450   10
    3451   10
    3452   10
    3453    8
    3454   12
    3455   12
    3456   10
    3457   10
    3458   10
    3459   10
    3460   10
    3461   10
    3462   10
    3463   10
    3464   10
    3465   10
    3466   10
    3467   10
    3468   10
    3469   10
    3470   10
    3471   10
    3472   10
    3473   10
    3474   10
    3475    9
    3476   10
    3477   10
    3478    8
    3479   12
    3480    8
    3481    1
    3482    1
    3483    1
    3484    1
    3485    1
    3486    6
    3487    8
    3488    6
    3489    8
    3490    8
    3491   12
    3492   12
    3493   10
    3494   10
    3495   10
    3496   10
    3497    7
    3498    8
    3499    8
    3500    9
    3501    9
    3502   12
    3503   12
    3504    8
    3505    7
    3506   12
    3507   12
    3508   12
    3509   12
    3510   12
    3511   12
    3512   12
    3513   12
    3514   12
    3515   12
    3516   12
    3517   12
    3518   12
    3519   12
    3520   12
    3521    7
    3522   12
    3523   12
    3524   12
    3525    7
    3526    7
    3527   12
    3528   12
    3529   12
    3530    8
    3531    8
    3532    7
    3533    8
    3534    7
    3535   12
    3536    8
    3537   12
    3538    6
    3539    5
    3540    3
    3541    3
    3542    1
    3543    1
    3544    1
    3545    1
    3546    1
    3547    1
    3548    5
    3549    1
    3550    1
    3551    6
    3552    1
    3553    1
    3554    1
    3555    1
    3556    1
    3557    1
    3558    2
    3559   12
    3560    7
    3561   12
    3562   12
    3563   12
    3564   12
    3565   12
    3566   12
    3567   12
    3568    7
    3569   12
    3570    8
    3571   12
    3572   12
    3573   12
    3574    1
    3575    6
    3576    6
    3577    6
    3578    6
    3579    1
    3580    3
    3581    6
    3582    6
    3583    7
    3584   12
    3585   10
    3586   10
    3587   10
    3588   10
    3589    8
    3590    8
    3591    8
    3592    8
    3593   10
    3594   10
    3595   10
    3596   10
    3597   10
    3598   10
    3599   10
    3600   10
    3601   10
    3602   10
    3603   10
    3604   10
    3605   10
    3606   10
    3607   10
    3608   10
    3609   10
    3610   10
    3611   10
    3612   10
    3613   10
    3614   11
    3615   11
    3616   10
    3617   10
    3618   10
    3619   10
    3620   10
    3621   10
    3622   10
    3623   10
    3624   13
    3625   13
    3626   13
    3627   13
    3628   13
    3629   13
    3630   13
    3631   13
    3632   13
    3633   13
    3634   13
    3635   13
    3636   13
    3637   13
    3638   13
    3639   13
    3640   13
    3641   13
    3642   13
    3643   13
    3644   13
    3645    8
    3646    8
    3647    8
    3648   12
    3649   12
    3650   12
    3651   12
    3652    1
    3653    1
    3654   12
    3655   12
    3656   12
    3657   12
    3658   12
    3659   12
    3660    1
    3661    1
    3662    1
    3663    1
    3664    1
    3665   12
    3666   12
    3667    6
    3668   12
    3669    8
    3670    7
    3671   12
    3672    7
    3673   12
    3674   12
    3675    9
    3676    9
    3677   12
    3678   12
    3679   12
    3680   12
    3681   12
    3682   12
    3683   12
    3684   12
    3685   12
    3686   12
    3687    1
    3688    6
    3689    6
    3690    5
    3691    3
    3692    3
    3693    1
    3694    1
    3695   12
    3696   12
    3697   12
    3698    1
    3699    1
    3700    1
    3701    1
    3702    1
    3703    1
    3704    1
    3705    1
    3706    1
    3707    1
    3708    1
    3709    1
    3710    1
    3711    1
    3712    1
    3713    1
    3714    1
    3715    7
    3716    7
    3717   12
    3718    6
    3719    3
    3720    5
    3721    5
    3722    3
    3723    3
    3724    3
    3725    6
    3726    6
    3727    6
    3728    6
    3729    8
    3730   12
    3731   12
    3732   12
    3733   12
    3734   12
    3735   12
    3736   12
    3737   12
    3738   12
    3739   12
    3740   12
    3741   12
    3742   12
    3743   12
    3744   12
    3745   12
    3746    8
    3747    6
    3748    6
    3749    5
    3750    5
    3751    5
    3752    3
    3753    3
    3754    3
    3755    5
    3756    6
    3757    5
    3758    5
    3759    3
    3760    3
    3761    3
    3762    3
    3763    3
    3764    3
    3765    5
    3766    5
    3767    5
    3768    3
    3769    3
    3770    3
    3771    1
    3772    1
    3773    1
    3774    3
    3775    3
    3776    3
    3777    3
    3778    1
    3779   12
    3780   12
    3781    8
    3782   12
    3783   12
    3784   12
    3785    8
    3786   12
    3787    6
    3788   12
    3789   12
    3790   12
    3791   12
    3792   12
    3793   12
    3794   12
    3795   10
    3796   10
    3797   10
    3798   12
    3799    8
    3800    7
    3801   12
    3802    8
    3803   10
    3804   10
    3805   10
    3806   10
    3807   13
    3808   13
    3809   13
    3810   13
    3811   13
    3812   13
    3813   13
    3814   13
    3815   13
    3816   13
    3817   13
    3818   13
    3819   13
    3820   13
    3821   13
    3822   13
    3823   13
    3824   13
    3825   13
    3826   13
    3827   13
    3828   13
    3829   13
    3830   13
    3831   13
    3832   13
    3833   13
    3834   13
    3835   13
    3836   13
    3837   13
    3838   13
    3839   13
    3840   13
    3841   13
    3842   13
    3843   13
    3844   13
    3845   13
    3846   13
    3847   13
    3848   13
    3849   13
    3850   13
    3851   13
    3852   13
    3853   13
    3854   13
    3855   13
    3856   13
    3857   13
    3858   13
    3859   13
    3860   13
    3861   13
    3862   13
    3863   13
    3864   13
    3865   13
    3866   13
    3867   13
    3868   13
    3869   13
    3870   13
    3871   13
    3872   13
    3873   13
    3874   13
    3875   13
    3876   13
    3877   13
    3878   13
    3879   13
    3880   13
    3881   13
    3882   13
    3883   13
    3884   13
    3885   13
    3886   13
    3887   13
    3888   13
    3889   13
    3890   13
    3891   13
    3892   13
    3893   13
    3894   13
    3895   13
    3896   13
    3897   13
    3898   13
    3899   13
    3900   13
    3901   13
    3902   13
    3903   13
    3904   13
    3905   13
    3906   13
    3907   13
    3908   13
    3909   13
    3910   13
    3911   13
    3912   13
    3913   13
    3914   13
    3915   13
    3916   13
    3917   13
    3918   14
    3919   14
    3920   14
    3921   12
    3922    8
    3923    8
    3924    8
    3925   12
    3926   12
    3927    8
    3928    7
    3929    8
    3930   12
    3931   12
    3932   12
    3933    8
    3934   12
    3935   12
    3936   12
    3937   12
    3938   12
    3939   12
    3940   12
    3941   12
    3942   12
    3943   12
    3944   12
    3945   12
    3946   12
    3947   12
    3948   10
    3949   10
    3950   10
    3951   10
    3952   10
    3953   10
    3954   10
    3955   13
    3956   13
    3957   13
    3958   13
    3959   13
    3960   13
    3961   13
    3962   13
    3963   13
    3964   13
    3965   13
    3966   13
    3967   13
    3968   13
    3969   10
    3970   10
    3971   10
    3972   10
    3973   10
    3974   10
    3975   13
    3976   13
    3977   13
    3978   13
    3979   13
    3980   13
    3981   13
    3982   13
    3983   13
    3984   13
    3985   13
    3986   13
    3987   13
    3988   13
    3989   13
    3990   13
    3991   13
    3992   13
    3993   13
    3994   13
    3995   13
    3996   13
    3997   13
    3998   13
    3999   13
    4000   13
    4001   13
    4002   13
    4003   13
    4004   13
    4005   10
    4006   10
    4007   10
    4008   12
    4009   12
    4010    8
    4011   12
    4012   12
    4013   12
    4014   12
    4015   12
    4016    9
    4017   10
    4018   10
    4019   10
    4020   10
    4021    9
    4022   10
    4023   10
    4024   10
    4025   10
    4026   10
    4027    7
    4028    8
    4029    8
    4030    8
    4031    8
    4032    8
    4033   12
    4034   10
    4035    6
    4036    5
    4037    1
    4038    1
    4039   12
    4040    8
    4041   12
    4042   12
    4043   12
    4044   12
    4045   12
    4046   12
    4047   12
    4048   12
    4049   12
    4050   12
    4051   12
    4052   12
    4053   12
    4054   12
    4055   12
    4056   12
    4057   12
    4058   12
    4059   12
    4060   12
    4061   12
    4062   12
    4063   12
    4064   12
    4065   12
    4066   12
    4067   12
    4068   12
    4069   12
    4070   10
    4071   10
    4072   10
    4073   10
    4074   10
    4075    9
    4076   10
    4077   10
    4078   10
    4079   10
    4080   10
    4081   10
    4082   10
    4083   10
    4084   10
    4085   10
    4086   10
    4087   10
    4088   12
    4089   12
    4090   12
    4091   12
    4092   12
    4093   12
    4094   12
    4095   12
    4096   12
    4097   12
    4098   12
    4099   12
    4100   12
    4101   12
    4102   12
    4103   12
    4104   12
    4105   12
    4106   12
    4107   12
    4108    1
    4109    3
    4110    6
    4111    6
    4112    5
    4113    1
    4114    1
    4115    1
    4116    1
    4117    1
    4118    1
    4119    1
    4120    1
    4121    1
    4122    1
    4123    1
    4124    1
    4125    1
    4126    1
    4127    1
    4128    1
    4129    1
    4130    1
    4131    1
    4132    1
    4133    1
    4134    3
    4135    1
    4136    6
    4137    6
    4138   12
    4139   12
    4140   12
    4141   12
    4142    1
    4143    6
    4144    6
    4145   12
    4146   12
    4147   12
    4148   12
    4149    8
    4150    7
    4151    6
    4152    6
    4153    1
    4154   12
    4155   12
    4156   12
    4157   12
    4158   12
    4159   12
    4160   12
    4161   12
    4162   12
    4163    7
    4164   12
    4165   12
    4166   12
    4167   12
    4168   13
    4169   13
    4170   13
    4171   13
    4172   13
    4173   13
    4174   13
    4175   13
    4176   13
    4177   13
    4178   13
    4179   13
    4180   13
    4181   13
    4182   13
    4183   13
    4184   13
    4185   13
    4186   13
    4187   13
    4188   13
    4189   13
    4190   13
    4191   13
    4192   13
    4193   13
    4194   13
    4195   13
    4196   13
    4197   13
    4198   13
    4199   13
    4200   13
    4201   13
    4202   13
    4203   13
    4204   13
    4205   13
    4206   13
    4207   13
    4208   13
    4209   13
    4210   13
    4211   13
    4212   13
    4213   13
    4214   13
    4215   13
    4216   13
    4217   13
    4218   13
    4219   13
    4220   13
    4221   13
    4222   13
    4223   13
    4224   13
    4225   13
    4226   13
    4227   13
    4228   13
    4229   13
    4230   13
    4231   13
    4232   13
    4233   13
    4234   13
    4235   13
    4236   13
    4237   13
    4238   13
    4239   13
    4240   13
    4241   13
    4242   13
    4243   13
    4244   13
    4245   13
    4246   13
    4247   13
    4248   13
    4249   13
    4250   13
    4251   13
    4252   13
    4253   13
    4254   13
    4255   13
    4256   13
    4257   13
    4258   13
    4259   13
    4260   13
    4261   13
    4262   13
    4263   13
    4264   13
    4265   13
    4266   13
    4267   13
    4268   13
    4269   13
    4270   13
    4271   13
    4272   13
    4273   13
    4274   13
    4275   13
    4276   13
    4277   13
    4278   13
    4279   13
    4280   13
    4281   13
    4282   13
    4283   13
    4284   13
    4285   13
    4286   13
    4287   13
    4288   13
    4289   13
    4290   13
    4291   13
    4292   13
    4293   13
    4294   13
    4295   13
    4296   13
    4297   13
    4298   13
    4299   13
    4300   13
    4301   13
    4302   13
    4303   13
    4304   13
    4305   13
    4306   13
    4307   13
    4308   13
    4309   13
    4310   13
    4311   13
    4312   13
    4313   13
    4314   13
    4315   13
    4316   13
    4317   13
    4318   13
    4319   13
    4320   13
    4321   13
    4322   13
    4323   13
    4324   13
    4325   13
    4326   13
    4327   13
    4328   13
    4329   13
    4330   13
    4331   13
    4332   13
    4333   13
    4334   13
    4335   13
    4336   13
    4337   13
    4338   13
    4339   13
    4340   13
    4341   13
    4342   13
    4343   13
    4344   13
    4345   13
    4346   13
    4347   13
    4348   13
    4349   13
    4350   13
    4351   13
    4352   13
    4353   13
    4354   13
    4355   13
    4356   13
    4357   13
    4358   13
    4359   13
    4360   13
    4361   13
    4362   13
    4363   13
    4364   13
    4365   13
    4366   13
    4367   13
    4368   13
    4369   13
    4370   13
    4371   13
    4372   13
    4373   13
    4374   13
    4375   13
    4376   13
    4377   13
    4378   13
    4379   13
    4380   13
    4381   13
    4382   13
    4383   13
    4384   13
    4385   13
    4386   13
    4387   13
    4388   13
    4389   13
    4390   13
    4391   13
    4392   13
    4393   13
    4394   13
    4395   13
    4396   13
    4397   13
    4398   13
    4399   13
    4400   13
    4401   13
    4402   13
    4403   13
    4404   13
    4405   13
    4406   13
    4407   13
    4408   13
    4409   13
    4410   13
    4411   13
    4412   13
    4413   13
    4414   13
    4415   13
    4416   13
    4417   13
    4418   13
    4419   13
    4420   13
    4421   13
    4422   13
    4423   13
    4424   13
    4425   13
    4426   13
    4427   13
    4428   13
    4429   13
    4430   13
    4431   13
    4432   13
    4433   13
    4434   13
    4435   13
    4436   13
    4437   13
    4438   13
    4439   13
    4440   13
    4441   13
    4442   13
    4443   13
    4444   13
    4445   13
    4446   13
    4447   13
    4448   13
    4449   13
    4450   13
    4451   13
    4452   13
    4453   13
    4454   13
    4455   13
    4456   14
    4457   14
    4458   14
    4459   14
    4460   14
    4461   14
    4462   14
    4463   13
    4464   13
    4465   13
    4466   13
    4467   13
    4468   13
    4469   13
    4470   13
    4471   13
    4472   13
    4473   13
    4474   13
    4475   13
    4476   13
    4477   13
    4478   13
    4479   13
    4480   13
    4481   13
    4482   13
    4483   13
    4484   13
    4485   13
    4486   13
    4487   13
    4488   13
    4489   13
    4490   13
    4491   13
    4492   13
    4493   13
    4494   13
    4495   13
    4496   13
    4497   13
    4498   13
    4499   13
    4500   13
    4501   13
    4502   13
    4503   13
    4504   13
    4505   13
    4506   13
    4507    9
    4508    9
    4509   12
    4510   12
    4511   12
    4512   12
    4513   12
    4514   12
    4515   12
    4516   12
    4517   12
    4518   12
    4519   12
    4520    8
    4521   12
    4522   12
    4523   12
    4524   12
    4525   10
    4526   10
    4527   10
    4528   10
    4529   10
    4530   10
    4531   10
    4532   10
    4533   10
    4534   10
    4535   10
    4536   10
    4537   10
    4538   10
    4539   10
    4540   12
    4541   12
    4542   12
    4543   12
    4544   12
    4545   12
    4546    6
    4547    6
    4548    6
    4549    5
    4550    1
    4551    1
    4552    1
    4553    1
    4554    1
    4555    1
    4556    1
    4557    1
    4558    6
    4559    6
    4560    6
    4561    5
    4562    5
    4563    2
    4564    2
    4565    2
    4566    2
    4567   12
    4568   10
    4569   12
    4570   12
    4571   12
    4572   10
    4573   10
    4574   10
    4575   10
    4576   10
    4577   10
    4578   12
    4579   12
    4580   12
    4581   12
    4582   12
    4583    8
    4584   12
    4585   12
    4586    7
    4587   12
    4588    9
    4589   12
    4590   10
    4591   12
    4592   12
    4593   12
    4594   12
    4595   12
    4596   12
    4597   12
    4598   12
    4599   12
    4600   12
    4601   12
    4602   10
    4603   10
    4604   10
    4605   10
    4606   10
    4607   10
    4608   10
    4609   10
    4610   10
    4611   12
    4612   12
    4613   12
    4614   12
    4615   12
    4616   10
    4617   10
    4618   10
    4619   10
    4620   10
    4621   10
    4622   11
    4623   11
    4624   11
    4625   11
    4626   11
    4627   11
    4628   11
    4629   11
    4630   11
    4631   10
    4632   10
    4633   10
    4634   10
    4635   10
    4636   10
    4637    9
    4638   10
    4639   10
    4640   10
    4641   10
    4642   12
    4643    1
    4644    1
    4645    1
    4646    1
    4647    1
    4648    1
    4649    1
    4650    6
    4651    5
    4652    1
    4653    1
    4654    1
    4655    1
    4656    6
    4657    6
    4658    5
    4659    6
    4660    2
    4661    1
    4662    1
    4663    1
    4664    1
    4665    1
    4666    1
    4667    1
    4668    6
    4669    6
    4670    5
    4671    3
    4672    3
    4673    5
    4674    6
    4675    7
    4676   12
    4677   12
    4678    8
    4679   12
    4680   12
    4681   12
    4682    1
    4683    3
    4684    6
    4685    6
    4686    6
    4687   12
    4688   12
    4689   12
    4690    8
    4691   12
    4692   12
    4693   12
    4694   12
    4695    8
    4696    7
    4697    8
    4698   12
    4699    7
    4700   12
    4701    8
    4702   10
    4703   10
    4704   10
    4705    8
    4706    8
    4707    7
    4708    8
    4709    8
    4710   12
    4711   12
    4712   12
    4713   12
    4714   12
    4715   12
    4716   12
    4717   12
    4718   12
    4719   12
    4720   12
    4721    7
    4722    8
    4723    8
    4724   12
    4725   12
    4726   12
    4727    8
    4728    7
    4729    8
    4730    7
    4731    7
    4732    8
    4733    8
    4734    8
    4735   12
    4736   12
    4737   12
    4738   12
    4739   12
    4740   12
    4741    7
    4742   12
    4743   12
    4744   12
    4745   12
    4746   12
    4747   12
    4748   12
    4749   12
    4750    8
    4751    8
    4752   12
    4753   12
    4754   12
    4755   12
    4756    8
    4757    8
    4758   12
    4759   12
    4760   12
    4761    6
    4762    6
    4763    8
    4764    8
    4765   12
    4766    7
    4767    6
    4768    6
    4769    7
    4770   12
    4771   12
    4772    7
    4773    8
    4774    8
    4775   12
    4776    7
    4777    7
    4778    8
    4779    7
    4780   12
    4781   12
    4782    8
    4783    7
    4784    8
    4785    8
    4786    7
    4787    6
    4788    6
    4789    6
    4790    6
    4791    6
    4792    1
    4793    1
    4794    1
    4795    1
    4796    1
    4797    1
    4798    1
    4799    1
    4800   12
    4801   12
    4802   12
    4803    8
    4804   12
    4805   12
    4806   12
    4807   12
    4808   10
    4809   10
    4810   10
    4811   10
    4812    9
    4813   10
    4814    9
    4815    9
    4816   11
    4817   11
    4818   11
    4819   11
    4820   11
    4821   10
    4822   10
    4823   10
    4824   10
    4825   10
    4826   10
    4827   10
    4828   10
    4829   10
    4830    8
    4831    8
    4832   12
    4833   11
    4834   11
    4835   11
    4836   11
    4837   11
    4838   11
    4839   11
    4840   11
    4841   10
    4842   10
    4843   10
    4844   10
    4845   10
    4846   10
    4847   10
    4848   10
    4849   10
    4850    9
    4851    2
    4852    3
    4853    3
    4854    3
    4855    3
    4856    3
    4857    3
    4858    3
    4859    6
    4860    6
    4861   12
    4862    6
    4863    3
    4864    3
    4865    1
    4866    1
    4867   12
    4868    7
    4869   12
    4870    8
    4871    8
    4872   12
    4873   12
    4874   12
    4875   12
    4876   12
    4877   12
    4878    7
    4879    6
    4880    5
    4881    5
    4882    8
    4883   12
    4884   12
    4885    1
    4886    1
    4887    1
    4888    1
    4889    1
    4890    1
    4891   12
    4892   12
    4893   12
    4894   12
    4895   12
    4896   11
    4897   11
    4898   11
    4899    9
    4900    2
    4901    2
    4902    2
    4903    2
    4904    5
    4905    6
    4906    6
    4907    4
    4908    1
    4909    1
    4910    1
    4911   12
    4912   12
    4913   12
    4914    7
    4915   12
    4916    7
    4917    7
    4918    7
    4919    7
    4920   12
    4921   12
    4922    9
    4923   11
    4924   11
    4925   11
    4926   12
    4927   12
    4928   12
    4929   12
    4930   12
    4931   12
    4932   12
    4933   12
    4934   12
    4935   12
    4936   12
    4937    8
    4938   11
    4939   11
    4940   11
    4941   12
    4942   12
    4943   10
    4944   12
    4945    8
    4946    7
    4947    8
    4948   12
    4949   12
    4950   12
    4951   12
    4952   12
    4953   12
    4954    6
    4955    7
    4956    7
    4957    8
    4958    8
    4959    8
    4960    7
    4961   12
    4962   12
    4963    7
    4964    7
    4965    8
    4966    7
    4967    5
    4968    5
    4969    6
    4970    7
    4971    7
    4972    7
    4973   12
    4974    8
    4975    9
    4976   12
    4977   12
    4978   12
    4979   12
    4980   12
    4981   12
    4982   12
    4983   12
    4984   12
    4985   12
    4986    7
    4987   12
    4988   10
    4989   10
    4990   10
    4991   10
    4992   10
    4993   10
    4994   10
    4995   10
    4996   10
    4997    9
    4998   10
    4999   10
    5000   10
