       1   13
       2   13
       3   13
       4   13
       5   13
       6   13
       7   13
       8   13
       9   13
      10   13
      11   13
      12   13
      13   13
      14   13
      15   13
      16   13
      17   13
      18   13
      19   13
      20   13
      21   13
      22   13
      23   13
      24   13
      25   13
      26   13
      27   13
      28   13
      29   13
      30   13
      31   13
      32   13
      33   13
      34   13
      35   13
      36   13
      37   13
      38   13
      39   13
      40   13
      41   13
      42   13
      43   13
      44   13
      45   13
      46   13
      47   13
      48   13
      49   13
      50    9
      51   10
      52   10
      53   13
      54   13
      55   13
      56   13
      57   13
      58   13
      59   13
      60   13
      61   15
      62   15
      63   15
      64   15
      65   15
      66   15
      67   15
      68   15
      69   15
      70   15
      71   15
      72   15
      73   15
      74   15
      75   15
      76   15
      77   15
      78   15
      79   15
      80   15
      81   15
      82   15
      83   15
      84   15
      85   13
      86   13
      87   13
      88   13
      89   13
      90   13
      91   13
      92   13
      93   13
      94   13
      95   13
      96   13
      97   13
      98   13
      99   13
     100   13
     101   13
     102   13
     103   13
     104   13
     105   13
     106   13
     107   13
     108   13
     109   13
     110   13
     111   13
     112   13
     113   13
     114   13
     115   13
     116   13
     117   13
     118   13
     119   13
     120   13
     121   13
     122   13
     123   13
     124   13
     125   13
     126   13
     127   13
     128   13
     129   13
     130   13
     131   13
     132   13
     133   13
     134   13
     135   13
     136   10
     137   10
     138   10
     139   12
     140    6
     141    1
     142   12
     143   12
     144   12
     145    1
     146    1
     147    1
     148   12
     149   12
     150   12
     151   13
     152   13
     153   13
     154   13
     155   13
     156   13
     157   13
     158   13
     159   13
     160   13
     161   13
     162   13
     163   13
     164   13
     165   13
     166   13
     167   13
     168   13
     169   13
     170   13
     171   13
     172   13
     173   13
     174   13
     175   13
     176   13
     177   13
     178   13
     179   13
     180   13
     181   13
     182   13
     183   13
     184   13
     185   13
     186   13
     187   13
     188   13
     189   13
     190   13
     191   13
     192   13
     193   13
     194   13
     195   13
     196   13
     197   13
     198   13
     199   13
     200   13
     201   13
     202   13
     203   13
     204   13
     205   13
     206   13
     207   13
     208   13
     209   13
     210   13
     211   13
     212   13
     213   13
     214   13
     215   13
     216   13
     217   13
     218   13
     219   13
     220   13
     221   13
     222   13
     223    9
     224   12
     225   12
     226   12
     227   12
     228    8
     229   13
     230   13
     231   13
     232   13
     233   13
     234   13
     235   13
     236   13
     237   13
     238   13
     239   13
     240   13
     241   13
     242   13
     243   13
     244   13
     245   13
     246   13
     247   13
     248   13
     249   13
     250   13
     251   13
     252   13
     253   13
     254   13
     255   13
     256   13
     257   13
     258   13
     259   13
     260   13
     261   13
     262   13
     263   13
     264   13
     265   13
     266   13
     267   13
     268   13
     269   13
     270   13
     271   13
     272   13
     273   13
     274   13
     275   13
     276   13
     277   13
     278   13
     279   13
     280   13
     281   13
     282   13
     283   13
     284   13
     285   13
     286   13
     287   13
     288   13
     289   13
     290   13
     291   13
     292   13
     293   13
     294   13
     295   13
     296   13
     297   13
     298   13
     299   13
     300   13
     301   13
     302   13
     303   13
     304   13
     305   13
     306   13
     307   13
     308   13
     309   13
     310   13
     311   13
     312   13
     313   13
     314   13
     315   13
     316   13
     317   13
     318   13
     319   13
     320   13
     321   13
     322   13
     323   13
     324   13
     325   13
     326   13
     327   13
     328   13
     329   13
     330   13
     331   13
     332   13
     333   13
     334   13
     335   13
     336   13
     337   13
     338   13
     339   13
     340   13
     341   13
     342   13
     343   13
     344   13
     345   13
     346   13
     347   13
     348   13
     349   13
     350   13
     351   13
     352   13
     353   13
     354   13
     355   13
     356   13
     357   13
     358   13
     359   13
     360   13
     361   13
     362   13
     363   13
     364   13
     365   13
     366   13
     367   13
     368   13
     369   13
     370   13
     371   13
     372   13
     373   13
     374   13
     375   13
     376   13
     377   13
     378   13
     379   13
     380   13
     381   13
     382   13
     383   13
     384   13
     385   13
     386   13
     387   13
     388   13
     389   13
     390   13
     391   13
     392   13
     393   13
     394   13
     395   13
     396   13
     397   13
     398   13
     399   13
     400   13
     401   13
     402   13
     403   13
     404   13
     405   13
     406   13
     407   13
     408   13
     409   13
     410   13
     411   13
     412   13
     413   13
     414   13
     415   13
     416   13
     417   13
     418   13
     419   13
     420   13
     421   13
     422   13
     423   13
     424   13
     425   13
     426   13
     427   13
     428   13
     429   13
     430   13
     431   13
     432   13
     433   13
     434   13
     435   13
     436   13
     437   13
     438   13
     439   13
     440   13
     441   13
     442   13
     443   13
     444   13
     445   13
     446   13
     447   13
     448   13
     449   13
     450   13
     451   13
     452   13
     453   13
     454   13
     455   13
     456   13
     457   13
     458   13
     459   13
     460   13
     461   13
     462   13
     463   13
     464   13
     465   13
     466   13
     467   13
     468   13
     469   13
     470   13
     471   13
     472   13
     473   13
     474   13
     475   13
     476   13
     477   13
     478   13
     479   13
     480   13
     481   13
     482   13
     483   13
     484   13
     485   13
     486   13
     487   13
     488   13
     489   13
     490   13
     491   13
     492   13
     493   13
     494   13
     495   13
     496   12
     497   12
     498   12
     499   12
     500   12
     501   12
     502   12
     503    9
     504   13
     505   13
     506   13
     507   13
     508   13
     509   13
     510   13
     511   13
     512   13
     513   13
     514   13
     515   13
     516   13
     517   13
     518   13
     519   13
     520   13
     521   13
     522   13
     523   13
     524   13
     525   13
     526   13
     527   13
     528   13
     529   13
     530   13
     531   13
     532   13
     533   13
     534   13
     535   13
     536   13
     537   13
     538   13
     539   13
     540   13
     541   13
     542   13
     543   13
     544   13
     545   13
     546   13
     547   13
     548   13
     549   13
     550   13
     551   13
     552   13
     553   13
     554   13
     555   13
     556   13
     557   13
     558   13
     559   13
     560   13
     561   13
     562   13
     563   13
     564   13
     565   13
     566   13
     567   13
     568   13
     569   13
     570   13
     571   13
     572   13
     573   13
     574   13
     575   13
     576   13
     577   13
     578   13
     579   13
     580   13
     581   13
     582   13
     583   13
     584   13
     585   13
     586   13
     587   13
     588   13
     589   13
     590   13
     591   13
     592   13
     593   13
     594   13
     595   13
     596   13
     597   13
     598   13
     599   13
     600   13
     601   13
     602   13
     603   13
     604   13
     605   13
     606   13
     607   13
     608   13
     609   13
     610   13
     611   13
     612   13
     613   13
     614   13
     615   13
     616   13
     617   13
     618   13
     619   13
     620   13
     621   13
     622   13
     623   13
     624   13
     625   13
     626   13
     627   13
     628   13
     629   13
     630   13
     631   13
     632   13
     633   13
     634   13
     635   13
     636   13
     637   13
     638   13
     639   13
     640   13
     641   13
     642   13
     643   13
     644   13
     645   13
     646   13
     647   13
     648   13
     649   13
     650   13
     651   13
     652   13
     653   13
     654   13
     655   13
     656   13
     657   13
     658   15
     659   15
     660   15
     661   15
     662   15
     663   15
     664   15
     665   15
     666   15
     667    7
     668   12
     669   13
     670   13
     671   13
     672   13
     673   13
     674   13
     675   13
     676   13
     677   13
     678   13
     679   13
     680   13
     681   13
     682   13
     683   13
     684   13
     685   13
     686   13
     687   13
     688   13
     689   13
     690   13
     691   13
     692   13
     693   13
     694   13
     695   13
     696   13
     697   13
     698   13
     699   13
     700   13
     701   13
     702   13
     703   13
     704   13
     705   13
     706   13
     707   13
     708   13
     709   13
     710   13
     711   13
     712   13
     713   13
     714   13
     715   13
     716   13
     717   13
     718   13
     719   13
     720   13
     721   13
     722   13
     723   13
     724   13
     725   13
     726   13
     727   13
     728   13
     729   13
     730   13
     731   13
     732   13
     733   13
     734   13
     735   13
     736   13
     737   13
     738   13
     739   13
     740   13
     741   13
     742   13
     743   13
     744   13
     745   13
     746   13
     747   13
     748   13
     749   13
     750   13
     751   13
     752   13
     753   13
     754   13
     755   13
     756   13
     757   13
     758   13
     759   13
     760   13
     761   13
     762   13
     763   13
     764   13
     765   13
     766   13
     767   13
     768   13
     769   13
     770   13
     771   13
     772   13
     773   13
     774   13
     775   13
     776   13
     777   13
     778   13
     779   13
     780   13
     781   13
     782   13
     783   13
     784   13
     785   13
     786   13
     787   13
     788   13
     789   13
     790   13
     791   13
     792   13
     793   13
     794   13
     795   12
     796   12
     797   12
     798   12
     799   12
     800   12
     801   10
     802   10
     803   10
     804   10
     805   13
     806   13
     807   13
     808   13
     809   13
     810   13
     811   13
     812   13
     813   13
     814   13
     815   13
     816   13
     817   13
     818   13
     819   13
     820   13
     821   13
     822   13
     823   13
     824   13
     825   13
     826   13
     827   13
     828   13
     829   13
     830   13
     831   13
     832   13
     833   13
     834   13
     835   13
     836   13
     837   13
     838   13
     839   13
     840   13
     841   13
     842   13
     843   13
     844   13
     845   13
     846   13
     847   10
     848   10
     849   10
     850   10
     851   10
     852   10
     853   10
     854   10
     855   12
     856   12
     857   12
     858   12
     859   12
     860   12
     861   12
     862   10
     863   10
     864   10
     865   10
     866   10
     867   10
     868   10
     869   10
     870   10
     871   10
     872   10
     873   10
     874   10
     875   10
     876   10
     877   10
     878   10
     879   10
     880   13
     881   13
     882   12
     883   12
     884   12
     885   12
     886   12
     887   10
     888   10
     889   10
     890   10
     891   10
     892   10
     893   10
     894    9
     895   10
     896   10
     897   10
     898   10
     899   10
     900   12
     901   12
     902   12
     903    1
     904    3
     905    3
     906    3
     907    3
     908    3
     909    5
     910    3
     911    3
     912    3
     913    3
     914    5
     915    5
     916    6
     917    6
     918    8
     919   12
     920   10
     921   10
     922   10
     923   10
     924   10
     925   10
     926   10
     927   10
     928   10
     929   10
     930   10
     931    9
     932    9
     933   10
     934   10
     935   10
     936   10
     937   10
     938   10
     939   10
     940   10
     941   10
     942   10
     943   12
     944   12
     945   12
     946   12
     947   12
     948   12
     949   12
     950   12
     951   12
     952   12
     953    8
     954    8
     955   12
     956   12
     957   12
     958   12
     959   12
     960   12
     961   12
     962   12
     963   12
     964   12
     965   12
     966    8
     967   12
     968   12
     969   12
     970    8
     971    8
     972   12
     973   12
     974   10
     975   12
     976   12
     977   12
     978   10
     979   10
     980   10
     981   10
     982   10
     983   10
     984   10
     985   10
     986   10
     987   12
     988   12
     989   12
     990   12
     991   12
     992   12
     993   12
     994   10
     995   10
     996   10
     997   10
     998   10
     999   10
    1000   10
    1001   10
    1002   10
    1003   10
    1004   10
    1005   10
    1006   10
    1007   10
    1008   10
    1009   10
    1010   10
    1011   10
    1012   10
    1013   10
    1014   10
    1015   10
    1016   10
    1017   10
    1018   10
    1019   10
    1020   10
    1021   10
    1022   12
    1023   12
    1024    1
    1025    1
    1026    1
    1027    1
    1028    1
    1029    1
    1030    1
    1031    3
    1032    6
    1033   12
    1034   12
    1035   12
    1036   12
    1037   12
    1038   12
    1039   12
    1040   12
    1041   12
    1042   12
    1043   12
    1044   12
    1045   12
    1046    5
    1047    6
    1048    5
    1049    3
    1050    5
    1051    3
    1052    1
    1053    1
    1054    1
    1055    1
    1056    1
    1057   12
    1058   12
    1059   12
    1060   12
    1061   12
    1062    6
    1063    5
    1064    5
    1065    1
    1066    6
    1067    1
    1068    1
    1069    1
    1070    1
    1071    1
    1072    1
    1073    1
    1074    1
    1075    6
    1076    5
    1077    1
    1078    1
    1079    1
    1080    1
    1081    1
    1082    1
    1083    1
    1084    1
    1085   12
    1086   12
    1087   12
    1088   12
    1089   12
    1090    8
    1091   10
    1092   13
    1093   13
    1094   13
    1095   13
    1096   13
    1097   13
    1098   13
    1099   13
    1100   13
    1101   13
    1102   13
    1103   13
    1104   13
    1105   13
    1106   13
    1107   10
    1108   10
    1109   10
    1110   10
    1111   10
    1112   10
    1113   10
    1114   10
    1115   10
    1116   10
    1117   13
    1118   12
    1119   12
    1120   12
    1121   12
    1122   10
    1123   10
    1124   10
    1125   10
    1126   10
    1127   10
    1128   10
    1129   10
    1130   10
    1131   10
    1132    9
    1133   10
    1134   12
    1135   12
    1136   12
    1137   12
    1138   12
    1139   12
    1140   12
    1141   12
    1142   12
    1143   12
    1144   12
    1145   12
    1146   12
    1147   12
    1148   12
    1149   12
    1150    1
    1151    1
    1152    1
    1153    1
    1154    1
    1155    1
    1156    1
    1157    1
    1158    1
    1159    1
    1160    1
    1161    1
    1162    1
    1163    1
    1164    1
    1165    1
    1166    1
    1167    1
    1168    5
    1169    5
    1170    4
    1171    5
    1172    6
    1173    9
    1174    7
    1175    7
    1176    7
    1177    8
    1178   12
    1179   12
    1180   12
    1181    8
    1182   12
    1183    7
    1184   12
    1185   12
    1186   12
    1187   12
    1188    9
    1189   11
    1190   11
    1191   12
    1192   12
    1193   12
    1194    8
    1195   12
    1196   12
    1197   12
    1198   12
    1199   12
    1200   12
    1201   12
    1202   10
    1203   10
    1204   10
    1205   10
    1206    9
    1207   10
    1208   10
    1209   10
    1210    8
    1211   12
    1212    8
    1213   12
    1214   12
    1215    7
    1216    8
    1217    7
    1218    8
    1219   12
    1220   12
    1221   12
    1222   12
    1223   12
    1224   12
    1225    8
    1226    7
    1227    8
    1228    8
    1229    8
    1230   12
    1231   12
    1232   15
    1233   12
    1234   12
    1235    8
    1236    8
    1237   12
    1238    8
    1239    7
    1240    8
    1241   10
    1242   10
    1243    8
    1244    8
    1245   12
    1246   12
    1247   12
    1248   12
    1249   12
    1250   12
    1251   12
    1252   12
    1253   12
    1254   12
    1255   12
    1256   12
    1257    8
    1258    8
    1259   12
    1260    7
    1261   12
    1262    8
    1263   12
    1264    6
    1265    5
    1266    4
    1267    4
    1268    4
    1269    4
    1270    4
    1271    4
    1272    4
    1273    4
    1274    3
    1275    3
    1276    3
    1277    3
    1278    1
    1279    1
    1280    3
    1281    3
    1282    1
    1283    1
    1284    1
    1285    1
    1286    1
    1287    1
    1288   12
    1289   12
    1290   10
    1291   10
    1292   10
    1293   10
    1294   10
    1295   10
    1296   10
    1297   10
    1298   10
    1299   10
    1300   10
    1301   10
    1302   10
    1303   10
    1304   10
    1305   10
    1306   10
    1307   10
    1308   10
    1309   12
    1310   12
    1311   12
    1312   12
    1313   12
    1314   12
    1315   10
    1316    8
    1317    7
    1318   12
    1319   12
    1320   13
    1321   13
    1322   13
    1323   13
    1324   13
    1325   13
    1326   13
    1327   13
    1328   13
    1329   13
    1330   13
    1331   13
    1332   13
    1333   13
    1334   13
    1335   13
    1336   13
    1337   13
    1338   13
    1339   13
    1340   13
    1341   13
    1342   13
    1343   13
    1344   13
    1345    8
    1346    8
    1347   12
    1348   12
    1349    8
    1350    8
    1351   12
    1352   12
    1353   12
    1354   12
    1355   12
    1356   12
    1357   12
    1358   12
    1359   12
    1360   12
    1361   12
    1362   12
    1363   12
    1364    9
    1365    9
    1366   10
    1367   10
    1368   10
    1369   10
    1370   12
    1371    7
    1372    6
    1373    6
    1374    5
    1375    3
    1376    3
    1377    6
    1378    4
    1379    4
    1380    4
    1381    4
    1382    4
    1383    4
    1384    1
    1385   12
    1386   12
    1387    4
    1388    4
    1389    4
    1390    4
    1391    4
    1392    1
    1393   12
    1394   12
    1395   12
    1396   12
    1397    7
    1398    6
    1399    5
    1400    1
    1401    1
    1402    1
    1403    1
    1404    1
    1405    1
    1406   12
    1407   12
    1408   12
    1409   12
    1410   10
    1411   10
    1412   10
    1413   10
    1414   10
    1415   10
    1416   10
    1417   10
    1418   10
    1419   13
    1420   13
    1421   13
    1422   13
    1423   13
    1424   13
    1425   13
    1426   13
    1427   13
    1428   13
    1429   13
    1430   13
    1431   13
    1432   13
    1433   13
    1434   13
    1435   13
    1436   13
    1437   13
    1438   13
    1439   13
    1440   13
    1441   13
    1442   13
    1443   13
    1444   13
    1445   13
    1446   13
    1447   13
    1448   13
    1449   13
    1450   13
    1451   13
    1452   13
    1453   13
    1454   13
    1455   13
    1456   13
    1457   13
    1458   13
    1459   13
    1460   13
    1461   13
    1462   13
    1463   10
    1464   10
    1465   10
    1466   13
    1467   13
    1468   13
    1469   13
    1470   13
    1471   13
    1472   13
    1473   13
    1474   13
    1475   13
    1476   13
    1477   13
    1478   13
    1479   13
    1480   13
    1481   13
    1482   13
    1483   13
    1484   13
    1485   13
    1486   13
    1487   13
    1488   13
    1489   13
    1490   13
    1491   13
    1492   13
    1493   13
    1494   13
    1495   13
    1496   13
    1497   13
    1498   13
    1499   13
    1500   13
    1501   13
    1502   13
    1503   13
    1504   13
    1505   13
    1506   13
    1507   13
    1508   13
    1509   13
    1510   13
    1511   13
    1512   13
    1513   13
    1514   13
    1515   13
    1516   13
    1517   13
    1518   13
    1519   13
    1520   13
    1521   13
    1522   13
    1523   13
    1524   13
    1525   13
    1526   13
    1527   13
    1528   13
    1529   13
    1530   13
    1531   13
    1532   13
    1533   13
    1534   13
    1535   13
    1536   13
    1537   13
    1538   13
    1539   13
    1540   13
    1541   13
    1542   13
    1543   13
    1544   13
    1545   13
    1546   13
    1547   13
    1548   13
    1549   13
    1550   13
    1551   13
    1552   13
    1553   13
    1554   13
    1555   13
    1556   13
    1557   13
    1558   13
    1559   13
    1560   13
    1561   13
    1562   13
    1563   13
    1564   13
    1565   13
    1566   13
    1567   13
    1568   13
    1569   13
    1570   13
    1571   13
    1572   13
    1573   13
    1574   13
    1575   13
    1576   13
    1577   13
    1578   13
    1579   13
    1580   13
    1581   13
    1582   13
    1583   13
    1584   13
    1585   13
    1586   13
    1587   13
    1588   13
    1589   13
    1590   13
    1591   13
    1592   13
    1593   13
    1594   13
    1595   13
    1596   13
    1597   13
    1598   13
    1599   13
    1600   13
    1601   13
    1602   13
    1603   13
    1604   13
    1605   13
    1606   13
    1607   13
    1608   13
    1609   13
    1610   13
    1611   13
    1612   13
    1613   13
    1614   13
    1615   13
    1616   13
    1617   13
    1618   13
    1619   13
    1620   13
    1621   13
    1622   13
    1623   13
    1624   13
    1625   13
    1626   13
    1627   13
    1628   13
    1629   13
    1630   13
    1631   13
    1632   13
    1633   13
    1634   13
    1635   13
    1636   13
    1637   13
    1638   13
    1639   13
    1640   13
    1641   13
    1642   13
    1643   13
    1644   13
    1645   13
    1646   13
    1647   13
    1648   13
    1649   13
    1650   13
    1651   13
    1652   13
    1653   13
    1654   13
    1655   13
    1656   13
    1657   13
    1658   13
    1659   13
    1660   13
    1661   13
    1662   13
    1663   13
    1664   13
    1665   13
    1666   13
    1667   13
    1668   13
    1669   13
    1670   13
    1671   13
    1672   13
    1673   13
    1674   13
    1675   13
    1676   13
    1677   13
    1678   13
    1679   13
    1680   13
    1681   13
    1682   13
    1683   13
    1684   13
    1685   13
    1686   13
    1687   13
    1688   13
    1689   13
    1690   13
    1691   13
    1692   13
    1693   13
    1694   13
    1695   13
    1696   13
    1697   13
    1698   13
    1699   13
    1700   13
    1701   13
    1702   13
    1703   13
    1704   13
    1705   13
    1706   13
    1707   13
    1708   13
    1709   13
    1710   13
    1711   13
    1712   13
    1713   13
    1714   13
    1715   13
    1716   13
    1717   13
    1718   13
    1719   13
    1720   13
    1721   13
    1722   13
    1723   13
    1724   13
    1725   13
    1726   13
    1727   13
    1728   13
    1729   13
    1730   13
    1731   13
    1732   13
    1733   13
    1734   13
    1735   13
    1736   13
    1737   13
    1738   13
    1739   13
    1740   13
    1741   13
    1742   13
    1743   13
    1744   13
    1745   13
    1746   13
    1747   13
    1748   13
    1749   13
    1750   13
    1751   13
    1752   13
    1753   13
    1754   13
    1755   13
    1756   13
    1757   13
    1758   13
    1759   13
    1760   13
    1761   13
    1762   13
    1763   13
    1764   13
    1765   13
    1766   13
    1767   13
    1768   13
    1769   13
    1770   13
    1771   13
    1772   13
    1773   13
    1774   13
    1775   13
    1776   13
    1777   13
    1778   13
    1779   13
    1780   13
    1781   13
    1782   13
    1783   13
    1784   13
    1785   13
    1786   13
    1787   13
    1788   13
    1789   13
    1790   13
    1791   13
    1792   13
    1793   13
    1794   13
    1795   13
    1796   13
    1797   13
    1798   13
    1799   13
    1800   13
    1801   13
    1802   13
    1803   13
    1804   13
    1805   13
    1806   13
    1807   13
    1808   13
    1809   13
    1810   13
    1811   13
    1812   13
    1813   13
    1814   13
    1815   13
    1816   13
    1817   13
    1818   13
    1819   13
    1820   13
    1821   13
    1822   13
    1823   13
    1824   13
    1825   13
    1826   13
    1827   13
    1828   13
    1829   13
    1830   13
    1831   13
    1832   13
    1833   13
    1834   13
    1835   13
    1836   13
    1837   13
    1838   13
    1839   13
    1840   13
    1841   13
    1842   13
    1843   13
    1844   13
    1845   13
    1846   13
    1847   13
    1848   13
    1849   13
    1850   13
    1851   13
    1852   13
    1853   13
    1854   13
    1855   13
    1856   13
    1857   13
    1858   13
    1859   13
    1860   13
    1861   13
    1862   13
    1863   13
    1864   13
    1865   13
    1866   13
    1867   13
    1868   13
    1869   13
    1870   13
    1871   13
    1872   13
    1873   13
    1874   13
    1875   13
    1876   13
    1877   13
    1878   13
    1879   13
    1880   13
    1881   13
    1882   13
    1883   13
    1884   13
    1885   13
    1886   13
    1887   13
    1888   13
    1889   13
    1890   13
    1891   13
    1892   13
    1893   13
    1894   13
    1895   13
    1896   13
    1897   13
    1898   13
    1899   13
    1900   13
    1901   13
    1902   13
    1903   13
    1904   13
    1905   13
    1906   13
    1907   13
    1908   13
    1909   13
    1910   13
    1911   13
    1912   13
    1913   13
    1914   13
    1915   13
    1916   13
    1917   13
    1918   13
    1919   13
    1920   13
    1921   13
    1922   13
    1923   13
    1924   13
    1925   13
    1926   13
    1927   13
    1928   13
    1929   13
    1930   13
    1931   13
    1932   13
    1933   13
    1934   13
    1935   13
    1936   13
    1937   13
    1938   13
    1939   13
    1940   13
    1941   13
    1942   13
    1943   13
    1944   13
    1945   13
    1946   13
    1947   13
    1948   13
    1949   13
    1950   13
    1951   13
    1952   13
    1953   13
    1954   13
    1955   13
    1956   13
    1957   13
    1958   13
    1959   13
    1960   13
    1961   13
    1962   13
    1963   13
    1964   13
    1965   13
    1966   13
    1967   13
    1968   13
    1969   13
    1970   13
    1971   13
    1972   13
    1973   13
    1974   13
    1975   13
    1976   13
    1977   13
    1978   13
    1979   13
    1980   13
    1981   13
    1982   13
    1983   13
    1984   13
    1985   13
    1986   13
    1987   13
    1988   13
    1989   13
    1990   13
    1991   13
    1992   13
    1993   13
    1994   13
    1995   13
    1996   13
    1997   13
    1998   13
    1999   13
    2000   13
    2001   13
    2002   13
    2003   13
    2004   13
    2005   13
    2006   13
    2007   13
    2008   13
    2009   13
    2010   13
    2011   13
    2012   13
    2013   13
    2014   13
    2015   13
    2016   13
    2017   13
    2018   13
    2019   13
    2020   13
    2021   13
    2022   13
    2023   13
    2024   13
    2025   13
    2026   13
    2027   13
    2028   13
    2029   13
    2030   13
    2031   13
    2032   13
    2033   13
    2034   13
    2035   13
    2036   13
    2037   13
    2038   13
    2039   13
    2040   13
    2041   13
    2042   13
    2043   13
    2044   13
    2045   13
    2046   13
    2047   13
    2048   13
    2049   13
    2050   13
    2051   13
    2052   13
    2053   13
    2054   13
    2055   13
    2056   13
    2057   13
    2058   13
    2059   13
    2060   13
    2061   13
    2062   13
    2063   13
    2064   13
    2065   13
    2066   13
    2067   13
    2068   13
    2069   13
    2070   13
    2071   13
    2072   13
    2073   13
    2074   13
    2075   13
    2076   15
    2077   15
    2078   15
    2079   15
    2080   15
    2081   15
    2082   15
    2083   15
    2084   15
    2085   15
    2086   15
    2087   15
    2088   15
    2089   15
    2090   15
    2091   15
    2092    7
    2093   15
    2094   15
    2095    8
    2096   13
    2097   13
    2098   13
    2099   13
    2100   13
    2101   13
    2102   13
    2103   13
    2104   13
    2105   13
    2106   13
    2107   13
    2108   13
    2109   13
    2110   13
    2111   13
    2112   13
    2113   13
    2114   13
    2115   13
    2116   13
    2117   13
    2118   13
    2119   13
    2120   13
    2121   13
    2122   13
    2123   13
    2124   13
    2125   13
    2126   13
    2127   13
    2128   13
    2129   13
    2130   13
    2131   13
    2132   13
    2133   13
    2134   13
    2135   13
    2136   13
    2137   13
    2138   13
    2139   13
    2140   13
    2141   13
    2142   13
    2143    9
    2144    9
    2145   13
    2146   13
    2147   13
    2148   13
    2149   13
    2150   13
    2151   13
    2152   13
    2153   13
    2154   13
    2155   13
    2156   13
    2157   13
    2158   13
    2159   13
    2160   13
    2161   13
    2162   13
    2163   13
    2164   13
    2165   13
    2166   13
    2167   13
    2168   13
    2169   13
    2170   13
    2171   13
    2172   13
    2173   13
    2174   13
    2175   13
    2176   13
    2177   13
    2178   13
    2179   13
    2180   13
    2181   13
    2182   13
    2183   13
    2184   13
    2185   13
    2186   13
    2187   13
    2188   13
    2189   13
    2190   13
    2191   13
    2192   13
    2193   13
    2194   13
    2195   13
    2196   13
    2197   13
    2198   13
    2199   13
    2200   13
    2201   13
    2202   13
    2203   13
    2204   13
    2205   13
    2206   13
    2207   13
    2208   13
    2209   13
    2210   13
    2211   13
    2212   13
    2213   13
    2214   13
    2215   13
    2216   13
    2217   13
    2218   13
    2219   13
    2220   13
    2221   13
    2222   13
    2223   13
    2224   13
    2225   13
    2226   13
    2227   13
    2228   13
    2229   13
    2230   13
    2231   13
    2232   13
    2233   13
    2234   13
    2235   13
    2236   13
    2237   13
    2238   13
    2239   13
    2240   13
    2241   13
    2242   13
    2243   13
    2244   13
    2245   13
    2246   13
    2247    8
    2248   12
    2249   12
    2250   12
    2251   12
    2252   12
    2253   12
    2254   12
    2255   12
    2256   12
    2257   12
    2258    8
    2259   13
    2260   13
    2261   13
    2262   13
    2263   13
    2264   13
    2265   13
    2266   13
    2267   13
    2268   13
    2269   13
    2270   13
    2271   13
    2272   13
    2273   13
    2274   13
    2275   13
    2276   13
    2277   13
    2278   13
    2279   13
    2280   13
    2281   13
    2282   13
    2283   13
    2284   13
    2285   13
    2286   13
    2287   13
    2288   13
    2289   13
    2290   13
    2291   13
    2292   13
    2293   13
    2294   13
    2295   13
    2296   13
    2297   13
    2298   13
    2299   13
    2300   13
    2301   13
    2302   13
    2303   13
    2304   13
    2305   13
    2306   13
    2307   13
    2308   13
    2309   13
    2310   13
    2311   13
    2312   13
    2313   13
    2314   13
    2315   13
    2316   13
    2317   13
    2318   13
    2319   13
    2320   13
    2321   13
    2322   13
    2323   13
    2324   13
    2325   13
    2326   13
    2327   13
    2328   13
    2329   13
    2330   13
    2331   13
    2332   13
    2333   13
    2334   13
    2335   13
    2336   13
    2337   13
    2338   13
    2339   13
    2340   13
    2341   13
    2342   13
    2343   13
    2344   13
    2345   13
    2346   13
    2347   13
    2348   13
    2349   13
    2350   13
    2351   13
    2352   13
    2353   13
    2354   13
    2355   13
    2356   13
    2357   13
    2358   13
    2359   13
    2360   13
    2361   13
    2362   13
    2363   13
    2364   13
    2365   13
    2366   13
    2367   13
    2368   13
    2369   13
    2370   13
    2371   13
    2372   13
    2373   13
    2374   13
    2375   13
    2376   13
    2377   13
    2378   13
    2379   13
    2380   13
    2381   13
    2382   13
    2383   13
    2384   13
    2385   13
    2386   13
    2387   13
    2388   13
    2389   13
    2390   13
    2391   13
    2392   13
    2393   13
    2394   13
    2395   13
    2396   13
    2397   13
    2398   13
    2399   13
    2400   13
    2401   13
    2402   13
    2403   13
    2404   13
    2405   13
    2406   13
    2407   13
    2408   13
    2409   13
    2410   13
    2411   13
    2412   13
    2413   13
    2414   13
    2415   13
    2416   13
    2417   13
    2418   13
    2419   13
    2420   13
    2421   13
    2422   13
    2423   13
    2424   13
    2425   13
    2426   13
    2427   13
    2428   13
    2429   13
    2430   13
    2431   13
    2432   13
    2433   13
    2434   13
    2435   13
    2436   13
    2437   13
    2438   13
    2439   13
    2440   13
    2441   13
    2442   13
    2443   13
    2444   13
    2445   13
    2446   13
    2447   13
    2448   13
    2449   13
    2450   13
    2451   13
    2452   13
    2453   13
    2454   13
    2455   13
    2456   13
    2457   13
    2458   13
    2459   13
    2460   13
    2461   13
    2462   13
    2463   13
    2464   13
    2465   13
    2466   13
    2467   13
    2468   13
    2469   13
    2470   13
    2471   13
    2472   13
    2473   13
    2474   13
    2475   13
    2476   13
    2477   13
    2478   13
    2479   13
    2480   13
    2481   13
    2482   13
    2483   13
    2484   13
    2485   13
    2486   13
    2487   13
    2488   13
    2489   13
    2490   13
    2491   13
    2492   13
    2493   13
    2494   13
    2495   13
    2496   13
    2497   13
    2498   13
    2499   13
    2500   13
    2501   13
    2502   13
    2503   13
    2504   13
    2505   13
    2506   13
    2507   13
    2508   13
    2509   13
    2510   13
    2511   13
    2512   13
    2513   13
    2514   13
    2515   13
    2516   13
    2517   13
    2518   13
    2519   13
    2520   13
    2521   13
    2522   13
    2523   13
    2524   13
    2525   13
    2526   13
    2527   13
    2528   13
    2529   13
    2530   13
    2531   13
    2532   13
    2533   13
    2534   13
    2535   13
    2536   13
    2537   13
    2538   13
    2539   13
    2540   13
    2541   13
    2542   13
    2543   13
    2544   13
    2545   13
    2546   13
    2547   13
    2548   13
    2549   13
    2550   13
    2551   13
    2552   13
    2553   13
    2554   13
    2555   13
    2556   13
    2557   13
    2558   13
    2559   13
    2560   13
    2561   13
    2562   13
    2563   13
    2564   13
    2565   13
    2566   13
    2567   13
    2568   13
    2569   13
    2570   13
    2571   13
    2572   13
    2573   13
    2574   13
    2575   13
    2576   13
    2577   13
    2578   13
    2579   13
    2580   13
    2581   13
    2582   13
    2583   13
    2584   13
    2585   13
    2586   13
    2587   13
    2588   13
    2589   13
    2590   13
    2591   13
    2592   13
    2593   13
    2594   13
    2595   13
    2596   13
    2597   13
    2598   13
    2599   13
    2600   13
    2601   13
    2602   13
    2603   13
    2604   13
    2605   13
    2606   13
    2607   13
    2608   13
    2609   13
    2610   13
    2611   13
    2612   13
    2613   13
    2614   13
    2615   13
    2616   13
    2617   13
    2618   13
    2619   13
    2620   13
    2621   13
    2622   13
    2623   13
    2624   13
    2625   13
    2626   13
    2627   13
    2628   13
    2629   13
    2630   13
    2631   13
    2632   13
    2633   13
    2634   13
    2635   13
    2636   13
    2637    8
    2638   13
    2639   13
    2640   13
    2641   13
    2642   13
    2643   13
    2644   13
    2645   13
    2646   13
    2647   13
    2648   13
    2649   13
    2650   13
    2651   13
    2652   13
    2653   13
    2654   13
    2655   13
    2656   13
    2657   13
    2658   13
    2659   13
    2660   13
    2661   13
    2662   13
    2663   13
    2664   13
    2665   13
    2666   13
    2667   13
    2668   13
    2669   13
    2670   13
    2671   13
    2672   13
    2673   13
    2674   13
    2675   13
    2676   13
    2677   13
    2678   13
    2679   13
    2680   13
    2681   13
    2682   13
    2683   13
    2684   13
    2685   13
    2686   13
    2687   13
    2688   13
    2689   13
    2690   13
    2691   13
    2692   13
    2693   13
    2694   13
    2695   13
    2696   13
    2697   13
    2698   13
    2699   13
    2700   13
    2701   13
    2702   13
    2703   13
    2704   13
    2705   13
    2706   13
    2707   13
    2708   13
    2709   13
    2710   13
    2711   13
    2712   13
    2713   13
    2714   13
    2715   13
    2716   13
    2717   13
    2718   13
    2719   13
    2720   13
    2721   13
    2722   13
    2723   13
    2724   13
    2725   13
    2726   13
    2727   13
    2728   13
    2729   13
    2730   13
    2731   13
    2732   13
    2733   13
    2734   13
    2735   13
    2736   13
    2737   13
    2738   13
    2739   13
    2740   13
    2741   13
    2742   13
    2743   13
    2744   13
    2745   13
    2746   13
    2747   13
    2748   13
    2749   13
    2750   13
    2751   13
    2752   13
    2753   13
    2754   13
    2755   13
    2756   13
    2757   13
    2758   13
    2759   13
    2760   13
    2761   13
    2762   13
    2763   13
    2764   13
    2765   13
    2766   13
    2767   13
    2768   13
    2769   13
    2770   13
    2771   13
    2772   13
    2773   13
    2774   13
    2775   13
    2776   13
    2777   13
    2778   13
    2779   13
    2780   13
    2781   13
    2782   13
    2783   13
    2784   13
    2785   13
    2786   13
    2787   13
    2788   13
    2789   13
    2790   13
    2791   13
    2792   13
    2793   13
    2794   13
    2795   13
    2796   13
    2797   13
    2798   13
    2799   13
    2800   13
    2801   13
    2802   13
    2803   13
    2804   13
    2805   13
    2806   13
    2807   13
    2808   13
    2809   13
    2810   13
    2811   13
    2812   13
    2813   13
    2814   13
    2815   13
    2816   13
    2817   13
    2818   13
    2819   13
    2820   13
    2821   13
    2822   13
    2823   13
    2824   13
    2825   13
    2826   13
    2827   13
    2828   13
    2829   13
    2830   13
    2831   13
    2832   13
    2833   13
    2834   13
    2835   13
    2836   13
    2837   13
    2838   13
    2839   13
    2840   13
    2841   13
    2842   13
    2843   13
    2844   13
    2845   13
    2846   13
    2847   13
    2848   13
    2849   13
    2850   13
    2851   13
    2852   13
    2853   13
    2854   13
    2855   13
    2856   13
    2857   13
    2858   13
    2859   13
    2860   13
    2861   13
    2862   13
    2863   13
    2864   13
    2865   13
    2866   13
    2867   13
    2868   13
    2869   13
    2870   13
    2871   13
    2872   13
    2873   13
    2874   13
    2875   13
    2876   13
    2877   13
    2878   13
    2879   13
    2880   13
    2881   13
    2882   13
    2883   13
    2884   13
    2885   13
    2886   13
    2887   13
    2888   13
    2889   13
    2890   13
    2891   13
    2892   13
    2893   13
    2894   13
    2895   13
    2896   13
    2897   13
    2898   13
    2899   13
    2900   13
    2901   13
    2902   13
    2903   13
    2904   13
    2905   13
    2906   13
    2907   13
    2908   13
    2909   13
    2910   13
    2911   13
    2912   13
    2913   13
    2914   13
    2915   13
    2916   13
    2917   13
    2918   13
    2919   13
    2920   13
    2921   13
    2922   13
    2923   13
    2924   13
    2925   13
    2926   13
    2927   13
    2928   13
    2929   13
    2930   13
    2931   13
    2932   13
    2933   13
    2934   13
    2935   13
    2936   13
    2937   13
    2938   13
    2939   13
    2940   13
    2941   13
    2942   13
    2943   13
    2944   13
    2945   13
    2946   13
    2947   13
    2948   13
    2949   13
    2950   13
    2951   13
    2952   13
    2953   13
    2954   13
    2955   13
    2956   13
    2957   13
    2958   13
    2959   13
    2960   13
    2961   13
    2962   13
    2963   13
    2964   13
    2965   13
    2966   13
    2967   13
    2968   13
    2969   13
    2970   13
    2971   13
    2972   13
    2973   13
    2974   13
    2975   13
    2976   13
    2977   13
    2978   13
    2979   13
    2980   13
    2981   13
    2982   13
    2983   13
    2984   13
    2985   13
    2986   13
    2987   13
    2988   13
    2989   13
    2990   13
    2991   13
    2992   13
    2993   13
    2994   13
    2995   13
    2996   13
    2997   13
    2998   13
    2999   13
    3000   13
    3001   13
    3002   13
    3003   13
    3004   13
    3005   13
    3006   13
    3007   13
    3008   13
    3009   13
    3010   13
    3011   13
    3012   13
    3013   13
    3014   13
    3015   13
    3016   13
    3017   13
    3018   13
    3019   13
    3020   13
    3021   13
    3022   13
    3023   13
    3024   13
    3025   13
    3026   13
    3027   13
    3028   13
    3029   13
    3030   13
    3031   13
    3032   13
    3033   13
    3034   13
    3035   13
    3036   13
    3037   13
    3038   13
    3039   13
    3040   13
    3041   13
    3042   13
    3043   13
    3044   13
    3045   13
    3046   13
    3047   13
    3048   13
    3049   13
    3050   13
    3051   13
    3052   13
    3053   13
    3054   13
    3055   13
    3056   13
    3057   13
    3058   13
    3059   13
    3060   13
    3061   13
    3062   13
    3063   13
    3064   13
    3065   13
    3066   13
    3067   13
    3068   13
    3069   13
    3070   13
    3071   13
    3072   13
    3073   13
    3074   13
    3075   13
    3076   13
    3077   13
    3078   13
    3079   13
    3080   13
    3081   13
    3082   13
    3083   13
    3084   13
    3085   13
    3086   13
    3087   13
    3088   13
    3089   13
    3090   13
    3091   13
    3092   13
    3093   13
    3094   13
    3095   13
    3096   13
    3097   13
    3098   13
    3099   13
    3100   13
    3101   13
    3102   13
    3103   13
    3104   13
    3105   13
    3106   13
    3107   13
    3108   13
    3109   13
    3110   13
    3111   13
    3112   13
    3113   13
    3114   13
    3115   13
    3116   13
    3117   13
    3118   13
    3119   13
    3120   13
    3121   13
    3122   13
    3123   13
    3124   13
    3125   13
    3126   13
    3127   13
    3128   13
    3129   13
    3130   13
    3131   13
    3132   13
    3133   13
    3134   13
    3135   13
    3136   13
    3137   13
    3138   13
    3139   13
    3140   13
    3141   13
    3142   13
    3143   13
    3144   13
    3145   13
    3146   13
    3147   13
    3148   13
    3149   13
    3150   13
    3151   13
    3152   13
    3153   13
    3154   13
    3155   13
    3156   13
    3157   13
    3158   13
    3159   13
    3160   13
    3161   13
    3162   13
    3163   13
    3164   13
    3165   13
    3166   13
    3167   13
    3168   13
    3169   13
    3170   13
    3171   13
    3172   13
    3173   13
    3174   13
    3175   13
    3176   13
    3177   13
    3178   13
    3179   13
    3180   13
    3181   13
    3182   13
    3183   13
    3184   13
    3185   13
    3186   13
    3187   13
    3188   13
    3189   13
    3190   13
    3191   13
    3192   13
    3193   13
    3194   13
    3195   13
    3196   13
    3197   13
    3198   13
    3199   13
    3200   13
    3201   13
    3202   13
    3203   13
    3204   13
    3205   13
    3206   13
    3207   13
    3208   12
    3209   12
    3210   12
    3211   12
    3212   12
    3213    1
    3214    1
    3215    1
    3216    1
    3217    1
    3218    1
    3219    1
    3220    1
    3221    1
    3222    1
    3223    1
    3224    1
    3225    1
    3226    1
    3227    1
    3228    1
    3229    1
    3230    1
    3231    1
    3232    1
    3233    1
    3234    1
    3235    1
    3236    1
    3237    1
    3238    1
    3239    1
    3240    1
    3241    3
    3242    5
    3243    4
    3244    5
    3245    5
    3246    3
    3247    5
    3248    6
    3249    6
    3250    8
    3251    7
    3252   15
    3253   15
    3254   15
    3255   15
    3256   15
    3257    7
    3258    8
    3259   12
    3260   12
    3261    8
    3262    7
    3263   12
    3264    7
    3265    7
    3266    7
    3267    7
    3268   12
    3269   12
    3270    7
    3271   12
    3272   12
    3273   12
    3274   12
    3275   12
    3276   12
    3277    7
    3278   15
    3279   15
    3280   15
    3281   15
    3282   15
    3283   15
    3284   15
    3285   15
    3286   15
    3287   15
    3288   15
    3289    8
    3290    8
    3291   15
    3292   15
    3293   15
    3294   15
    3295   15
    3296   15
    3297   15
    3298   15
    3299   15
    3300   15
    3301   15
    3302   15
    3303   15
    3304   15
    3305   15
    3306   15
    3307   15
    3308   15
    3309   15
    3310    7
    3311   15
    3312   15
    3313   15
    3314   15
    3315    8
    3316   15
    3317   15
    3318   15
    3319   15
    3320   15
    3321   15
    3322   15
    3323   15
    3324   15
    3325   15
    3326   15
    3327   15
    3328   15
    3329   15
    3330    8
    3331   15
    3332   15
    3333   15
    3334   15
    3335   15
    3336   15
    3337   15
    3338   15
    3339   15
    3340   15
    3341   15
    3342   15
    3343   15
    3344   15
    3345   15
    3346   15
    3347   15
    3348   15
    3349   15
    3350   15
    3351   15
    3352   15
    3353   15
    3354   15
    3355   15
    3356   15
    3357   15
    3358   15
    3359   15
    3360   13
    3361   13
    3362   13
    3363   13
    3364   13
    3365   12
    3366   12
    3367   10
    3368    8
    3369   12
    3370   12
    3371   12
    3372   12
    3373   12
    3374   12
    3375   12
    3376   12
    3377   12
    3378   12
    3379   12
    3380   12
    3381   12
    3382   12
    3383   12
    3384   12
    3385   12
    3386   12
    3387   12
    3388   12
    3389   12
    3390   12
    3391   12
    3392   12
    3393   12
    3394   12
    3395   12
    3396   12
    3397   12
    3398    8
    3399   12
    3400   12
    3401   13
    3402   13
    3403   13
    3404   13
    3405   13
    3406   13
    3407   13
    3408   13
    3409   13
    3410   13
    3411   13
    3412   13
    3413   13
    3414   13
    3415   13
    3416   13
    3417   13
    3418   13
    3419   13
    3420   13
    3421   13
    3422   13
    3423   13
    3424   15
    3425   15
    3426   15
    3427   15
    3428   15
    3429   15
    3430   15
    3431   15
    3432    8
    3433   12
    3434   12
    3435   12
    3436   12
    3437   12
    3438   12
    3439   12
    3440   12
    3441   12
    3442   10
    3443   10
    3444   10
    3445   10
    3446   10
    3447   10
    3448   10
    3449   10
    3450   10
    3451   10
    3452   10
    3453   10
    3454   10
    3455   10
    3456   10
    3457   10
    3458   10
    3459   10
    3460   13
    3461   13
    3462   13
    3463   13
    3464   13
    3465   13
    3466   13
    3467   13
    3468   13
    3469   13
    3470   13
    3471   13
    3472   13
    3473   10
    3474   10
    3475   10
    3476   10
    3477   10
    3478    8
    3479    8
    3480    7
    3481   12
    3482   12
    3483   10
    3484   10
    3485   10
    3486   10
    3487   10
    3488   10
    3489   10
    3490   10
    3491    9
    3492   10
    3493   10
    3494   10
    3495   10
    3496   10
    3497   10
    3498   13
    3499   13
    3500   13
    3501   13
    3502   13
    3503   13
    3504   13
    3505   13
    3506   13
    3507   13
    3508   13
    3509   13
    3510   13
    3511   13
    3512   12
    3513   12
    3514   12
    3515   12
    3516   12
    3517   12
    3518   12
    3519   12
    3520   12
    3521   12
    3522    1
    3523    1
    3524    1
    3525    1
    3526    1
    3527    1
    3528    1
    3529    1
    3530    3
    3531    4
    3532    4
    3533    4
    3534    4
    3535    6
    3536    5
    3537    6
    3538   12
    3539   12
    3540   12
    3541   12
    3542   12
    3543    7
    3544   12
    3545   12
    3546   12
    3547   12
    3548   12
    3549   12
    3550    8
    3551    8
    3552    8
    3553    8
    3554   12
    3555   12
    3556   10
    3557   10
    3558   10
    3559   10
    3560   12
    3561   12
    3562   12
    3563   12
    3564   12
    3565    6
    3566    5
    3567    1
    3568    1
    3569    1
    3570    1
    3571    1
    3572    1
    3573    1
    3574   12
    3575   12
    3576   12
    3577    8
    3578    6
    3579    6
    3580    3
    3581    3
    3582    3
    3583    1
    3584    1
    3585    1
    3586    1
    3587    3
    3588    1
    3589    1
    3590    1
    3591    1
    3592   12
    3593    8
    3594   12
    3595    7
    3596    5
    3597    5
    3598    5
    3599    5
    3600    3
    3601    4
    3602    4
    3603    1
    3604    1
    3605    1
    3606    1
    3607    1
    3608    1
    3609    1
    3610    1
    3611    1
    3612    1
    3613    1
    3614    5
    3615    6
    3616    5
    3617    1
    3618    1
    3619    1
    3620    1
    3621    1
    3622    1
    3623    1
    3624    5
    3625    5
    3626    6
    3627    5
    3628    1
    3629   12
    3630   12
    3631    8
    3632    8
    3633    8
    3634   12
    3635    7
    3636    7
    3637   12
    3638    8
    3639   12
    3640   12
    3641   12
    3642   12
    3643   12
    3644   12
    3645   12
    3646   12
    3647   12
    3648   12
    3649   12
    3650   12
    3651   12
    3652   12
    3653    8
    3654    8
    3655   12
    3656   12
    3657   12
    3658   12
    3659   12
    3660   12
    3661    7
    3662    7
    3663    8
    3664    7
    3665   12
    3666    8
    3667    7
    3668   12
    3669   12
    3670   12
    3671   12
    3672   12
    3673   12
    3674   12
    3675   12
    3676   12
    3677   12
    3678   12
    3679   12
    3680   12
    3681   12
    3682    8
    3683    8
    3684   12
    3685   12
    3686   12
    3687   12
    3688   12
    3689   12
    3690    6
    3691    7
    3692   15
    3693   15
    3694   15
    3695   15
    3696   15
    3697   15
    3698    8
    3699   12
    3700    8
    3701    7
    3702    8
    3703    8
    3704   12
    3705    7
    3706    7
    3707   12
    3708   12
    3709   12
    3710   12
    3711   12
    3712    8
    3713    8
    3714   12
    3715   12
    3716   12
    3717   12
    3718   12
    3719   12
    3720   12
    3721   12
    3722   12
    3723   12
    3724   12
    3725   12
    3726   12
    3727   12
    3728   12
    3729   12
    3730   12
    3731   12
    3732    9
    3733    6
    3734    6
    3735    5
    3736    3
    3737    3
    3738    1
    3739    1
    3740   12
    3741    8
    3742    8
    3743   12
    3744   12
    3745   12
    3746    7
    3747   12
    3748   12
    3749    8
    3750    7
    3751    8
    3752    6
    3753    5
    3754    6
    3755    5
    3756    6
    3757    6
    3758    2
    3759    2
    3760    6
    3761    6
    3762    1
    3763    5
    3764    6
    3765    3
    3766    3
    3767    3
    3768    3
    3769    3
    3770    1
    3771    6
    3772    8
    3773    7
    3774   12
    3775   12
    3776   12
    3777    8
    3778    8
    3779   12
    3780   12
    3781   12
    3782   12
    3783    8
    3784   12
    3785   12
    3786   12
    3787   12
    3788    8
    3789   12
    3790   12
    3791   12
    3792   12
    3793    1
    3794    1
    3795    1
    3796    5
    3797    6
    3798    1
    3799    3
    3800    3
    3801    3
    3802    3
    3803    3
    3804    3
    3805    6
    3806    6
    3807    7
    3808   12
    3809    6
    3810    5
    3811    3
    3812    4
    3813    4
    3814    4
    3815    1
    3816    1
    3817    1
    3818    1
    3819    1
    3820    1
    3821    1
    3822    1
    3823    1
    3824    1
    3825    1
    3826   12
    3827    8
    3828   12
    3829   12
    3830   12
    3831   12
    3832   12
    3833    8
    3834   12
    3835   12
    3836    7
    3837   12
    3838   12
    3839   12
    3840   12
    3841   12
    3842   12
    3843   12
    3844   12
    3845   12
    3846   12
    3847   12
    3848   12
    3849   12
    3850   12
    3851   12
    3852   12
    3853   12
    3854   12
    3855    1
    3856    1
    3857    1
    3858    1
    3859    1
    3860    1
    3861    1
    3862    1
    3863    1
    3864    1
    3865    1
    3866    3
    3867    3
    3868    3
    3869    3
    3870    5
    3871    6
    3872    5
    3873    6
    3874   12
    3875   12
    3876   12
    3877   12
    3878   12
    3879   12
    3880   12
    3881   12
    3882   12
    3883   12
    3884   12
    3885   12
    3886   10
    3887   10
    3888   10
    3889    7
    3890    5
    3891    6
    3892    6
    3893    1
    3894    5
    3895    1
    3896   12
    3897   12
    3898   12
    3899   12
    3900    1
    3901    1
    3902    1
    3903    3
    3904    5
    3905    6
    3906    5
    3907    1
    3908    1
    3909    1
    3910    1
    3911    1
    3912    1
    3913    1
    3914    7
    3915    8
    3916   12
    3917    4
    3918    3
    3919    1
    3920    1
    3921    3
    3922    6
    3923    6
    3924    5
    3925    6
    3926    6
    3927    6
    3928    6
    3929   12
    3930   12
    3931    7
    3932   12
    3933   12
    3934   12
    3935   12
    3936    8
    3937    8
    3938   12
    3939    6
    3940    6
    3941    5
    3942    5
    3943    5
    3944    5
    3945    5
    3946    5
    3947    3
    3948    3
    3949    3
    3950    3
    3951    5
    3952    5
    3953    5
    3954    1
    3955    1
    3956    1
    3957   12
    3958   12
    3959   12
    3960   12
    3961   12
    3962   12
    3963   12
    3964    1
    3965    1
    3966    1
    3967    1
    3968    1
    3969    1
    3970    1
    3971    1
    3972    1
    3973    1
    3974    1
    3975    5
    3976    1
    3977    1
    3978    1
    3979    1
    3980    1
    3981    1
    3982    1
    3983    1
    3984    1
    3985    3
    3986    5
    3987    6
    3988    5
    3989    6
    3990    3
    3991    3
    3992    5
    3993    5
    3994    6
    3995    6
    3996    8
    3997   12
    3998   12
    3999   12
    4000   12
    4001   12
    4002   12
    4003   12
    4004   12
    4005   12
    4006   12
    4007   12
    4008   12
    4009   12
    4010   12
    4011    6
    4012    5
    4013    3
    4014    1
    4015    1
    4016   12
    4017   12
    4018   12
    4019   12
    4020    1
    4021    1
    4022    1
    4023    1
    4024    1
    4025    1
    4026    1
    4027    1
    4028    1
    4029    1
    4030    5
    4031   12
    4032    1
    4033   12
    4034    8
    4035    8
    4036    7
    4037    6
    4038    6
    4039    6
    4040    6
    4041    6
    4042    6
    4043    5
    4044    5
    4045    5
    4046    6
    4047    5
    4048    5
    4049    5
    4050   12
    4051   12
    4052   12
    4053   12
    4054   12
    4055   12
    4056   12
    4057   12
    4058    8
    4059   12
    4060    6
    4061    6
    4062    6
    4063    6
    4064   12
    4065    8
    4066   12
    4067   12
    4068   12
    4069   12
    4070   12
    4071   12
    4072   12
    4073   12
    4074   12
    4075   12
    4076   12
    4077   12
    4078   12
    4079   12
    4080   12
    4081   12
    4082   12
    4083   12
    4084    5
    4085    3
    4086    3
    4087    6
    4088    5
    4089    3
    4090    5
    4091    5
    4092    5
    4093    5
    4094    3
    4095    5
    4096    3
    4097    3
    4098    3
    4099    3
    4100    5
    4101    5
    4102    3
    4103    6
    4104    5
    4105    5
    4106    3
    4107    5
    4108    3
    4109    3
    4110    6
    4111    3
    4112    5
    4113    5
    4114    5
    4115    6
    4116    5
    4117    3
    4118    3
    4119    3
    4120    3
    4121    3
    4122    3
    4123    5
    4124    6
    4125    6
    4126    6
    4127   12
    4128   12
    4129   12
    4130    8
    4131    7
    4132    8
    4133    7
    4134    6
    4135    7
    4136    8
    4137    8
    4138    8
    4139   12
    4140    8
    4141   12
    4142    8
    4143    8
    4144    7
    4145    8
    4146    8
    4147   12
    4148   12
    4149   12
    4150    9
    4151   12
    4152   12
    4153    8
    4154   12
    4155   12
    4156   10
    4157   10
    4158   10
    4159   10
    4160    8
    4161   12
    4162   12
    4163    1
    4164    1
    4165    1
    4166   12
    4167   12
    4168    7
    4169   12
    4170   12
    4171    7
    4172    8
    4173   12
    4174   12
    4175    1
    4176    1
    4177    1
    4178    1
    4179   12
    4180    1
    4181   12
    4182    8
    4183   12
    4184   12
    4185    1
    4186    1
    4187    1
    4188    1
    4189    1
    4190   12
    4191   12
    4192   12
    4193   12
    4194   12
    4195   12
    4196   12
    4197    1
    4198    6
    4199    6
    4200   12
    4201   12
    4202    8
    4203   12
    4204   12
    4205   12
    4206    8
    4207   12
    4208   12
    4209   12
    4210   12
    4211   12
    4212   12
    4213    8
    4214    6
    4215    5
    4216    4
    4217    4
    4218    4
    4219    5
    4220    4
    4221    4
    4222    4
    4223    4
    4224    4
    4225    4
    4226    4
    4227    5
    4228    3
    4229    5
    4230    4
    4231    4
    4232    4
    4233    4
    4234    5
    4235    5
    4236    4
    4237    5
    4238    6
    4239    5
    4240    5
    4241    5
    4242    6
    4243    6
    4244   10
    4245   10
    4246   10
    4247   10
    4248   10
    4249   10
    4250   10
    4251    9
    4252    9
    4253   12
    4254   12
    4255   12
    4256   12
    4257   12
    4258   12
    4259   12
    4260   12
    4261   12
    4262   12
    4263   12
    4264   12
    4265   12
    4266   12
    4267   10
    4268   10
    4269   10
    4270   10
    4271   10
    4272   10
    4273   10
    4274   10
    4275   10
    4276   10
    4277   10
    4278   10
    4279   10
    4280   10
    4281   10
    4282   10
    4283   10
    4284   10
    4285   10
    4286   10
    4287   10
    4288   10
    4289   10
    4290   10
    4291   10
    4292   10
    4293   10
    4294   10
    4295   10
    4296   10
    4297   10
    4298   10
    4299   10
    4300   10
    4301   10
    4302   10
    4303   10
    4304   10
    4305   10
    4306   10
    4307   10
    4308   10
    4309   10
    4310   10
    4311   10
    4312   10
    4313   10
    4314   10
    4315   10
    4316   10
    4317   10
    4318   10
    4319   10
    4320   10
    4321   10
    4322   10
    4323   10
    4324   10
    4325   10
    4326   10
    4327   10
    4328   10
    4329   10
    4330   10
    4331   10
    4332   10
    4333   10
    4334   10
    4335   10
    4336   10
    4337   10
    4338   10
    4339   10
    4340   10
    4341   10
    4342   10
    4343   10
    4344   10
    4345   10
    4346   10
    4347   10
    4348   10
    4349   10
    4350   10
    4351   10
    4352   10
    4353   10
    4354   10
    4355   10
    4356   10
    4357   10
    4358   10
    4359   10
    4360   10
    4361   10
    4362   10
    4363   10
    4364   10
    4365   10
    4366   10
    4367   10
    4368    8
    4369    8
    4370   10
    4371   10
    4372   10
    4373    9
    4374   10
    4375   10
    4376   10
    4377   10
    4378   10
    4379   12
    4380   12
    4381   12
    4382   12
    4383   12
    4384   12
    4385   12
    4386   12
    4387    6
    4388    5
    4389    3
    4390    3
    4391    1
    4392    1
    4393   12
    4394   12
    4395   12
    4396   12
    4397   12
    4398    6
    4399    3
    4400    3
    4401    3
    4402    3
    4403    3
    4404    1
    4405    1
    4406    1
    4407    1
    4408    1
    4409    1
    4410    1
    4411    1
    4412    1
    4413    1
    4414    1
    4415    1
    4416    5
    4417    1
    4418   12
    4419   12
    4420   12
    4421   12
    4422   12
    4423   12
    4424   12
    4425   10
    4426   10
    4427   10
    4428   10
    4429   10
    4430    9
    4431   11
    4432   11
    4433   11
    4434   11
    4435   10
    4436   10
    4437   10
    4438   10
    4439   10
    4440   10
    4441   10
    4442   10
    4443   10
    4444   10
    4445   10
    4446   10
    4447   10
    4448   10
    4449   10
    4450   10
    4451   10
    4452   10
    4453   10
    4454   10
    4455   10
    4456    7
    4457    8
    4458   12
    4459   12
    4460   12
    4461   12
    4462    8
    4463   12
    4464   12
    4465   12
    4466    8
    4467   12
    4468   12
    4469    8
    4470    8
    4471   10
    4472   10
    4473   12
    4474   12
    4475   12
    4476   12
    4477   12
    4478    8
    4479    9
    4480    9
    4481   12
    4482    1
    4483    1
    4484    1
    4485    1
    4486    1
    4487    1
    4488    1
    4489    1
    4490    1
    4491    1
    4492    1
    4493    1
    4494    1
    4495    1
    4496    1
    4497    5
    4498    6
    4499    1
    4500    1
    4501    1
    4502    1
    4503    5
    4504    1
    4505    1
    4506    1
    4507    1
    4508    1
    4509    1
    4510    1
    4511    1
    4512    1
    4513    1
    4514    1
    4515    1
    4516    1
    4517    1
    4518    1
    4519    1
    4520    1
    4521    3
    4522    3
    4523    1
    4524    3
    4525    6
    4526    6
    4527    6
    4528    6
    4529    6
    4530    5
    4531    6
    4532   15
    4533   15
    4534   15
    4535   15
    4536    8
    4537   12
    4538   12
    4539   12
    4540   12
    4541   12
    4542   12
    4543   12
    4544   12
    4545   12
    4546   12
    4547   12
    4548   12
    4549   12
    4550   10
    4551   12
    4552   12
    4553   12
    4554   10
    4555   10
    4556   10
    4557   10
    4558   10
    4559   10
    4560   10
    4561   10
    4562   10
    4563   10
    4564   10
    4565   10
    4566   10
    4567   10
    4568   10
    4569   10
    4570   10
    4571   10
    4572   10
    4573   10
    4574   10
    4575   10
    4576   10
    4577   10
    4578   10
    4579   10
    4580   10
    4581   10
    4582   10
    4583   10
    4584   10
    4585   10
    4586   10
    4587   10
    4588   10
    4589   13
    4590   13
    4591   13
    4592   13
    4593   13
    4594   13
    4595   13
    4596   13
    4597   13
    4598   13
    4599   13
    4600   13
    4601   13
    4602   13
    4603   13
    4604   13
    4605   13
    4606   13
    4607   13
    4608   13
    4609   13
    4610   13
    4611   13
    4612   13
    4613   13
    4614   13
    4615   13
    4616   13
    4617   13
    4618   13
    4619   13
    4620   13
    4621   13
    4622   13
    4623   13
    4624   13
    4625   13
    4626   13
    4627   13
    4628   13
    4629   13
    4630   13
    4631   13
    4632   13
    4633   13
    4634   13
    4635   13
    4636   13
    4637   13
    4638   13
    4639   13
    4640   13
    4641   13
    4642   13
    4643   13
    4644   13
    4645   13
    4646   13
    4647   12
    4648   12
    4649    7
    4650   12
    4651   13
    4652   13
    4653   13
    4654   13
    4655   13
    4656   13
    4657   13
    4658   13
    4659   13
    4660   13
    4661   13
    4662   13
    4663   13
    4664   13
    4665   13
    4666   13
    4667   13
    4668   13
    4669   13
    4670   13
    4671   13
    4672   13
    4673   13
    4674   13
    4675   13
    4676   13
    4677   13
    4678   13
    4679   13
    4680   13
    4681   13
    4682   13
    4683   13
    4684   13
    4685   13
    4686   13
    4687   13
    4688   13
    4689   13
    4690   13
    4691   13
    4692   13
    4693   13
    4694   13
    4695   13
    4696   13
    4697   13
    4698   13
    4699   13
    4700   13
    4701   13
    4702   13
    4703   13
    4704   13
    4705   13
    4706   13
    4707   13
    4708   13
    4709   13
    4710   13
    4711   13
    4712   13
    4713   13
    4714   13
    4715   13
    4716   13
    4717   13
    4718   13
    4719   13
    4720   13
    4721   13
    4722   13
    4723   13
    4724   13
    4725   13
    4726   13
    4727   13
    4728   13
    4729   13
    4730   13
    4731   13
    4732   13
    4733   13
    4734   13
    4735   13
    4736   13
    4737   13
    4738   13
    4739   13
    4740   13
    4741   13
    4742   13
    4743   13
    4744   13
    4745   13
    4746   13
    4747   13
    4748   13
    4749   13
    4750   13
    4751   12
    4752   12
    4753    6
    4754   12
    4755   12
    4756   13
    4757   13
    4758   13
    4759   13
    4760   13
    4761   13
    4762   13
    4763   13
    4764   13
    4765   13
    4766   13
    4767   13
    4768   13
    4769   13
    4770   13
    4771   13
    4772   13
    4773   13
    4774   13
    4775   13
    4776   13
    4777   13
    4778   13
    4779   13
    4780   13
    4781   13
    4782   13
    4783   13
    4784   13
    4785   13
    4786   13
    4787   13
    4788   13
    4789   13
    4790   13
    4791   13
    4792   13
    4793   13
    4794   13
    4795   13
    4796   13
    4797   13
    4798   13
    4799   13
    4800   13
    4801   13
    4802   13
    4803   13
    4804   13
    4805   13
    4806   13
    4807   13
    4808   13
    4809   13
    4810   13
    4811   13
    4812   13
    4813   13
    4814   13
    4815   13
    4816   13
    4817   13
    4818   13
    4819   13
    4820   13
    4821   13
    4822   13
    4823   13
    4824   13
    4825   13
    4826   13
    4827   13
    4828   13
    4829   13
    4830   13
    4831   13
    4832   13
    4833   13
    4834   13
    4835   13
    4836   13
    4837   13
    4838   13
    4839   13
    4840   13
    4841   13
    4842   13
    4843   13
    4844   13
    4845   13
    4846   13
    4847   13
    4848   13
    4849   13
    4850   13
    4851   13
    4852   13
    4853   13
    4854   13
    4855   13
    4856   13
    4857   13
    4858   13
    4859   13
    4860   13
    4861   13
    4862   13
    4863   13
    4864   13
    4865   13
    4866   13
    4867   13
    4868   13
    4869   13
    4870   13
    4871   13
    4872   13
    4873   13
    4874   13
    4875   13
    4876   13
    4877   13
    4878   13
    4879   13
    4880   13
    4881   13
    4882   13
    4883   13
    4884   13
    4885   13
    4886   13
    4887   13
    4888   13
    4889   10
    4890    9
    4891   13
    4892   13
    4893   13
    4894   13
    4895   13
    4896   13
    4897   13
    4898   13
    4899   13
    4900   13
    4901   13
    4902   13
    4903   13
    4904   13
    4905   13
    4906   13
    4907   13
    4908   13
    4909   13
    4910   13
    4911   13
    4912   13
    4913   13
    4914   13
    4915   13
    4916   13
    4917   13
    4918   13
    4919   13
    4920   13
    4921   13
    4922   13
    4923   13
    4924   13
    4925   13
    4926   13
    4927   13
    4928   13
    4929   13
    4930   13
    4931   13
    4932   13
    4933   13
    4934   13
    4935    9
    4936    6
    4937    3
    4938    1
    4939    1
    4940    1
    4941    1
    4942    1
    4943    3
    4944    5
    4945    6
    4946   10
    4947   10
    4948   13
    4949   13
    4950   13
    4951   13
    4952   13
    4953   13
    4954   13
    4955   13
    4956   13
    4957   13
    4958   13
    4959   13
    4960   13
    4961   13
    4962   13
    4963   13
    4964   13
    4965   13
    4966   13
    4967   13
    4968   13
    4969   13
    4970   13
    4971   13
    4972   13
    4973   13
    4974   13
    4975   13
    4976   13
    4977   13
    4978   13
    4979   13
    4980   13
    4981   13
    4982   13
    4983   13
    4984   13
    4985   13
    4986   13
    4987   13
    4988   13
    4989   13
    4990   13
    4991   13
    4992   13
    4993   13
    4994   13
    4995   13
    4996   13
    4997   13
    4998   13
    4999   13
    5000   13
