       1    2
       2    6
       3   11
       4   11
       5   11
       6   11
       7   11
       8   11
       9   11
      10   11
      11   11
      12   11
      13   11
      14   11
      15   11
      16   11
      17   11
      18   11
      19   11
      20   11
      21   11
      22   11
      23   11
      24   11
      25   11
      26   11
      27   11
      28   11
      29   11
      30    9
      31   11
      32   11
      33   11
      34   11
      35   11
      36   11
      37   11
      38   11
      39   11
      40   11
      41   11
      42   11
      43   11
      44   11
      45   11
      46   11
      47   11
      48   11
      49    9
      50   11
      51   11
      52   11
      53   11
      54   11
      55   11
      56   11
      57    6
      58    6
      59    5
      60    5
      61    5
      62    7
      63   10
      64   10
      65   10
      66   10
      67   10
      68   11
      69   11
      70   11
      71   11
      72   11
      73   11
      74   11
      75   11
      76   11
      77   11
      78   11
      79    9
      80   11
      81   11
      82   11
      83   11
      84   11
      85   11
      86   11
      87   11
      88   11
      89   11
      90   11
      91   10
      92   10
      93   10
      94   10
      95   10
      96   10
      97   10
      98   10
      99   10
     100   10
     101   10
     102   10
     103   10
     104   10
     105   10
     106   10
     107   11
     108   11
     109   11
     110   11
     111    9
     112   10
     113   10
     114   10
     115   10
     116   10
     117   10
     118   10
     119   10
     120   10
     121   10
     122   10
     123   12
     124   12
     125    7
     126   12
     127   12
     128   12
     129   12
     130    7
     131   12
     132    6
     133    5
     134    5
     135    5
     136    5
     137    3
     138    3
     139    3
     140    3
     141    3
     142    3
     143    5
     144    5
     145   12
     146   12
     147   12
     148    8
     149    6
     150    3
     151    3
     152    5
     153    3
     154    3
     155    1
     156    1
     157    1
     158    1
     159    1
     160    1
     161    3
     162    1
     163    1
     164    1
     165    1
     166    1
     167    1
     168    1
     169    7
     170    7
     171    6
     172    5
     173    3
     174    5
     175    5
     176    6
     177    2
     178    2
     179    6
     180    1
     181    1
     182    1
     183    6
     184    5
     185    3
     186    3
     187    3
     188    3
     189    3
     190    3
     191    3
     192    2
     193    2
     194   12
     195   12
     196   12
     197   12
     198    8
     199    9
     200   10
     201   10
     202   10
     203   10
     204   10
     205   10
     206   14
     207   14
     208   14
     209   14
     210   13
     211   13
     212   13
     213   13
     214   13
     215   14
     216   14
     217   14
     218   14
     219   12
     220   12
     221   12
     222   12
     223   12
     224   12
     225   12
     226   12
     227    4
     228    4
     229    4
     230    4
     231    6
     232    5
     233    6
     234    2
     235   11
     236   11
     237   11
     238   10
     239   11
     240   11
     241   11
     242   11
     243   11
     244    7
     245    6
     246   14
     247   14
     248   14
     249   14
     250   14
     251   14
     252    9
     253   10
     254   11
     255   11
     256   11
     257   11
     258   11
     259   11
     260   11
     261   11
     262   11
     263   11
     264   11
     265   11
     266   11
     267   11
     268   11
     269   11
     270   10
     271   10
     272   10
     273   11
     274   11
     275   11
     276   11
     277   11
     278   11
     279   11
     280   11
     281   11
     282   10
     283    9
     284   14
     285   14
     286   14
     287   14
     288   14
     289   14
     290    6
     291    9
     292   11
     293   11
     294   11
     295   11
     296   11
     297    9
     298    6
     299    6
     300    2
     301    2
     302    2
     303    2
     304    9
     305   10
     306   10
     307    8
     308    8
     309   12
     310    8
     311    7
     312   11
     313   11
     314   11
     315    9
     316    7
     317   12
     318    8
     319    6
     320    7
     321    7
     322    6
     323    7
     324   12
     325    8
     326    8
     327    8
     328    7
     329    6
     330    3
     331    5
     332    1
     333   12
     334   12
     335   12
     336   12
     337   10
     338   10
     339   12
     340    8
     341    7
     342    8
     343   12
     344   12
     345   12
     346   12
     347    7
     348    6
     349    2
     350    2
     351    6
     352    6
     353    2
     354   11
     355   11
     356   11
     357    9
     358   12
     359    2
     360    7
     361    7
     362    7
     363   11
     364   11
     365   11
     366   11
     367   11
     368   11
     369   11
     370   11
     371   11
     372   11
     373   11
     374   11
     375   11
     376   11
     377   11
     378   11
     379   11
     380   11
     381   11
     382   11
     383   11
     384   11
     385    9
     386   10
     387    9
     388   11
     389   11
     390   11
     391   11
     392   11
     393   11
     394   11
     395   11
     396   11
     397    9
     398    2
     399    5
     400    6
     401   11
     402   11
     403   11
     404   11
     405   11
     406    6
     407    6
     408   11
     409   11
     410   11
     411   11
     412   11
     413    9
     414   11
     415   11
     416   11
     417   12
     418   12
     419   12
     420    6
     421    2
     422    2
     423    6
     424    6
     425    2
     426    6
     427    6
     428    5
     429    3
     430    3
     431    2
     432   11
     433   11
     434   11
     435   12
     436   12
     437   12
     438    7
     439   12
     440    8
     441    6
     442    5
     443    2
     444    2
     445    2
     446    6
     447    6
     448    5
     449    6
     450    5
     451    2
     452    2
     453    6
     454    8
     455   12
     456   11
     457   11
     458   11
     459   11
     460   11
     461   11
     462    9
     463   11
     464   11
     465   11
     466   11
     467    9
     468   11
     469   11
     470    9
     471    9
     472    9
     473   11
     474    9
     475    2
     476    2
     477    6
     478    6
     479    2
     480    2
     481   11
     482   11
     483   11
     484    9
     485    6
     486    2
     487   11
     488   11
     489   11
     490   11
     491   11
     492   11
     493   11
     494   11
     495   11
     496   11
     497    6
     498    5
     499    2
     500    6
     501    6
     502    2
     503    2
     504    2
     505    2
     506    2
     507    1
     508    6
     509    6
     510    2
     511    2
     512    2
     513    2
     514    2
     515    2
     516    2
     517    2
     518    2
     519    2
     520    5
     521    6
     522    1
     523    6
     524    7
     525    7
     526    6
     527    5
     528    5
     529    1
     530    1
     531   12
     532    7
     533   12
     534    1
     535    1
     536    1
     537    1
     538    1
     539    1
     540    6
     541    6
     542    5
     543    3
     544    2
     545    2
     546   14
     547   14
     548   14
     549   11
     550   11
     551   11
     552   10
     553   12
     554   12
     555    8
     556   12
     557   12
     558   12
     559   12
     560    9
     561   11
     562   11
     563    9
     564   14
     565   14
     566   14
     567    1
     568    1
     569    1
     570    1
     571    1
     572    4
     573    6
     574    9
     575   12
     576    1
     577    1
     578    1
     579    1
     580    3
     581    6
     582    9
     583   12
     584   12
     585   12
     586   12
     587    1
     588    1
     589    1
     590    1
     591    1
     592    1
     593    1
     594    3
     595    6
     596    6
     597   12
     598   12
     599   12
     600   12
     601    1
     602    3
     603    6
     604    6
     605    1
     606    1
     607    1
     608    1
     609    3
     610    3
     611    3
     612    6
     613    5
     614    1
     615   12
     616   12
     617   12
     618   12
     619   14
     620   14
     621   14
     622   14
     623   14
     624   14
     625   14
     626   14
     627   14
     628   14
     629   14
     630   14
     631    7
     632    1
     633    1
     634    1
     635    6
     636    3
     637    3
     638    1
     639    3
     640    3
     641    2
     642   14
     643   14
     644   14
     645   14
     646   14
     647   14
     648   14
     649   14
     650   14
     651   14
     652   14
     653   14
     654   14
     655   14
     656   14
     657   14
     658   14
     659   14
     660   14
     661   14
     662   14
     663   14
     664   14
     665   14
     666   14
     667   14
     668   14
     669   14
     670   14
     671   14
     672   14
     673   14
     674   14
     675   14
     676   14
     677   14
     678   14
     679   14
     680   14
     681   14
     682   14
     683   14
     684   14
     685   14
     686   14
     687   14
     688   14
     689   14
     690   14
     691   14
     692   14
     693   14
     694   14
     695   14
     696   14
     697   14
     698   14
     699   14
     700   14
     701   14
     702   14
     703   14
     704   14
     705   14
     706   14
     707   14
     708   14
     709   14
     710   14
     711   14
     712   12
     713    6
     714    5
     715    3
     716    3
     717    1
     718   14
     719   14
     720   14
     721   14
     722   14
     723   14
     724   14
     725   14
     726   14
     727   14
     728   14
     729   14
     730   14
     731   12
     732    7
     733   14
     734   14
     735   14
     736   14
     737   14
     738   14
     739   14
     740    7
     741    6
     742    5
     743    2
     744    2
     745    2
     746   14
     747   14
     748   14
     749   14
     750   14
     751   14
     752   13
     753   13
     754   13
     755   13
     756   13
     757   13
     758   13
     759    9
     760   11
     761    6
     762    5
     763    1
     764    1
     765    6
     766    3
     767    1
     768    1
     769    1
     770    1
     771    1
     772    6
     773   14
     774   14
     775   14
     776   14
     777   14
     778   14
     779   14
     780   14
     781   14
     782   14
     783   14
     784   14
     785   14
     786   14
     787   14
     788   14
     789   14
     790   14
     791   14
     792   14
     793   14
     794   14
     795   14
     796   14
     797   14
     798   14
     799   14
     800   14
     801   14
     802   14
     803   14
     804   14
     805   14
     806   14
     807   14
     808   14
     809   14
     810   14
     811   14
     812   14
     813   14
     814   14
     815   14
     816    8
     817    7
     818   12
     819   14
     820   14
     821   14
     822   14
     823   12
     824   12
     825    1
     826    1
     827    1
     828    5
     829    6
     830   14
     831   14
     832   14
     833   14
     834   12
     835   12
     836   12
     837    1
     838    1
     839    1
     840    3
     841    5
     842    6
     843    1
     844    1
     845    1
     846    1
     847   12
     848   12
     849   12
     850    1
     851    1
     852    1
     853    6
     854    6
     855   14
     856   14
     857   14
     858   14
     859   14
     860   14
     861   14
     862   14
     863   14
     864   14
     865   13
     866   13
     867   13
     868   13
     869   13
     870   13
     871   13
     872   13
     873   13
     874   12
     875   11
     876   11
     877    9
     878   12
     879    6
     880    3
     881    3
     882    3
     883    3
     884    3
     885    3
     886    3
     887    3
     888    4
     889    4
     890    4
     891    3
     892    3
     893    3
     894    3
     895    3
     896    3
     897    5
     898    2
     899    2
     900    2
     901    2
     902    2
     903    2
     904    2
     905    2
     906    2
     907    2
     908    2
     909    2
     910    2
     911    3
     912    5
     913    4
     914    5
     915    2
     916    2
     917    2
     918    2
     919    2
     920    2
     921    1
     922    1
     923   12
     924   12
     925   12
     926    2
     927    2
     928    1
     929    1
     930    1
     931    1
     932    1
     933    1
     934    1
     935    1
     936    1
     937    2
     938    2
     939    2
     940    2
     941    1
     942    7
     943    9
     944    9
     945   11
     946    7
     947    5
     948    8
     949   12
     950    8
     951    7
     952    6
     953    6
     954    2
     955   12
     956   12
     957   12
     958    6
     959    6
     960    5
     961    6
     962   12
     963   12
     964    8
     965    7
     966   12
     967   12
     968   11
     969   11
     970    9
     971    2
     972    6
     973    6
     974    5
     975    5
     976    2
     977    2
     978    7
     979   12
     980   12
     981    9
     982   10
     983   10
     984   10
     985   10
     986   10
     987   11
     988   11
     989   11
     990   11
     991   11
     992   11
     993   11
     994   11
     995   11
     996   11
     997   11
     998   11
     999    9
    1000   11
    1001    9
    1002   11
    1003   11
    1004   11
    1005   11
    1006    9
    1007    9
    1008   11
    1009   11
    1010   11
    1011   10
    1012   10
    1013   10
    1014   10
    1015   10
    1016   10
    1017    9
    1018   12
    1019   12
    1020    8
    1021    6
    1022    5
    1023    2
    1024    2
    1025    6
    1026    8
    1027    6
    1028    6
    1029    6
    1030    6
    1031    6
    1032    5
    1033    5
    1034    6
    1035    6
    1036    5
    1037    5
    1038    5
    1039    5
    1040    5
    1041    3
    1042    5
    1043    5
    1044    6
    1045    7
    1046   12
    1047   12
    1048   12
    1049   12
    1050   12
    1051   12
    1052    7
    1053   12
    1054   12
    1055    8
    1056    8
    1057   12
    1058    9
    1059   12
    1060   12
    1061    2
    1062    2
    1063    2
    1064    6
    1065    5
    1066    5
    1067    6
    1068    6
    1069   12
    1070    7
    1071    7
    1072    7
    1073    7
    1074   12
    1075   12
    1076   12
    1077    6
    1078    6
    1079    2
    1080    1
    1081    1
    1082    3
    1083    5
    1084    6
    1085   11
    1086   11
    1087   11
    1088   11
    1089   12
    1090    8
    1091   12
    1092   12
    1093    9
    1094   11
    1095   11
    1096    9
    1097   10
    1098   10
    1099   10
    1100   10
    1101   10
    1102   10
    1103   10
    1104    9
    1105    9
    1106   10
    1107    9
    1108    9
    1109   12
    1110   12
    1111   12
    1112    7
    1113    7
    1114    9
    1115   10
    1116   10
    1117   12
    1118   12
    1119   12
    1120    7
    1121   12
    1122    7
    1123    6
    1124    3
    1125    5
    1126    5
    1127    3
    1128    3
    1129    3
    1130    3
    1131    3
    1132    2
    1133    2
    1134    2
    1135   11
    1136    9
    1137    9
    1138    9
    1139   11
    1140   11
    1141   11
    1142   11
    1143   11
    1144   11
    1145    9
    1146   11
    1147   11
    1148   11
    1149   11
    1150   11
    1151   11
    1152   11
    1153   11
    1154   11
    1155   11
    1156   11
    1157   11
    1158   11
    1159   11
    1160   11
    1161   11
    1162   11
    1163    9
    1164   12
    1165   12
    1166    6
    1167    5
    1168    3
    1169    2
    1170    2
    1171    2
    1172    2
    1173    2
    1174    2
    1175    5
    1176    6
    1177    6
    1178    6
    1179    6
    1180    6
    1181    5
    1182    2
    1183    6
    1184    6
    1185    6
    1186    7
    1187    6
    1188    5
    1189    3
    1190    3
    1191    2
    1192    2
    1193    2
    1194    6
    1195    2
    1196    2
    1197   11
    1198    9
    1199    9
    1200   12
    1201   12
    1202   12
    1203   12
    1204    6
    1205    5
    1206    6
    1207   10
    1208   10
    1209    9
    1210   11
    1211   11
    1212   11
    1213   11
    1214   11
    1215   11
    1216   11
    1217   11
    1218   11
    1219   11
    1220   11
    1221   11
    1222   11
    1223   11
    1224   11
    1225   11
    1226   11
    1227   11
    1228   11
    1229   11
    1230   11
    1231   11
    1232   11
    1233    9
    1234   11
    1235   11
    1236   11
    1237   11
    1238   11
    1239   11
    1240   11
    1241   10
    1242   10
    1243   11
    1244   11
    1245   11
    1246   11
    1247   11
    1248   11
    1249   11
    1250   11
    1251   11
    1252   11
    1253   11
    1254   11
    1255   11
    1256   11
    1257   11
    1258   11
    1259   11
    1260   12
    1261    1
    1262    1
    1263    1
    1264    6
    1265    5
    1266    5
    1267    6
    1268   12
    1269   11
    1270   11
    1271   11
    1272   11
    1273   11
    1274    9
    1275    9
    1276   11
    1277    9
    1278   11
    1279   11
    1280    9
    1281   11
    1282   12
    1283    8
    1284   12
    1285    8
    1286   12
    1287   12
    1288    8
    1289    8
    1290   12
    1291   12
    1292   12
    1293   12
    1294   12
    1295    6
    1296    3
    1297    3
    1298    4
    1299    4
    1300    6
    1301    1
    1302    1
    1303    1
    1304    1
    1305   14
    1306   14
    1307   14
    1308   14
    1309   14
    1310   14
    1311   14
    1312    6
    1313   12
    1314   12
    1315    1
    1316    1
    1317    1
    1318    3
    1319    6
    1320   12
    1321   12
    1322   12
    1323   12
    1324   12
    1325   12
    1326   10
    1327   10
    1328   10
    1329    8
    1330    8
    1331   12
    1332    8
    1333   12
    1334   12
    1335   12
    1336   12
    1337   12
    1338   12
    1339    6
    1340    5
    1341    3
    1342    1
    1343    1
    1344   12
    1345    7
    1346    9
    1347    6
    1348    2
    1349    2
    1350    2
    1351    3
    1352    3
    1353    3
    1354    3
    1355    3
    1356    3
    1357    6
    1358    6
    1359    1
    1360    1
    1361    1
    1362    2
    1363    2
    1364    2
    1365    2
    1366    2
    1367    2
    1368    3
    1369    5
    1370    6
    1371    6
    1372    2
    1373    2
    1374    6
    1375    2
    1376    2
    1377    2
    1378    8
    1379    8
    1380    9
    1381    6
    1382    7
    1383    7
    1384    7
    1385    6
    1386    6
    1387    6
    1388    7
    1389    6
    1390    6
    1391    2
    1392    2
    1393    6
    1394    6
    1395   12
    1396   12
    1397   10
    1398    9
    1399   11
    1400   11
    1401   11
    1402   12
    1403   12
    1404   12
    1405    7
    1406    7
    1407    7
    1408    8
    1409    7
    1410   12
    1411    7
    1412   12
    1413   12
    1414   12
    1415    7
    1416    7
    1417    5
    1418    6
    1419    7
    1420    7
    1421    7
    1422    6
    1423    6
    1424    5
    1425    5
    1426    2
    1427    2
    1428    9
    1429   12
    1430    7
    1431   12
    1432   12
    1433    7
    1434    6
    1435    1
    1436    2
    1437    2
    1438    6
    1439    6
    1440    2
    1441    2
    1442    2
    1443    3
    1444    6
    1445    6
    1446    2
    1447    2
    1448    6
    1449    5
    1450    5
    1451    6
    1452    5
    1453    5
    1454    2
    1455   12
    1456    7
    1457    6
    1458   12
    1459    7
    1460    7
    1461    6
    1462    6
    1463    9
    1464    9
    1465   11
    1466   11
    1467    9
    1468   11
    1469   11
    1470   11
    1471   11
    1472   12
    1473    8
    1474   12
    1475   12
    1476   11
    1477   11
    1478   11
    1479   11
    1480   11
    1481   11
    1482   11
    1483   11
    1484   11
    1485    9
    1486   11
    1487   11
    1488   11
    1489   11
    1490   11
    1491   11
    1492   11
    1493    9
    1494   11
    1495   11
    1496   11
    1497   11
    1498   11
    1499   11
    1500   11
    1501   11
    1502   11
    1503   11
    1504   11
    1505   11
    1506   11
    1507   11
    1508   11
    1509   11
    1510   11
    1511   11
    1512   11
    1513   11
    1514   11
    1515   11
    1516   11
    1517   11
    1518   11
    1519   11
    1520   11
    1521   11
    1522   11
    1523   11
    1524   11
    1525   11
    1526    9
    1527   11
    1528    9
    1529    8
    1530    8
    1531    8
    1532    7
    1533    7
    1534    7
    1535    8
    1536    7
    1537   12
    1538   12
    1539    7
    1540    5
    1541    1
    1542    1
    1543   12
    1544    7
    1545    6
    1546    6
    1547    5
    1548    1
    1549    1
    1550    1
    1551    1
    1552    1
    1553    6
    1554    6
    1555    3
    1556    3
    1557    3
    1558    3
    1559    3
    1560    3
    1561    3
    1562    5
    1563    6
    1564    2
    1565    2
    1566    6
    1567    5
    1568    1
    1569    1
    1570    1
    1571    6
    1572    5
    1573    6
    1574    6
    1575    2
    1576    2
    1577    2
    1578    1
    1579    2
    1580    6
    1581    5
    1582    2
    1583    2
    1584    2
    1585    2
    1586    2
    1587    2
    1588    2
    1589    9
    1590   10
    1591   10
    1592   10
    1593   10
    1594   10
    1595   10
    1596   10
    1597   10
    1598   10
    1599   10
    1600   10
    1601    9
    1602   11
    1603   11
    1604   11
    1605   11
    1606   11
    1607    9
    1608   11
    1609   11
    1610   11
    1611   11
    1612   11
    1613   11
    1614   11
    1615   11
    1616   11
    1617   11
    1618   11
    1619   11
    1620   11
    1621   11
    1622   11
    1623   11
    1624   11
    1625   11
    1626   11
    1627   11
    1628   11
    1629   11
    1630   10
    1631   10
    1632   10
    1633   12
    1634    8
    1635    8
    1636   11
    1637   11
    1638   11
    1639   11
    1640    9
    1641    9
    1642    9
    1643   11
    1644   11
    1645   11
    1646   11
    1647   11
    1648   11
    1649   11
    1650   11
    1651   11
    1652   11
    1653   11
    1654   11
    1655   11
    1656   11
    1657   11
    1658   11
    1659   11
    1660   11
    1661   11
    1662   11
    1663   11
    1664   11
    1665   11
    1666   11
    1667   11
    1668   11
    1669   11
    1670   11
    1671   11
    1672    6
    1673    5
    1674    5
    1675    2
    1676    2
    1677    6
    1678    5
    1679    2
    1680    2
    1681    2
    1682    2
    1683   11
    1684    9
    1685   11
    1686    9
    1687   11
    1688   11
    1689   11
    1690   12
    1691   12
    1692    9
    1693   10
    1694   10
    1695   10
    1696   11
    1697   11
    1698   11
    1699   11
    1700   11
    1701   11
    1702   11
    1703   11
    1704   11
    1705   11
    1706   11
    1707    9
    1708   11
    1709   11
    1710    9
    1711    9
    1712   11
    1713    9
    1714   11
    1715    6
    1716    6
    1717    3
    1718    2
    1719    8
    1720   10
    1721   10
    1722   10
    1723    7
    1724   11
    1725   11
    1726   11
    1727   11
    1728   11
    1729   11
    1730   11
    1731   11
    1732   11
    1733   11
    1734   11
    1735   11
    1736    9
    1737    8
    1738   12
    1739    7
    1740    5
    1741    3
    1742    5
    1743    5
    1744    6
    1745    5
    1746    3
    1747    3
    1748    5
    1749    6
    1750    5
    1751    6
    1752    7
    1753   12
    1754    6
    1755    5
    1756    6
    1757    6
    1758    5
    1759    5
    1760    5
    1761    6
    1762   12
    1763    9
    1764    8
    1765    7
    1766    6
    1767    2
    1768   12
    1769    1
    1770   12
    1771   12
    1772   12
    1773   11
    1774    9
    1775   11
    1776   11
    1777   11
    1778    7
    1779    7
    1780    6
    1781    3
    1782    8
    1783    8
    1784    8
    1785    7
    1786   12
    1787    7
    1788    8
    1789    8
    1790    8
    1791    8
    1792    8
    1793   12
    1794    7
    1795    8
    1796   12
    1797   12
    1798   12
    1799   12
    1800   12
    1801   12
    1802   12
    1803   12
    1804   12
    1805   12
    1806    7
    1807   12
    1808   12
    1809   12
    1810   11
    1811   11
    1812   11
    1813   11
    1814    9
    1815   11
    1816   11
    1817   11
    1818   11
    1819   11
    1820   11
    1821   11
    1822   11
    1823   11
    1824   11
    1825   11
    1826   11
    1827   11
    1828   11
    1829   11
    1830   11
    1831   11
    1832   11
    1833   11
    1834   10
    1835   10
    1836   10
    1837   10
    1838   10
    1839   10
    1840   10
    1841   10
    1842   10
    1843   10
    1844   10
    1845   10
    1846   10
    1847   10
    1848    8
    1849   12
    1850   12
    1851   12
    1852   12
    1853    7
    1854   12
    1855   12
    1856   12
    1857   12
    1858    8
    1859    8
    1860    8
    1861   12
    1862   12
    1863   12
    1864   12
    1865    8
    1866   12
    1867    7
    1868   12
    1869   12
    1870    8
    1871    7
    1872    8
    1873   12
    1874   12
    1875    7
    1876    8
    1877    8
    1878    8
    1879   12
    1880    8
    1881   12
    1882   12
    1883   12
    1884   12
    1885   12
    1886   12
    1887    7
    1888   12
    1889   12
    1890   12
    1891   12
    1892   12
    1893   12
    1894   12
    1895   12
    1896   12
    1897   12
    1898   12
    1899    8
    1900   12
    1901    8
    1902   12
    1903   12
    1904   12
    1905    8
    1906   12
    1907   12
    1908   12
    1909   12
    1910   12
    1911   12
    1912    8
    1913   12
    1914   12
    1915   12
    1916    8
    1917    8
    1918   12
    1919   12
    1920   12
    1921    8
    1922   12
    1923   12
    1924    7
    1925    8
    1926    8
    1927   12
    1928   12
    1929   12
    1930   12
    1931   12
    1932   12
    1933    8
    1934   12
    1935   12
    1936   12
    1937    7
    1938   12
    1939   12
    1940   12
    1941    7
    1942    8
    1943   12
    1944   12
    1945    7
    1946   12
    1947   12
    1948   12
    1949   12
    1950   12
    1951   12
    1952   12
    1953    7
    1954    8
    1955   12
    1956   12
    1957    8
    1958    7
    1959   12
    1960   12
    1961   12
    1962    8
    1963    8
    1964    6
    1965    6
    1966    6
    1967    6
    1968    2
    1969    9
    1970   12
    1971   12
    1972   11
    1973   11
    1974   11
    1975   11
    1976   11
    1977   11
    1978   11
    1979   11
    1980   12
    1981   12
    1982   12
    1983   12
    1984   12
    1985    7
    1986    7
    1987    8
    1988    7
    1989   12
    1990    8
    1991   12
    1992   12
    1993    7
    1994    7
    1995    7
    1996    8
    1997   12
    1998   12
    1999   12
    2000    1
    2001    6
    2002    5
    2003    2
    2004    5
    2005    6
    2006    6
    2007    6
    2008    3
    2009    1
    2010    1
    2011    1
    2012    1
    2013    3
    2014    3
    2015    6
    2016    7
    2017    7
    2018    1
    2019    6
    2020    6
    2021    2
    2022    3
    2023    3
    2024    6
    2025   12
    2026   12
    2027    8
    2028    9
    2029   12
    2030    2
    2031    2
    2032    5
    2033    5
    2034    6
    2035    6
    2036    5
    2037    8
    2038    7
    2039    8
    2040    6
    2041    6
    2042   12
    2043    7
    2044    8
    2045    8
    2046    1
    2047    1
    2048    6
    2049    5
    2050    5
    2051    6
    2052    6
    2053    5
    2054    5
    2055    3
    2056    6
    2057    6
    2058   12
    2059   12
    2060    7
    2061   12
    2062   12
    2063   12
    2064   12
    2065   12
    2066    6
    2067    1
    2068    1
    2069    1
    2070    1
    2071   12
    2072   12
    2073   12
    2074   12
    2075   12
    2076   12
    2077   12
    2078   12
    2079   12
    2080   12
    2081   12
    2082   12
    2083    1
    2084    1
    2085    1
    2086    1
    2087    6
    2088   12
    2089   12
    2090   12
    2091    7
    2092   14
    2093   14
    2094   14
    2095   14
    2096   14
    2097    6
    2098    3
    2099    1
    2100    1
    2101    6
    2102    1
    2103   12
    2104   12
    2105    7
    2106    5
    2107    1
    2108   12
    2109   12
    2110   12
    2111    7
    2112   12
    2113    1
    2114    4
    2115    6
    2116    1
    2117   12
    2118   12
    2119    6
    2120    3
    2121    3
    2122    3
    2123    6
    2124    1
    2125    1
    2126    1
    2127    1
    2128    1
    2129    6
    2130    1
    2131    1
    2132    1
    2133    6
    2134    5
    2135    1
    2136    1
    2137   12
    2138   12
    2139   12
    2140   12
    2141   12
    2142    6
    2143    6
    2144    3
    2145    1
    2146    1
    2147    1
    2148    1
    2149   12
    2150   12
    2151   12
    2152    7
    2153   12
    2154   12
    2155   12
    2156   12
    2157   12
    2158    1
    2159    1
    2160    1
    2161    6
    2162   12
    2163   12
    2164   12
    2165   12
    2166    1
    2167    1
    2168    1
    2169   12
    2170   12
    2171    4
    2172    6
    2173   12
    2174   12
    2175   12
    2176   12
    2177   12
    2178   12
    2179   12
    2180   12
    2181   12
    2182   12
    2183    6
    2184   12
    2185   12
    2186   12
    2187   12
    2188   12
    2189   12
    2190    7
    2191   12
    2192    6
    2193   14
    2194   14
    2195   14
    2196   14
    2197    2
    2198    3
    2199    3
    2200    6
    2201   10
    2202   10
    2203   11
    2204   11
    2205   11
    2206   11
    2207   11
    2208   11
    2209   11
    2210   12
    2211   12
    2212   12
    2213   12
    2214   12
    2215   12
    2216   12
    2217    8
    2218    7
    2219    8
    2220    8
    2221    8
    2222    8
    2223   12
    2224   12
    2225    8
    2226    8
    2227   12
    2228    8
    2229    6
    2230    5
    2231    3
    2232    3
    2233    2
    2234   12
    2235   12
    2236    7
    2237    7
    2238    6
    2239    7
    2240    8
    2241   10
    2242   12
    2243    8
    2244    6
    2245    6
    2246    8
    2247    7
    2248    6
    2249    6
    2250    6
    2251    6
    2252    5
    2253    6
    2254    6
    2255    7
    2256    7
    2257    7
    2258   12
    2259    8
    2260    7
    2261    8
    2262    7
    2263    8
    2264   11
    2265   11
    2266   11
    2267   11
    2268   12
    2269    7
    2270    6
    2271    3
    2272    5
    2273    2
    2274    2
    2275    2
    2276    2
    2277    2
    2278    6
    2279    6
    2280    5
    2281    5
    2282    9
    2283    9
    2284   11
    2285   11
    2286    9
    2287   12
    2288   12
    2289   12
    2290   12
    2291    6
    2292    5
    2293    3
    2294    3
    2295    1
    2296    1
    2297    1
    2298    2
    2299    2
    2300    6
    2301    6
    2302    2
    2303    2
    2304    2
    2305    1
    2306    1
    2307    2
    2308    6
    2309    5
    2310    5
    2311    2
    2312    2
    2313    2
    2314    2
    2315    6
    2316    6
    2317    3
    2318    5
    2319    6
    2320    5
    2321    3
    2322    3
    2323    3
    2324    3
    2325    5
    2326    3
    2327    3
    2328    5
    2329    2
    2330    5
    2331    6
    2332   11
    2333    9
    2334    6
    2335    5
    2336    6
    2337    2
    2338   12
    2339   12
    2340   12
    2341   12
    2342    8
    2343   11
    2344   11
    2345   11
    2346   11
    2347   11
    2348   11
    2349   11
    2350    9
    2351    6
    2352    2
    2353    2
    2354    2
    2355    2
    2356    2
    2357    2
    2358    2
    2359    2
    2360    2
    2361   11
    2362   11
    2363   11
    2364   11
    2365    9
    2366    2
    2367    7
    2368    9
    2369   12
    2370    2
    2371    2
    2372    2
    2373    2
    2374    6
    2375    7
    2376    8
    2377    1
    2378    1
    2379    1
    2380    3
    2381    6
    2382    5
    2383    5
    2384    5
    2385    6
    2386    7
    2387   12
    2388    7
    2389    6
    2390    6
    2391    7
    2392    8
    2393    8
    2394    7
    2395    8
    2396    7
    2397    7
    2398   12
    2399    7
    2400    7
    2401    7
    2402    6
    2403    6
    2404    3
    2405    6
    2406    2
    2407   12
    2408   12
    2409   12
    2410    6
    2411    3
    2412    3
    2413    3
    2414    5
    2415    3
    2416    5
    2417    6
    2418   12
    2419   12
    2420    9
    2421   12
    2422    6
    2423    6
    2424    1
    2425    1
    2426    6
    2427    6
    2428    6
    2429    7
    2430   12
    2431   12
    2432   12
    2433   12
    2434    6
    2435   12
    2436    7
    2437    6
    2438    5
    2439    6
    2440    2
    2441    1
    2442    1
    2443    5
    2444    6
    2445    6
    2446    6
    2447   12
    2448    8
    2449    9
    2450    9
    2451    2
    2452    5
    2453    5
    2454    6
    2455    5
    2456    6
    2457    6
    2458    5
    2459    6
    2460    7
    2461    8
    2462    8
    2463    8
    2464    7
    2465    1
    2466    2
    2467    1
    2468    1
    2469    3
    2470    3
    2471    5
    2472    5
    2473    6
    2474   12
    2475   11
    2476    9
    2477    6
    2478    6
    2479    2
    2480    5
    2481    6
    2482    8
    2483    8
    2484    8
    2485    8
    2486    9
    2487   10
    2488   10
    2489   10
    2490   10
    2491    9
    2492    9
    2493   10
    2494   10
    2495    9
    2496   10
    2497   10
    2498   10
    2499    7
    2500    5
    2501    1
    2502    1
    2503    1
    2504    1
    2505    1
    2506   12
    2507   12
    2508    9
    2509   11
    2510   10
    2511   10
    2512   12
    2513    8
    2514    7
    2515    8
    2516    8
    2517   12
    2518   12
    2519   12
    2520   12
    2521   12
    2522   12
    2523    8
    2524   12
    2525   12
    2526   12
    2527    8
    2528   12
    2529   12
    2530   12
    2531   12
    2532   12
    2533   12
    2534   12
    2535    8
    2536    7
    2537    7
    2538    7
    2539    7
    2540    6
    2541    6
    2542    6
    2543    7
    2544    8
    2545    7
    2546    8
    2547   12
    2548   10
    2549   12
    2550    8
    2551   12
    2552    8
    2553    7
    2554   12
    2555   12
    2556   12
    2557   12
    2558    7
    2559   12
    2560    7
    2561    7
    2562   12
    2563   12
    2564   12
    2565   12
    2566   11
    2567   12
    2568   12
    2569    6
    2570    6
    2571    5
    2572    3
    2573    3
    2574    3
    2575    5
    2576    3
    2577    3
    2578    1
    2579    6
    2580   11
    2581   11
    2582   11
    2583    9
    2584   10
    2585   10
    2586   10
    2587   10
    2588   10
    2589    9
    2590   11
    2591   11
    2592   11
    2593   11
    2594   11
    2595   11
    2596   11
    2597   11
    2598   11
    2599   11
    2600   11
    2601   11
    2602   11
    2603    9
    2604   12
    2605   12
    2606    7
    2607   12
    2608   12
    2609   12
    2610   12
    2611   12
    2612   12
    2613   12
    2614   12
    2615   12
    2616   12
    2617   12
    2618   12
    2619   12
    2620    6
    2621    5
    2622    2
    2623    9
    2624    9
    2625    9
    2626   12
    2627    9
    2628    9
    2629   11
    2630   11
    2631   11
    2632    9
    2633    9
    2634   12
    2635    2
    2636    2
    2637    2
    2638    2
    2639    2
    2640    6
    2641    3
    2642    1
    2643    6
    2644    6
    2645    2
    2646    5
    2647    3
    2648    5
    2649    6
    2650    6
    2651    8
    2652    8
    2653    8
    2654    8
    2655    5
    2656    5
    2657    6
    2658    6
    2659    8
    2660   12
    2661   12
    2662   12
    2663   12
    2664   12
    2665   12
    2666    6
    2667   12
    2668    6
    2669    6
    2670    6
    2671    2
    2672    6
    2673    6
    2674    5
    2675    5
    2676    4
    2677    4
    2678    5
    2679    4
    2680    4
    2681    4
    2682    4
    2683    6
    2684    3
    2685    3
    2686    3
    2687    3
    2688    3
    2689    3
    2690    3
    2691    5
    2692    3
    2693    3
    2694    3
    2695    5
    2696    5
    2697    5
    2698    5
    2699    2
    2700    2
    2701    2
    2702   12
    2703    7
    2704   12
    2705   11
    2706   11
    2707    6
    2708    5
    2709    3
    2710    6
    2711    7
    2712    6
    2713    5
    2714    2
    2715    5
    2716    5
    2717    2
    2718    3
    2719    5
    2720    5
    2721    5
    2722    6
    2723    6
    2724    8
    2725    8
    2726    6
    2727    5
    2728    5
    2729    5
    2730    3
    2731    3
    2732    3
    2733    3
    2734    3
    2735    3
    2736    3
    2737    3
    2738    5
    2739    3
    2740    3
    2741    3
    2742    5
    2743   12
    2744   12
    2745    7
    2746    6
    2747    7
    2748    7
    2749    6
    2750    8
    2751    7
    2752    6
    2753    1
    2754    3
    2755    6
    2756    2
    2757    2
    2758    6
    2759    8
    2760   12
    2761    7
    2762    7
    2763    7
    2764    8
    2765    8
    2766    8
    2767    6
    2768    1
    2769    1
    2770    6
    2771    6
    2772    3
    2773    5
    2774    2
    2775    2
    2776    2
    2777    2
    2778    2
    2779   12
    2780   12
    2781   12
    2782   12
    2783    1
    2784    6
    2785    9
    2786    9
    2787    9
    2788    9
    2789   11
    2790   11
    2791   11
    2792   11
    2793   11
    2794   11
    2795   12
    2796    8
    2797    6
    2798    2
    2799    2
    2800    2
    2801    2
    2802    5
    2803    6
    2804    8
    2805    7
    2806   15
    2807   15
    2808   15
    2809   15
    2810   12
    2811   12
    2812   12
    2813   12
    2814   12
    2815   12
    2816   12
    2817    9
    2818   12
    2819   12
    2820    7
    2821    8
    2822    6
    2823    5
    2824    3
    2825    3
    2826    5
    2827    3
    2828    3
    2829    5
    2830    6
    2831    3
    2832    3
    2833    6
    2834    6
    2835    3
    2836    1
    2837    1
    2838    3
    2839    1
    2840    5
    2841    2
    2842    7
    2843    6
    2844    5
    2845    6
    2846    6
    2847    1
    2848    1
    2849    6
    2850    6
    2851    2
    2852    2
    2853    8
    2854   12
    2855   12
    2856    6
    2857    2
    2858    7
    2859   12
    2860   10
    2861   12
    2862   12
    2863   12
    2864   11
    2865   10
    2866   10
    2867   10
    2868   10
    2869   12
    2870    7
    2871   12
    2872    7
    2873   12
    2874   12
    2875   10
    2876   10
    2877    9
    2878   11
    2879   11
    2880   11
    2881   11
    2882   11
    2883   10
    2884   10
    2885   10
    2886   10
    2887   10
    2888   10
    2889   10
    2890    9
    2891   11
    2892    8
    2893    7
    2894   10
    2895   10
    2896   10
    2897   10
    2898   10
    2899   10
    2900   10
    2901   10
    2902    9
    2903   11
    2904   11
    2905   11
    2906   11
    2907   11
    2908   11
    2909   11
    2910   11
    2911   11
    2912   11
    2913   10
    2914   10
    2915   10
    2916   10
    2917   12
    2918    7
    2919    8
    2920   12
    2921    8
    2922    7
    2923    1
    2924    1
    2925    2
    2926    2
    2927    2
    2928    2
    2929    2
    2930    2
    2931    2
    2932    2
    2933    3
    2934    6
    2935    5
    2936    2
    2937    2
    2938    2
    2939    2
    2940    2
    2941    6
    2942    1
    2943    1
    2944    1
    2945    1
    2946    1
    2947    1
    2948    1
    2949    1
    2950    1
    2951    6
    2952    7
    2953   12
    2954    7
    2955    6
    2956    1
    2957    1
    2958    6
    2959   12
    2960   12
    2961   12
    2962   12
    2963    8
    2964    7
    2965    6
    2966    5
    2967    6
    2968    5
    2969    2
    2970    2
    2971    2
    2972    2
    2973    7
    2974    8
    2975    8
    2976    2
    2977    2
    2978    6
    2979    9
    2980    6
    2981    7
    2982   12
    2983    7
    2984    8
    2985    7
    2986   12
    2987    2
    2988    2
    2989    6
    2990    5
    2991    5
    2992    2
    2993    5
    2994    6
    2995    5
    2996    2
    2997    5
    2998    6
    2999    7
    3000    7
    3001    7
    3002    9
    3003    7
    3004    8
    3005    8
    3006    8
    3007   12
    3008    7
    3009    8
    3010    8
    3011    7
    3012    7
    3013    7
    3014    7
    3015    6
    3016   12
    3017    7
    3018    7
    3019    8
    3020   12
    3021    8
    3022    7
    3023    6
    3024    6
    3025    5
    3026    6
    3027    6
    3028    7
    3029    7
    3030    7
    3031    8
    3032    7
    3033   12
    3034    8
    3035    7
    3036    7
    3037    7
    3038   12
    3039    9
    3040   12
    3041   12
    3042   12
    3043    7
    3044    2
    3045    6
    3046    6
    3047    7
    3048    7
    3049    6
    3050    5
    3051    6
    3052   11
    3053   11
    3054    7
    3055    8
    3056    6
    3057    8
    3058    8
    3059    7
    3060    2
    3061    2
    3062    6
    3063    7
    3064    7
    3065   15
    3066   12
    3067    7
    3068    8
    3069    7
    3070   12
    3071    9
    3072    9
    3073    9
    3074    9
    3075    6
    3076    5
    3077    2
    3078   12
    3079   12
    3080    6
    3081    6
    3082    6
    3083    1
    3084    1
    3085    1
    3086    8
    3087    7
    3088   15
    3089   15
    3090    7
    3091    6
    3092    5
    3093    6
    3094    6
    3095    2
    3096    2
    3097    2
    3098    5
    3099    6
    3100    5
    3101    2
    3102    2
    3103    2
    3104    9
    3105   11
    3106   11
    3107   11
    3108    9
    3109   11
    3110    9
    3111    9
    3112    9
    3113    9
    3114    9
    3115    9
    3116   12
    3117    6
    3118    5
    3119    5
    3120    6
    3121    5
    3122    5
    3123    6
    3124    6
    3125   12
    3126    7
    3127    7
    3128    8
    3129    8
    3130    6
    3131    9
    3132    6
    3133   12
    3134   12
    3135    2
    3136    2
    3137    2
    3138    2
    3139   12
    3140    7
    3141    7
    3142    7
    3143   12
    3144   10
    3145    9
    3146   11
    3147   11
    3148   11
    3149   10
    3150   10
    3151   10
    3152   10
    3153   12
    3154   12
    3155   12
    3156   10
    3157   12
    3158   12
    3159   12
    3160    8
    3161   12
    3162   12
    3163   12
    3164   12
    3165   12
    3166    7
    3167   12
    3168    7
    3169    2
    3170    2
    3171    2
    3172    5
    3173    7
    3174   11
    3175   11
    3176   11
    3177   11
    3178   11
    3179    9
    3180    9
    3181    9
    3182   11
    3183   11
    3184    9
    3185    9
    3186    9
    3187   11
    3188    9
    3189    9
    3190    6
    3191    6
    3192    5
    3193    1
    3194    5
    3195    6
    3196    2
    3197    5
    3198    6
    3199    6
    3200    6
    3201    7
    3202    8
    3203    8
    3204   11
    3205   11
    3206    9
    3207    9
    3208   11
    3209   11
    3210    9
    3211    1
    3212    5
    3213    3
    3214    6
    3215    5
    3216    6
    3217    8
    3218    6
    3219    6
    3220    3
    3221    5
    3222    5
    3223    6
    3224    5
    3225    2
    3226    2
    3227    9
    3228    6
    3229    6
    3230    5
    3231    2
    3232    5
    3233    6
    3234    5
    3235    6
    3236    6
    3237    5
    3238    5
    3239   12
    3240    9
    3241   11
    3242   11
    3243    9
    3244    6
    3245    8
    3246   12
    3247   12
    3248    8
    3249   12
    3250    8
    3251    8
    3252    8
    3253    7
    3254    6
    3255    5
    3256    3
    3257    5
    3258    5
    3259    5
    3260    2
    3261    2
    3262    6
    3263    2
    3264    6
    3265    2
    3266    2
    3267    2
    3268    2
    3269    5
    3270    6
    3271    6
    3272    5
    3273    6
    3274    6
    3275    6
    3276    6
    3277    2
    3278    9
    3279   11
    3280   11
    3281    2
    3282    2
    3283    2
    3284    2
    3285    5
    3286    6
    3287    2
    3288    9
    3289   11
    3290   11
    3291   11
    3292    9
    3293   11
    3294   11
    3295   11
    3296    2
    3297    2
    3298    2
    3299    2
    3300    2
    3301    6
    3302    2
    3303    2
    3304    3
    3305    6
    3306    5
    3307    3
    3308    2
    3309    2
    3310    2
    3311   11
    3312   11
    3313   11
    3314   11
    3315   11
    3316   11
    3317    9
    3318   12
    3319   12
    3320   12
    3321   12
    3322   12
    3323   12
    3324   12
    3325   12
    3326   12
    3327   11
    3328   11
    3329    9
    3330    9
    3331    9
    3332   11
    3333    8
    3334    7
    3335    7
    3336    7
    3337   11
    3338   11
    3339   11
    3340   11
    3341   11
    3342   11
    3343    9
    3344   11
    3345   11
    3346   11
    3347   11
    3348   11
    3349   11
    3350   11
    3351   11
    3352   11
    3353   11
    3354   11
    3355   11
    3356   11
    3357   11
    3358   11
    3359   11
    3360    9
    3361   11
    3362   11
    3363   11
    3364   11
    3365    9
    3366   11
    3367   11
    3368   11
    3369   11
    3370   11
    3371   11
    3372    9
    3373   11
    3374    9
    3375    6
    3376    5
    3377    6
    3378    3
    3379    3
    3380    2
    3381    2
    3382    2
    3383    2
    3384    2
    3385   12
    3386    9
    3387    9
    3388   11
    3389   11
    3390   11
    3391   11
    3392    9
    3393    9
    3394    9
    3395    7
    3396    6
    3397    2
    3398    2
    3399    2
    3400    9
    3401   12
    3402    6
    3403    9
    3404   11
    3405   11
    3406   11
    3407   11
    3408    9
    3409   11
    3410   11
    3411    9
    3412    9
    3413   11
    3414   11
    3415   11
    3416   11
    3417   11
    3418   11
    3419   11
    3420   11
    3421   11
    3422   11
    3423    9
    3424   11
    3425   11
    3426   11
    3427   11
    3428   11
    3429   11
    3430   11
    3431   11
    3432   11
    3433   11
    3434   11
    3435   11
    3436   11
    3437   11
    3438   11
    3439   11
    3440   11
    3441   11
    3442   11
    3443   11
    3444   11
    3445   11
    3446   11
    3447   11
    3448   11
    3449   11
    3450   11
    3451   11
    3452   11
    3453   11
    3454    9
    3455   11
    3456   11
    3457   12
    3458   12
    3459    5
    3460    6
    3461    6
    3462   11
    3463   11
    3464   11
    3465   11
    3466   11
    3467    9
    3468   11
    3469   11
    3470   11
    3471   11
    3472   11
    3473   11
    3474   11
    3475   11
    3476   11
    3477   11
    3478   11
    3479   11
    3480   11
    3481   11
    3482   11
    3483   11
    3484   11
    3485    9
    3486    9
    3487    9
    3488   11
    3489   11
    3490   11
    3491   11
    3492   11
    3493   11
    3494   11
    3495   11
    3496   11
    3497   11
    3498   11
    3499   11
    3500   11
    3501   11
    3502   11
    3503   11
    3504   11
    3505   11
    3506   11
    3507   11
    3508   11
    3509   11
    3510   11
    3511   11
    3512   11
    3513   11
    3514   11
    3515   11
    3516   12
    3517   12
    3518   12
    3519   12
    3520    3
    3521    5
    3522    6
    3523   11
    3524   11
    3525   11
    3526   11
    3527   11
    3528   11
    3529   11
    3530   11
    3531   11
    3532   11
    3533   11
    3534   11
    3535   11
    3536   11
    3537   11
    3538   11
    3539   11
    3540   11
    3541   11
    3542    9
    3543   11
    3544   11
    3545    9
    3546   10
    3547   10
    3548   11
    3549   10
    3550   11
    3551   11
    3552   11
    3553   11
    3554   11
    3555   11
    3556   11
    3557   11
    3558   11
    3559   11
    3560   11
    3561   11
    3562   11
    3563   11
    3564   11
    3565   11
    3566   12
    3567   12
    3568    7
    3569    5
    3570    6
    3571    5
    3572    6
    3573    6
    3574    7
    3575   10
    3576    9
    3577   11
    3578   11
    3579    9
    3580   11
    3581   11
    3582   11
    3583   11
    3584   11
    3585   11
    3586   11
    3587   11
    3588   11
    3589   11
    3590   11
    3591   11
    3592   11
    3593   11
    3594   11
    3595   11
    3596   11
    3597   11
    3598   11
    3599   11
    3600   11
    3601   11
    3602   11
    3603   11
    3604   11
    3605   11
    3606   11
    3607   11
    3608   11
    3609   10
    3610   10
    3611   10
    3612   10
    3613   10
    3614    6
    3615    5
    3616    1
    3617    1
    3618    1
    3619    7
    3620   12
    3621   11
    3622   11
    3623   11
    3624   11
    3625   11
    3626   11
    3627   10
    3628   10
    3629   10
    3630   10
    3631   10
    3632   10
    3633   10
    3634   10
    3635   10
    3636   10
    3637   10
    3638    6
    3639    5
    3640    3
    3641    6
    3642   11
    3643   11
    3644   11
    3645   11
    3646   11
    3647   11
    3648   11
    3649   11
    3650   10
    3651   10
    3652   10
    3653   10
    3654   10
    3655   10
    3656   10
    3657   13
    3658   13
    3659   13
    3660   13
    3661   13
    3662   13
    3663   13
    3664   13
    3665   13
    3666   13
    3667   13
    3668   13
    3669   13
    3670   14
    3671   14
    3672   14
    3673   14
    3674   14
    3675   14
    3676   14
    3677   14
    3678   14
    3679   14
    3680   14
    3681   14
    3682   14
    3683   14
    3684   14
    3685   14
    3686    7
    3687   12
    3688   12
    3689   12
    3690   12
    3691   12
    3692   12
    3693    1
    3694    1
    3695    1
    3696    4
    3697    6
    3698    7
    3699    1
    3700    1
    3701    3
    3702    6
    3703    1
    3704    3
    3705    3
    3706    6
    3707    1
    3708    1
    3709    1
    3710    6
    3711   12
    3712   12
    3713    1
    3714    1
    3715    1
    3716    1
    3717    1
    3718    3
    3719    6
    3720    8
    3721   12
    3722   12
    3723    1
    3724    3
    3725    3
    3726    3
    3727    3
    3728    6
    3729   12
    3730   12
    3731   12
    3732    1
    3733    1
    3734    6
    3735    7
    3736   12
    3737   12
    3738    6
    3739    5
    3740    3
    3741    3
    3742    3
    3743    1
    3744    1
    3745    1
    3746    1
    3747   12
    3748   12
    3749   12
    3750   12
    3751   12
    3752   12
    3753   12
    3754    6
    3755    3
    3756    3
    3757    3
    3758    1
    3759    8
    3760    6
    3761    2
    3762    2
    3763    2
    3764    2
    3765    2
    3766   14
    3767   14
    3768   14
    3769   14
    3770   14
    3771   14
    3772   14
    3773   14
    3774   14
    3775   14
    3776   14
    3777   14
    3778   14
    3779   14
    3780   14
    3781   14
    3782   14
    3783   14
    3784   14
    3785   14
    3786   14
    3787   14
    3788   14
    3789   14
    3790   14
    3791   14
    3792   14
    3793   14
    3794   14
    3795   14
    3796   14
    3797   14
    3798   14
    3799   14
    3800   14
    3801   14
    3802   14
    3803   14
    3804   14
    3805   14
    3806    6
    3807    1
    3808    3
    3809    3
    3810    1
    3811    2
    3812    2
    3813    2
    3814    6
    3815    1
    3816    1
    3817    1
    3818   12
    3819   12
    3820    7
    3821    5
    3822    3
    3823    3
    3824    3
    3825    3
    3826    1
    3827   12
    3828    6
    3829    2
    3830    2
    3831    2
    3832    3
    3833    3
    3834    3
    3835    3
    3836    3
    3837    3
    3838    6
    3839   12
    3840   12
    3841    1
    3842    1
    3843    1
    3844    3
    3845    5
    3846    3
    3847    6
    3848   12
    3849   12
    3850   12
    3851   12
    3852   12
    3853    1
    3854    1
    3855    1
    3856    1
    3857    6
    3858    9
    3859    2
    3860    2
    3861    2
    3862    2
    3863    1
    3864    6
    3865   14
    3866   14
    3867   14
    3868   14
    3869    1
    3870    1
    3871    5
    3872    7
    3873   12
    3874   12
    3875   12
    3876    2
    3877    2
    3878    3
    3879    5
    3880    6
    3881    1
    3882    1
    3883    1
    3884    3
    3885    6
    3886    1
    3887    3
    3888    5
    3889    6
    3890    1
    3891    3
    3892    5
    3893    6
    3894   14
    3895   14
    3896   14
    3897   14
    3898    7
    3899    8
    3900   12
    3901   12
    3902   11
    3903   11
    3904   12
    3905   12
    3906   12
    3907   12
    3908   12
    3909   12
    3910   12
    3911   12
    3912   12
    3913   12
    3914    1
    3915    1
    3916    1
    3917    1
    3918    1
    3919    3
    3920    3
    3921    6
    3922   14
    3923   14
    3924   14
    3925   14
    3926   14
    3927   14
    3928   14
    3929   14
    3930   14
    3931   14
    3932   14
    3933   14
    3934   14
    3935   14
    3936   14
    3937    9
    3938   14
    3939   14
    3940   14
    3941   14
    3942   14
    3943   14
    3944   14
    3945   14
    3946   14
    3947   14
    3948   14
    3949   13
    3950   13
    3951   13
    3952   13
    3953   13
    3954   13
    3955   14
    3956   14
    3957   14
    3958   14
    3959   14
    3960   11
    3961   11
    3962   11
    3963   11
    3964   14
    3965   14
    3966   14
    3967    6
    3968    3
    3969    1
    3970    1
    3971   12
    3972   12
    3973    7
    3974    8
    3975   12
    3976   12
    3977   12
    3978   12
    3979    6
    3980    3
    3981    1
    3982    1
    3983   12
    3984   12
    3985   12
    3986   12
    3987    6
    3988    3
    3989    1
    3990    1
    3991    1
    3992   12
    3993   12
    3994    6
    3995    3
    3996    1
    3997    1
    3998    1
    3999   12
    4000   12
    4001   12
    4002   12
    4003   12
    4004    7
    4005   12
    4006   12
    4007   12
    4008    6
    4009    6
    4010    3
    4011    3
    4012    3
    4013    3
    4014    3
    4015    2
    4016    2
    4017   12
    4018   12
    4019   12
    4020   12
    4021   12
    4022   12
    4023   12
    4024   12
    4025   12
    4026   12
    4027   12
    4028   10
    4029   10
    4030   11
    4031   11
    4032   11
    4033   11
    4034   11
    4035   11
    4036   11
    4037   11
    4038   11
    4039   11
    4040   11
    4041   11
    4042   11
    4043   11
    4044   11
    4045   11
    4046   11
    4047   11
    4048   11
    4049   11
    4050   11
    4051   11
    4052   11
    4053   11
    4054   11
    4055   11
    4056   11
    4057   11
    4058   11
    4059   11
    4060   11
    4061   11
    4062    9
    4063    9
    4064   12
    4065   12
    4066    8
    4067   12
    4068    7
    4069    7
    4070   12
    4071    8
    4072    7
    4073    6
    4074    6
    4075    2
    4076    9
    4077    9
    4078    7
    4079    8
    4080    9
    4081    9
    4082    9
    4083   11
    4084   11
    4085   11
    4086   10
    4087   10
    4088   10
    4089    9
    4090   11
    4091   11
    4092   11
    4093    9
    4094   12
    4095   12
    4096    7
    4097    7
    4098    6
    4099    7
    4100    8
    4101    7
    4102    7
    4103    8
    4104    7
    4105    7
    4106    7
    4107    7
    4108   12
    4109   11
    4110   11
    4111   11
    4112   11
    4113   11
    4114   11
    4115   11
    4116   11
    4117   11
    4118   11
    4119   12
    4120    8
    4121    6
    4122    5
    4123    6
    4124    6
    4125    2
    4126    2
    4127    6
    4128    6
    4129    5
    4130    2
    4131    2
    4132    6
    4133    7
    4134    8
    4135    9
    4136    2
    4137    3
    4138    6
    4139    6
    4140    6
    4141    5
    4142    6
    4143    2
    4144    2
    4145   11
    4146   11
    4147    9
    4148   11
    4149   11
    4150   11
    4151   11
    4152   11
    4153   11
    4154   11
    4155   11
    4156   11
    4157   11
    4158   11
    4159   11
    4160   11
    4161   11
    4162   11
    4163   11
    4164   11
    4165   11
    4166   11
    4167   11
    4168   11
    4169   11
    4170   11
    4171   11
    4172   11
    4173   11
    4174   11
    4175   11
    4176   11
    4177   11
    4178   11
    4179   11
    4180   11
    4181   11
    4182   11
    4183   11
    4184   11
    4185   11
    4186   11
    4187   11
    4188   11
    4189    2
    4190    2
    4191    6
    4192    6
    4193    3
    4194    6
    4195    7
    4196    9
    4197   11
    4198   11
    4199   11
    4200   11
    4201   11
    4202   11
    4203   11
    4204   11
    4205   11
    4206   11
    4207   11
    4208   11
    4209   11
    4210   11
    4211   11
    4212   11
    4213   11
    4214   11
    4215   11
    4216   11
    4217   11
    4218   11
    4219   10
    4220   10
    4221   11
    4222   11
    4223   11
    4224   11
    4225   11
    4226   11
    4227   11
    4228   11
    4229   11
    4230   11
    4231   11
    4232   11
    4233   10
    4234   10
    4235   10
    4236   10
    4237   11
    4238   11
    4239   11
    4240   11
    4241   11
    4242   11
    4243   11
    4244   11
    4245   11
    4246   11
    4247   11
    4248   11
    4249   11
    4250   11
    4251   11
    4252   11
    4253   11
    4254   11
    4255   11
    4256   11
    4257   11
    4258   11
    4259   11
    4260   11
    4261   11
    4262   11
    4263   11
    4264   11
    4265   11
    4266   11
    4267   11
    4268   11
    4269   11
    4270   11
    4271    9
    4272   11
    4273   11
    4274   11
    4275   11
    4276   11
    4277   11
    4278   11
    4279   11
    4280   11
    4281   11
    4282   11
    4283   11
    4284   11
    4285   11
    4286   11
    4287   11
    4288   11
    4289   11
    4290   11
    4291   11
    4292   11
    4293   11
    4294   11
    4295   11
    4296   11
    4297   11
    4298   11
    4299   11
    4300   11
    4301   11
    4302   11
    4303    9
    4304    9
    4305    9
    4306   12
    4307    9
    4308   11
    4309   11
    4310    2
    4311    2
    4312    2
    4313    3
    4314    6
    4315    9
    4316    7
    4317   12
    4318    6
    4319    2
    4320    2
    4321    2
    4322    2
    4323    2
    4324    2
    4325    6
    4326    9
    4327   12
    4328   11
    4329    8
    4330    7
    4331    7
    4332    6
    4333    8
    4334    7
    4335    7
    4336    9
    4337    9
    4338    9
    4339    8
    4340    7
    4341    2
    4342    2
    4343    6
    4344    7
    4345    6
    4346    2
    4347    2
    4348    2
    4349    2
    4350    2
    4351    2
    4352    5
    4353    6
    4354    6
    4355    2
    4356    2
    4357    2
    4358    6
    4359   12
    4360    8
    4361    8
    4362    9
    4363    9
    4364    8
    4365   12
    4366    7
    4367    7
    4368    8
    4369    7
    4370    6
    4371    6
    4372    6
    4373    9
    4374   12
    4375    9
    4376    9
    4377    9
    4378    6
    4379    6
    4380    6
    4381   12
    4382    6
    4383    6
    4384    9
    4385   11
    4386   11
    4387   11
    4388   11
    4389    9
    4390   11
    4391    9
    4392    2
    4393    2
    4394    6
    4395    6
    4396    7
    4397    6
    4398    5
    4399    6
    4400    9
    4401    9
    4402    9
    4403    9
    4404    9
    4405    7
    4406    7
    4407    6
    4408    8
    4409   12
    4410   12
    4411    7
    4412    7
    4413   12
    4414    9
    4415    9
    4416   12
    4417    1
    4418    6
    4419    9
    4420    1
    4421    5
    4422    6
    4423    6
    4424    5
    4425    1
    4426    3
    4427    7
    4428    7
    4429    6
    4430    6
    4431    6
    4432    5
    4433    6
    4434    5
    4435    6
    4436    5
    4437    6
    4438    5
    4439    3
    4440    1
    4441    1
    4442    1
    4443    1
    4444   11
    4445   11
    4446   11
    4447   11
    4448   11
    4449   11
    4450   11
    4451   11
    4452   11
    4453   11
    4454   11
    4455   11
    4456   11
    4457   11
    4458   11
    4459   11
    4460   11
    4461   12
    4462    8
    4463    8
    4464    9
    4465   10
    4466   10
    4467   10
    4468   10
    4469   10
    4470   10
    4471   10
    4472   10
    4473   10
    4474   11
    4475   11
    4476   11
    4477   11
    4478   11
    4479   10
    4480   10
    4481   10
    4482   10
    4483   10
    4484   10
    4485   10
    4486   10
    4487   10
    4488   11
    4489   11
    4490   11
    4491   11
    4492   11
    4493   11
    4494   11
    4495   11
    4496   11
    4497   11
    4498   11
    4499   11
    4500   11
    4501   11
    4502   11
    4503   11
    4504   11
    4505   11
    4506   11
    4507   11
    4508   11
    4509   11
    4510   11
    4511   11
    4512   11
    4513   11
    4514   11
    4515    9
    4516   12
    4517   12
    4518    2
    4519    5
    4520    6
    4521    3
    4522    3
    4523    5
    4524    5
    4525    5
    4526    6
    4527    9
    4528   12
    4529    7
    4530    6
    4531    2
    4532    2
    4533    2
    4534    2
    4535   11
    4536    9
    4537   11
    4538   11
    4539    9
    4540   11
    4541   11
    4542   11
    4543   11
    4544   11
    4545   11
    4546    2
    4547    2
    4548    2
    4549    2
    4550    2
    4551    2
    4552    2
    4553    2
    4554    2
    4555    2
    4556    2
    4557    2
    4558    2
    4559    2
    4560    2
    4561    2
    4562    2
    4563    2
    4564    2
    4565    6
    4566   10
    4567   10
    4568   10
    4569   10
    4570   10
    4571   10
    4572   10
    4573   10
    4574   13
    4575   13
    4576   13
    4577   13
    4578   13
    4579   13
    4580   13
    4581   14
    4582   14
    4583   14
    4584   14
    4585   14
    4586   14
    4587   14
    4588   14
    4589   14
    4590   14
    4591   14
    4592   14
    4593   14
    4594   14
    4595   14
    4596   14
    4597   14
    4598   14
    4599   14
    4600   14
    4601   14
    4602   14
    4603   14
    4604   14
    4605   14
    4606   14
    4607   14
    4608   14
    4609   14
    4610   14
    4611   14
    4612   14
    4613   14
    4614   14
    4615   14
    4616   14
    4617   14
    4618   14
    4619   14
    4620   14
    4621    6
    4622    3
    4623    3
    4624    2
    4625    2
    4626   14
    4627   14
    4628   14
    4629   14
    4630   14
    4631   14
    4632   14
    4633   14
    4634   14
    4635   14
    4636   14
    4637   14
    4638   13
    4639   13
    4640   13
    4641   13
    4642   13
    4643   13
    4644   13
    4645   13
    4646   13
    4647   13
    4648   13
    4649   13
    4650   13
    4651   13
    4652   13
    4653   13
    4654   14
    4655   14
    4656   14
    4657   14
    4658   13
    4659   13
    4660   13
    4661   13
    4662   13
    4663   13
    4664   13
    4665   13
    4666   13
    4667   13
    4668   13
    4669   13
    4670   13
    4671   13
    4672   13
    4673   14
    4674   14
    4675   14
    4676   14
    4677   14
    4678   14
    4679   14
    4680   14
    4681   14
    4682   10
    4683   10
    4684   10
    4685   10
    4686   10
    4687   10
    4688   10
    4689   10
    4690   10
    4691   10
    4692   11
    4693   11
    4694   11
    4695   11
    4696   11
    4697   11
    4698   11
    4699   11
    4700   11
    4701   11
    4702   11
    4703   11
    4704   11
    4705   11
    4706   11
    4707   11
    4708   11
    4709   11
    4710   11
    4711   11
    4712   11
    4713   11
    4714   11
    4715   11
    4716   11
    4717   11
    4718   11
    4719   11
    4720   11
    4721   11
    4722   11
    4723   14
    4724   14
    4725   11
    4726   11
    4727   11
    4728   11
    4729   11
    4730   11
    4731   10
    4732   10
    4733   10
    4734   10
    4735   10
    4736    9
    4737   10
    4738   10
    4739   10
    4740    6
    4741    3
    4742    3
    4743    3
    4744    1
    4745    1
    4746   12
    4747   12
    4748   12
    4749   12
    4750    6
    4751    3
    4752    3
    4753    3
    4754    1
    4755   12
    4756   12
    4757   12
    4758    6
    4759    3
    4760    3
    4761    3
    4762    5
    4763    1
    4764    1
    4765   12
    4766    6
    4767    1
    4768    1
    4769   12
    4770   12
    4771   12
    4772    6
    4773    3
    4774    6
    4775    6
    4776   12
    4777   12
    4778   12
    4779   12
    4780    6
    4781    3
    4782    1
    4783    1
    4784    6
    4785    3
    4786    1
    4787   12
    4788   12
    4789    6
    4790    3
    4791    1
    4792   12
    4793   12
    4794   12
    4795   12
    4796   12
    4797    8
    4798   12
    4799    7
    4800   14
    4801   14
    4802   14
    4803   14
    4804   14
    4805   14
    4806   14
    4807   14
    4808   14
    4809   14
    4810    2
    4811    2
    4812    2
    4813    2
    4814    6
    4815    2
    4816    1
    4817    6
    4818    7
    4819   12
    4820   12
    4821   12
    4822    6
    4823    1
    4824    1
    4825    6
    4826    3
    4827   12
    4828    7
    4829    5
    4830    1
    4831   12
    4832   12
    4833   12
    4834   10
    4835   10
    4836   10
    4837   10
    4838   10
    4839   10
    4840   10
    4841   10
    4842   10
    4843   10
    4844   10
    4845   10
    4846   10
    4847   10
    4848   12
    4849   12
    4850   12
    4851    6
    4852    5
    4853    3
    4854    1
    4855    1
    4856    6
    4857    3
    4858    3
    4859    3
    4860    3
    4861    3
    4862    1
    4863    3
    4864    3
    4865    6
    4866    6
    4867    3
    4868    3
    4869    3
    4870    3
    4871    3
    4872    6
    4873    3
    4874    3
    4875    1
    4876    1
    4877    3
    4878    2
    4879   12
    4880   12
    4881   12
    4882   12
    4883    1
    4884    3
    4885    6
    4886   12
    4887   11
    4888   14
    4889   14
    4890   14
    4891   14
    4892   14
    4893   14
    4894   14
    4895   14
    4896   14
    4897   14
    4898   14
    4899   14
    4900   14
    4901   14
    4902    7
    4903   14
    4904   14
    4905   14
    4906   14
    4907   14
    4908   14
    4909   14
    4910   14
    4911   11
    4912   11
    4913   11
    4914   14
    4915   14
    4916   14
    4917   14
    4918   14
    4919   14
    4920   14
    4921   14
    4922   14
    4923   14
    4924   14
    4925   14
    4926   14
    4927   14
    4928   14
    4929   14
    4930   14
    4931    4
    4932    6
    4933   14
    4934   14
    4935   14
    4936   14
    4937   14
    4938    7
    4939    6
    4940    3
    4941    3
    4942    3
    4943    2
    4944    2
    4945    2
    4946    2
    4947    6
    4948    6
    4949    3
    4950    2
    4951    2
    4952    2
    4953    2
    4954    2
    4955    2
    4956    2
    4957    6
    4958    6
    4959    3
    4960    3
    4961    2
    4962    2
    4963    6
    4964    3
    4965    3
    4966    3
    4967    6
    4968    5
    4969    2
    4970    2
    4971   12
    4972   12
    4973   12
    4974    6
    4975   12
    4976   12
    4977    8
    4978    6
    4979    6
    4980    5
    4981    6
    4982    6
    4983    6
    4984    6
    4985    3
    4986    1
    4987    1
    4988    1
    4989   12
    4990   12
    4991   12
    4992    6
    4993    2
    4994    2
    4995    6
    4996    5
    4997    6
    4998    2
    4999    5
    5000    3
