       1   10
       2   10
       3   10
       4   10
       5   10
       6   10
       7   10
       8   10
       9   10
      10   10
      11   10
      12   10
      13   10
      14   10
      15   10
      16   10
      17   10
      18   10
      19   10
      20   10
      21   10
      22   10
      23   10
      24   10
      25   10
      26   10
      27   10
      28   10
      29   10
      30   10
      31   10
      32   10
      33   10
      34   10
      35   10
      36   10
      37   10
      38   10
      39   10
      40   10
      41   10
      42   10
      43   10
      44   10
      45   10
      46   10
      47   10
      48   10
      49   10
      50   10
      51   10
      52   10
      53   10
      54   10
      55   10
      56   10
      57   10
      58   12
      59   12
      60   12
      61   12
      62   12
      63   12
      64   12
      65   12
      66   12
      67   12
      68   12
      69   12
      70   12
      71   10
      72   10
      73   10
      74   10
      75   10
      76   10
      77   10
      78   10
      79   10
      80   10
      81   10
      82   10
      83   10
      84   10
      85   10
      86   10
      87   10
      88   10
      89   10
      90   10
      91   10
      92   10
      93   10
      94   10
      95   10
      96   11
      97   11
      98   11
      99   11
     100   11
     101   11
     102   11
     103   11
     104   11
     105   11
     106   11
     107   11
     108    9
     109   11
     110   11
     111   11
     112   11
     113   11
     114   11
     115   11
     116   11
     117   11
     118   11
     119   11
     120   11
     121    6
     122    6
     123    2
     124    2
     125   11
     126   11
     127   11
     128    2
     129    2
     130    2
     131    2
     132    3
     133    5
     134    6
     135    9
     136    6
     137    5
     138    6
     139    2
     140   11
     141   11
     142   11
     143    9
     144    9
     145   11
     146   11
     147   11
     148   11
     149   11
     150   11
     151   11
     152    9
     153   11
     154   11
     155   11
     156   11
     157   11
     158   11
     159   11
     160   11
     161   11
     162   11
     163   11
     164   11
     165   11
     166   11
     167   11
     168   11
     169   11
     170   11
     171   11
     172   11
     173   11
     174   11
     175   11
     176   11
     177   11
     178   11
     179    6
     180    2
     181    2
     182    3
     183    3
     184    3
     185    6
     186   12
     187   11
     188   11
     189   11
     190   11
     191   11
     192   11
     193   11
     194   11
     195   11
     196   11
     197   11
     198   11
     199   11
     200   11
     201   11
     202   11
     203   11
     204   11
     205   11
     206    8
     207    8
     208    9
     209    9
     210   11
     211   11
     212   11
     213    2
     214    2
     215    2
     216    2
     217    2
     218    3
     219    5
     220    6
     221    2
     222    2
     223    2
     224    2
     225    6
     226    6
     227    2
     228    2
     229    8
     230    8
     231    7
     232    7
     233    2
     234    2
     235    3
     236    3
     237    5
     238    5
     239    6
     240    5
     241    3
     242    2
     243    2
     244    2
     245    2
     246    2
     247    2
     248    2
     249    9
     250   11
     251   11
     252   11
     253   11
     254    9
     255   11
     256    9
     257   11
     258   11
     259    9
     260    9
     261    7
     262    7
     263    6
     264    9
     265   11
     266   11
     267   11
     268   11
     269    9
     270    9
     271    9
     272    9
     273    9
     274    9
     275    9
     276    9
     277    9
     278    9
     279    9
     280    9
     281    9
     282   11
     283   11
     284   11
     285   11
     286   11
     287   11
     288    9
     289    9
     290    5
     291    6
     292    6
     293    6
     294    2
     295    2
     296    2
     297    2
     298    2
     299    6
     300    9
     301    1
     302    8
     303    9
     304    9
     305    9
     306    8
     307    7
     308    7
     309   12
     310    2
     311    6
     312    6
     313    6
     314    5
     315    5
     316    6
     317    5
     318    1
     319    1
     320    5
     321    2
     322    2
     323    2
     324    2
     325    5
     326    1
     327    9
     328    6
     329    5
     330    6
     331    6
     332    6
     333    5
     334    2
     335    2
     336    6
     337    7
     338    7
     339   12
     340   12
     341   12
     342   12
     343    7
     344   12
     345    7
     346    6
     347    6
     348    6
     349    6
     350   12
     351   12
     352   12
     353   12
     354    8
     355    6
     356    6
     357    5
     358    6
     359    8
     360    7
     361    7
     362    6
     363    6
     364    7
     365   12
     366   12
     367   12
     368   12
     369    7
     370   12
     371   12
     372   12
     373   12
     374    7
     375    7
     376   12
     377   12
     378    6
     379    5
     380    5
     381    2
     382    2
     383    2
     384    1
     385   12
     386   10
     387    9
     388   11
     389   11
     390   11
     391   11
     392   11
     393   11
     394   11
     395   11
     396   11
     397   11
     398   11
     399   11
     400   11
     401   11
     402   11
     403   10
     404   10
     405   10
     406   10
     407   10
     408   10
     409   10
     410   10
     411   10
     412   11
     413   11
     414   11
     415   11
     416   11
     417   11
     418   11
     419   11
     420    9
     421    9
     422   12
     423   12
     424    2
     425    2
     426   12
     427   12
     428   10
     429    9
     430   12
     431    9
     432    9
     433    9
     434   11
     435   11
     436   11
     437   11
     438    9
     439    9
     440    9
     441    9
     442    8
     443    7
     444   12
     445    7
     446    8
     447    7
     448    8
     449    8
     450   12
     451   12
     452    7
     453    7
     454    8
     455    7
     456    2
     457    2
     458    2
     459    3
     460    3
     461    6
     462    6
     463    6
     464    6
     465    6
     466    5
     467    5
     468    6
     469    1
     470    3
     471    6
     472    6
     473    6
     474    6
     475    6
     476    6
     477    6
     478    6
     479    5
     480    5
     481    3
     482    6
     483    5
     484    6
     485   12
     486    6
     487    6
     488    6
     489    6
     490    2
     491    2
     492    2
     493    2
     494    6
     495    5
     496    5
     497    5
     498    6
     499    6
     500    3
     501    1
     502    1
     503    5
     504    6
     505    6
     506    5
     507    6
     508    5
     509    2
     510    6
     511    6
     512    5
     513    5
     514    6
     515    1
     516    1
     517    1
     518    3
     519    6
     520    5
     521    6
     522    8
     523    6
     524    6
     525    6
     526    5
     527    3
     528    5
     529    6
     530    6
     531    6
     532    2
     533   11
     534    9
     535   11
     536   11
     537    9
     538   11
     539   11
     540   11
     541   10
     542   10
     543   10
     544   10
     545   10
     546   10
     547   10
     548    9
     549   11
     550   11
     551   11
     552   11
     553   11
     554   11
     555   11
     556   11
     557   11
     558    9
     559   11
     560    9
     561   10
     562   10
     563   10
     564   10
     565   10
     566   10
     567   10
     568   10
     569   10
     570   10
     571   10
     572   10
     573   10
     574   10
     575   10
     576   10
     577   10
     578   10
     579   10
     580   10
     581   10
     582   10
     583   10
     584   10
     585   10
     586   10
     587   10
     588   10
     589   10
     590   10
     591   10
     592   10
     593   10
     594   10
     595   10
     596   10
     597   10
     598   10
     599   10
     600   10
     601   10
     602   10
     603   10
     604   10
     605   10
     606   10
     607   10
     608   10
     609   10
     610   10
     611   10
     612   10
     613   10
     614   10
     615   10
     616   10
     617   10
     618   10
     619   10
     620   10
     621   10
     622   10
     623   10
     624   10
     625   10
     626   10
     627   10
     628   10
     629   10
     630   10
     631   10
     632   10
     633   10
     634   10
     635   10
     636   10
     637   10
     638   10
     639   10
     640   10
     641   10
     642   10
     643   10
     644   10
     645   10
     646   11
     647   11
     648   12
     649   12
     650   12
     651    8
     652   12
     653   12
     654   12
     655    9
     656   12
     657    8
     658    8
     659    8
     660    9
     661   10
     662   10
     663   12
     664   12
     665    7
     666    7
     667    7
     668    1
     669    1
     670    1
     671    1
     672    1
     673    3
     674    3
     675    5
     676    6
     677   12
     678    1
     679    1
     680    1
     681    3
     682    3
     683    3
     684    3
     685    3
     686    5
     687    6
     688    8
     689    6
     690    6
     691    5
     692    3
     693    3
     694    3
     695    3
     696    3
     697    3
     698    3
     699    3
     700    4
     701    5
     702    3
     703    3
     704    3
     705    3
     706    5
     707    6
     708   12
     709   12
     710    8
     711   12
     712   12
     713    8
     714    6
     715    5
     716    6
     717    2
     718    2
     719   12
     720    7
     721    6
     722    5
     723    5
     724    3
     725    5
     726    3
     727    5
     728    5
     729    5
     730    3
     731    6
     732    2
     733    2
     734    2
     735    2
     736    9
     737    9
     738   11
     739   11
     740   11
     741    6
     742    6
     743    2
     744    2
     745    2
     746   12
     747    9
     748    6
     749    5
     750    6
     751    6
     752    5
     753    2
     754    2
     755    2
     756    2
     757    5
     758    5
     759    2
     760    2
     761    2
     762    2
     763    2
     764    2
     765    2
     766    2
     767    2
     768    6
     769    2
     770    2
     771    6
     772    6
     773    2
     774    2
     775    2
     776    2
     777    2
     778    2
     779    2
     780    2
     781    2
     782    2
     783    2
     784    6
     785    5
     786    6
     787    4
     788    4
     789    6
     790    6
     791    5
     792    6
     793    5
     794    5
     795    2
     796    2
     797    2
     798    6
     799    6
     800    6
     801    6
     802    6
     803    6
     804    6
     805    5
     806    5
     807    6
     808    6
     809    5
     810    6
     811    5
     812    5
     813    6
     814    6
     815    5
     816    6
     817    6
     818    2
     819    6
     820    6
     821    6
     822    7
     823    7
     824    6
     825    6
     826    5
     827    2
     828    2
     829   11
     830    9
     831   11
     832   11
     833    9
     834   11
     835   11
     836   11
     837   11
     838   11
     839   11
     840   11
     841   11
     842   11
     843    9
     844   11
     845   11
     846   11
     847   11
     848    9
     849   11
     850   11
     851   11
     852   11
     853   11
     854   11
     855   11
     856   11
     857   11
     858   11
     859   11
     860   11
     861   11
     862    9
     863   11
     864   11
     865   11
     866    9
     867   11
     868   11
     869   11
     870   11
     871   11
     872   11
     873   11
     874   11
     875   11
     876   11
     877   11
     878   11
     879   11
     880   11
     881   11
     882   11
     883   11
     884    9
     885    9
     886    9
     887   11
     888   11
     889   11
     890   11
     891    9
     892   11
     893   11
     894   11
     895   11
     896   11
     897   11
     898    9
     899    9
     900   11
     901    9
     902    9
     903   12
     904    8
     905    5
     906    5
     907    5
     908    5
     909    6
     910    1
     911    1
     912    2
     913    5
     914    6
     915    6
     916    2
     917    2
     918    2
     919    2
     920    6
     921    7
     922    7
     923    6
     924    6
     925    5
     926    5
     927    5
     928    6
     929    6
     930    6
     931    6
     932    5
     933    2
     934    2
     935    2
     936    6
     937    7
     938    6
     939    2
     940   11
     941   11
     942   11
     943   10
     944   10
     945   10
     946   10
     947   10
     948   10
     949   10
     950   10
     951   10
     952    7
     953    7
     954    7
     955    7
     956    6
     957    2
     958    6
     959    6
     960    2
     961    6
     962    6
     963    2
     964   11
     965   11
     966   11
     967    9
     968    2
     969    6
     970    6
     971    2
     972    6
     973    5
     974    5
     975    6
     976    6
     977    6
     978    6
     979    5
     980    6
     981   12
     982   12
     983    7
     984   12
     985   12
     986   12
     987    8
     988   12
     989    6
     990    6
     991    2
     992    2
     993    2
     994    2
     995    2
     996   12
     997    9
     998    9
     999    8
    1000    9
    1001   12
    1002   12
    1003   12
    1004   12
    1005    6
    1006    6
    1007    3
    1008    5
    1009    6
    1010    2
    1011    6
    1012    5
    1013    5
    1014    5
    1015    6
    1016    6
    1017    5
    1018    3
    1019    6
    1020    6
    1021    5
    1022    2
    1023    2
    1024    6
    1025    8
    1026    7
    1027    6
    1028    6
    1029    6
    1030    6
    1031    5
    1032    2
    1033    2
    1034    1
    1035    1
    1036    6
    1037    6
    1038    6
    1039    6
    1040    6
    1041    6
    1042    6
    1043    5
    1044    6
    1045   12
    1046   12
    1047    6
    1048    6
    1049    6
    1050    6
    1051    6
    1052    6
    1053    6
    1054    6
    1055    6
    1056   12
    1057   12
    1058    6
    1059    5
    1060    2
    1061    6
    1062    6
    1063    6
    1064    6
    1065    7
    1066    6
    1067    6
    1068    6
    1069    6
    1070    6
    1071    5
    1072    5
    1073    2
    1074    2
    1075    6
    1076    6
    1077    6
    1078    2
    1079    2
    1080    5
    1081    6
    1082    5
    1083    6
    1084    6
    1085    6
    1086    7
    1087   12
    1088   12
    1089   12
    1090   11
    1091   11
    1092   11
    1093   11
    1094    8
    1095    7
    1096    6
    1097    6
    1098   12
    1099   12
    1100   12
    1101   10
    1102    9
    1103   10
    1104   10
    1105   12
    1106   12
    1107    8
    1108    5
    1109    6
    1110    2
    1111    9
    1112    9
    1113   10
    1114   10
    1115    9
    1116    9
    1117    7
    1118   12
    1119   11
    1120   11
    1121   12
    1122   12
    1123    2
    1124    6
    1125    6
    1126    5
    1127    5
    1128    6
    1129    5
    1130    6
    1131    6
    1132    6
    1133    6
    1134    7
    1135    6
    1136    6
    1137    6
    1138    8
    1139    8
    1140   12
    1141   11
    1142   11
    1143   11
    1144    9
    1145    6
    1146    6
    1147    5
    1148    2
    1149    2
    1150    2
    1151    2
    1152    3
    1153    6
    1154    6
    1155    8
    1156    7
    1157    7
    1158    9
    1159   12
    1160   12
    1161   12
    1162    7
    1163    7
    1164    5
    1165    3
    1166    3
    1167    6
    1168    5
    1169    5
    1170    5
    1171    4
    1172    4
    1173    3
    1174    3
    1175    6
    1176    5
    1177    6
    1178    5
    1179    4
    1180    4
    1181    3
    1182    5
    1183    4
    1184    4
    1185    4
    1186    4
    1187    4
    1188    4
    1189    4
    1190    3
    1191    5
    1192    3
    1193    1
    1194    1
    1195    1
    1196    1
    1197    2
    1198    2
    1199    2
    1200    2
    1201    2
    1202    2
    1203    2
    1204    6
    1205    6
    1206    5
    1207    6
    1208    5
    1209    5
    1210    6
    1211    6
    1212    9
    1213   10
    1214   10
    1215    7
    1216    7
    1217    7
    1218    7
    1219    6
    1220    6
    1221    5
    1222    6
    1223    6
    1224    2
    1225    2
    1226    6
    1227    6
    1228    7
    1229   12
    1230    9
    1231    9
    1232   11
    1233   11
    1234   11
    1235    9
    1236   11
    1237    9
    1238   11
    1239   12
    1240    2
    1241    6
    1242    7
    1243   11
    1244    9
    1245   11
    1246    7
    1247    5
    1248    2
    1249    6
    1250    2
    1251    2
    1252    2
    1253    1
    1254    1
    1255    6
    1256    2
    1257    2
    1258    2
    1259    2
    1260    2
    1261    2
    1262    9
    1263    9
    1264   11
    1265   11
    1266   11
    1267    9
    1268   10
    1269    9
    1270   12
    1271    8
    1272    6
    1273    2
    1274    5
    1275    5
    1276    6
    1277    5
    1278    5
    1279    3
    1280    3
    1281    6
    1282    5
    1283    3
    1284    3
    1285    3
    1286    3
    1287    3
    1288    6
    1289    6
    1290    2
    1291    2
    1292    2
    1293    2
    1294    5
    1295    6
    1296    2
    1297    6
    1298    6
    1299    7
    1300   12
    1301    8
    1302    6
    1303    4
    1304    1
    1305    1
    1306    1
    1307   12
    1308   12
    1309   12
    1310    8
    1311    8
    1312   12
    1313   12
    1314   12
    1315   12
    1316    1
    1317    1
    1318    1
    1319    1
    1320    5
    1321    5
    1322    6
    1323    5
    1324    6
    1325    6
    1326    1
    1327    5
    1328    5
    1329    6
    1330    6
    1331    6
    1332    5
    1333    3
    1334    6
    1335    6
    1336    3
    1337    3
    1338    3
    1339    5
    1340    6
    1341    5
    1342    3
    1343    6
    1344    6
    1345    7
    1346    7
    1347    6
    1348    6
    1349    6
    1350    6
    1351   12
    1352    8
    1353    8
    1354    6
    1355    8
    1356    9
    1357    7
    1358    6
    1359    6
    1360    6
    1361    2
    1362    6
    1363    5
    1364    6
    1365    6
    1366    5
    1367    1
    1368    6
    1369    6
    1370    8
    1371   12
    1372    8
    1373   12
    1374   12
    1375   12
    1376    8
    1377    6
    1378    5
    1379    3
    1380    3
    1381    3
    1382    3
    1383    3
    1384    3
    1385    5
    1386    5
    1387    5
    1388    3
    1389    3
    1390    1
    1391    1
    1392    5
    1393    1
    1394    1
    1395    1
    1396    1
    1397    1
    1398    1
    1399    1
    1400    3
    1401    6
    1402    5
    1403    5
    1404    5
    1405    2
    1406    6
    1407    5
    1408    5
    1409    2
    1410    5
    1411    6
    1412    5
    1413    6
    1414    6
    1415    5
    1416    6
    1417    6
    1418    1
    1419    1
    1420   12
    1421   12
    1422    7
    1423    7
    1424    6
    1425    6
    1426    5
    1427    6
    1428    6
    1429    6
    1430    7
    1431    6
    1432    6
    1433    6
    1434    9
    1435    9
    1436    9
    1437    9
    1438    7
    1439    6
    1440    5
    1441    6
    1442    6
    1443    9
    1444    9
    1445    2
    1446    6
    1447    6
    1448    2
    1449    9
    1450    6
    1451    2
    1452    2
    1453    5
    1454    6
    1455    6
    1456    8
    1457   11
    1458   11
    1459   11
    1460   11
    1461    9
    1462    9
    1463   12
    1464   12
    1465    8
    1466    7
    1467   12
    1468    7
    1469    9
    1470   11
    1471   11
    1472   11
    1473   11
    1474    6
    1475    5
    1476    9
    1477   12
    1478   12
    1479    9
    1480   11
    1481   11
    1482   11
    1483   11
    1484   11
    1485   11
    1486    9
    1487    9
    1488   11
    1489   11
    1490   11
    1491   11
    1492   11
    1493    9
    1494    9
    1495   11
    1496   11
    1497   11
    1498   10
    1499   10
    1500   10
    1501   10
    1502    9
    1503   11
    1504   11
    1505   11
    1506   11
    1507   11
    1508   11
    1509   11
    1510   11
    1511   11
    1512   12
    1513    8
    1514    7
    1515    9
    1516   11
    1517   11
    1518    9
    1519   11
    1520   11
    1521   11
    1522   11
    1523   11
    1524   11
    1525   11
    1526   11
    1527   11
    1528   11
    1529   11
    1530   11
    1531   11
    1532   10
    1533   10
    1534   10
    1535   10
    1536   10
    1537   10
    1538   10
    1539   10
    1540   10
    1541   11
    1542   11
    1543   11
    1544    9
    1545   11
    1546   11
    1547   11
    1548   11
    1549   11
    1550   11
    1551    2
    1552    6
    1553    5
    1554    6
    1555    6
    1556    6
    1557    6
    1558    6
    1559    6
    1560    5
    1561    6
    1562    2
    1563    2
    1564    2
    1565    2
    1566    2
    1567    3
    1568    3
    1569    3
    1570    3
    1571    3
    1572    3
    1573    3
    1574    3
    1575    3
    1576    5
    1577    6
    1578    6
    1579    8
    1580   12
    1581   12
    1582    7
    1583    7
    1584    1
    1585    1
    1586    1
    1587    1
    1588    1
    1589    1
    1590    1
    1591    3
    1592    3
    1593    3
    1594    5
    1595    6
    1596    7
    1597   12
    1598   12
    1599   12
    1600   12
    1601   12
    1602   12
    1603   12
    1604    8
    1605    6
    1606    5
    1607    6
    1608    6
    1609   12
    1610   12
    1611   15
    1612   15
    1613    7
    1614    7
    1615    7
    1616    6
    1617    5
    1618    3
    1619    3
    1620    5
    1621    5
    1622    5
    1623    3
    1624    6
    1625    2
    1626    2
    1627    2
    1628    2
    1629    2
    1630    2
    1631    2
    1632    2
    1633    2
    1634    2
    1635    2
    1636    2
    1637    2
    1638    2
    1639    2
    1640    2
    1641    2
    1642    1
    1643    1
    1644    8
    1645    6
    1646    5
    1647    5
    1648    3
    1649    3
    1650    3
    1651    3
    1652    3
    1653    3
    1654    3
    1655    3
    1656    3
    1657    3
    1658    3
    1659    3
    1660    3
    1661    3
    1662    3
    1663    3
    1664    3
    1665    3
    1666    3
    1667    3
    1668    3
    1669    3
    1670    5
    1671    3
    1672    3
    1673    3
    1674    2
    1675    2
    1676    2
    1677   12
    1678   12
    1679   12
    1680   12
    1681   11
    1682   11
    1683   11
    1684   11
    1685    9
    1686   11
    1687   11
    1688    9
    1689    9
    1690    6
    1691    2
    1692   11
    1693   11
    1694   11
    1695   11
    1696   11
    1697   11
    1698   11
    1699   11
    1700   11
    1701   11
    1702    2
    1703    5
    1704    1
    1705    1
    1706    5
    1707    2
    1708    5
    1709    1
    1710    1
    1711    1
    1712    2
    1713    2
    1714    2
    1715    2
    1716    2
    1717    2
    1718    2
    1719    5
    1720    5
    1721    6
    1722    7
    1723   12
    1724    8
    1725    8
    1726   12
    1727    9
    1728   11
    1729    1
    1730    1
    1731    1
    1732    1
    1733    5
    1734    6
    1735    3
    1736    1
    1737    3
    1738    3
    1739    2
    1740    2
    1741    2
    1742    2
    1743    2
    1744    8
    1745   12
    1746   11
    1747   11
    1748   11
    1749   11
    1750   11
    1751   11
    1752   11
    1753    9
    1754    9
    1755    9
    1756   11
    1757   11
    1758   11
    1759   11
    1760   11
    1761    9
    1762    9
    1763    6
    1764    2
    1765    2
    1766    2
    1767    2
    1768    2
    1769    6
    1770    2
    1771    6
    1772    9
    1773    9
    1774   11
    1775   11
    1776    9
    1777    7
    1778    7
    1779    7
    1780    7
    1781    6
    1782    7
    1783   12
    1784   12
    1785   12
    1786    9
    1787   11
    1788   11
    1789   11
    1790   11
    1791   11
    1792   11
    1793   11
    1794   11
    1795   11
    1796    9
    1797   11
    1798   11
    1799   11
    1800   11
    1801   11
    1802   11
    1803   11
    1804   11
    1805   11
    1806   11
    1807   11
    1808   11
    1809    9
    1810   11
    1811    9
    1812    7
    1813    7
    1814    9
    1815    9
    1816    9
    1817    9
    1818   12
    1819   12
    1820   12
    1821   12
    1822   12
    1823   12
    1824   12
    1825   12
    1826   12
    1827   12
    1828    9
    1829   11
    1830    8
    1831    8
    1832   12
    1833    8
    1834   12
    1835   12
    1836   12
    1837   12
    1838    8
    1839   11
    1840   11
    1841   11
    1842   11
    1843   11
    1844   11
    1845   11
    1846    9
    1847    7
    1848    8
    1849    8
    1850    7
    1851   11
    1852   11
    1853   11
    1854   11
    1855    9
    1856   11
    1857   11
    1858   11
    1859   11
    1860   11
    1861   11
    1862    9
    1863   11
    1864   11
    1865   11
    1866   11
    1867    9
    1868    9
    1869   11
    1870   11
    1871   11
    1872   11
    1873   11
    1874   11
    1875   11
    1876   11
    1877   11
    1878   11
    1879   11
    1880   10
    1881   10
    1882    9
    1883   11
    1884   11
    1885   11
    1886   11
    1887   11
    1888   11
    1889   11
    1890    9
    1891    9
    1892    2
    1893    2
    1894    2
    1895    2
    1896    2
    1897    6
    1898    7
    1899    8
    1900    7
    1901    7
    1902    7
    1903    7
    1904    8
    1905   12
    1906    9
    1907    9
    1908   11
    1909   11
    1910   11
    1911    9
    1912   11
    1913   11
    1914   11
    1915    9
    1916   11
    1917   11
    1918   11
    1919    9
    1920   11
    1921    9
    1922   11
    1923   11
    1924   11
    1925   11
    1926   11
    1927    9
    1928    9
    1929   11
    1930   11
    1931   11
    1932   11
    1933   11
    1934   11
    1935   11
    1936   11
    1937   11
    1938   11
    1939   11
    1940    9
    1941    9
    1942    9
    1943    9
    1944    9
    1945   12
    1946   12
    1947   12
    1948   12
    1949   12
    1950   12
    1951   12
    1952   12
    1953   12
    1954   12
    1955   11
    1956   11
    1957   11
    1958    9
    1959    9
    1960   11
    1961   11
    1962   11
    1963    9
    1964   11
    1965   11
    1966   11
    1967   11
    1968   11
    1969   11
    1970   11
    1971   11
    1972   11
    1973   11
    1974   11
    1975   11
    1976   11
    1977   11
    1978   11
    1979   11
    1980   11
    1981   11
    1982   11
    1983   11
    1984   11
    1985    9
    1986   11
    1987   11
    1988   11
    1989   11
    1990   11
    1991    9
    1992   11
    1993    9
    1994    9
    1995   11
    1996   11
    1997    9
    1998   11
    1999   11
    2000   11
    2001    9
    2002   11
    2003   11
    2004   11
    2005   11
    2006   11
    2007    9
    2008   11
    2009    6
    2010    6
    2011   12
    2012   12
    2013   12
    2014    7
    2015    7
    2016    9
    2017   11
    2018    9
    2019   10
    2020   10
    2021   10
    2022   10
    2023    6
    2024    5
    2025    3
    2026    3
    2027    3
    2028    3
    2029    3
    2030    5
    2031    3
    2032    3
    2033    3
    2034    3
    2035    1
    2036    1
    2037    1
    2038    1
    2039    1
    2040    1
    2041    1
    2042    2
    2043    2
    2044    2
    2045    2
    2046    3
    2047    3
    2048    6
    2049    6
    2050    2
    2051    2
    2052    2
    2053    2
    2054    2
    2055    2
    2056    2
    2057   11
    2058   11
    2059   11
    2060   11
    2061   11
    2062   11
    2063   11
    2064   11
    2065    9
    2066   11
    2067   11
    2068   11
    2069   11
    2070   11
    2071   11
    2072   11
    2073   11
    2074   11
    2075   11
    2076   11
    2077   11
    2078   11
    2079   11
    2080   11
    2081   11
    2082   11
    2083   11
    2084   11
    2085   11
    2086   11
    2087   11
    2088   11
    2089   11
    2090    9
    2091    9
    2092   11
    2093   11
    2094   11
    2095   11
    2096   11
    2097   11
    2098   11
    2099   11
    2100   11
    2101   11
    2102   11
    2103   11
    2104   11
    2105   11
    2106   11
    2107   11
    2108   11
    2109   11
    2110   11
    2111   11
    2112   11
    2113   11
    2114   11
    2115   11
    2116   11
    2117   11
    2118   11
    2119   11
    2120   11
    2121   11
    2122   11
    2123   11
    2124   11
    2125   11
    2126    9
    2127   11
    2128   11
    2129   11
    2130   11
    2131   11
    2132   11
    2133   11
    2134   11
    2135   11
    2136   11
    2137   11
    2138   11
    2139   11
    2140   11
    2141   11
    2142   11
    2143   11
    2144   11
    2145   11
    2146   11
    2147   11
    2148   11
    2149   11
    2150   11
    2151   11
    2152   11
    2153   11
    2154   11
    2155   11
    2156   11
    2157   11
    2158   11
    2159   11
    2160   11
    2161   11
    2162   11
    2163   11
    2164    9
    2165   11
    2166   11
    2167   11
    2168   11
    2169   11
    2170   11
    2171   11
    2172    9
    2173   11
    2174   11
    2175   11
    2176   11
    2177   11
    2178   11
    2179   11
    2180   11
    2181   11
    2182    9
    2183    9
    2184    9
    2185   11
    2186   11
    2187   11
    2188   11
    2189    9
    2190    6
    2191   11
    2192   11
    2193   11
    2194   11
    2195   11
    2196    9
    2197   11
    2198   11
    2199    9
    2200   12
    2201    7
    2202    7
    2203   12
    2204   11
    2205   11
    2206   11
    2207   11
    2208   11
    2209   11
    2210    9
    2211   11
    2212   11
    2213   11
    2214   11
    2215   11
    2216   11
    2217   11
    2218   11
    2219   11
    2220   11
    2221   11
    2222   11
    2223   11
    2224   11
    2225   11
    2226   11
    2227    9
    2228    9
    2229    1
    2230    1
    2231    6
    2232    6
    2233    5
    2234    1
    2235    1
    2236    1
    2237    1
    2238    2
    2239    2
    2240    2
    2241    2
    2242    2
    2243    1
    2244   12
    2245   12
    2246   11
    2247   11
    2248   11
    2249   11
    2250    9
    2251   11
    2252   11
    2253   11
    2254   11
    2255   11
    2256   11
    2257   11
    2258    9
    2259   10
    2260   10
    2261   10
    2262   10
    2263    9
    2264   11
    2265   11
    2266   10
    2267   10
    2268   10
    2269   10
    2270   10
    2271   10
    2272   10
    2273   10
    2274   10
    2275   10
    2276   10
    2277   10
    2278   10
    2279   10
    2280   10
    2281   10
    2282   10
    2283   11
    2284   11
    2285   11
    2286   11
    2287   11
    2288   11
    2289   11
    2290   11
    2291   11
    2292   11
    2293   11
    2294   11
    2295    9
    2296   10
    2297   10
    2298    6
    2299    6
    2300    2
    2301    2
    2302   12
    2303   12
    2304   12
    2305   12
    2306   12
    2307   12
    2308   12
    2309   12
    2310   12
    2311   12
    2312   12
    2313   12
    2314   12
    2315   12
    2316   12
    2317    1
    2318    1
    2319   12
    2320   12
    2321   12
    2322   12
    2323    1
    2324    1
    2325    1
    2326    1
    2327    6
    2328    6
    2329    5
    2330    3
    2331    5
    2332    3
    2333    3
    2334    3
    2335    1
    2336    1
    2337    3
    2338    3
    2339    1
    2340    2
    2341    2
    2342    2
    2343    2
    2344    2
    2345    2
    2346    3
    2347    3
    2348    3
    2349    3
    2350    5
    2351    3
    2352    3
    2353    3
    2354    3
    2355    5
    2356    6
    2357    5
    2358    6
    2359    2
    2360    2
    2361    2
    2362    6
    2363    2
    2364    6
    2365    8
    2366    8
    2367    8
    2368    8
    2369    8
    2370    8
    2371    8
    2372   12
    2373   12
    2374   12
    2375   12
    2376    8
    2377    7
    2378    7
    2379   12
    2380    6
    2381    7
    2382    8
    2383    8
    2384   12
    2385    8
    2386    7
    2387    6
    2388    5
    2389    6
    2390    7
    2391   11
    2392   11
    2393   11
    2394   12
    2395   12
    2396   12
    2397   12
    2398   12
    2399   12
    2400    1
    2401    1
    2402    2
    2403    2
    2404    2
    2405    2
    2406    2
    2407    2
    2408    2
    2409    2
    2410    2
    2411    2
    2412    2
    2413    1
    2414    3
    2415    3
    2416    1
    2417    1
    2418    3
    2419    3
    2420    3
    2421    3
    2422    1
    2423    3
    2424    3
    2425    3
    2426    3
    2427    3
    2428    5
    2429    7
    2430    8
    2431    8
    2432   12
    2433   12
    2434   12
    2435   12
    2436    7
    2437    7
    2438    7
    2439    8
    2440    8
    2441   12
    2442   12
    2443   12
    2444   12
    2445   12
    2446    8
    2447    8
    2448    8
    2449    7
    2450    8
    2451    8
    2452    8
    2453    8
    2454   12
    2455    8
    2456    6
    2457    6
    2458    6
    2459    6
    2460    6
    2461    5
    2462    6
    2463    2
    2464    2
    2465    2
    2466    2
    2467    2
    2468    5
    2469    6
    2470    6
    2471    9
    2472   11
    2473   11
    2474   11
    2475   11
    2476   11
    2477   11
    2478    2
    2479    2
    2480    2
    2481    2
    2482    2
    2483    2
    2484    2
    2485    2
    2486    5
    2487    5
    2488    3
    2489    6
    2490    6
    2491    5
    2492    6
    2493    8
    2494    8
    2495   11
    2496   11
    2497    9
    2498    9
    2499    7
    2500    7
    2501    7
    2502   12
    2503   12
    2504    6
    2505    6
    2506    6
    2507    2
    2508    2
    2509    1
    2510    1
    2511   12
    2512   12
    2513   12
    2514   12
    2515    1
    2516    1
    2517    1
    2518    1
    2519    1
    2520    1
    2521    1
    2522   12
    2523   12
    2524   12
    2525   12
    2526   12
    2527   12
    2528   12
    2529   12
    2530   12
    2531   12
    2532   12
    2533   12
    2534   12
    2535   12
    2536   12
    2537   12
    2538   12
    2539   12
    2540   12
    2541   12
    2542    8
    2543   12
    2544   12
    2545   12
    2546   12
    2547   12
    2548   12
    2549   12
    2550   12
    2551   12
    2552   12
    2553   12
    2554   12
    2555   12
    2556   12
    2557    1
    2558    1
    2559    1
    2560   12
    2561   12
    2562   12
    2563   12
    2564   12
    2565    1
    2566    1
    2567    1
    2568    1
    2569    3
    2570    6
    2571   12
    2572    8
    2573    8
    2574   15
    2575   15
    2576   15
    2577    8
    2578   12
    2579    7
    2580    7
    2581    7
    2582    8
    2583    7
    2584   12
    2585    7
    2586    2
    2587    2
    2588   12
    2589    8
    2590    7
    2591    8
    2592    8
    2593    7
    2594    8
    2595    8
    2596    7
    2597   12
    2598   10
    2599    9
    2600    9
    2601    9
    2602   12
    2603    7
    2604    6
    2605    5
    2606    5
    2607    5
    2608    5
    2609    6
    2610    2
    2611    2
    2612    6
    2613    2
    2614    2
    2615    2
    2616    2
    2617    6
    2618    5
    2619    5
    2620    5
    2621    2
    2622    2
    2623    2
    2624    2
    2625    1
    2626    1
    2627    1
    2628   12
    2629   12
    2630   12
    2631   12
    2632   12
    2633   12
    2634   12
    2635    1
    2636   12
    2637    4
    2638    4
    2639   12
    2640   12
    2641   12
    2642   12
    2643   12
    2644   12
    2645   12
    2646   12
    2647   12
    2648    4
    2649   12
    2650   12
    2651   12
    2652   12
    2653    4
    2654    4
    2655    5
    2656    1
    2657    3
    2658    3
    2659    4
    2660    4
    2661    6
    2662    9
    2663   10
    2664   10
    2665   10
    2666   10
    2667   10
    2668   10
    2669   10
    2670   10
    2671    9
    2672   11
    2673   11
    2674    8
    2675    1
    2676    1
    2677    1
    2678    1
    2679    1
    2680    1
    2681    1
    2682    1
    2683    1
    2684    1
    2685    3
    2686    3
    2687    3
    2688    3
    2689    3
    2690    3
    2691    3
    2692    3
    2693    5
    2694    6
    2695   12
    2696   12
    2697   12
    2698    7
    2699    6
    2700    6
    2701    3
    2702    3
    2703    3
    2704    1
    2705    3
    2706    3
    2707    1
    2708    1
    2709    1
    2710    1
    2711    1
    2712    1
    2713    1
    2714    1
    2715    2
    2716    2
    2717    6
    2718    1
    2719    1
    2720    1
    2721    1
    2722    1
    2723    1
    2724    1
    2725    1
    2726    1
    2727    1
    2728    1
    2729   12
    2730   12
    2731   12
    2732   12
    2733    8
    2734   12
    2735    9
    2736    2
    2737    5
    2738    6
    2739   12
    2740   12
    2741   12
    2742   12
    2743   12
    2744    1
    2745    1
    2746    1
    2747    1
    2748    1
    2749    1
    2750    1
    2751    1
    2752    1
    2753    1
    2754    1
    2755    1
    2756    1
    2757    1
    2758    1
    2759    1
    2760    1
    2761    1
    2762    1
    2763    1
    2764    1
    2765    1
    2766    1
    2767    1
    2768    1
    2769    5
    2770    5
    2771    3
    2772    3
    2773    5
    2774    3
    2775    3
    2776    6
    2777    3
    2778    3
    2779    3
    2780    3
    2781    3
    2782    3
    2783    1
    2784    1
    2785    1
    2786    1
    2787    1
    2788    1
    2789    1
    2790    1
    2791    1
    2792    1
    2793    1
    2794   12
    2795    7
    2796    7
    2797    8
    2798    8
    2799    7
    2800   12
    2801    8
    2802   15
    2803   15
    2804   15
    2805   15
    2806    8
    2807   12
    2808   12
    2809    1
    2810    1
    2811   12
    2812   12
    2813   12
    2814   12
    2815   12
    2816    8
    2817   12
    2818   12
    2819   12
    2820   12
    2821    7
    2822    8
    2823   12
    2824   12
    2825    8
    2826    8
    2827   12
    2828   12
    2829   12
    2830    8
    2831   12
    2832    8
    2833   12
    2834    8
    2835   10
    2836   10
    2837   10
    2838   12
    2839   12
    2840    7
    2841    7
    2842   12
    2843   12
    2844   10
    2845   10
    2846    9
    2847   12
    2848   12
    2849   12
    2850   12
    2851   12
    2852   12
    2853   12
    2854   12
    2855   12
    2856   10
    2857   12
    2858   12
    2859   12
    2860    6
    2861    5
    2862    3
    2863    3
    2864    3
    2865    1
    2866    1
    2867    1
    2868    1
    2869    5
    2870    3
    2871    1
    2872    1
    2873   12
    2874   12
    2875   12
    2876    7
    2877    7
    2878   12
    2879    8
    2880    7
    2881    7
    2882    7
    2883    8
    2884    8
    2885   12
    2886   12
    2887    9
    2888   12
    2889   12
    2890   12
    2891    7
    2892    6
    2893    5
    2894    4
    2895    4
    2896    3
    2897    3
    2898    3
    2899    3
    2900    1
    2901    3
    2902    3
    2903    3
    2904    3
    2905    1
    2906    1
    2907    1
    2908    1
    2909    1
    2910    1
    2911    1
    2912    1
    2913    1
    2914    1
    2915    1
    2916    1
    2917    1
    2918    1
    2919    1
    2920   12
    2921   12
    2922   12
    2923    1
    2924    1
    2925    1
    2926    1
    2927    1
    2928    1
    2929    1
    2930    1
    2931    6
    2932    6
    2933    3
    2934    3
    2935    3
    2936    3
    2937    1
    2938    1
    2939    8
    2940    6
    2941    1
    2942    1
    2943    1
    2944    1
    2945   12
    2946   12
    2947   10
    2948   10
    2949   10
    2950   10
    2951   10
    2952   10
    2953   10
    2954   10
    2955   10
    2956   10
    2957   10
    2958   10
    2959   10
    2960   10
    2961   10
    2962   10
    2963   11
    2964   11
    2965   11
    2966   11
    2967   11
    2968   11
    2969   11
    2970    9
    2971   11
    2972   11
    2973   11
    2974   11
    2975   11
    2976   11
    2977   11
    2978   11
    2979   11
    2980   11
    2981   11
    2982   11
    2983   11
    2984   11
    2985   11
    2986   11
    2987   11
    2988   11
    2989   11
    2990   11
    2991   11
    2992   11
    2993   11
    2994   11
    2995    2
    2996    2
    2997    2
    2998    2
    2999    2
    3000    2
    3001    2
    3002    2
    3003    2
    3004    2
    3005    2
    3006    2
    3007    5
    3008    5
    3009    5
    3010    6
    3011    6
    3012    6
    3013    8
    3014   12
    3015    8
    3016    7
    3017   12
    3018    8
    3019    7
    3020    7
    3021   12
    3022    6
    3023    6
    3024    1
    3025    1
    3026    5
    3027    6
    3028    6
    3029    2
    3030    2
    3031    9
    3032   12
    3033   12
    3034   12
    3035    2
    3036    2
    3037    2
    3038    2
    3039    2
    3040    5
    3041    5
    3042    6
    3043    7
    3044    8
    3045   12
    3046    5
    3047    6
    3048    7
    3049    7
    3050    8
    3051    8
    3052   12
    3053    9
    3054    6
    3055    5
    3056    2
    3057    2
    3058   11
    3059   11
    3060   11
    3061   11
    3062   11
    3063    9
    3064   11
    3065   11
    3066   11
    3067   11
    3068   11
    3069   11
    3070   10
    3071   10
    3072   10
    3073   10
    3074   10
    3075   10
    3076   10
    3077   10
    3078   10
    3079   10
    3080   10
    3081   10
    3082   10
    3083    9
    3084   11
    3085   11
    3086   11
    3087   11
    3088   11
    3089   11
    3090   11
    3091    9
    3092   12
    3093   15
    3094   15
    3095    9
    3096    9
    3097   11
    3098   11
    3099   11
    3100   11
    3101   11
    3102   11
    3103   12
    3104    6
    3105    6
    3106    5
    3107    3
    3108    3
    3109    3
    3110    3
    3111    3
    3112    3
    3113    3
    3114    1
    3115    1
    3116    1
    3117    1
    3118    1
    3119    1
    3120    1
    3121    1
    3122    1
    3123    1
    3124    1
    3125    1
    3126   12
    3127   12
    3128   12
    3129   12
    3130   12
    3131    4
    3132   12
    3133   12
    3134   12
    3135    8
    3136    1
    3137   12
    3138    1
    3139    1
    3140    1
    3141    1
    3142    1
    3143    1
    3144    1
    3145    1
    3146    1
    3147    1
    3148   12
    3149   12
    3150   12
    3151   12
    3152   12
    3153   12
    3154   12
    3155    1
    3156    1
    3157   12
    3158   12
    3159   12
    3160   12
    3161   12
    3162   12
    3163   12
    3164   12
    3165    1
    3166    1
    3167    1
    3168    1
    3169    1
    3170    1
    3171   12
    3172    9
    3173   11
    3174   11
    3175   11
    3176   11
    3177   11
    3178   11
    3179   11
    3180   11
    3181   11
    3182   11
    3183    9
    3184    9
    3185   11
    3186   11
    3187    9
    3188    7
    3189    7
    3190    8
    3191    8
    3192    7
    3193    8
    3194    8
    3195    7
    3196    6
    3197    9
    3198   12
    3199    8
    3200    9
    3201   11
    3202   11
    3203   11
    3204   11
    3205    8
    3206    8
    3207   12
    3208   12
    3209   12
    3210   12
    3211    1
    3212    1
    3213    3
    3214    3
    3215    3
    3216    3
    3217    5
    3218    6
    3219   12
    3220   12
    3221   12
    3222   12
    3223   10
    3224   10
    3225   10
    3226   10
    3227   10
    3228   12
    3229   12
    3230    6
    3231    6
    3232    3
    3233    1
    3234    1
    3235    1
    3236    1
    3237    1
    3238    1
    3239    1
    3240    3
    3241    1
    3242    1
    3243    1
    3244    1
    3245    1
    3246    1
    3247    1
    3248    1
    3249    1
    3250    1
    3251    1
    3252    1
    3253   12
    3254    8
    3255   12
    3256   12
    3257    7
    3258   12
    3259   12
    3260    9
    3261   11
    3262   11
    3263   11
    3264   11
    3265   11
    3266   11
    3267   11
    3268   11
    3269   11
    3270   11
    3271   11
    3272   11
    3273   11
    3274   11
    3275   11
    3276   11
    3277   11
    3278    9
    3279    9
    3280    8
    3281    9
    3282    9
    3283   11
    3284   11
    3285   11
    3286    9
    3287   11
    3288   11
    3289    8
    3290   12
    3291    8
    3292    7
    3293   12
    3294    8
    3295    6
    3296    6
    3297    5
    3298    6
    3299    5
    3300    5
    3301    3
    3302    5
    3303    6
    3304   12
    3305   12
    3306    7
    3307    7
    3308    8
    3309    7
    3310    8
    3311   12
    3312   12
    3313   12
    3314    6
    3315    3
    3316    1
    3317    1
    3318    4
    3319    4
    3320    1
    3321   12
    3322   12
    3323   12
    3324   12
    3325   12
    3326    8
    3327   12
    3328   12
    3329    1
    3330    1
    3331    4
    3332    1
    3333    1
    3334    1
    3335    1
    3336    1
    3337    1
    3338    1
    3339    1
    3340    1
    3341   12
    3342   12
    3343    8
    3344   12
    3345    1
    3346    5
    3347   12
    3348   12
    3349    8
    3350   12
    3351    7
    3352   12
    3353   11
    3354   11
    3355    9
    3356    9
    3357   11
    3358   11
    3359   11
    3360   11
    3361   11
    3362   11
    3363    9
    3364    9
    3365   11
    3366   11
    3367   11
    3368    9
    3369   11
    3370   11
    3371   11
    3372   11
    3373   11
    3374   11
    3375   11
    3376   11
    3377   11
    3378   11
    3379   11
    3380    9
    3381    9
    3382   11
    3383   11
    3384   11
    3385   11
    3386   11
    3387   11
    3388   11
    3389   12
    3390   12
    3391    8
    3392   12
    3393   12
    3394   12
    3395   12
    3396   12
    3397   12
    3398   12
    3399    8
    3400   12
    3401   12
    3402    8
    3403   12
    3404   12
    3405   12
    3406   12
    3407   12
    3408   12
    3409    1
    3410    1
    3411    1
    3412    1
    3413    1
    3414    1
    3415    1
    3416    1
    3417    1
    3418   12
    3419   12
    3420   12
    3421   12
    3422    8
    3423    8
    3424    7
    3425   12
    3426   12
    3427   12
    3428   12
    3429   12
    3430   12
    3431   12
    3432   12
    3433   10
    3434   10
    3435   10
    3436   10
    3437    9
    3438   12
    3439   12
    3440   12
    3441   10
    3442   10
    3443   10
    3444   12
    3445   12
    3446   12
    3447   12
    3448   12
    3449   12
    3450   12
    3451   12
    3452   12
    3453    8
    3454    8
    3455   12
    3456   12
    3457   12
    3458   12
    3459   12
    3460    7
    3461    2
    3462    5
    3463    1
    3464    1
    3465    1
    3466    1
    3467    3
    3468    3
    3469    6
    3470    8
    3471    8
    3472   12
    3473   12
    3474    1
    3475    1
    3476    1
    3477    1
    3478    1
    3479    1
    3480    1
    3481    1
    3482    1
    3483    1
    3484    1
    3485    1
    3486    1
    3487    1
    3488    1
    3489    1
    3490    1
    3491    3
    3492    3
    3493    3
    3494    3
    3495    3
    3496    3
    3497    4
    3498    3
    3499    3
    3500    3
    3501    3
    3502    3
    3503    3
    3504    3
    3505    5
    3506    6
    3507   12
    3508   12
    3509   12
    3510   12
    3511   12
    3512   12
    3513   12
    3514   12
    3515   12
    3516    1
    3517    1
    3518    1
    3519    1
    3520    1
    3521    1
    3522    1
    3523    1
    3524    1
    3525    5
    3526    1
    3527    1
    3528   12
    3529   12
    3530   12
    3531   12
    3532   12
    3533    1
    3534    1
    3535    1
    3536    1
    3537    1
    3538    1
    3539    3
    3540    5
    3541    6
    3542    8
    3543   12
    3544   12
    3545   12
    3546    8
    3547    8
    3548    7
    3549    7
    3550    6
    3551    7
    3552    7
    3553   12
    3554   12
    3555    1
    3556    3
    3557    5
    3558    6
    3559   12
    3560   12
    3561    1
    3562    1
    3563    1
    3564    1
    3565    1
    3566    1
    3567    1
    3568    3
    3569    5
    3570    6
    3571    8
    3572   12
    3573   12
    3574   12
    3575   12
    3576    2
    3577    2
    3578    2
    3579    6
    3580    6
    3581    1
    3582    1
    3583    2
    3584    2
    3585    2
    3586    2
    3587   12
    3588   12
    3589   12
    3590   12
    3591   12
    3592   12
    3593   12
    3594   12
    3595   12
    3596   12
    3597   12
    3598   12
    3599   12
    3600    8
    3601   12
    3602   12
    3603   12
    3604   12
    3605   12
    3606   12
    3607   12
    3608   12
    3609   12
    3610   12
    3611   12
    3612   12
    3613   12
    3614   12
    3615    8
    3616   12
    3617   12
    3618   12
    3619   12
    3620   12
    3621   12
    3622   12
    3623   12
    3624   12
    3625    7
    3626    8
    3627   12
    3628   12
    3629    1
    3630    1
    3631    1
    3632    1
    3633    1
    3634    1
    3635    1
    3636    1
    3637    1
    3638    1
    3639    1
    3640    1
    3641   12
    3642   12
    3643   12
    3644   12
    3645    1
    3646    1
    3647    1
    3648    1
    3649    1
    3650    1
    3651    1
    3652    1
    3653    1
    3654    3
    3655    3
    3656    5
    3657    7
    3658   12
    3659   12
    3660   10
    3661   10
    3662   10
    3663   10
    3664   10
    3665   10
    3666   10
    3667   10
    3668   11
    3669   11
    3670   11
    3671   11
    3672   11
    3673   11
    3674   11
    3675   11
    3676   11
    3677   11
    3678   11
    3679   11
    3680   11
    3681   11
    3682   11
    3683   11
    3684   11
    3685   11
    3686   11
    3687   11
    3688   11
    3689   11
    3690   11
    3691   11
    3692   11
    3693   11
    3694   11
    3695   11
    3696   11
    3697   11
    3698   11
    3699   11
    3700   11
    3701   11
    3702   11
    3703   11
    3704   11
    3705   11
    3706   11
    3707   11
    3708   11
    3709   11
    3710   11
    3711   11
    3712   11
    3713   11
    3714   11
    3715   11
    3716   11
    3717   11
    3718   11
    3719   11
    3720   11
    3721   11
    3722   11
    3723   11
    3724   11
    3725   11
    3726   11
    3727   11
    3728   11
    3729   11
    3730   11
    3731   11
    3732   11
    3733   11
    3734   11
    3735   11
    3736   11
    3737   11
    3738   11
    3739   11
    3740   11
    3741   11
    3742   10
    3743   10
    3744   10
    3745   10
    3746   10
    3747   10
    3748   10
    3749   10
    3750   10
    3751   10
    3752   11
    3753   11
    3754   11
    3755   11
    3756   11
    3757   11
    3758   11
    3759   11
    3760   11
    3761   11
    3762   11
    3763   11
    3764   11
    3765   11
    3766   11
    3767   12
    3768   12
    3769   12
    3770   12
    3771   12
    3772   11
    3773   11
    3774   11
    3775   11
    3776   11
    3777   11
    3778   11
    3779   11
    3780   11
    3781   11
    3782   11
    3783   11
    3784   11
    3785   11
    3786   11
    3787   11
    3788   11
    3789   11
    3790   11
    3791   11
    3792   11
    3793   10
    3794   10
    3795   10
    3796   10
    3797   10
    3798   10
    3799   10
    3800   10
    3801   10
    3802   10
    3803   10
    3804   10
    3805   11
    3806   11
    3807   11
    3808   11
    3809   11
    3810   11
    3811   11
    3812   11
    3813   11
    3814   11
    3815   11
    3816   11
    3817   11
    3818   11
    3819   11
    3820   11
    3821   11
    3822   11
    3823   11
    3824   11
    3825   11
    3826   11
    3827   11
    3828   10
    3829   10
    3830   10
    3831   10
    3832   10
    3833   10
    3834   10
    3835   10
    3836   10
    3837   10
    3838   10
    3839   10
    3840   10
    3841   10
    3842   10
    3843   10
    3844   10
    3845   10
    3846   10
    3847   13
    3848   14
    3849   14
    3850   14
    3851   14
    3852   13
    3853   13
    3854   13
    3855   13
    3856   13
    3857   13
    3858   13
    3859   13
    3860   13
    3861   13
    3862   13
    3863   13
    3864   10
    3865   10
    3866   10
    3867   10
    3868   10
    3869   10
    3870   10
    3871   10
    3872   10
    3873   10
    3874   13
    3875   13
    3876   13
    3877   13
    3878   13
    3879   13
    3880   13
    3881   13
    3882   13
    3883   13
    3884   13
    3885   13
    3886   13
    3887   13
    3888   13
    3889   13
    3890   13
    3891   13
    3892   13
    3893   13
    3894   13
    3895   13
    3896   13
    3897   13
    3898   13
    3899   13
    3900   13
    3901   13
    3902   13
    3903   13
    3904   13
    3905   13
    3906   13
    3907   13
    3908   13
    3909   13
    3910   13
    3911   13
    3912   13
    3913   13
    3914   13
    3915   13
    3916   13
    3917   13
    3918   10
    3919   10
    3920   10
    3921   10
    3922   10
    3923   13
    3924   13
    3925   13
    3926   13
    3927   13
    3928   13
    3929   13
    3930   13
    3931   13
    3932   13
    3933   13
    3934   13
    3935   13
    3936   13
    3937   13
    3938   13
    3939   13
    3940   13
    3941   13
    3942   13
    3943   13
    3944   13
    3945   13
    3946   13
    3947   13
    3948   13
    3949   13
    3950   13
    3951   13
    3952   13
    3953   13
    3954   13
    3955   13
    3956   13
    3957   13
    3958    8
    3959    8
    3960   12
    3961   12
    3962   12
    3963   12
    3964   12
    3965   12
    3966   12
    3967   12
    3968   12
    3969   12
    3970   12
    3971   12
    3972   12
    3973   12
    3974    8
    3975    8
    3976   12
    3977   12
    3978   13
    3979   13
    3980   13
    3981   13
    3982   13
    3983   13
    3984   13
    3985   13
    3986   13
    3987   13
    3988   13
    3989   13
    3990   13
    3991   13
    3992   13
    3993   13
    3994   13
    3995   13
    3996   12
    3997   12
    3998   12
    3999   12
    4000   12
    4001    8
    4002   12
    4003   12
    4004   12
    4005   12
    4006   12
    4007   12
    4008    8
    4009   13
    4010   13
    4011   13
    4012   13
    4013   13
    4014   13
    4015   13
    4016   13
    4017   13
    4018   13
    4019   13
    4020   13
    4021   13
    4022   13
    4023   13
    4024   13
    4025   13
    4026   13
    4027   13
    4028   13
    4029   13
    4030   13
    4031   13
    4032   13
    4033   13
    4034   13
    4035   13
    4036   13
    4037   13
    4038   13
    4039   13
    4040   13
    4041   13
    4042   13
    4043   13
    4044   13
    4045   13
    4046   13
    4047   13
    4048   13
    4049   13
    4050   13
    4051   13
    4052   13
    4053   13
    4054   13
    4055   13
    4056   13
    4057   13
    4058   13
    4059    8
    4060    8
    4061    8
    4062   12
    4063   12
    4064   12
    4065   12
    4066   12
    4067   12
    4068   12
    4069   12
    4070   12
    4071   12
    4072   12
    4073   12
    4074   12
    4075   12
    4076   12
    4077   12
    4078   12
    4079   12
    4080   12
    4081    8
    4082    7
    4083   12
    4084   12
    4085   12
    4086   13
    4087   13
    4088   13
    4089   13
    4090   13
    4091   13
    4092   13
    4093   13
    4094   13
    4095   13
    4096   13
    4097   13
    4098   13
    4099   13
    4100   13
    4101   13
    4102   13
    4103   13
    4104   13
    4105   13
    4106   13
    4107   13
    4108   13
    4109   13
    4110   13
    4111   13
    4112   13
    4113    8
    4114    8
    4115   12
    4116    8
    4117    8
    4118   12
    4119   12
    4120   12
    4121   12
    4122    8
    4123   12
    4124   12
    4125   12
    4126   12
    4127   12
    4128   12
    4129   12
    4130   12
    4131   12
    4132   12
    4133   12
    4134   12
    4135   12
    4136   12
    4137   12
    4138   12
    4139   12
    4140   12
    4141   12
    4142   12
    4143    8
    4144   13
    4145   13
    4146   13
    4147   13
    4148   13
    4149   13
    4150   13
    4151   13
    4152   13
    4153   13
    4154   13
    4155   13
    4156   13
    4157   13
    4158   13
    4159   13
    4160   13
    4161   13
    4162   13
    4163   13
    4164   13
    4165   13
    4166   13
    4167   13
    4168   13
    4169   13
    4170   13
    4171   13
    4172   13
    4173   13
    4174   13
    4175   13
    4176   13
    4177   13
    4178   13
    4179   13
    4180   13
    4181   13
    4182   13
    4183   13
    4184   13
    4185   13
    4186   13
    4187   13
    4188   13
    4189   13
    4190   13
    4191   13
    4192   13
    4193   13
    4194   13
    4195   13
    4196   13
    4197   13
    4198   13
    4199   13
    4200   13
    4201   13
    4202   13
    4203   13
    4204   13
    4205   13
    4206   13
    4207   13
    4208   13
    4209   13
    4210   13
    4211   13
    4212   13
    4213   13
    4214   13
    4215   13
    4216   13
    4217   13
    4218   13
    4219   13
    4220   13
    4221   13
    4222   13
    4223   13
    4224   13
    4225   13
    4226   13
    4227   13
    4228   13
    4229   13
    4230   13
    4231   13
    4232   13
    4233   13
    4234   13
    4235   13
    4236   13
    4237   13
    4238   13
    4239   13
    4240   13
    4241   13
    4242   13
    4243   13
    4244   13
    4245   13
    4246   13
    4247   13
    4248   13
    4249   13
    4250   13
    4251   13
    4252   13
    4253   13
    4254   13
    4255   13
    4256   13
    4257   13
    4258   13
    4259   13
    4260   13
    4261   13
    4262   13
    4263   13
    4264   13
    4265   13
    4266   13
    4267   13
    4268   13
    4269   13
    4270   13
    4271   13
    4272   13
    4273   13
    4274   13
    4275   13
    4276   13
    4277   13
    4278   13
    4279   13
    4280   13
    4281   13
    4282   13
    4283   13
    4284   13
    4285   13
    4286   13
    4287   13
    4288   13
    4289   13
    4290   13
    4291   13
    4292   13
    4293   13
    4294   13
    4295   13
    4296   13
    4297   13
    4298   13
    4299   13
    4300   13
    4301   13
    4302   13
    4303   13
    4304   13
    4305   13
    4306   13
    4307   13
    4308   13
    4309   13
    4310   13
    4311   13
    4312   13
    4313   13
    4314   13
    4315   13
    4316   13
    4317   13
    4318   13
    4319   13
    4320   13
    4321   13
    4322   13
    4323   13
    4324   13
    4325   13
    4326   13
    4327   13
    4328   13
    4329   13
    4330   13
    4331   13
    4332   13
    4333   13
    4334   13
    4335   13
    4336   13
    4337   13
    4338   13
    4339   13
    4340   13
    4341   13
    4342   13
    4343   13
    4344   13
    4345   13
    4346   13
    4347   13
    4348   13
    4349   13
    4350   13
    4351   13
    4352   13
    4353   13
    4354   13
    4355   13
    4356   13
    4357   13
    4358   13
    4359   13
    4360   13
    4361   13
    4362   13
    4363   13
    4364   13
    4365   13
    4366   13
    4367   13
    4368   14
    4369   14
    4370   14
    4371   13
    4372   13
    4373   13
    4374   13
    4375   13
    4376   13
    4377   13
    4378   13
    4379   13
    4380   13
    4381   13
    4382   13
    4383   13
    4384   13
    4385   13
    4386   13
    4387   13
    4388   13
    4389   13
    4390   13
    4391   13
    4392   13
    4393   13
    4394   13
    4395   13
    4396   13
    4397   13
    4398   13
    4399   13
    4400   13
    4401   13
    4402   13
    4403   13
    4404   13
    4405   13
    4406   13
    4407   13
    4408   13
    4409   13
    4410   13
    4411   13
    4412   13
    4413   13
    4414   13
    4415   13
    4416   13
    4417   13
    4418   13
    4419   13
    4420   13
    4421   13
    4422   13
    4423   13
    4424   13
    4425   13
    4426   13
    4427   13
    4428   13
    4429   13
    4430   13
    4431   13
    4432   13
    4433   13
    4434   13
    4435   13
    4436   13
    4437   13
    4438   13
    4439   13
    4440   13
    4441   13
    4442   13
    4443   13
    4444   13
    4445   13
    4446   13
    4447   13
    4448   13
    4449   13
    4450   13
    4451   13
    4452   13
    4453   13
    4454   13
    4455   13
    4456   13
    4457   13
    4458   13
    4459   13
    4460   13
    4461   13
    4462   13
    4463   13
    4464   13
    4465   13
    4466   13
    4467   13
    4468   13
    4469   13
    4470   10
    4471   10
    4472   10
    4473   10
    4474   10
    4475   10
    4476   10
    4477   10
    4478    9
    4479   11
    4480   11
    4481   11
    4482   11
    4483   11
    4484   11
    4485   11
    4486   10
    4487   10
    4488   10
    4489   10
    4490   10
    4491   10
    4492   10
    4493   10
    4494   10
    4495   10
    4496   10
    4497   10
    4498   10
    4499   10
    4500   10
    4501   10
    4502   10
    4503   10
    4504   10
    4505   10
    4506   12
    4507   12
    4508   12
    4509   12
    4510   12
    4511   12
    4512   12
    4513    8
    4514    8
    4515    8
    4516   12
    4517   12
    4518   12
    4519   12
    4520   12
    4521    8
    4522    6
    4523    3
    4524    3
    4525    1
    4526    1
    4527    1
    4528    1
    4529    1
    4530   12
    4531   12
    4532   12
    4533   12
    4534   12
    4535   12
    4536   12
    4537    1
    4538    1
    4539    1
    4540    1
    4541    1
    4542    3
    4543    3
    4544    5
    4545    4
    4546    4
    4547    5
    4548    5
    4549    6
    4550    5
    4551    5
    4552    6
    4553    5
    4554    6
    4555    5
    4556    6
    4557    1
    4558    8
    4559   12
    4560    8
    4561   12
    4562   12
    4563   12
    4564   12
    4565   12
    4566   12
    4567   12
    4568   12
    4569   12
    4570   12
    4571   12
    4572   12
    4573    6
    4574    5
    4575    3
    4576    5
    4577    3
    4578    1
    4579    1
    4580    6
    4581    6
    4582    1
    4583    1
    4584    1
    4585   12
    4586    8
    4587   12
    4588   12
    4589   12
    4590   12
    4591   12
    4592    1
    4593    1
    4594    1
    4595    1
    4596    1
    4597    1
    4598    5
    4599    6
    4600    8
    4601   12
    4602   12
    4603   12
    4604   12
    4605   12
    4606   12
    4607   12
    4608   12
    4609   12
    4610   12
    4611   12
    4612   12
    4613   12
    4614   12
    4615   12
    4616   12
    4617   12
    4618   12
    4619   12
    4620   12
    4621   12
    4622   12
    4623   12
    4624   12
    4625   12
    4626   12
    4627   12
    4628   12
    4629   12
    4630   12
    4631   12
    4632   12
    4633   12
    4634   12
    4635   12
    4636   12
    4637   12
    4638   12
    4639   12
    4640   12
    4641   12
    4642   12
    4643    4
    4644    4
    4645    4
    4646    4
    4647    4
    4648    1
    4649   12
    4650    5
    4651    8
    4652    8
    4653   12
    4654   12
    4655    7
    4656    8
    4657    8
    4658    8
    4659    8
    4660   12
    4661   12
    4662   12
    4663   12
    4664    8
    4665   12
    4666   12
    4667   12
    4668   12
    4669   12
    4670    7
    4671    8
    4672    8
    4673    8
    4674    8
    4675   12
    4676   12
    4677    8
    4678    8
    4679   12
    4680    8
    4681   12
    4682   12
    4683    8
    4684    7
    4685    8
    4686    8
    4687    7
    4688   12
    4689   12
    4690   12
    4691   12
    4692   12
    4693   12
    4694   12
    4695   12
    4696   12
    4697    7
    4698   12
    4699   12
    4700   12
    4701   12
    4702   12
    4703   12
    4704   12
    4705    7
    4706   12
    4707   10
    4708   10
    4709   10
    4710   10
    4711   10
    4712   10
    4713   10
    4714   10
    4715   10
    4716   10
    4717   10
    4718   10
    4719   10
    4720   10
    4721   10
    4722   10
    4723   10
    4724   10
    4725   10
    4726   10
    4727   10
    4728   10
    4729   10
    4730   10
    4731   10
    4732   10
    4733   10
    4734   10
    4735   10
    4736   10
    4737   10
    4738   10
    4739   10
    4740   10
    4741   10
    4742   10
    4743   10
    4744   10
    4745   10
    4746   10
    4747   10
    4748   10
    4749   10
    4750   10
    4751   10
    4752   10
    4753   10
    4754   10
    4755   10
    4756   10
    4757   10
    4758   10
    4759   10
    4760   10
    4761   10
    4762   10
    4763   10
    4764   10
    4765   10
    4766   10
    4767   10
    4768   10
    4769   10
    4770   10
    4771   10
    4772   10
    4773   10
    4774   10
    4775   10
    4776   10
    4777   10
    4778   10
    4779   10
    4780   10
    4781   10
    4782   10
    4783   10
    4784    9
    4785   10
    4786   10
    4787   10
    4788   10
    4789   10
    4790   10
    4791   10
    4792   10
    4793   10
    4794   10
    4795   10
    4796   10
    4797   10
    4798   10
    4799   10
    4800   10
    4801   10
    4802   10
    4803   10
    4804   10
    4805   10
    4806   10
    4807   10
    4808   12
    4809   12
    4810   12
    4811   12
    4812   12
    4813   12
    4814   12
    4815   10
    4816   10
    4817   10
    4818   10
    4819   10
    4820   10
    4821   10
    4822   10
    4823   10
    4824   10
    4825   10
    4826   13
    4827   13
    4828   13
    4829   13
    4830   13
    4831   13
    4832   13
    4833   13
    4834   13
    4835   13
    4836   13
    4837   13
    4838   13
    4839   13
    4840   13
    4841   13
    4842   13
    4843   13
    4844   13
    4845   13
    4846   13
    4847   13
    4848   10
    4849   10
    4850   10
    4851   10
    4852   10
    4853   13
    4854   13
    4855   13
    4856   13
    4857   13
    4858   13
    4859   13
    4860   13
    4861   13
    4862   13
    4863   13
    4864   13
    4865   13
    4866   13
    4867   13
    4868   13
    4869   13
    4870   13
    4871   13
    4872   13
    4873   13
    4874   13
    4875   13
    4876   13
    4877   13
    4878   13
    4879   13
    4880   13
    4881   13
    4882   13
    4883   13
    4884   13
    4885   13
    4886   13
    4887   13
    4888   13
    4889   13
    4890   13
    4891   13
    4892   13
    4893   13
    4894   13
    4895   13
    4896   13
    4897   13
    4898   10
    4899   10
    4900   10
    4901   10
    4902   10
    4903   10
    4904   12
    4905   12
    4906   12
    4907   12
    4908   12
    4909   12
    4910   12
    4911   12
    4912   12
    4913   12
    4914   12
    4915    8
    4916   10
    4917   13
    4918   13
    4919   13
    4920   13
    4921   13
    4922   13
    4923   13
    4924   13
    4925   13
    4926   13
    4927   13
    4928   13
    4929   13
    4930   13
    4931   13
    4932   13
    4933   13
    4934   13
    4935   13
    4936   13
    4937   13
    4938   13
    4939   13
    4940   13
    4941   13
    4942   13
    4943   13
    4944   13
    4945   13
    4946   13
    4947   13
    4948   13
    4949   13
    4950   13
    4951   13
    4952   13
    4953   13
    4954   13
    4955   13
    4956   13
    4957   13
    4958   13
    4959   13
    4960   13
    4961   13
    4962   13
    4963   13
    4964   13
    4965   13
    4966   13
    4967   13
    4968   13
    4969   13
    4970   13
    4971   13
    4972   13
    4973   13
    4974   13
    4975   13
    4976    8
    4977   13
    4978   13
    4979   13
    4980   13
    4981   13
    4982   13
    4983   13
    4984   13
    4985   13
    4986   13
    4987   13
    4988   13
    4989   13
    4990   13
    4991   13
    4992   13
    4993   13
    4994   13
    4995   13
    4996   13
    4997   13
    4998   13
    4999   13
    5000   13
