       1   13
       2   13
       3   13
       4   13
       5   13
       6    8
       7   12
       8   12
       9    8
      10   12
      11   12
      12   12
      13   12
      14   12
      15   12
      16   12
      17   12
      18   12
      19   12
      20   12
      21   12
      22   12
      23   12
      24   12
      25   12
      26   12
      27   12
      28   12
      29   12
      30   12
      31   12
      32   12
      33   12
      34   12
      35   12
      36   12
      37   12
      38    8
      39    8
      40   12
      41   12
      42   12
      43   12
      44   12
      45   12
      46   12
      47   12
      48   12
      49   12
      50    7
      51    9
      52   13
      53   13
      54   13
      55   13
      56   13
      57   13
      58   13
      59   13
      60   13
      61   13
      62   13
      63   13
      64   13
      65   13
      66   13
      67   13
      68   13
      69   13
      70   13
      71   13
      72   13
      73   13
      74   13
      75   13
      76   13
      77   13
      78   13
      79   13
      80   13
      81   13
      82   13
      83   13
      84    8
      85   13
      86   13
      87   13
      88   13
      89   13
      90   13
      91   13
      92   13
      93   13
      94   13
      95   13
      96   13
      97   13
      98   13
      99   13
     100   13
     101   13
     102   13
     103   13
     104   13
     105   13
     106   13
     107   13
     108   13
     109   13
     110   13
     111   13
     112   13
     113   13
     114   13
     115   13
     116   13
     117   13
     118   13
     119   13
     120   13
     121   13
     122   13
     123    8
     124   12
     125   12
     126   12
     127   12
     128   12
     129   12
     130   12
     131   12
     132   12
     133   12
     134   12
     135   12
     136   12
     137   12
     138   12
     139   12
     140    6
     141    1
     142    1
     143    1
     144    1
     145    1
     146    1
     147    1
     148    1
     149   12
     150    1
     151   12
     152   12
     153   12
     154   12
     155   12
     156   12
     157   12
     158   12
     159   12
     160   12
     161   10
     162   10
     163   10
     164   13
     165   13
     166   13
     167   13
     168   13
     169   13
     170   13
     171   13
     172   13
     173   13
     174   13
     175   13
     176   13
     177   13
     178   13
     179   13
     180   13
     181   13
     182   13
     183   13
     184   13
     185   13
     186   13
     187   13
     188   13
     189   13
     190   13
     191   13
     192   13
     193   13
     194   13
     195   13
     196   13
     197   13
     198   13
     199   13
     200   13
     201   13
     202   13
     203   13
     204   13
     205   13
     206   13
     207   13
     208   13
     209   13
     210   13
     211   13
     212   13
     213   13
     214   13
     215   13
     216   13
     217   13
     218   13
     219   13
     220   13
     221   13
     222   13
     223   13
     224   13
     225   13
     226   13
     227   13
     228   13
     229   13
     230   13
     231   13
     232   13
     233   13
     234   13
     235   13
     236   13
     237   13
     238   13
     239   13
     240   13
     241   13
     242   13
     243   13
     244   13
     245   13
     246   13
     247   13
     248   13
     249   13
     250   13
     251   13
     252   13
     253   13
     254   13
     255   13
     256   13
     257   13
     258   13
     259   13
     260   13
     261   13
     262   13
     263   13
     264   13
     265   13
     266   13
     267   13
     268   13
     269   13
     270   13
     271   13
     272   13
     273   13
     274   13
     275   13
     276   13
     277   13
     278   13
     279   13
     280   13
     281   13
     282   13
     283   13
     284   13
     285   13
     286   13
     287   13
     288   13
     289   13
     290   13
     291   13
     292   13
     293   13
     294   13
     295   13
     296   13
     297   13
     298   13
     299   13
     300   13
     301   13
     302   13
     303   13
     304   13
     305   13
     306   13
     307   13
     308   13
     309   13
     310   13
     311   13
     312   13
     313   13
     314   13
     315   13
     316   13
     317   13
     318   13
     319   13
     320   13
     321   13
     322   13
     323   13
     324   13
     325   13
     326   13
     327   13
     328   13
     329   13
     330   13
     331   13
     332   13
     333   13
     334   13
     335   13
     336   13
     337   13
     338   13
     339   13
     340   13
     341   13
     342   13
     343   13
     344   13
     345   13
     346   13
     347   13
     348   13
     349   13
     350   13
     351   13
     352   13
     353   13
     354   13
     355   13
     356   13
     357   13
     358   13
     359   13
     360   13
     361   13
     362   13
     363   13
     364   13
     365   13
     366   13
     367   13
     368   13
     369   13
     370   13
     371   13
     372   13
     373   13
     374   13
     375   13
     376   13
     377   13
     378   13
     379   13
     380   13
     381   13
     382   13
     383   13
     384   13
     385   13
     386   13
     387   13
     388   13
     389   13
     390   13
     391   13
     392   13
     393   13
     394   13
     395   13
     396   13
     397   13
     398   13
     399   13
     400   13
     401   13
     402   13
     403   13
     404   13
     405   13
     406   13
     407   13
     408   13
     409   13
     410   13
     411   13
     412   13
     413   13
     414   13
     415   13
     416   13
     417   13
     418   13
     419   13
     420   13
     421   13
     422   13
     423   13
     424   13
     425   13
     426   13
     427   13
     428   13
     429   13
     430   13
     431   13
     432   13
     433   13
     434   13
     435   13
     436   13
     437   13
     438   13
     439   13
     440   10
     441   10
     442   10
     443   10
     444   10
     445   10
     446   10
     447   10
     448   13
     449   13
     450   13
     451   13
     452   13
     453   13
     454   13
     455   13
     456   13
     457   13
     458   13
     459   13
     460   13
     461   13
     462   13
     463   13
     464   13
     465   10
     466   13
     467   12
     468   12
     469   12
     470   12
     471   12
     472   12
     473   12
     474   12
     475   12
     476   12
     477   12
     478   12
     479   12
     480   12
     481   12
     482   12
     483   12
     484    1
     485    1
     486    1
     487    1
     488    1
     489    1
     490    1
     491    1
     492    1
     493    1
     494    3
     495    4
     496    4
     497    4
     498    4
     499    4
     500    5
     501    4
     502    4
     503    6
     504   12
     505   12
     506   12
     507   12
     508   12
     509   12
     510   12
     511   12
     512   12
     513   12
     514   12
     515   12
     516   12
     517   10
     518   10
     519   10
     520   10
     521   12
     522   12
     523   12
     524   12
     525   12
     526   12
     527   12
     528   12
     529   10
     530   12
     531   12
     532   12
     533   12
     534   12
     535   12
     536   10
     537   10
     538   10
     539   10
     540   13
     541   13
     542   13
     543   13
     544   13
     545   13
     546   13
     547   13
     548   13
     549   13
     550   13
     551   13
     552   13
     553   13
     554   13
     555   13
     556   13
     557   13
     558   13
     559   10
     560   10
     561   10
     562   10
     563   10
     564   10
     565   10
     566   10
     567   10
     568   10
     569   10
     570   10
     571   10
     572   10
     573   10
     574   10
     575   10
     576   10
     577   10
     578   13
     579   13
     580   12
     581   12
     582   12
     583   12
     584   12
     585   12
     586   12
     587   12
     588   12
     589   12
     590   12
     591   12
     592   12
     593   12
     594    8
     595   12
     596   12
     597   12
     598   12
     599   12
     600   12
     601   12
     602   12
     603   12
     604    8
     605   12
     606   12
     607   12
     608    8
     609   13
     610   13
     611   13
     612   13
     613   13
     614   13
     615   13
     616   13
     617   13
     618   13
     619   13
     620   13
     621   13
     622   13
     623   13
     624   13
     625   13
     626   13
     627   13
     628   13
     629   13
     630   13
     631   13
     632   13
     633   13
     634   13
     635   13
     636   13
     637   13
     638   13
     639   13
     640   13
     641   13
     642   13
     643   13
     644   13
     645   13
     646   13
     647   13
     648   13
     649   13
     650   13
     651   13
     652   13
     653   13
     654   13
     655   13
     656   13
     657   13
     658   13
     659   13
     660   13
     661   13
     662   13
     663   13
     664   13
     665    8
     666   12
     667    7
     668   12
     669   12
     670   12
     671   12
     672   12
     673   12
     674   12
     675    8
     676    8
     677    8
     678   12
     679   12
     680   12
     681   12
     682   12
     683   12
     684   12
     685   12
     686   12
     687   12
     688   12
     689   12
     690   12
     691   12
     692   12
     693   12
     694   12
     695   12
     696   12
     697    9
     698   13
     699   13
     700   13
     701   13
     702   13
     703   13
     704   13
     705   13
     706   13
     707   13
     708   13
     709   13
     710   13
     711   13
     712   13
     713   13
     714   13
     715   13
     716   13
     717   13
     718   13
     719   13
     720   13
     721   13
     722   13
     723   13
     724   13
     725   13
     726   13
     727   13
     728   13
     729   13
     730   13
     731   13
     732   13
     733   13
     734   13
     735   13
     736   13
     737   13
     738   13
     739   13
     740   13
     741   13
     742   13
     743   13
     744   13
     745   13
     746   13
     747   13
     748   13
     749   13
     750   13
     751   12
     752   12
     753    8
     754    8
     755   12
     756   12
     757    8
     758    7
     759    1
     760    1
     761    1
     762    1
     763    1
     764    1
     765    1
     766   12
     767   12
     768   12
     769   12
     770   12
     771    8
     772   12
     773   12
     774   12
     775   12
     776    3
     777    3
     778    6
     779   12
     780   12
     781   12
     782   12
     783   12
     784   12
     785   12
     786    8
     787   12
     788   12
     789    8
     790   12
     791   12
     792   12
     793   12
     794   12
     795   12
     796   12
     797   12
     798   12
     799   12
     800   12
     801   12
     802   12
     803   12
     804   12
     805   12
     806   12
     807   12
     808   12
     809   12
     810   12
     811   12
     812   12
     813    8
     814    8
     815   12
     816   12
     817   12
     818   12
     819   12
     820   12
     821    6
     822   12
     823   12
     824   12
     825    8
     826    8
     827    6
     828    7
     829   12
     830   12
     831   12
     832   12
     833   12
     834   12
     835   12
     836   12
     837   12
     838   12
     839    8
     840    8
     841    8
     842    6
     843    5
     844    7
     845    8
     846    8
     847    7
     848    8
     849    7
     850    8
     851   12
     852    6
     853    7
     854   12
     855   12
     856   12
     857   12
     858   12
     859   12
     860   12
     861   12
     862   12
     863    6
     864    6
     865    5
     866    6
     867    5
     868    3
     869    3
     870    3
     871    3
     872    1
     873    1
     874    1
     875   12
     876   12
     877   12
     878   12
     879   12
     880   12
     881   12
     882   12
     883   12
     884    8
     885    7
     886    8
     887   10
     888   10
     889   10
     890   10
     891   10
     892   10
     893   10
     894    9
     895    9
     896   11
     897   11
     898   11
     899   11
     900   12
     901   12
     902   12
     903    1
     904    3
     905    3
     906    3
     907    3
     908    3
     909    3
     910    3
     911    3
     912    5
     913    3
     914    3
     915    3
     916    5
     917    6
     918   12
     919   10
     920   10
     921   10
     922   10
     923   10
     924   10
     925   10
     926   10
     927   10
     928   10
     929   10
     930   10
     931   10
     932   10
     933   10
     934   10
     935   10
     936   10
     937   10
     938   10
     939   10
     940   10
     941   10
     942   10
     943   10
     944   10
     945   10
     946   10
     947   10
     948   10
     949   10
     950   10
     951   10
     952   10
     953   10
     954   10
     955   10
     956   10
     957   10
     958   10
     959   10
     960   10
     961   10
     962   11
     963   11
     964   11
     965   11
     966   11
     967   11
     968   11
     969   11
     970   11
     971   11
     972   11
     973   11
     974   11
     975   11
     976   11
     977   11
     978   10
     979   10
     980   10
     981   10
     982   10
     983   11
     984   11
     985   11
     986   11
     987   11
     988   10
     989   10
     990   10
     991   10
     992   10
     993   11
     994   11
     995   11
     996   11
     997   11
     998   11
     999   11
    1000   11
    1001   11
    1002   11
    1003   11
    1004   11
    1005   11
    1006   11
    1007   11
    1008   11
    1009   11
    1010   11
    1011   11
    1012   11
    1013   11
    1014   11
    1015   11
    1016   11
    1017   11
    1018   11
    1019   11
    1020   11
    1021   11
    1022   11
    1023   12
    1024    1
    1025    1
    1026    1
    1027    1
    1028    1
    1029    1
    1030    1
    1031    1
    1032    6
    1033    4
    1034    5
    1035    5
    1036   12
    1037   12
    1038   12
    1039   12
    1040   12
    1041   12
    1042   12
    1043   12
    1044   12
    1045   12
    1046   12
    1047    6
    1048    4
    1049    4
    1050    4
    1051    3
    1052    1
    1053    1
    1054    1
    1055    1
    1056    1
    1057   12
    1058   12
    1059   12
    1060   12
    1061   12
    1062    7
    1063    5
    1064    4
    1065    4
    1066    4
    1067    1
    1068    1
    1069    1
    1070    1
    1071    1
    1072    1
    1073    1
    1074    1
    1075    6
    1076    5
    1077    1
    1078    1
    1079    1
    1080    1
    1081    1
    1082    1
    1083    1
    1084    1
    1085   12
    1086   12
    1087   12
    1088   10
    1089   10
    1090   10
    1091    7
    1092   12
    1093   10
    1094   10
    1095   10
    1096   10
    1097   10
    1098   10
    1099   10
    1100   10
    1101   10
    1102   10
    1103   10
    1104    8
    1105   12
    1106   12
    1107   12
    1108   12
    1109    8
    1110   12
    1111   12
    1112   12
    1113   12
    1114    8
    1115   12
    1116   12
    1117   10
    1118   10
    1119   10
    1120   10
    1121   10
    1122   10
    1123   10
    1124   10
    1125   10
    1126   10
    1127   10
    1128   10
    1129   10
    1130   10
    1131   10
    1132   10
    1133    9
    1134   11
    1135   11
    1136   10
    1137   10
    1138   10
    1139   10
    1140   12
    1141   12
    1142   12
    1143   12
    1144   12
    1145   12
    1146   12
    1147   12
    1148   12
    1149    1
    1150    1
    1151    1
    1152    1
    1153    1
    1154    1
    1155    1
    1156    1
    1157    1
    1158    1
    1159    1
    1160    1
    1161    1
    1162    1
    1163    5
    1164    1
    1165    1
    1166    1
    1167    3
    1168    3
    1169    3
    1170    3
    1171    5
    1172    6
    1173    8
    1174   12
    1175   12
    1176   12
    1177   12
    1178   12
    1179   12
    1180   12
    1181   12
    1182    8
    1183    6
    1184    3
    1185    3
    1186    1
    1187   10
    1188   10
    1189   10
    1190   10
    1191   10
    1192   10
    1193   10
    1194   10
    1195   10
    1196   10
    1197   10
    1198   10
    1199   10
    1200   10
    1201   10
    1202   10
    1203   10
    1204    9
    1205   10
    1206   10
    1207   10
    1208   10
    1209   10
    1210   10
    1211   10
    1212   10
    1213   10
    1214   10
    1215   10
    1216   10
    1217    8
    1218   12
    1219   12
    1220   12
    1221   12
    1222   12
    1223   10
    1224   10
    1225   10
    1226   10
    1227   10
    1228   10
    1229   10
    1230   10
    1231   10
    1232   10
    1233   12
    1234   12
    1235   12
    1236   12
    1237   12
    1238   12
    1239    8
    1240   12
    1241   11
    1242   11
    1243   12
    1244    8
    1245   12
    1246   12
    1247   12
    1248   12
    1249   12
    1250   12
    1251   12
    1252   12
    1253   12
    1254   12
    1255   12
    1256   12
    1257   12
    1258   12
    1259   12
    1260   12
    1261   12
    1262   12
    1263   12
    1264    6
    1265    5
    1266    3
    1267    4
    1268    4
    1269    4
    1270    4
    1271    4
    1272    4
    1273    4
    1274    3
    1275    3
    1276    3
    1277    3
    1278    1
    1279    1
    1280    1
    1281    1
    1282    1
    1283    1
    1284    1
    1285    1
    1286    1
    1287    1
    1288   12
    1289   12
    1290   12
    1291   12
    1292   12
    1293   10
    1294   10
    1295   10
    1296   10
    1297   10
    1298   10
    1299   10
    1300    8
    1301   12
    1302   12
    1303   12
    1304   12
    1305   12
    1306    8
    1307   12
    1308   12
    1309   12
    1310   12
    1311   12
    1312   12
    1313    8
    1314    7
    1315    8
    1316   12
    1317    6
    1318   12
    1319   12
    1320   12
    1321   12
    1322   12
    1323   12
    1324   12
    1325   12
    1326   12
    1327   12
    1328   12
    1329   12
    1330   12
    1331   12
    1332   12
    1333   12
    1334   12
    1335   12
    1336   13
    1337   13
    1338   13
    1339   13
    1340   13
    1341   13
    1342   13
    1343   13
    1344   13
    1345   13
    1346   13
    1347   13
    1348   13
    1349   13
    1350   13
    1351   13
    1352   13
    1353   13
    1354   12
    1355   12
    1356    8
    1357    8
    1358   12
    1359   12
    1360   12
    1361   12
    1362   12
    1363   12
    1364   12
    1365   12
    1366   12
    1367   12
    1368   12
    1369   12
    1370   12
    1371    7
    1372    6
    1373    4
    1374    4
    1375    4
    1376    4
    1377    4
    1378    4
    1379    4
    1380    4
    1381    4
    1382    4
    1383    4
    1384    1
    1385   12
    1386   12
    1387   12
    1388   12
    1389   12
    1390   12
    1391   12
    1392   12
    1393   12
    1394   12
    1395   12
    1396   12
    1397   12
    1398   12
    1399   12
    1400   12
    1401   12
    1402   12
    1403   12
    1404   12
    1405   12
    1406   10
    1407   10
    1408   10
    1409   10
    1410   10
    1411   10
    1412   10
    1413   10
    1414   10
    1415   10
    1416   11
    1417   11
    1418   11
    1419   11
    1420   11
    1421   11
    1422   11
    1423   10
    1424   10
    1425   10
    1426   10
    1427   10
    1428   10
    1429   10
    1430   10
    1431   10
    1432   10
    1433   10
    1434   10
    1435   10
    1436   10
    1437   10
    1438   10
    1439   10
    1440   10
    1441   10
    1442   10
    1443   10
    1444   10
    1445   10
    1446   10
    1447   10
    1448   10
    1449   10
    1450   10
    1451   13
    1452   13
    1453   13
    1454   13
    1455   13
    1456   13
    1457   13
    1458   13
    1459   13
    1460   13
    1461   13
    1462   13
    1463   10
    1464   10
    1465   10
    1466   10
    1467   10
    1468   10
    1469   10
    1470   10
    1471   10
    1472   10
    1473   10
    1474   10
    1475   10
    1476   10
    1477   10
    1478   13
    1479   13
    1480   13
    1481   13
    1482   13
    1483   13
    1484   13
    1485   13
    1486   13
    1487   13
    1488   13
    1489   13
    1490   13
    1491   13
    1492   13
    1493   13
    1494   13
    1495   13
    1496   13
    1497   13
    1498   13
    1499   13
    1500   13
    1501   13
    1502   13
    1503   13
    1504   13
    1505   13
    1506   13
    1507   13
    1508   13
    1509   13
    1510   13
    1511   13
    1512   13
    1513   13
    1514   13
    1515   13
    1516   13
    1517   13
    1518   13
    1519   13
    1520   13
    1521   13
    1522   13
    1523   13
    1524   13
    1525   13
    1526   13
    1527   13
    1528   13
    1529   13
    1530   13
    1531   13
    1532   13
    1533   13
    1534   13
    1535   13
    1536   13
    1537   13
    1538   13
    1539   13
    1540   13
    1541   13
    1542   13
    1543   13
    1544   13
    1545   13
    1546   13
    1547   13
    1548   13
    1549   13
    1550   13
    1551   13
    1552   13
    1553   13
    1554   13
    1555   13
    1556   13
    1557   13
    1558   13
    1559   13
    1560   13
    1561   13
    1562   13
    1563   13
    1564   13
    1565   13
    1566   13
    1567   13
    1568   13
    1569   13
    1570   13
    1571   13
    1572   13
    1573   13
    1574   13
    1575   13
    1576   13
    1577   13
    1578   13
    1579   13
    1580   13
    1581   13
    1582   13
    1583   13
    1584   13
    1585   13
    1586   13
    1587   13
    1588   13
    1589   13
    1590   13
    1591   13
    1592   13
    1593   13
    1594   13
    1595   13
    1596   13
    1597   13
    1598   13
    1599   13
    1600   13
    1601   13
    1602   13
    1603   13
    1604   13
    1605   13
    1606   13
    1607   13
    1608   13
    1609   13
    1610   13
    1611   13
    1612   13
    1613   13
    1614   13
    1615   13
    1616   13
    1617   13
    1618    8
    1619   12
    1620   12
    1621   12
    1622   12
    1623   12
    1624   12
    1625   12
    1626   12
    1627   12
    1628   12
    1629   12
    1630   12
    1631   12
    1632   12
    1633    8
    1634   12
    1635    8
    1636   13
    1637   13
    1638   13
    1639   13
    1640   13
    1641   13
    1642   13
    1643   13
    1644   13
    1645   13
    1646   13
    1647   13
    1648   13
    1649   13
    1650   13
    1651   13
    1652   13
    1653   13
    1654   13
    1655   13
    1656   13
    1657   13
    1658   13
    1659   13
    1660   13
    1661   13
    1662   13
    1663   13
    1664   13
    1665   13
    1666   13
    1667   13
    1668   13
    1669   13
    1670   13
    1671   13
    1672   13
    1673   13
    1674   13
    1675   13
    1676   13
    1677   13
    1678   13
    1679   13
    1680   13
    1681   13
    1682   13
    1683   13
    1684   13
    1685   13
    1686   13
    1687   13
    1688   13
    1689   13
    1690   13
    1691   13
    1692   13
    1693   13
    1694   13
    1695   13
    1696   13
    1697   13
    1698   13
    1699   13
    1700   13
    1701   13
    1702   13
    1703   13
    1704   13
    1705   13
    1706   13
    1707   13
    1708   13
    1709   13
    1710   13
    1711   13
    1712   13
    1713   13
    1714   13
    1715   13
    1716   13
    1717   13
    1718   13
    1719   13
    1720   13
    1721   13
    1722   13
    1723   13
    1724   13
    1725   13
    1726   13
    1727   13
    1728   13
    1729   13
    1730   13
    1731   13
    1732   13
    1733   13
    1734   13
    1735   13
    1736   13
    1737   13
    1738   13
    1739   13
    1740   13
    1741   13
    1742   13
    1743   13
    1744   13
    1745   13
    1746   13
    1747   13
    1748   13
    1749   13
    1750   13
    1751   13
    1752   13
    1753   13
    1754   13
    1755   13
    1756   13
    1757   13
    1758   13
    1759   13
    1760   13
    1761   13
    1762   13
    1763   13
    1764   13
    1765   13
    1766   13
    1767   13
    1768   13
    1769   13
    1770   13
    1771   13
    1772   13
    1773   13
    1774   13
    1775   13
    1776   13
    1777   13
    1778   13
    1779   13
    1780   13
    1781   13
    1782   13
    1783   13
    1784   13
    1785   13
    1786   13
    1787   13
    1788   13
    1789   13
    1790   13
    1791   13
    1792   13
    1793   13
    1794   13
    1795   13
    1796   13
    1797   13
    1798   13
    1799   13
    1800   13
    1801   13
    1802   13
    1803   13
    1804   13
    1805   13
    1806   13
    1807   13
    1808   13
    1809   13
    1810   13
    1811   13
    1812   13
    1813   13
    1814   13
    1815   13
    1816   13
    1817   13
    1818   13
    1819   13
    1820   13
    1821   13
    1822   13
    1823   13
    1824   13
    1825   13
    1826   13
    1827   13
    1828   13
    1829   13
    1830   13
    1831   13
    1832   13
    1833   13
    1834   13
    1835   13
    1836   13
    1837   13
    1838   13
    1839   13
    1840   13
    1841   13
    1842   13
    1843   13
    1844   13
    1845   13
    1846   13
    1847   13
    1848   13
    1849   13
    1850   13
    1851   13
    1852   13
    1853   13
    1854   13
    1855   13
    1856   13
    1857   13
    1858   13
    1859   13
    1860   13
    1861   13
    1862   13
    1863   13
    1864   13
    1865   13
    1866   13
    1867   13
    1868   13
    1869   13
    1870   13
    1871   13
    1872   13
    1873   13
    1874   13
    1875   13
    1876   13
    1877   13
    1878   13
    1879   13
    1880   13
    1881   13
    1882   13
    1883   13
    1884   13
    1885   13
    1886   13
    1887   13
    1888   13
    1889   13
    1890   13
    1891   13
    1892   13
    1893   13
    1894   13
    1895   13
    1896   13
    1897   13
    1898   13
    1899   13
    1900   13
    1901   13
    1902   13
    1903   13
    1904   13
    1905   13
    1906   13
    1907   13
    1908   13
    1909   13
    1910    8
    1911   12
    1912   12
    1913   12
    1914   12
    1915   12
    1916   13
    1917   13
    1918   13
    1919   13
    1920   13
    1921   13
    1922   13
    1923   13
    1924   13
    1925   13
    1926   13
    1927   13
    1928   13
    1929   13
    1930   13
    1931   13
    1932   13
    1933   13
    1934   13
    1935   13
    1936   13
    1937   13
    1938   13
    1939   13
    1940   13
    1941   13
    1942   13
    1943   13
    1944   13
    1945   13
    1946   13
    1947   13
    1948   13
    1949   13
    1950   13
    1951   13
    1952   13
    1953   13
    1954   13
    1955   13
    1956   13
    1957   13
    1958   13
    1959   13
    1960   13
    1961   13
    1962   13
    1963   13
    1964   13
    1965   13
    1966   13
    1967   13
    1968   13
    1969   13
    1970   13
    1971   13
    1972   13
    1973   13
    1974   13
    1975   13
    1976   13
    1977   13
    1978   13
    1979   13
    1980   13
    1981   13
    1982   13
    1983   13
    1984   13
    1985   13
    1986   13
    1987   13
    1988   13
    1989   13
    1990   13
    1991   13
    1992   13
    1993   13
    1994   13
    1995   13
    1996   13
    1997   13
    1998   13
    1999   13
    2000   13
    2001   13
    2002   13
    2003   13
    2004   13
    2005   13
    2006   13
    2007   13
    2008   13
    2009   13
    2010   13
    2011   13
    2012   13
    2013   13
    2014   13
    2015   13
    2016   13
    2017   13
    2018   13
    2019   13
    2020   13
    2021   13
    2022   13
    2023   13
    2024   13
    2025   13
    2026   13
    2027   13
    2028   13
    2029   13
    2030   13
    2031   13
    2032   13
    2033   13
    2034   13
    2035   13
    2036   13
    2037   13
    2038   13
    2039   13
    2040   13
    2041   13
    2042    8
    2043   13
    2044   13
    2045   13
    2046   13
    2047   13
    2048   13
    2049   13
    2050   13
    2051   13
    2052   13
    2053   13
    2054   13
    2055   13
    2056   13
    2057   13
    2058   13
    2059   13
    2060   13
    2061   13
    2062   13
    2063   13
    2064   13
    2065   13
    2066   13
    2067   13
    2068   13
    2069   13
    2070   13
    2071   13
    2072   13
    2073   13
    2074   13
    2075   13
    2076   13
    2077   13
    2078   13
    2079    8
    2080   12
    2081   12
    2082   12
    2083   12
    2084   12
    2085   12
    2086   12
    2087    8
    2088   13
    2089   13
    2090   13
    2091   13
    2092   13
    2093   13
    2094   13
    2095   13
    2096   13
    2097   12
    2098   12
    2099   12
    2100   12
    2101   12
    2102   12
    2103   12
    2104   12
    2105   12
    2106   12
    2107    8
    2108   13
    2109   13
    2110   13
    2111   13
    2112   13
    2113   13
    2114   13
    2115   13
    2116   13
    2117   13
    2118   13
    2119   13
    2120   13
    2121   13
    2122   13
    2123   13
    2124   13
    2125   13
    2126   13
    2127   13
    2128   13
    2129   13
    2130   13
    2131   13
    2132   13
    2133   13
    2134   13
    2135   13
    2136   13
    2137   13
    2138   13
    2139   13
    2140   13
    2141   12
    2142   12
    2143    7
    2144    6
    2145    5
    2146    3
    2147    1
    2148   12
    2149   12
    2150   12
    2151    7
    2152    8
    2153    7
    2154    6
    2155   12
    2156   12
    2157   12
    2158   12
    2159   12
    2160   12
    2161   12
    2162   12
    2163   12
    2164    7
    2165    8
    2166   12
    2167    8
    2168    7
    2169   12
    2170   12
    2171   12
    2172   12
    2173   12
    2174   12
    2175   12
    2176   12
    2177   12
    2178   12
    2179   12
    2180   12
    2181   12
    2182   12
    2183   12
    2184   12
    2185   12
    2186   12
    2187   12
    2188   12
    2189    8
    2190    8
    2191    8
    2192    8
    2193   12
    2194    8
    2195    8
    2196   12
    2197   12
    2198   12
    2199   12
    2200   12
    2201   12
    2202   12
    2203   12
    2204   12
    2205   12
    2206   12
    2207   12
    2208   12
    2209   12
    2210   12
    2211   12
    2212   12
    2213   12
    2214   12
    2215   12
    2216   12
    2217   12
    2218    8
    2219   13
    2220   13
    2221   13
    2222   13
    2223   13
    2224   13
    2225   13
    2226   13
    2227   13
    2228   13
    2229   13
    2230   13
    2231   13
    2232   13
    2233   13
    2234   13
    2235   13
    2236   13
    2237   13
    2238   13
    2239   13
    2240   13
    2241   13
    2242   13
    2243   13
    2244   13
    2245   13
    2246   13
    2247   13
    2248   13
    2249   13
    2250   13
    2251   13
    2252   13
    2253   13
    2254   13
    2255   13
    2256   13
    2257   13
    2258   13
    2259   13
    2260   13
    2261   13
    2262   13
    2263   13
    2264   13
    2265   13
    2266   12
    2267   12
    2268    8
    2269   13
    2270   13
    2271   13
    2272   13
    2273   13
    2274   13
    2275   13
    2276   13
    2277   13
    2278   13
    2279   13
    2280   13
    2281   13
    2282   13
    2283   13
    2284   13
    2285   13
    2286   13
    2287   13
    2288   13
    2289   13
    2290   13
    2291   13
    2292    8
    2293   12
    2294   12
    2295   12
    2296   12
    2297   12
    2298   12
    2299   12
    2300   12
    2301   12
    2302   12
    2303   12
    2304   12
    2305   12
    2306   12
    2307   12
    2308   12
    2309   12
    2310   12
    2311   12
    2312   12
    2313   12
    2314   12
    2315   12
    2316   12
    2317   12
    2318   12
    2319   12
    2320   12
    2321   12
    2322   12
    2323    8
    2324   12
    2325   12
    2326   12
    2327   12
    2328   12
    2329    8
    2330   13
    2331   13
    2332   13
    2333   13
    2334   13
    2335   13
    2336   13
    2337   13
    2338   13
    2339   13
    2340   13
    2341   13
    2342   13
    2343   13
    2344   13
    2345   13
    2346   13
    2347   13
    2348   13
    2349   13
    2350   13
    2351   13
    2352   13
    2353   13
    2354   13
    2355   13
    2356   13
    2357   13
    2358   13
    2359   13
    2360   13
    2361   13
    2362   13
    2363   13
    2364   13
    2365   13
    2366   13
    2367   13
    2368   13
    2369   13
    2370   13
    2371   13
    2372   13
    2373   13
    2374   13
    2375   13
    2376   13
    2377   13
    2378   13
    2379   13
    2380   13
    2381   13
    2382   13
    2383   13
    2384   13
    2385   13
    2386   13
    2387   13
    2388   13
    2389   13
    2390   13
    2391   13
    2392   13
    2393   13
    2394   13
    2395   13
    2396   13
    2397   13
    2398   13
    2399   13
    2400   13
    2401   13
    2402   13
    2403   13
    2404   13
    2405   13
    2406   13
    2407   13
    2408   13
    2409   13
    2410   13
    2411   13
    2412   13
    2413   13
    2414   13
    2415   13
    2416   13
    2417   13
    2418   13
    2419   13
    2420   13
    2421   13
    2422   13
    2423   13
    2424   13
    2425   13
    2426   13
    2427   13
    2428   13
    2429   12
    2430   12
    2431   12
    2432   12
    2433   12
    2434   12
    2435   12
    2436   12
    2437   12
    2438   12
    2439    8
    2440   12
    2441   13
    2442   13
    2443   13
    2444   13
    2445   13
    2446   13
    2447   13
    2448   13
    2449   13
    2450   13
    2451   13
    2452   13
    2453   13
    2454   13
    2455   13
    2456   13
    2457   13
    2458   13
    2459   13
    2460   13
    2461   13
    2462   13
    2463   13
    2464   13
    2465   13
    2466   13
    2467   13
    2468   13
    2469   13
    2470   13
    2471   13
    2472   13
    2473   13
    2474   13
    2475   13
    2476   13
    2477   13
    2478   13
    2479   13
    2480   13
    2481   13
    2482   13
    2483   13
    2484   13
    2485   13
    2486   13
    2487   13
    2488   13
    2489   13
    2490   13
    2491   13
    2492   13
    2493   13
    2494   13
    2495   13
    2496   13
    2497   13
    2498   13
    2499   13
    2500   13
    2501   13
    2502   13
    2503   13
    2504   13
    2505   13
    2506   13
    2507   13
    2508   13
    2509   13
    2510   13
    2511   13
    2512   13
    2513   13
    2514   13
    2515   13
    2516   13
    2517   13
    2518   13
    2519   13
    2520   13
    2521   13
    2522   13
    2523   13
    2524   13
    2525   13
    2526   13
    2527   13
    2528   13
    2529   13
    2530   13
    2531   13
    2532   13
    2533   13
    2534   13
    2535   13
    2536   13
    2537   13
    2538   13
    2539   13
    2540   13
    2541   13
    2542   13
    2543   13
    2544   13
    2545   13
    2546   13
    2547   13
    2548   13
    2549   13
    2550   13
    2551   13
    2552   13
    2553   13
    2554   13
    2555   13
    2556   13
    2557   13
    2558   13
    2559   13
    2560   13
    2561   13
    2562   13
    2563   13
    2564   13
    2565   13
    2566   13
    2567   13
    2568   13
    2569   13
    2570   13
    2571   13
    2572   13
    2573   13
    2574   13
    2575   13
    2576   13
    2577   13
    2578   13
    2579   13
    2580   13
    2581   13
    2582   13
    2583   13
    2584   13
    2585   13
    2586   13
    2587   13
    2588   13
    2589   13
    2590   13
    2591   13
    2592   13
    2593   13
    2594   13
    2595   13
    2596   13
    2597   13
    2598   13
    2599   13
    2600   13
    2601   13
    2602   13
    2603   13
    2604   13
    2605   13
    2606   13
    2607   13
    2608   13
    2609   13
    2610   13
    2611   13
    2612   13
    2613   13
    2614   13
    2615   13
    2616   13
    2617   13
    2618   13
    2619   13
    2620   13
    2621   13
    2622   13
    2623   13
    2624   13
    2625   13
    2626   13
    2627   13
    2628   13
    2629   13
    2630   13
    2631   13
    2632   13
    2633   13
    2634   13
    2635   13
    2636   13
    2637   13
    2638   13
    2639   13
    2640   13
    2641   13
    2642   13
    2643   13
    2644   13
    2645   13
    2646   13
    2647   13
    2648   13
    2649   13
    2650   13
    2651   13
    2652   13
    2653   13
    2654   13
    2655   13
    2656   13
    2657   13
    2658   13
    2659   13
    2660   13
    2661   13
    2662   13
    2663   13
    2664   13
    2665   13
    2666   13
    2667   13
    2668   13
    2669   13
    2670   13
    2671   13
    2672   13
    2673   13
    2674   13
    2675   13
    2676   13
    2677   13
    2678   13
    2679   13
    2680   13
    2681   13
    2682   13
    2683   13
    2684   13
    2685   13
    2686   13
    2687   13
    2688   13
    2689   13
    2690   13
    2691   13
    2692   13
    2693   13
    2694   13
    2695   13
    2696   13
    2697   13
    2698   13
    2699   13
    2700   13
    2701   13
    2702   13
    2703   13
    2704   13
    2705   13
    2706   13
    2707   13
    2708   13
    2709   13
    2710   13
    2711   13
    2712   13
    2713   13
    2714   13
    2715   13
    2716   13
    2717   13
    2718   13
    2719   13
    2720   13
    2721   13
    2722   13
    2723   13
    2724   13
    2725   13
    2726   13
    2727   13
    2728   13
    2729   13
    2730   13
    2731   13
    2732   13
    2733   13
    2734   13
    2735   13
    2736   13
    2737   13
    2738   13
    2739   13
    2740   13
    2741   13
    2742   13
    2743   13
    2744   13
    2745   13
    2746   13
    2747   13
    2748   13
    2749   13
    2750   13
    2751   13
    2752   13
    2753   13
    2754   13
    2755   13
    2756    8
    2757   13
    2758   13
    2759   13
    2760   13
    2761   13
    2762   13
    2763   13
    2764   13
    2765   13
    2766   13
    2767   13
    2768   13
    2769   13
    2770   13
    2771   13
    2772   13
    2773   13
    2774   13
    2775   13
    2776   13
    2777   13
    2778   13
    2779   13
    2780   13
    2781   13
    2782   13
    2783   13
    2784   13
    2785   13
    2786   13
    2787   13
    2788   13
    2789   13
    2790   13
    2791   13
    2792   13
    2793   13
    2794   13
    2795   13
    2796   13
    2797   13
    2798   13
    2799   13
    2800   13
    2801   13
    2802   13
    2803   13
    2804   13
    2805   13
    2806   13
    2807   13
    2808   13
    2809   13
    2810   13
    2811   13
    2812   13
    2813   13
    2814   13
    2815   13
    2816   13
    2817   13
    2818   13
    2819   13
    2820   13
    2821   13
    2822   13
    2823   13
    2824   13
    2825   13
    2826   13
    2827   13
    2828   13
    2829   13
    2830   13
    2831   13
    2832   13
    2833   13
    2834   12
    2835   12
    2836    7
    2837    8
    2838   13
    2839   13
    2840   13
    2841   13
    2842   13
    2843   13
    2844   13
    2845   13
    2846   13
    2847   13
    2848   13
    2849   13
    2850   13
    2851   13
    2852   13
    2853   13
    2854   13
    2855   13
    2856   13
    2857   13
    2858   13
    2859   13
    2860   13
    2861   13
    2862   13
    2863   13
    2864   13
    2865   13
    2866   13
    2867   13
    2868   13
    2869   13
    2870   13
    2871   13
    2872   13
    2873   13
    2874   13
    2875   13
    2876   13
    2877   13
    2878   13
    2879   13
    2880   13
    2881   13
    2882   13
    2883   13
    2884   13
    2885   13
    2886   13
    2887   13
    2888   13
    2889   13
    2890   13
    2891   13
    2892   13
    2893   13
    2894   13
    2895   13
    2896   13
    2897   13
    2898   13
    2899   13
    2900   13
    2901   13
    2902   13
    2903   13
    2904   13
    2905   13
    2906   13
    2907   13
    2908   13
    2909   13
    2910   13
    2911   13
    2912   13
    2913   13
    2914   13
    2915   13
    2916   13
    2917   13
    2918   13
    2919   13
    2920   13
    2921   13
    2922   13
    2923   13
    2924   13
    2925   13
    2926   13
    2927   13
    2928   13
    2929   13
    2930   13
    2931   13
    2932   13
    2933   13
    2934   13
    2935   13
    2936   13
    2937   13
    2938   13
    2939   13
    2940   13
    2941   13
    2942   13
    2943   13
    2944   13
    2945   12
    2946    7
    2947    8
    2948   13
    2949   13
    2950   13
    2951   13
    2952   13
    2953   13
    2954   13
    2955   13
    2956   13
    2957   13
    2958   13
    2959   13
    2960   13
    2961   13
    2962   13
    2963   13
    2964   13
    2965   13
    2966   13
    2967   13
    2968   13
    2969   13
    2970   13
    2971   13
    2972   13
    2973   13
    2974   13
    2975   13
    2976   13
    2977   13
    2978   13
    2979   13
    2980   13
    2981   13
    2982   13
    2983   13
    2984   13
    2985   13
    2986   13
    2987   13
    2988   13
    2989   13
    2990   13
    2991   13
    2992   13
    2993   13
    2994   13
    2995   13
    2996   13
    2997   13
    2998   13
    2999   13
    3000   13
    3001   13
    3002   13
    3003   13
    3004   13
    3005   13
    3006   13
    3007   13
    3008   13
    3009   13
    3010   13
    3011   13
    3012   13
    3013   13
    3014   13
    3015   13
    3016   13
    3017   13
    3018   13
    3019   13
    3020   13
    3021   13
    3022   13
    3023   13
    3024   13
    3025   13
    3026   13
    3027   13
    3028   13
    3029   13
    3030   13
    3031   13
    3032   13
    3033   13
    3034   13
    3035   13
    3036   13
    3037   13
    3038   13
    3039   13
    3040   13
    3041   13
    3042   13
    3043   13
    3044   13
    3045   13
    3046   13
    3047   13
    3048   13
    3049   13
    3050   13
    3051   13
    3052   13
    3053   13
    3054   13
    3055   13
    3056   13
    3057   13
    3058   13
    3059   13
    3060   13
    3061   13
    3062   13
    3063   13
    3064   13
    3065   13
    3066   13
    3067   13
    3068   13
    3069   13
    3070   13
    3071   13
    3072   13
    3073   13
    3074   13
    3075   13
    3076   13
    3077   13
    3078   13
    3079   13
    3080   13
    3081   13
    3082   13
    3083   13
    3084   13
    3085   13
    3086   13
    3087   13
    3088   13
    3089   13
    3090   13
    3091   13
    3092   13
    3093   13
    3094   13
    3095   13
    3096   13
    3097   13
    3098   13
    3099   13
    3100   13
    3101   13
    3102   13
    3103   13
    3104   13
    3105   13
    3106   13
    3107   13
    3108   13
    3109   13
    3110   13
    3111   13
    3112   13
    3113   13
    3114   13
    3115   13
    3116   13
    3117   13
    3118   13
    3119   13
    3120   13
    3121   13
    3122   13
    3123   13
    3124   13
    3125   13
    3126   13
    3127   13
    3128   13
    3129   13
    3130   13
    3131   13
    3132   13
    3133   13
    3134   13
    3135   13
    3136   13
    3137   13
    3138   13
    3139   13
    3140   13
    3141   13
    3142   13
    3143   13
    3144   13
    3145   13
    3146   13
    3147   13
    3148   13
    3149   13
    3150   13
    3151   13
    3152   13
    3153   13
    3154   13
    3155   13
    3156   13
    3157   13
    3158   13
    3159   13
    3160   13
    3161   13
    3162   13
    3163   13
    3164   13
    3165   13
    3166   13
    3167   13
    3168   13
    3169   13
    3170   13
    3171   13
    3172   13
    3173   13
    3174   13
    3175   13
    3176   13
    3177   13
    3178   13
    3179   13
    3180   13
    3181   13
    3182   13
    3183   13
    3184   13
    3185   13
    3186   13
    3187   13
    3188   13
    3189   13
    3190   13
    3191   13
    3192   13
    3193   13
    3194   13
    3195   13
    3196   13
    3197   13
    3198   13
    3199   13
    3200   13
    3201    8
    3202   12
    3203   12
    3204   12
    3205   12
    3206   12
    3207   12
    3208   12
    3209   12
    3210   12
    3211    8
    3212   12
    3213   12
    3214   12
    3215    1
    3216    1
    3217   12
    3218   12
    3219   12
    3220   12
    3221   12
    3222   12
    3223   12
    3224   12
    3225   12
    3226   12
    3227   12
    3228   12
    3229    1
    3230   12
    3231    1
    3232    1
    3233    1
    3234    1
    3235    1
    3236    1
    3237    1
    3238   12
    3239   12
    3240   12
    3241   12
    3242    1
    3243    4
    3244    4
    3245    4
    3246    4
    3247    4
    3248    5
    3249    7
    3250   12
    3251   12
    3252   12
    3253   12
    3254    8
    3255    8
    3256    8
    3257    8
    3258   12
    3259   12
    3260   12
    3261   12
    3262   12
    3263   12
    3264   12
    3265   12
    3266   12
    3267   12
    3268   12
    3269   12
    3270    8
    3271   12
    3272   12
    3273   12
    3274   12
    3275   12
    3276   12
    3277   12
    3278    8
    3279   13
    3280   13
    3281   13
    3282   13
    3283   13
    3284   13
    3285   13
    3286   13
    3287   13
    3288   13
    3289   13
    3290   13
    3291   13
    3292   13
    3293   13
    3294   13
    3295   13
    3296   13
    3297   13
    3298   13
    3299   13
    3300   13
    3301   13
    3302   13
    3303   13
    3304   13
    3305   13
    3306   13
    3307   13
    3308   13
    3309   13
    3310   13
    3311   13
    3312   13
    3313   13
    3314   13
    3315   13
    3316   13
    3317   13
    3318   13
    3319   13
    3320   13
    3321   13
    3322   13
    3323   13
    3324   13
    3325   13
    3326   13
    3327   13
    3328   13
    3329   13
    3330   13
    3331   13
    3332   13
    3333   13
    3334   13
    3335   13
    3336   13
    3337   13
    3338   13
    3339   13
    3340   13
    3341   13
    3342   13
    3343   13
    3344   13
    3345   13
    3346   13
    3347   13
    3348   13
    3349   13
    3350   13
    3351   13
    3352   13
    3353   13
    3354   13
    3355   13
    3356   13
    3357   13
    3358   13
    3359   13
    3360   13
    3361   13
    3362   13
    3363   13
    3364   13
    3365   13
    3366   13
    3367   13
    3368   13
    3369   13
    3370   13
    3371   13
    3372   13
    3373   13
    3374   13
    3375   13
    3376   13
    3377   13
    3378   10
    3379   10
    3380   10
    3381   10
    3382   10
    3383   10
    3384    8
    3385   10
    3386   13
    3387   13
    3388   13
    3389   13
    3390   13
    3391   13
    3392   13
    3393   13
    3394   13
    3395   13
    3396   13
    3397   13
    3398   13
    3399   13
    3400   13
    3401   13
    3402   13
    3403   13
    3404   13
    3405   13
    3406   13
    3407   13
    3408   13
    3409   13
    3410   13
    3411   13
    3412   13
    3413   13
    3414   13
    3415   13
    3416   13
    3417   13
    3418   13
    3419   13
    3420   13
    3421   13
    3422   13
    3423   13
    3424   13
    3425   13
    3426   13
    3427   13
    3428   13
    3429   13
    3430   13
    3431   13
    3432   13
    3433   13
    3434   13
    3435   13
    3436   13
    3437   13
    3438   13
    3439   13
    3440   13
    3441   13
    3442   10
    3443   10
    3444   10
    3445   10
    3446   10
    3447   10
    3448   10
    3449   10
    3450   10
    3451   10
    3452   10
    3453   10
    3454   10
    3455   10
    3456   10
    3457   10
    3458   10
    3459   10
    3460   10
    3461   10
    3462   10
    3463   10
    3464   10
    3465   10
    3466   10
    3467   10
    3468   10
    3469   10
    3470   10
    3471   10
    3472   10
    3473   10
    3474   10
    3475   10
    3476   10
    3477   10
    3478   10
    3479   10
    3480   10
    3481   10
    3482   10
    3483   10
    3484   10
    3485   10
    3486   10
    3487   10
    3488   10
    3489   10
    3490   10
    3491   10
    3492   10
    3493   10
    3494   10
    3495   10
    3496   10
    3497   12
    3498   12
    3499   12
    3500   12
    3501   12
    3502   12
    3503   12
    3504   12
    3505   12
    3506   12
    3507    8
    3508   12
    3509   12
    3510   12
    3511   12
    3512    8
    3513   12
    3514   12
    3515   12
    3516   12
    3517   12
    3518   12
    3519   12
    3520   12
    3521   12
    3522   12
    3523   12
    3524   12
    3525   12
    3526    2
    3527    2
    3528    2
    3529    2
    3530    5
    3531    4
    3532    4
    3533    7
    3534   12
    3535   12
    3536   12
    3537    6
    3538   12
    3539   10
    3540   10
    3541   10
    3542   10
    3543   10
    3544   10
    3545   10
    3546   10
    3547   10
    3548   10
    3549   10
    3550   10
    3551   10
    3552   10
    3553   10
    3554   10
    3555   10
    3556   10
    3557   10
    3558   10
    3559   10
    3560    8
    3561   12
    3562   12
    3563   12
    3564   12
    3565    6
    3566    3
    3567    1
    3568    1
    3569    1
    3570    1
    3571    1
    3572    1
    3573    1
    3574   12
    3575   12
    3576   12
    3577   10
    3578    9
    3579   10
    3580   10
    3581   10
    3582   10
    3583   10
    3584   10
    3585   10
    3586   10
    3587   10
    3588   12
    3589   12
    3590   12
    3591   12
    3592   12
    3593   12
    3594    8
    3595    7
    3596    8
    3597   12
    3598   12
    3599   12
    3600   12
    3601   12
    3602   12
    3603    1
    3604    1
    3605    1
    3606    1
    3607   12
    3608   12
    3609   12
    3610    1
    3611    1
    3612   12
    3613   12
    3614    8
    3615    7
    3616    7
    3617   12
    3618    1
    3619    1
    3620    1
    3621   12
    3622   12
    3623   12
    3624    8
    3625   12
    3626   12
    3627   12
    3628   12
    3629   12
    3630    8
    3631    7
    3632    7
    3633    8
    3634    8
    3635    7
    3636    8
    3637   12
    3638    7
    3639   12
    3640   12
    3641   12
    3642   12
    3643   12
    3644   12
    3645    8
    3646    9
    3647   12
    3648   12
    3649   12
    3650   12
    3651   12
    3652   12
    3653   12
    3654   12
    3655    8
    3656    8
    3657   12
    3658   12
    3659   12
    3660   12
    3661   12
    3662    8
    3663    7
    3664    7
    3665    7
    3666    8
    3667   12
    3668   12
    3669   12
    3670   12
    3671   12
    3672   12
    3673    8
    3674    8
    3675    7
    3676   12
    3677    7
    3678   12
    3679   12
    3680   12
    3681   12
    3682   12
    3683    8
    3684   12
    3685   12
    3686   12
    3687   12
    3688   12
    3689   12
    3690   12
    3691   12
    3692   12
    3693   12
    3694   12
    3695   12
    3696   12
    3697   12
    3698   12
    3699   12
    3700   12
    3701   12
    3702   12
    3703   12
    3704   12
    3705   12
    3706   12
    3707   12
    3708   12
    3709   12
    3710   12
    3711   12
    3712   12
    3713   12
    3714   12
    3715   12
    3716   12
    3717   12
    3718   12
    3719   12
    3720    8
    3721   12
    3722   12
    3723    8
    3724    7
    3725   12
    3726   12
    3727   12
    3728   12
    3729   12
    3730   12
    3731   12
    3732    6
    3733    6
    3734    6
    3735    6
    3736    3
    3737    3
    3738    3
    3739    3
    3740    1
    3741   12
    3742   12
    3743   12
    3744   12
    3745    8
    3746    7
    3747    8
    3748   12
    3749   12
    3750    8
    3751    8
    3752    8
    3753   12
    3754   12
    3755   12
    3756   12
    3757   12
    3758   12
    3759   12
    3760   12
    3761   12
    3762   12
    3763   12
    3764   12
    3765    1
    3766    1
    3767    1
    3768    1
    3769    1
    3770    1
    3771    6
    3772    7
    3773    7
    3774    5
    3775    4
    3776    1
    3777    1
    3778    5
    3779    1
    3780    1
    3781    1
    3782    1
    3783    1
    3784    1
    3785    1
    3786    1
    3787   12
    3788    1
    3789   12
    3790    8
    3791   12
    3792   12
    3793   12
    3794    1
    3795    1
    3796    1
    3797    1
    3798   12
    3799   12
    3800   12
    3801   12
    3802   12
    3803   12
    3804    3
    3805    6
    3806    6
    3807    7
    3808    7
    3809    6
    3810    4
    3811    4
    3812    4
    3813    4
    3814    4
    3815    1
    3816    1
    3817    1
    3818    1
    3819    1
    3820    1
    3821    1
    3822    1
    3823    1
    3824    1
    3825   12
    3826   12
    3827   12
    3828   12
    3829   12
    3830   12
    3831   12
    3832   12
    3833   12
    3834   12
    3835   12
    3836    7
    3837    8
    3838    1
    3839    1
    3840    1
    3841    1
    3842    1
    3843    1
    3844    1
    3845    1
    3846    1
    3847    1
    3848   12
    3849   12
    3850   12
    3851    1
    3852    1
    3853    1
    3854    1
    3855    1
    3856    1
    3857    1
    3858    1
    3859    1
    3860    1
    3861    3
    3862    1
    3863    1
    3864    5
    3865    1
    3866    3
    3867    3
    3868    3
    3869    3
    3870    5
    3871    5
    3872    3
    3873    6
    3874   12
    3875   12
    3876   12
    3877   12
    3878   12
    3879   12
    3880   12
    3881   12
    3882   12
    3883   12
    3884   12
    3885   12
    3886   12
    3887   12
    3888   12
    3889   12
    3890    2
    3891    5
    3892    6
    3893    2
    3894    1
    3895   12
    3896   12
    3897   12
    3898   12
    3899   12
    3900    1
    3901    1
    3902    1
    3903    5
    3904    3
    3905    6
    3906    9
    3907   12
    3908    7
    3909   12
    3910   12
    3911   12
    3912   12
    3913   12
    3914   12
    3915   12
    3916   12
    3917   12
    3918   12
    3919   12
    3920   12
    3921   12
    3922    8
    3923    7
    3924    7
    3925    1
    3926    1
    3927    6
    3928    7
    3929   12
    3930   12
    3931   12
    3932   12
    3933   12
    3934   12
    3935   12
    3936   12
    3937   12
    3938   12
    3939    6
    3940    6
    3941    6
    3942    3
    3943    3
    3944    3
    3945    3
    3946    3
    3947    3
    3948    3
    3949    3
    3950    3
    3951    3
    3952    3
    3953    3
    3954    3
    3955    1
    3956    1
    3957   12
    3958   12
    3959   12
    3960   12
    3961   12
    3962   12
    3963   12
    3964    1
    3965    3
    3966    3
    3967    1
    3968    1
    3969    1
    3970    1
    3971    5
    3972    1
    3973    1
    3974    1
    3975    1
    3976    1
    3977    1
    3978    1
    3979    1
    3980    1
    3981    1
    3982    1
    3983    1
    3984    3
    3985    3
    3986    3
    3987    3
    3988    3
    3989    3
    3990    3
    3991    3
    3992    3
    3993    3
    3994    5
    3995    6
    3996   12
    3997   12
    3998   12
    3999   12
    4000   12
    4001    8
    4002   12
    4003   12
    4004    8
    4005   12
    4006   12
    4007   12
    4008   12
    4009    8
    4010   12
    4011    6
    4012    5
    4013    4
    4014    4
    4015   12
    4016   12
    4017   12
    4018   12
    4019   12
    4020   12
    4021   12
    4022   12
    4023   12
    4024   12
    4025   12
    4026   12
    4027   12
    4028   12
    4029   12
    4030   12
    4031   12
    4032   12
    4033   12
    4034   12
    4035   12
    4036    7
    4037   12
    4038   12
    4039   12
    4040   12
    4041   12
    4042   12
    4043   12
    4044   12
    4045   12
    4046   12
    4047   12
    4048    8
    4049   12
    4050   12
    4051    7
    4052   12
    4053   12
    4054   12
    4055   12
    4056   12
    4057   12
    4058   12
    4059    8
    4060   12
    4061   12
    4062    7
    4063    7
    4064    7
    4065    7
    4066    7
    4067    6
    4068    5
    4069    3
    4070    3
    4071    3
    4072    1
    4073    7
    4074   12
    4075   12
    4076   12
    4077   12
    4078   12
    4079    7
    4080   12
    4081    7
    4082   12
    4083   12
    4084    1
    4085    1
    4086    1
    4087    1
    4088    1
    4089    1
    4090    4
    4091    1
    4092    1
    4093    1
    4094    1
    4095    3
    4096    3
    4097    5
    4098    5
    4099    3
    4100    3
    4101    5
    4102    3
    4103    5
    4104    3
    4105    6
    4106    5
    4107    3
    4108    5
    4109    3
    4110    5
    4111    3
    4112    5
    4113    6
    4114    4
    4115    5
    4116    3
    4117    3
    4118    3
    4119    3
    4120    3
    4121    3
    4122    3
    4123    3
    4124    6
    4125    6
    4126    6
    4127   12
    4128   12
    4129   12
    4130   12
    4131   12
    4132   12
    4133    7
    4134    7
    4135    7
    4136   12
    4137    8
    4138    8
    4139   12
    4140   12
    4141   12
    4142   12
    4143   12
    4144    8
    4145   12
    4146   12
    4147   12
    4148   12
    4149   12
    4150   12
    4151   12
    4152   12
    4153   12
    4154   12
    4155   12
    4156   12
    4157    8
    4158   12
    4159   12
    4160   12
    4161   12
    4162   12
    4163   12
    4164   12
    4165   12
    4166   12
    4167   12
    4168   12
    4169   12
    4170   12
    4171   12
    4172   12
    4173   12
    4174   12
    4175    1
    4176    1
    4177    1
    4178    1
    4179    8
    4180    8
    4181    8
    4182    7
    4183    8
    4184    8
    4185    7
    4186   12
    4187    1
    4188    1
    4189    1
    4190   12
    4191   12
    4192   12
    4193   12
    4194   12
    4195   12
    4196   12
    4197   12
    4198    8
    4199    8
    4200   12
    4201   12
    4202   12
    4203   12
    4204   12
    4205   12
    4206    8
    4207   12
    4208   12
    4209   12
    4210   12
    4211   12
    4212   12
    4213   12
    4214    8
    4215    8
    4216   12
    4217   12
    4218   12
    4219   12
    4220   12
    4221   12
    4222   12
    4223   12
    4224   12
    4225    8
    4226   12
    4227   12
    4228    1
    4229    5
    4230    4
    4231    4
    4232    5
    4233    4
    4234    4
    4235    4
    4236    4
    4237    5
    4238    4
    4239    4
    4240    4
    4241    4
    4242    5
    4243    6
    4244    8
    4245   12
    4246   12
    4247   12
    4248   12
    4249   12
    4250   12
    4251   12
    4252    8
    4253   12
    4254   12
    4255   12
    4256    8
    4257    7
    4258    7
    4259   12
    4260    8
    4261   15
    4262   12
    4263    8
    4264    6
    4265    5
    4266    5
    4267    5
    4268    5
    4269    5
    4270    4
    4271    4
    4272    6
    4273    6
    4274    5
    4275    5
    4276    3
    4277    3
    4278    3
    4279    5
    4280    3
    4281    3
    4282    3
    4283    3
    4284    3
    4285    3
    4286    3
    4287    3
    4288    3
    4289    5
    4290    3
    4291    5
    4292    3
    4293    3
    4294    3
    4295    3
    4296    3
    4297    3
    4298    3
    4299    3
    4300    3
    4301    6
    4302    5
    4303    5
    4304    3
    4305    5
    4306    3
    4307    5
    4308    5
    4309    3
    4310    3
    4311    3
    4312    3
    4313    3
    4314    3
    4315    3
    4316    3
    4317    3
    4318    3
    4319    3
    4320    3
    4321    3
    4322    3
    4323    3
    4324    3
    4325    3
    4326    3
    4327    3
    4328    3
    4329    1
    4330    1
    4331    5
    4332    5
    4333    1
    4334    1
    4335    1
    4336    1
    4337    1
    4338    3
    4339    1
    4340    5
    4341    7
    4342    7
    4343    8
    4344    8
    4345   12
    4346    8
    4347    8
    4348   12
    4349   12
    4350   12
    4351    8
    4352    8
    4353    8
    4354   12
    4355   12
    4356   12
    4357   12
    4358   12
    4359   12
    4360   12
    4361   12
    4362   12
    4363   12
    4364   12
    4365   12
    4366   12
    4367   12
    4368    8
    4369   12
    4370   12
    4371   12
    4372   12
    4373   12
    4374   12
    4375   12
    4376    7
    4377    7
    4378    7
    4379    7
    4380   12
    4381   12
    4382    8
    4383    8
    4384   12
    4385    8
    4386    8
    4387    6
    4388    5
    4389    3
    4390    3
    4391    1
    4392    1
    4393   12
    4394   12
    4395   12
    4396   12
    4397   12
    4398    6
    4399    3
    4400    3
    4401    3
    4402    3
    4403    3
    4404    1
    4405    1
    4406    1
    4407    1
    4408    1
    4409    1
    4410    1
    4411    1
    4412    1
    4413    1
    4414    1
    4415    1
    4416    1
    4417    1
    4418   12
    4419   12
    4420   12
    4421   12
    4422   10
    4423   10
    4424   10
    4425   10
    4426   10
    4427   10
    4428   10
    4429   10
    4430   12
    4431   12
    4432   12
    4433   12
    4434   12
    4435   12
    4436   12
    4437   12
    4438   12
    4439   12
    4440   12
    4441   12
    4442   12
    4443   12
    4444   12
    4445   10
    4446   10
    4447   10
    4448   10
    4449   10
    4450   10
    4451   10
    4452   10
    4453   10
    4454   10
    4455   10
    4456    9
    4457   10
    4458   10
    4459   10
    4460   10
    4461   10
    4462   10
    4463   10
    4464   10
    4465   10
    4466    9
    4467   10
    4468   10
    4469   10
    4470   10
    4471   10
    4472   10
    4473   12
    4474   12
    4475   12
    4476   12
    4477   12
    4478   12
    4479   12
    4480   12
    4481   12
    4482    8
    4483   13
    4484   13
    4485   13
    4486   13
    4487   13
    4488   13
    4489   13
    4490   13
    4491   13
    4492   13
    4493   13
    4494   13
    4495   13
    4496   13
    4497   13
    4498   13
    4499   13
    4500   13
    4501   13
    4502   13
    4503   13
    4504   13
    4505   13
    4506   13
    4507   13
    4508   13
    4509   13
    4510   13
    4511   13
    4512   13
    4513   13
    4514   13
    4515   13
    4516   13
    4517   13
    4518   13
    4519   13
    4520   13
    4521   13
    4522   13
    4523   13
    4524   13
    4525   13
    4526   12
    4527   12
    4528    7
    4529   12
    4530   12
    4531    7
    4532   12
    4533   12
    4534   12
    4535   12
    4536   13
    4537   13
    4538   13
    4539   13
    4540   13
    4541   13
    4542   13
    4543   13
    4544   13
    4545   13
    4546   13
    4547   13
    4548   13
    4549   13
    4550   13
    4551   13
    4552   13
    4553   13
    4554   13
    4555   13
    4556   13
    4557   13
    4558   13
    4559   13
    4560   13
    4561   13
    4562   13
    4563   13
    4564   13
    4565   13
    4566   13
    4567   13
    4568   13
    4569   13
    4570   13
    4571   13
    4572   13
    4573   13
    4574   13
    4575   13
    4576   13
    4577   13
    4578   13
    4579   13
    4580   13
    4581   13
    4582   13
    4583   13
    4584   13
    4585   13
    4586   13
    4587   13
    4588   13
    4589   13
    4590   13
    4591   13
    4592   13
    4593   13
    4594   13
    4595   13
    4596   13
    4597   13
    4598   13
    4599   13
    4600   13
    4601   13
    4602   13
    4603   13
    4604   13
    4605   13
    4606   13
    4607   13
    4608   13
    4609   13
    4610   13
    4611   13
    4612   13
    4613   13
    4614   13
    4615   13
    4616   13
    4617   13
    4618   13
    4619   13
    4620   13
    4621   13
    4622   13
    4623   13
    4624   13
    4625   13
    4626   13
    4627   13
    4628   13
    4629   13
    4630   13
    4631   13
    4632   13
    4633   13
    4634   13
    4635   13
    4636   13
    4637   13
    4638   13
    4639   13
    4640   13
    4641   13
    4642   13
    4643   13
    4644   13
    4645   13
    4646   13
    4647   13
    4648   13
    4649   13
    4650   13
    4651   13
    4652   13
    4653   13
    4654   13
    4655   13
    4656   13
    4657   13
    4658   13
    4659   13
    4660   13
    4661   13
    4662   13
    4663   13
    4664   13
    4665   13
    4666   13
    4667   13
    4668   13
    4669   13
    4670   13
    4671   13
    4672   13
    4673   13
    4674   13
    4675   13
    4676   13
    4677   13
    4678   13
    4679   13
    4680   13
    4681   13
    4682   13
    4683   13
    4684   13
    4685   13
    4686   13
    4687   13
    4688   13
    4689   13
    4690   13
    4691    8
    4692   13
    4693   13
    4694   13
    4695   13
    4696   13
    4697   13
    4698   13
    4699   13
    4700   13
    4701   13
    4702   13
    4703   13
    4704   13
    4705   13
    4706   13
    4707   13
    4708   13
    4709   13
    4710   13
    4711   13
    4712   13
    4713   13
    4714   13
    4715   13
    4716   13
    4717   13
    4718   13
    4719   13
    4720   13
    4721   13
    4722   13
    4723   13
    4724   13
    4725   13
    4726   13
    4727   13
    4728   13
    4729   13
    4730   13
    4731   13
    4732   13
    4733   13
    4734   13
    4735   13
    4736   13
    4737   13
    4738   13
    4739   13
    4740   13
    4741   13
    4742   13
    4743   13
    4744   13
    4745   13
    4746   13
    4747   13
    4748   13
    4749   13
    4750   13
    4751   13
    4752   13
    4753   13
    4754   13
    4755   13
    4756   13
    4757   13
    4758   13
    4759   13
    4760   13
    4761   13
    4762   13
    4763   13
    4764   13
    4765   13
    4766   13
    4767   13
    4768   13
    4769   13
    4770   13
    4771   13
    4772   13
    4773   13
    4774   13
    4775   13
    4776   13
    4777   13
    4778   13
    4779   13
    4780   13
    4781   13
    4782   13
    4783   13
    4784   13
    4785   13
    4786   13
    4787   13
    4788   13
    4789   13
    4790   13
    4791   13
    4792   13
    4793   13
    4794   13
    4795   13
    4796   13
    4797   13
    4798   13
    4799   13
    4800   13
    4801   13
    4802   13
    4803    9
    4804   13
    4805   13
    4806   13
    4807   13
    4808   13
    4809   13
    4810   13
    4811   13
    4812   13
    4813   13
    4814   13
    4815   13
    4816   13
    4817   13
    4818   13
    4819   13
    4820   13
    4821   13
    4822   13
    4823   13
    4824   13
    4825   13
    4826   13
    4827   13
    4828   13
    4829   13
    4830   13
    4831   13
    4832   13
    4833   13
    4834   13
    4835   13
    4836   13
    4837   13
    4838   13
    4839   13
    4840   13
    4841   13
    4842   13
    4843   13
    4844   13
    4845   13
    4846   13
    4847   13
    4848   13
    4849   13
    4850   13
    4851   13
    4852   13
    4853   13
    4854   13
    4855   13
    4856   13
    4857   13
    4858   13
    4859   13
    4860   13
    4861   13
    4862   13
    4863   13
    4864   13
    4865   13
    4866   13
    4867   13
    4868   13
    4869   13
    4870   13
    4871   13
    4872   13
    4873   13
    4874   13
    4875   13
    4876   13
    4877   13
    4878   13
    4879   13
    4880   13
    4881   13
    4882   13
    4883   13
    4884   13
    4885   13
    4886   13
    4887   13
    4888   13
    4889   13
    4890    8
    4891   13
    4892   13
    4893   13
    4894   13
    4895   13
    4896   13
    4897   13
    4898   13
    4899   13
    4900   13
    4901   13
    4902   13
    4903   13
    4904   13
    4905   13
    4906   13
    4907   13
    4908   13
    4909   13
    4910   13
    4911   13
    4912   13
    4913   13
    4914   13
    4915   13
    4916   13
    4917   13
    4918   13
    4919   13
    4920   13
    4921   13
    4922   13
    4923   13
    4924   13
    4925   13
    4926   13
    4927   13
    4928   13
    4929   13
    4930   13
    4931   13
    4932   13
    4933   13
    4934   13
    4935    8
    4936    6
    4937    1
    4938    1
    4939    1
    4940    1
    4941    1
    4942    1
    4943    1
    4944    3
    4945    6
    4946   12
    4947   12
    4948   12
    4949   12
    4950   13
    4951   13
    4952   13
    4953   13
    4954   13
    4955   13
    4956   13
    4957   13
    4958   13
    4959   13
    4960   13
    4961   13
    4962   13
    4963   13
    4964   13
    4965   13
    4966   13
    4967   13
    4968   13
    4969   13
    4970   13
    4971   13
    4972   13
    4973   13
    4974   13
    4975   13
    4976   13
    4977   13
    4978   13
    4979   13
    4980   13
    4981   13
    4982   13
    4983    9
    4984   13
    4985   13
    4986   13
    4987   13
    4988   13
    4989   13
    4990   13
    4991   13
    4992   13
    4993   13
    4994   13
    4995   13
    4996   13
    4997   13
    4998   13
    4999   13
    5000   13
