-1	0
-1	0
-1	0
-1	0
-1	0
-1	0
-1	0
-1	0
-1	0
-1	0
-1	0
-1	0
-1	0
-1	0
-1	0
-1	0
-1	0
-1	0
-1	0
-1	0
-1	0
-1	0
-1	0
-1	0
-1	0
-1	0
-1	0
-1	0
-1	0
-1	1
-1	1
-1	1
-1	1
-1	1
-1	1
-1	1
-1	1
-1	1
-1	1
-1	1
-1	1
-1	1
-1	1
-1	1
-1	1
-1	1
-1	1
-1	1
-1	1
-1	1
-1	1
-1	1
-1	1
-1	1
-1	1
-1	1
0	1
0	2
0	2
0	2
0	2
0	2
0	2
0	2
0	2
0	2
0	2
0	2
0	2
0	2
0	2
0	2
0	2
0	2
0	2
1	2
1	2
1	2
1	2
1	3
1	3
1	3
1	3
1	3
1	3
1	3
1	3
1	3
1	3
1	3
1	3
1	3
1	3
1	3
1	3
1	3
1	3
1	3
1	3
1	3
1	3
1	3
2	3
2	3
2	3
2	3
2	3
2	3
2	3
2	3
2	3
2	3
3	3
3	4
3	4
3	4
3	4
3	4
3	4
3	4
3	4
3	4
3	4
3	4
3	4
3	4
3	4
3	5
3	5
3	5
3	5
3	5
3	5
3	5
3	5
3	5
3	5
3	5
3	5
3	5
3	5
3	5
3	5
3	6
3	6
3	6
3	6
3	6
3	6
3	6
3	6
3	6
3	6
3	6
3	6
3	6
3	6
3	6
3	7
3	7
3	7
3	7
3	7
4	7
4	7
4	7
4	7
4	7
4	7
4	7
4	7
4	7
4	7
4	7
4	7
4	7
4	7
4	7
4	7
4	7
4	7
4	7
4	7
4	7
4	7
4	7
4	7
4	7
4	7
4	7
4	7
4	7
4	8
4	8
4	8
4	8
4	8
4	8
4	8
4	8
4	8
4	8
4	8
4	8
4	8
4	8
4	8
4	8
4	8
4	8
4	8
4	8
4	8
4	8
4	8
5	8
5	8
6	9
6	9
7	9
7	10
7	10
7	10
7	10
7	10
7	10
7	10
7	10
7	10
7	10
7	10
7	10
7	10
7	10
7	10
7	10
7	10
7	10
7	10
7	10
8	10
8	11
8	11
8	11
8	11
8	11
8	11
8	11
8	11
8	11
8	11
8	11
8	11
8	11
8	11
8	11
8	11
8	12
8	12
8	12
8	12
8	12
8	12
8	12
8	12
8	12
8	12
8	12
8	12
8	12
8	12
8	12
8	12
8	12
8	12
8	12
8	12
8	12
8	12
8	12
8	12
8	12
8	12
8	12
8	12
8	12
8	12
8	12
8	12
8	12
8	12
8	12
8	12
8	12
8	12
8	12
8	12
8	12
8	12
9	12
9	13
9	13
9	13
9	13
9	13
9	13
9	13
9	13
10	13
10	13
10	13
10	13
10	13
10	13
10	13
10	13
10	13
10	13
10	13
10	13
10	13
10	13
10	13
10	13
10	13
10	13
10	13
10	13
10	13
10	13
10	13
10	13
10	14
10	14
10	14
10	14
10	14
10	14
10	14
11	14
11	15
11	15
11	15
11	15
11	15
11	15
11	15
11	15
11	15
11	15
11	15
11	15
11	16
11	16
11	16
11	16
11	16
11	16
11	16
11	16
11	16
11	16
11	16
11	16
11	16
11	16
11	16
11	16
11	16
11	16
11	16
11	16
11	16
11	16
11	16
11	16
11	16
11	16
11	16
11	16
11	16
11	16
11	16
11	16
11	16
11	16
11	16
12	16
12	17
12	17
12	17
12	17
12	17
12	17
12	17
12	17
12	17
12	17
12	17
12	17
12	17
12	17
12	17
12	17
12	17
12	17
12	17
12	17
12	17
12	17
12	17
12	17
12	17
13	17
13	18
13	18
13	18
13	18
13	18
13	18
13	18
13	18
13	18
13	18
14	18
14	18
14	18
14	18
14	18
14	18
14	18
14	18
14	18
14	18
14	18
14	18
14	18
14	18
14	18
14	18
14	18
14	18
14	18
14	18
14	18
14	18
14	18
14	18
14	18
14	18
14	18
14	18
14	18
14	18
14	18
14	18
14	18
14	18
14	18
14	18
14	18
15	18
15	19
15	20
15	20
15	20
15	20
15	20
15	20
15	20
15	20
15	20
15	20
15	20
15	20
15	20
15	20
15	20
15	20
15	20
15	20
15	20
15	20
15	20
15	20
15	20
15	20
15	20
15	20
15	20
15	20
15	20
15	20
15	20
15	20
15	20
15	20
15	20
15	20
15	20
15	20
15	20
15	20
15	20
15	20
15	20
15	20
15	20
15	20
15	20
15	20
15	20
15	20
15	20
15	20
15	20
15	20
15	20
15	20
15	20
15	20
15	20
15	20
15	20
15	20
15	20
15	20
15	20
15	20
15	20
15	20
15	20
15	20
15	20
15	20
15	20
15	20
15	20
15	20
15	20
15	20
15	20
15	20
15	20
15	20
15	20
15	20
15	20
15	20
15	20
15	20
15	20
15	20
15	20
15	20
15	20
15	20
15	20
15	20
15	20
15	20
15	20
15	20
15	20
15	20
15	20
15	20
15	20
15	20
15	20
15	20
15	20
15	20
15	20
15	20
15	20
15	20
15	20
15	20
15	20
15	20
15	20
15	20
15	20
15	20
15	20
15	20
15	20
15	20
15	20
15	20
15	20
15	20
15	20
15	20
15	20
15	20
15	20
15	20
15	20
15	20
15	20
15	20
15	20
15	20
15	20
15	20
15	20
15	20
15	20
15	20
15	20
15	20
15	20
15	20
15	20
15	20
15	20
15	20
15	20
15	20
15	20
15	20
15	20
15	20
15	20
15	20
15	20
15	20
15	20
15	20
15	20
15	20
15	20
15	20
15	20
15	20
15	20
15	20
15	20
15	20
15	20
15	20
15	20
15	20
15	20
15	20
15	20
15	20
15	20
15	20
15	20
15	20
15	20
15	20
15	20
15	20
15	20
15	20
15	20
15	20
15	20
15	20
15	20
15	20
15	20
15	20
15	20
15	20
15	20
15	20
15	20
15	20
15	20
15	20
15	20
15	20
15	20
15	20
15	20
15	20
15	20
16	20
16	20
16	20
16	20
16	20
16	20
16	20
16	20
16	20
16	20
16	20
16	20
16	20
16	20
16	20
16	20
16	20
16	20
17	20
17	20
17	20
17	20
17	20
17	20
17	20
17	20
17	20
17	20
17	20
17	20
17	20
17	20
17	20
17	20
17	20
17	20
17	20
17	20
17	20
17	20
17	20
17	20
17	20
17	20
17	20
17	20
17	20
17	20
17	20
17	20
17	20
17	20
17	20
17	20
17	20
17	21
17	21
17	21
17	21
17	21
17	21
17	21
17	21
17	21
17	21
17	21
17	21
17	21
17	21
17	21
17	21
17	21
17	21
17	21
17	21
17	21
17	21
17	21
17	21
17	21
17	21
17	21
17	21
17	21
17	21
17	21
17	21
17	21
17	21
17	21
17	21
17	21
17	21
17	21
17	21
18	21
18	21
18	21
18	21
18	21
18	21
18	21
18	21
18	21
18	21
18	21
18	21
18	21
18	21
18	21
19	21
19	22
19	22
19	22
19	22
20	22
20	22
20	22
20	22
20	22
20	22
20	22
20	22
20	22
20	22
21	22
21	22
21	22
21	23
21	23
21	23
21	23
21	23
21	23
21	23
21	23
21	23
21	23
21	23
21	23
21	23
21	23
21	23
21	23
21	23
21	23
21	23
21	23
21	23
21	23
21	23
21	23
21	23
21	23
21	23
21	23
21	23
21	23
22	23
22	23
22	23
22	23
22	23
22	23
22	24
22	24
22	24
22	24
22	24
22	24
22	24
22	24
22	24
22	24
22	24
22	24
22	24
22	24
22	24
22	24
22	24
22	24
22	24
22	24
22	24
22	24
22	24
22	24
22	24
22	24
22	24
22	24
22	24
22	24
22	24
22	24
22	24
22	24
22	24
22	24
22	24
22	24
22	24
22	24
22	24
22	24
22	24
22	24
22	24
22	24
22	24
22	24
22	24
22	24
22	24
22	24
22	24
22	24
22	24
22	24
22	24
22	24
22	24
22	24
22	24
22	24
22	24
22	24
22	24
22	24
22	24
22	24
22	24
22	24
22	24
22	24
22	24
22	24
22	25
22	25
22	25
22	25
22	25
22	25
22	25
22	25
22	25
22	25
22	25
22	25
22	25
22	25
22	25
22	25
22	25
22	25
22	25
22	25
22	25
22	25
22	25
22	25
22	25
22	25
22	25
22	25
22	25
22	25
22	25
22	25
22	25
22	25
22	25
22	25
22	25
22	25
22	25
22	25
22	25
22	25
22	25
22	25
22	25
22	25
22	25
22	25
22	25
22	25
22	25
22	25
22	25
22	25
22	25
22	25
22	25
22	25
22	25
22	25
22	25
22	25
22	25
22	25
22	25
22	25
22	25
22	25
22	25
22	25
22	25
22	25
22	25
22	25
22	25
22	25
22	25
22	25
22	25
22	25
22	25
22	25
22	25
22	25
22	25
22	25
22	25
22	25
22	25
22	25
22	25
22	25
22	25
22	25
22	25
22	25
22	25
22	25
22	25
22	25
22	25
22	25
22	25
22	25
22	25
22	25
22	25
22	25
22	25
22	25
22	25
22	25
22	25
22	25
22	25
23	25
23	26
24	26
24	27
24	27
24	27
24	27
24	27
24	27
24	27
24	27
24	27
24	27
24	27
24	27
24	27
24	27
24	27
24	27
24	27
24	27
24	27
24	27
24	27
24	27
24	27
24	27
24	27
24	27
24	27
24	27
24	27
24	27
24	27
24	27
24	27
24	27
24	27
24	27
24	27
24	27
24	27
24	27
24	27
24	27
24	27
24	27
24	27
24	27
24	27
24	27
24	27
24	27
24	27
24	27
24	27
24	27
24	27
24	27
24	27
24	27
24	27
24	27
24	27
24	27
24	27
24	27
24	27
24	27
24	27
24	27
24	27
24	27
24	27
24	27
24	27
24	27
24	27
24	27
24	27
24	27
24	27
24	27
24	27
24	27
24	27
24	27
24	27
24	27
24	27
24	27
24	27
24	27
24	27
24	27
24	27
24	27
24	27
24	27
24	27
24	27
24	27
24	27
24	27
24	27
24	27
24	27
24	27
24	27
24	27
24	27
24	27
24	27
24	27
24	27
24	27
24	27
24	27
25	27
25	28
25	28
25	28
25	28
25	28
25	28
25	28
25	28
25	28
25	28
25	28
25	28
25	28
25	28
25	28
25	28
25	28
25	28
25	28
25	28
25	28
25	28
25	28
25	28
25	28
25	28
25	28
25	28
25	28
25	28
25	28
25	28
25	28
25	28
25	28
25	28
25	28
25	28
25	28
25	28
25	28
25	28
25	28
25	28
25	28
25	28
25	28
25	28
25	28
25	28
25	28
25	28
25	28
25	28
25	28
25	28
25	28
25	28
25	28
25	28
25	28
25	28
25	28
25	28
25	28
25	28
25	28
25	28
25	28
25	28
25	28
25	28
25	28
25	28
25	28
25	28
25	28
25	28
25	28
25	28
25	28
25	28
25	28
25	28
25	28
25	28
25	28
25	28
25	28
25	28
25	28
25	28
25	28
25	28
25	28
25	28
25	28
25	28
25	28
25	28
25	28
25	28
25	28
25	28
25	28
25	28
25	28
25	28
25	28
25	28
25	28
25	28
25	28
25	28
25	28
25	28
25	28
25	28
25	28
25	28
25	28
25	28
25	28
25	28
25	28
25	28
25	28
25	28
25	28
25	28
25	28
25	28
25	28
25	28
25	28
25	28
25	28
25	28
25	28
25	28
25	28
25	28
25	28
25	28
25	28
25	28
25	28
25	28
25	28
25	28
25	28
25	28
25	28
25	28
25	28
25	28
25	28
25	28
25	28
25	28
25	28
25	28
25	28
25	28
25	28
25	28
25	28
25	28
25	28
25	28
25	28
25	28
25	28
25	28
25	28
25	28
25	28
25	28
25	28
25	28
25	28
25	28
25	28
25	28
25	28
25	28
25	28
25	28
25	28
25	28
25	28
25	28
25	28
25	28
25	28
25	28
25	28
25	28
25	28
25	28
25	28
25	28
25	28
25	28
25	28
25	28
25	28
25	28
25	28
25	28
25	28
25	28
25	28
25	28
25	28
25	28
25	28
25	28
25	28
25	28
25	28
25	28
25	28
25	28
25	28
25	28
25	28
25	28
25	28
25	28
25	28
25	28
25	28
25	28
25	28
25	28
25	28
25	28
25	28
25	28
25	28
25	28
25	28
25	28
25	28
25	28
25	28
25	28
25	28
25	28
25	28
25	28
25	28
25	28
25	28
25	28
25	28
25	28
25	28
25	28
25	28
25	28
25	28
25	28
25	28
25	28
25	28
25	28
25	28
25	28
25	28
25	28
25	28
25	28
25	28
25	28
25	28
25	28
25	28
25	28
25	28
25	28
25	28
25	28
25	28
25	28
25	28
25	28
25	28
25	28
25	28
25	28
25	28
25	28
25	28
25	28
25	28
25	28
25	28
25	28
25	28
25	28
25	28
25	28
25	28
25	28
25	28
25	28
25	28
25	28
25	28
25	28
25	28
25	28
25	28
25	28
25	28
25	28
25	28
25	28
25	28
25	28
25	28
25	28
25	28
25	28
25	28
25	28
25	28
25	28
25	28
25	28
25	28
25	28
25	28
25	28
25	28
25	29
25	29
25	29
25	29
25	29
25	29
25	29
25	29
25	29
25	29
25	29
25	29
25	29
25	29
25	29
25	29
25	29
25	29
25	29
25	29
25	29
25	29
25	29
25	29
25	29
25	29
25	29
25	29
25	29
25	29
25	29
25	29
25	29
25	29
25	29
25	29
25	29
25	29
25	29
25	29
25	29
25	29
25	29
25	29
25	29
25	29
25	29
25	29
25	29
25	29
25	29
25	29
25	29
25	29
25	29
25	29
25	29
25	29
25	29
25	29
25	29
25	29
25	29
25	29
25	29
25	29
25	29
25	29
25	29
25	29
25	29
25	29
25	29
25	29
25	29
25	29
25	29
25	29
25	29
25	29
25	29
25	29
25	29
25	29
25	29
25	29
25	29
25	29
25	29
25	29
25	29
25	29
25	29
25	29
25	29
25	29
25	29
25	29
25	29
25	29
26	29
26	29
26	29
26	29
26	29
26	29
26	29
26	29
26	29
26	29
26	29
26	29
26	29
26	29
26	29
26	29
26	29
26	29
26	29
26	29
26	29
26	29
26	29
26	29
26	29
26	29
26	29
26	29
26	29
26	29
26	29
26	29
26	29
26	29
26	29
26	29
26	29
26	29
26	29
26	29
26	29
26	29
26	29
26	29
26	29
26	29
26	29
26	29
26	29
26	29
26	29
26	29
26	29
26	29
26	29
26	29
26	29
26	29
26	29
26	29
26	29
26	29
26	29
26	29
26	29
26	29
26	29
26	29
26	29
26	29
26	29
26	29
26	29
26	29
26	29
26	29
26	29
26	29
26	29
26	29
26	29
26	29
26	29
26	29
26	29
26	29
26	29
26	29
26	29
26	29
26	29
26	29
26	29
26	29
26	29
26	29
26	29
26	29
26	29
26	29
26	29
26	29
26	29
27	29
27	29
27	29
27	29
27	29
27	29
27	29
27	29
27	29
27	29
27	29
27	29
27	29
27	29
27	29
27	29
28	29
28	30
28	30
28	30
28	30
28	30
28	30
28	30
28	30
28	30
28	30
28	30
28	30
28	30
28	30
28	30
28	30
28	30
28	30
28	30
28	30
28	30
28	30
28	30
28	30
28	30
28	30
28	30
28	30
28	30
28	30
28	30
28	30
28	30
28	30
28	30
28	30
28	30
28	30
28	30
28	30
28	31
28	31
28	31
28	31
28	31
28	31
28	31
28	32
28	32
28	32
28	32
28	32
28	32
29	32
29	32
29	32
29	32
29	32
29	32
29	32
29	32
29	32
29	32
29	32
29	32
29	32
29	32
29	32
29	32
29	32
29	32
29	32
29	32
29	32
29	32
29	32
29	32
29	32
29	32
29	32
29	32
29	32
29	32
29	32
29	32
29	32
29	32
29	32
29	32
30	32
30	32
30	32
30	32
30	32
30	32
30	32
30	32
30	32
30	32
30	32
30	32
30	32
30	32
30	32
30	32
30	32
30	32
30	32
30	32
30	32
30	32
30	32
30	32
30	32
30	32
30	32
31	32
31	32
31	32
31	32
31	32
31	32
31	32
31	32
31	32
31	32
31	32
32	32
32	32
32	32
33	32
33	32
33	32
33	32
33	32
33	32
33	32
33	32
33	32
33	32
33	32
33	32
33	32
33	32
33	32
33	32
33	32
33	32
33	33
33	33
33	34
33	34
33	34
34	34
34	35
34	35
34	35
34	35
34	35
34	35
34	35
34	35
34	35
34	35
34	35
34	35
34	35
34	35
35	35
35	36
35	36
35	36
35	36
35	36
35	36
35	36
35	36
35	36
35	36
35	36
35	36
35	36
35	36
35	36
35	36
35	36
35	36
35	36
35	36
35	36
35	36
35	36
35	36
35	36
35	36
35	36
35	36
35	37
35	37
35	37
35	37
35	38
35	38
35	38
35	38
35	38
35	38
35	38
35	38
35	38
35	38
35	38
35	38
35	38
35	38
35	38
35	38
35	38
35	38
35	38
35	38
35	38
35	38
35	38
35	38
35	38
35	38
35	38
35	38
35	38
35	38
35	38
35	38
35	38
35	38
35	38
36	38
36	39
36	39
36	39
36	39
36	39
36	39
36	39
36	39
36	39
36	39
36	39
36	39
36	39
36	39
36	39
36	39
36	39
36	39
36	39
36	39
36	39
36	39
37	39
37	39
37	39
37	39
37	40
37	40
37	40
37	40
37	40
37	40
37	40
37	40
37	40
37	40
37	40
37	40
37	40
37	40
37	40
37	40
37	40
37	40
37	40
37	40
37	40
37	40
37	40
37	40
37	40
37	40
37	40
37	40
37	40
37	40
37	40
37	40
37	40
37	40
37	40
37	40
37	40
37	41
37	41
37	41
37	41
37	41
37	41
37	41
37	41
37	41
37	41
37	41
37	41
37	41
37	41
37	41
38	42
38	43
38	43
38	43
38	43
38	43
38	43
38	43
38	43
38	43
38	43
38	43
38	43
38	43
38	43
38	43
38	43
38	43
38	43
38	43
38	43
38	43
38	43
38	43
38	43
38	43
38	43
38	43
38	43
38	43
38	43
38	43
38	43
38	43
38	43
38	43
38	43
38	43
38	43
38	43
38	43
38	43
38	43
38	43
38	43
38	43
38	43
38	43
38	43
38	43
38	43
38	43
38	43
38	43
38	43
38	43
38	43
38	43
38	43
38	43
38	43
38	43
38	43
38	43
38	43
38	43
38	43
38	43
38	43
38	43
38	43
38	43
38	43
38	43
39	43
39	43
39	43
39	43
39	43
39	43
39	43
39	43
39	43
39	43
39	43
39	43
39	43
39	43
39	43
39	43
39	43
39	43
39	43
39	43
39	43
39	43
39	43
39	43
39	43
39	43
39	43
39	43
39	43
39	43
39	43
39	43
39	43
39	43
39	43
39	43
39	43
39	43
39	43
39	43
39	43
39	43
39	43
39	43
39	43
39	43
39	43
39	43
39	43
39	43
39	43
39	43
39	43
39	43
39	43
39	43
39	43
39	43
39	43
39	43
39	43
39	43
40	43
40	43
40	43
40	43
40	43
40	43
40	43
40	43
40	43
40	43
40	43
40	43
40	43
40	43
40	43
40	43
40	43
40	43
40	43
40	43
40	43
40	43
40	43
40	43
40	43
40	43
40	43
40	43
40	43
40	43
40	43
40	43
40	43
40	43
40	43
40	43
40	43
40	43
40	43
40	43
40	43
40	43
40	43
40	43
40	43
40	43
40	43
40	43
40	43
40	43
40	43
40	43
40	43
40	43
40	44
40	44
40	44
40	44
40	44
40	44
40	44
40	44
40	44
40	44
40	44
40	44
40	44
40	44
40	44
40	44
40	44
40	44
40	44
40	44
40	44
40	44
40	44
40	44
40	44
40	44
40	44
40	44
40	44
40	44
40	44
40	44
40	44
40	44
40	44
40	44
40	44
40	44
40	44
40	44
40	44
40	44
40	44
40	44
40	44
40	44
40	44
40	44
40	44
40	44
40	44
40	44
40	44
40	44
40	44
40	44
40	44
40	44
40	44
40	44
40	44
40	44
40	44
40	44
40	44
40	44
40	44
40	44
40	44
40	44
40	44
40	44
40	44
40	44
40	44
40	44
40	44
40	44
40	44
40	44
40	44
40	44
40	44
40	44
40	44
40	44
40	44
40	44
40	44
40	44
40	44
40	44
40	44
40	44
40	44
40	44
40	44
40	44
40	44
40	44
40	44
40	44
40	44
40	44
40	44
40	44
40	44
40	44
40	44
40	44
40	44
40	44
40	44
40	44
40	44
40	44
40	44
40	44
40	44
40	44
40	44
40	44
40	44
40	44
41	44
41	44
41	44
41	44
41	44
41	44
41	44
41	44
41	44
41	44
41	44
41	44
41	44
41	44
41	44
41	44
41	44
41	44
41	44
41	44
41	44
41	44
41	44
41	44
41	44
41	44
41	44
41	44
41	44
41	44
41	44
41	44
41	44
41	44
41	44
41	44
41	44
41	44
41	44
41	44
41	44
41	44
41	44
41	44
41	44
41	44
41	44
41	44
41	44
41	44
41	44
41	44
41	44
41	44
41	44
41	44
41	44
41	44
41	44
41	44
41	44
41	44
41	44
41	44
41	44
41	44
41	44
41	44
41	44
41	44
41	44
41	44
41	44
41	44
41	44
41	44
41	44
41	44
41	44
41	44
41	44
41	44
41	44
41	44
41	44
41	44
41	44
41	44
41	44
41	44
41	44
41	44
41	44
41	44
41	44
41	44
41	44
41	44
41	44
41	44
41	44
41	44
41	44
41	44
41	44
41	44
41	44
41	44
41	44
41	44
41	44
41	44
41	44
41	44
41	44
41	44
41	44
41	44
41	44
41	44
41	44
41	44
41	44
41	44
41	44
41	44
41	44
41	44
41	44
41	44
41	44
41	44
41	44
42	44
42	45
42	45
42	45
43	45
43	45
43	45
43	45
43	45
43	45
43	45
43	45
43	45
43	45
43	45
43	45
43	45
43	45
43	45
43	45
43	45
43	45
43	45
43	45
43	45
43	45
43	45
43	45
43	45
43	45
43	45
43	45
43	45
43	45
43	45
43	45
43	45
43	45
43	45
43	45
43	45
43	45
43	45
43	45
44	45
44	46
44	46
44	46
45	46
45	47
45	47
45	47
45	47
45	47
45	47
45	47
45	47
45	47
45	47
45	47
45	47
45	47
45	47
45	47
45	47
45	47
45	47
46	47
46	47
46	48
46	48
46	48
46	49
46	49
46	49
46	49
46	49
46	49
46	49
46	49
46	49
46	49
46	49
46	49
46	49
46	49
46	49
46	49
46	49
47	49
47	49
47	49
47	49
47	49
47	49
47	49
47	49
47	49
47	49
47	49
47	49
47	49
47	49
47	49
47	49
47	49
47	49
47	49
47	49
47	49
47	49
47	49
47	49
47	49
47	49
47	50
47	50
47	50
47	50
47	50
48	50
48	50
48	50
48	50
49	50
49	51
49	51
49	51
49	51
49	51
49	51
49	51
49	51
49	51
49	51
49	51
49	51
49	51
49	51
49	51
49	51
49	51
49	51
49	51
49	51
49	51
49	52
49	52
49	52
49	52
49	52
49	52
49	52
49	52
49	52
49	52
49	52
49	52
49	52
49	52
49	52
49	52
49	52
49	52
49	52
49	52
49	52
49	52
49	52
49	52
49	52
49	52
49	52
49	52
49	52
49	52
49	52
49	52
49	52
49	52
49	52
49	52
49	52
49	52
49	52
49	52
49	52
49	52
49	52
49	52
49	52
49	52
49	52
49	52
50	52
50	53
50	53
50	53
51	53
51	54
51	54
51	54
51	54
51	54
51	54
51	54
51	54
51	54
51	54
51	54
51	54
51	54
51	54
51	54
51	54
51	54
51	54
51	54
51	54
51	54
51	54
51	54
51	54
51	54
51	54
51	54
52	54
52	54
52	54
52	54
52	54
52	55
52	55
52	55
52	56
52	56
52	56
52	56
52	56
52	56
52	56
52	56
53	56
53	56
53	56
53	56
54	56
54	57
54	57
54	57
54	57
54	57
54	57
54	57
54	57
54	57
54	57
54	57
54	57
54	57
54	57
54	57
55	57
55	58
55	58
55	58
55	58
55	58
55	58
55	58
55	58
55	58
55	58
55	58
55	58
55	58
55	58
55	58
55	58
55	58
55	58
55	58
55	58
55	58
55	58
55	58
55	58
55	58
55	58
55	58
55	58
55	58
55	58
55	58
55	58
55	58
55	58
55	58
55	58
55	58
55	59
55	59
56	59
56	59
56	59
56	59
56	59
56	59
56	59
56	59
56	59
56	59
56	59
56	59
56	59
56	59
56	59
56	59
56	60
56	60
56	60
56	60
56	60
56	60
56	60
56	60
56	60
56	60
56	60
56	60
56	60
56	60
56	60
56	60
56	60
56	60
56	60
56	60
56	60
56	60
56	60
56	60
56	60
56	60
56	60
56	60
56	60
56	60
56	60
56	60
56	60
56	60
56	60
56	60
56	60
56	60
56	60
57	60
57	61
57	61
57	61
57	61
57	61
57	61
57	61
57	61
57	61
57	61
57	61
57	61
57	61
57	61
57	61
57	61
57	61
57	61
57	62
57	62
57	62
57	62
58	62
58	62
58	62
58	62
58	62
58	62
58	62
58	62
58	62
58	62
58	62
58	62
58	62
58	62
58	62
58	63
59	63
59	64
59	64
59	64
59	64
59	64
59	64
59	64
60	64
60	65
60	65
60	65
60	65
60	66
60	66
60	66
60	66
60	66
60	66
60	66
60	66
60	66
60	66
60	66
60	66
60	66
61	66
61	67
61	67
61	67
61	67
61	67
61	67
61	67
61	67
62	67
62	67
62	67
62	67
62	67
62	67
62	67
62	67
62	67
62	67
62	67
62	67
62	67
62	67
62	67
62	67
62	67
62	67
62	67
62	67
62	67
62	67
62	67
62	67
62	67
62	67
62	67
62	67
62	67
62	67
62	67
62	67
62	67
62	67
62	67
62	67
62	67
62	67
62	67
62	67
62	67
62	67
62	67
62	67
62	67
62	67
62	67
62	67
62	67
62	67
62	67
62	67
62	67
62	67
62	67
62	67
62	67
62	67
62	67
62	67
62	67
62	67
62	67
62	67
62	67
63	67
63	67
63	67
64	67
64	67
64	67
65	67
65	68
66	68
66	68
66	68
66	68
66	69
66	69
66	69
67	69
67	69
67	69
67	69
67	69
67	69
67	69
67	69
67	69
68	69
68	69
68	69
68	69
68	69
68	69
68	69
68	69
68	69
68	69
68	69
69	69
69	69
69	69
69	69
69	69
69	69
69	69
70	69
70	70
71	70
71	70
71	70
71	70
71	70
71	70
71	70
71	70
71	70
71	70
72	70
72	71
72	71
72	71
72	71
72	71
72	71
72	71
72	71
72	71
72	71
72	71
72	71
72	71
72	71
72	71
72	71
72	71
72	71
72	71
72	71
72	71
72	71
72	71
72	71
72	71
72	71
72	71
72	71
72	71
72	71
72	71
72	71
72	71
72	71
72	71
72	71
72	71
72	71
72	71
72	71
72	71
72	71
72	71
72	71
72	71
72	71
72	71
73	71
73	72
73	72
73	72
73	72
73	72
73	72
73	72
73	72
73	72
73	72
73	72
73	72
73	72
73	72
73	72
73	72
73	72
73	72
73	72
73	72
73	72
73	72
73	72
73	72
73	72
73	72
73	72
73	72
73	72
73	72
73	72
73	72
73	72
73	72
73	72
73	72
73	72
73	72
73	72
73	72
73	72
73	72
73	72
73	72
73	72
73	72
73	72
73	72
73	72
73	72
73	72
73	72
73	72
73	72
73	72
73	72
73	72
73	72
73	72
73	72
73	72
73	72
73	72
73	72
73	72
73	72
73	72
73	72
73	72
73	72
73	72
73	72
73	72
73	72
73	72
73	72
73	72
73	72
73	72
73	72
73	72
73	72
73	72
73	72
73	72
73	72
73	72
73	72
73	72
73	72
73	72
73	72
73	72
73	72
73	72
73	72
73	72
73	72
73	72
73	72
73	72
73	72
73	72
73	72
73	72
73	72
73	72
73	72
73	72
73	72
73	72
73	72
73	72
73	72
73	72
73	72
73	72
73	72
73	72
73	72
73	72
73	72
73	72
73	72
73	72
73	72
73	72
73	72
73	72
73	72
73	72
73	72
73	72
73	72
73	72
73	72
73	72
73	72
73	72
73	72
73	72
73	72
73	72
73	72
73	72
73	72
73	72
73	72
73	72
73	72
73	72
73	72
73	72
73	72
73	72
73	72
73	72
73	72
73	72
73	72
73	72
73	72
73	72
73	72
73	72
73	72
73	72
73	72
73	72
73	72
73	72
73	72
73	72
73	72
73	72
73	72
73	72
73	72
73	72
73	72
73	72
73	72
73	72
73	72
73	72
73	72
73	72
73	72
73	72
73	72
73	72
73	72
73	72
73	72
73	72
73	72
73	72
73	72
73	72
73	72
73	72
73	72
73	72
73	72
73	72
73	72
73	72
73	72
73	72
73	72
73	72
73	72
73	72
73	72
73	72
73	72
73	72
73	72
73	72
73	72
73	72
73	72
73	72
73	72
73	72
73	72
73	72
73	72
73	72
73	72
73	72
73	72
73	72
73	72
73	72
73	72
73	72
73	72
73	72
73	72
73	72
73	72
73	72
73	72
73	72
73	72
73	72
73	72
73	72
73	72
73	72
73	72
73	72
73	72
73	72
73	72
73	72
73	72
73	72
73	72
73	72
73	72
73	72
73	72
73	72
73	72
73	72
73	72
73	72
73	72
73	72
73	72
73	72
73	72
73	72
73	72
73	72
73	72
73	72
73	72
73	72
73	72
73	72
73	72
73	72
73	72
73	72
73	72
73	72
73	72
73	72
73	72
73	72
73	72
73	72
73	72
73	72
73	72
73	72
73	72
73	72
73	72
73	72
73	72
73	72
73	72
73	72
73	72
73	72
73	72
73	72
73	72
73	72
73	72
73	72
73	72
73	72
73	72
73	72
73	72
73	72
73	72
73	72
73	72
73	72
73	72
73	72
73	72
73	72
73	72
73	72
73	72
73	72
73	72
73	72
73	72
73	72
73	72
73	72
73	72
73	72
73	72
73	72
73	72
73	72
73	72
73	72
73	72
73	72
73	72
73	72
73	72
73	72
73	72
73	72
73	72
73	72
73	72
73	72
73	72
73	72
73	72
73	72
73	72
73	72
73	72
73	72
73	72
73	72
73	72
73	72
73	72
73	72
73	72
73	72
73	72
73	72
73	72
73	72
73	72
73	72
73	72
73	72
73	72
73	72
73	72
73	72
73	72
73	72
73	72
73	72
73	72
73	72
73	72
73	72
73	72
73	72
73	72
73	72
73	72
73	72
73	72
73	72
73	72
73	72
73	72
73	72
73	72
73	72
73	72
73	72
73	72
73	72
73	72
73	72
73	72
73	72
73	72
73	72
73	72
73	72
73	72
73	72
73	72
73	72
73	72
73	72
73	72
73	72
73	72
73	72
73	72
73	72
73	72
73	72
73	72
73	72
73	72
73	72
73	72
73	72
73	72
73	72
73	72
73	72
73	72
73	72
73	72
73	72
73	72
73	72
73	72
73	72
73	72
73	72
73	72
73	72
73	72
73	72
73	72
73	72
73	72
73	72
73	72
73	72
73	72
73	72
73	72
73	72
73	72
73	72
73	72
73	72
73	72
73	72
73	72
73	72
73	72
73	72
73	72
73	72
73	72
73	72
73	72
73	72
73	72
73	72
73	72
73	72
73	72
73	72
73	72
73	72
73	72
73	72
73	72
73	72
73	72
73	72
73	72
73	72
73	72
73	72
73	72
73	72
73	72
73	72
73	72
73	72
73	72
73	72
73	72
73	72
73	72
73	72
73	72
73	72
73	72
73	72
73	72
73	72
73	72
73	72
73	72
73	72
73	72
73	72
73	72
73	72
73	72
73	72
73	72
73	72
73	72
73	72
73	72
73	72
73	72
73	72
73	72
73	72
73	72
73	72
73	72
73	72
73	72
73	72
73	72
73	72
73	72
73	72
73	72
73	72
73	72
73	72
73	72
73	72
73	72
73	72
73	72
73	72
73	72
73	72
73	72
73	72
73	72
73	72
73	72
73	72
73	72
73	72
73	72
73	72
73	72
73	72
73	72
73	72
73	72
73	72
73	72
73	72
73	72
73	72
73	72
73	72
73	72
73	72
73	72
73	72
73	72
73	72
73	72
73	72
73	72
73	72
73	72
73	72
73	72
73	72
73	72
73	72
73	72
73	72
73	72
73	72
73	72
73	72
73	72
73	72
73	72
73	72
73	72
73	72
73	72
73	72
73	72
73	72
73	72
73	72
73	72
73	72
73	72
73	72
73	72
73	72
73	72
73	72
73	72
73	72
73	72
73	72
73	72
73	72
73	72
73	72
73	72
73	72
73	72
73	72
73	72
73	72
73	72
73	72
73	72
73	72
73	72
73	72
73	72
73	72
73	72
73	72
73	72
73	72
73	72
73	72
73	72
73	72
73	72
73	72
73	72
73	72
73	72
73	72
73	72
73	72
73	72
73	72
73	72
73	72
73	72
73	72
73	72
73	72
73	72
73	72
73	72
73	72
73	72
73	72
73	72
73	72
73	72
73	72
73	72
73	72
73	72
73	72
73	72
73	72
73	72
73	72
73	72
73	72
73	72
73	72
73	72
73	72
73	72
73	72
73	72
73	72
73	72
73	72
73	72
73	72
73	72
73	72
73	72
73	72
73	72
73	72
73	72
73	72
73	72
73	72
73	72
73	72
73	72
73	72
73	72
73	72
73	72
73	72
73	72
73	72
73	72
73	72
73	72
73	72
73	72
73	72
73	72
73	72
73	72
73	72
73	72
73	72
73	72
73	72
73	72
73	72
73	72
73	72
73	72
73	72
73	72
73	72
73	72
73	72
73	72
73	72
73	72
73	72
73	72
73	72
73	72
73	72
73	72
73	72
73	72
73	72
73	72
73	72
73	72
73	72
73	72
73	72
73	72
73	72
73	72
73	72
73	72
73	72
73	72
73	72
73	72
73	72
73	72
73	72
73	72
73	72
73	72
73	72
73	72
73	72
73	72
73	72
73	72
73	72
73	72
73	72
73	72
73	72
73	72
73	73
73	73
73	73
73	73
73	73
73	73
73	73
73	73
73	73
73	73
73	73
73	73
73	73
73	73
73	73
73	73
73	73
73	73
73	73
73	73
73	73
73	73
73	73
73	73
73	73
73	73
73	73
73	73
73	73
73	73
73	73
74	73
74	74
74	74
74	74
74	74
74	74
74	74
74	74
74	74
74	74
74	74
74	74
74	74
74	74
74	74
74	74
74	74
74	74
74	74
74	74
74	74
74	74
74	74
74	74
74	74
74	74
74	74
74	74
74	74
74	74
74	74
74	74
74	74
74	74
74	74
74	74
74	74
74	74
74	74
74	74
74	74
75	74
75	74
75	74
75	74
75	74
75	74
75	74
75	74
75	74
75	74
75	74
75	74
75	74
75	74
75	74
75	74
75	74
75	74
75	74
75	74
75	74
75	74
75	74
75	74
75	74
75	74
75	74
75	74
75	74
75	74
75	74
75	74
75	74
75	74
75	74
75	74
75	74
76	74
76	75
76	75
76	75
76	75
76	75
76	75
76	75
76	75
76	75
76	75
76	75
76	75
76	75
76	75
76	75
76	75
76	75
76	75
76	75
76	75
76	75
76	75
76	75
76	75
76	75
76	75
76	75
76	75
76	75
76	75
76	75
76	75
76	75
76	75
76	75
76	75
76	75
76	75
76	75
76	75
76	75
76	75
76	75
76	75
76	75
76	75
76	75
76	75
76	75
76	75
76	75
76	75
76	75
76	75
76	75
76	75
76	75
76	75
76	75
76	75
76	75
76	75
76	75
76	75
76	75
76	75
76	75
76	75
76	75
76	75
76	75
76	75
76	75
76	75
76	75
76	75
76	75
76	75
76	75
76	75
76	75
76	75
76	75
76	75
76	75
76	75
76	75
76	75
76	75
76	75
76	75
76	75
76	75
76	75
76	75
76	75
76	75
76	75
76	75
76	75
76	75
76	75
76	75
76	75
76	75
76	75
76	75
76	75
76	75
76	75
76	75
76	75
76	75
76	75
76	75
76	75
76	75
76	75
76	75
76	75
76	75
76	75
76	75
76	75
76	75
76	75
76	75
76	75
76	75
76	75
76	75
76	75
76	75
76	75
76	75
76	75
76	75
76	75
76	75
76	75
76	75
76	75
76	75
76	75
76	75
76	75
76	75
76	75
76	75
76	75
76	75
76	75
76	75
76	75
76	75
76	75
76	75
76	75
76	75
76	75
76	75
76	75
76	75
76	75
76	75
76	75
76	75
76	75
76	75
76	75
76	75
76	75
76	75
76	75
76	75
76	75
76	75
76	75
76	75
76	75
76	75
76	75
76	75
76	75
76	75
76	75
76	75
76	75
76	75
76	75
76	75
76	75
76	75
76	75
76	75
76	75
76	75
76	75
76	75
76	75
76	75
76	75
76	75
76	75
76	75
76	75
76	75
76	75
76	75
76	75
76	75
76	75
76	75
76	75
76	75
76	75
76	75
76	75
76	75
76	75
76	75
76	75
76	75
76	75
76	75
76	75
76	75
76	75
76	75
76	75
76	75
76	75
76	75
76	75
76	75
76	75
76	75
76	75
76	75
76	75
76	75
76	75
76	75
76	75
76	75
76	75
76	75
76	75
76	75
76	75
76	75
76	75
76	75
76	75
76	75
76	75
76	75
76	75
76	75
76	75
76	75
76	75
76	75
76	75
77	75
77	75
77	75
77	75
77	75
77	75
77	75
77	75
77	75
77	75
77	75
77	75
77	75
77	75
77	75
77	75
77	75
77	75
77	75
77	75
77	75
77	75
77	75
77	75
77	75
77	75
77	75
77	75
77	75
77	75
77	75
77	75
77	75
77	75
77	75
77	75
77	75
77	75
77	75
77	75
77	75
77	75
77	75
77	75
77	75
77	75
77	75
77	75
77	75
77	75
77	75
77	75
77	75
77	75
77	75
77	75
77	75
77	75
77	75
77	75
77	75
77	75
77	75
77	75
77	75
77	75
77	75
77	75
77	75
77	75
77	75
77	75
77	75
77	75
77	75
77	75
77	75
77	75
77	75
77	75
77	75
77	75
77	75
77	75
77	75
77	75
77	75
77	75
77	75
77	75
77	75
77	75
77	75
77	75
77	75
77	75
77	75
77	75
77	75
77	75
77	75
77	75
78	75
78	76
78	76
78	76
78	76
78	76
78	76
78	76
78	76
78	76
78	76
78	76
78	76
78	76
78	76
78	76
78	76
78	76
78	76
78	76
78	76
78	76
78	76
78	76
78	76
78	76
78	76
78	76
78	76
78	76
78	76
78	76
78	76
78	76
78	76
78	76
78	76
78	76
78	76
78	76
78	76
78	76
78	76
78	76
78	76
78	76
78	76
78	76
78	76
78	76
78	76
78	76
78	76
78	76
78	76
78	76
78	76
78	76
78	76
78	76
78	76
78	76
78	76
78	76
78	76
78	76
78	76
78	76
78	76
78	76
78	76
78	76
78	76
78	76
78	76
78	76
78	76
78	76
78	76
78	76
78	76
78	76
78	76
78	76
78	76
78	76
78	76
78	76
78	76
79	76
79	76
79	76
79	76
79	76
79	76
79	76
79	76
79	76
79	76
79	76
79	76
79	76
79	76
79	76
79	76
79	76
79	76
79	76
79	76
79	76
79	77
79	77
79	77
79	77
79	77
79	77
79	77
79	77
79	77
79	77
79	77
79	77
79	77
79	77
79	77
79	77
79	77
79	77
79	77
79	77
79	77
79	77
79	77
79	77
79	77
79	77
79	77
79	77
79	77
79	77
79	77
79	77
79	77
79	77
79	77
79	77
79	77
79	77
79	77
79	77
79	77
79	77
79	77
79	77
79	78
79	78
79	78
79	78
79	78
79	78
79	78
79	78
79	78
79	78
79	78
79	78
79	78
79	78
79	78
79	78
79	78
79	78
79	78
79	78
79	78
79	78
79	78
79	78
79	78
79	78
79	78
79	78
79	78
79	78
79	78
79	78
79	78
79	78
79	78
79	78
79	78
79	78
79	78
79	78
79	78
79	78
79	78
79	78
79	78
79	78
79	78
79	78
79	78
79	78
79	78
79	78
79	78
79	78
79	78
79	78
79	78
79	78
79	78
79	78
79	78
79	78
80	78
80	79
80	79
80	79
80	79
80	79
80	79
80	79
80	79
80	79
80	79
80	79
80	79
80	79
80	79
80	79
80	79
80	79
80	79
80	79
80	79
80	79
80	79
80	79
80	79
80	79
80	79
80	79
80	79
80	79
80	79
80	79
80	79
80	79
80	79
81	80
81	81
81	81
81	81
81	81
81	81
81	81
81	81
81	81
81	81
81	81
81	81
81	81
81	81
81	81
81	81
81	81
81	81
81	81
81	81
81	81
81	81
81	81
81	81
81	81
81	81
81	81
81	81
81	81
81	81
81	81
81	81
81	81
81	81
81	81
81	81
81	81
81	81
81	81
81	81
81	81
81	81
81	81
81	81
81	81
81	81
81	81
82	81
82	81
82	81
82	81
82	81
82	81
82	81
82	81
82	81
83	81
83	81
83	81
83	81
83	81
84	81
84	82
84	82
84	82
84	82
84	82
85	82
85	82
85	82
85	82
85	82
85	82
85	82
85	82
85	82
85	82
85	82
85	82
85	82
85	82
85	82
85	82
85	82
85	82
85	82
85	82
85	82
85	82
85	82
86	82
86	82
86	82
86	82
86	82
86	82
86	82
86	82
86	82
86	82
86	83
86	83
86	83
86	83
86	83
87	83
87	83
87	83
87	83
87	83
87	83
87	83
87	83
87	83
87	83
87	83
87	83
88	83
88	84
88	84
88	84
88	84
88	84
88	84
88	84
88	84
88	84
88	84
88	84
88	84
88	84
88	84
88	84
88	84
88	84
88	84
88	84
89	84
89	85
89	85
89	85
89	85
89	85
89	85
89	85
89	85
89	85
89	85
89	85
89	85
89	85
89	85
90	85
90	86
90	86
90	86
90	86
91	86
91	87
91	87
91	87
91	87
91	87
91	87
91	87
91	87
91	87
91	87
91	87
91	87
91	87
91	87
91	87
91	87
91	87
91	87
91	87
91	87
91	87
92	87
92	87
92	87
92	87
92	87
92	87
92	87
92	87
92	87
92	87
92	87
92	87
92	87
92	87
92	87
92	87
92	87
92	87
92	87
92	87
92	87
92	87
92	87
92	88
92	88
92	88
92	88
92	88
92	88
92	88
92	88
92	88
92	88
92	88
92	88
92	88
92	88
92	88
92	88
92	88
93	88
93	88
93	88
93	88
93	88
93	88
93	88
93	88
93	88
93	88
93	88
93	88
93	88
93	88
93	88
94	88
94	88
94	88
94	88
94	88
94	88
94	88
94	88
94	88
94	88
94	88
94	88
94	88
94	88
94	88
94	88
94	88
94	88
94	88
94	88
95	88
95	89
95	89
95	89
95	89
95	89
95	89
95	89
95	89
95	89
95	89
95	89
95	89
95	89
95	89
95	89
95	89
95	89
95	89
95	89
95	89
95	89
95	89
95	89
95	89
95	89
95	89
95	89
95	89
95	89
95	89
95	89
95	89
95	89
95	89
95	89
95	89
95	89
95	89
95	89
95	89
95	89
95	89
95	89
95	89
95	89
95	89
95	89
95	89
95	89
95	89
95	89
95	89
95	89
95	89
95	89
95	89
95	89
95	89
95	89
95	89
95	89
95	89
95	89
95	89
95	89
95	89
95	89
96	89
96	89
96	89
96	89
96	89
96	89
96	89
96	89
96	89
96	89
97	89
97	90
97	90
97	90
97	90
97	90
97	90
97	90
97	90
97	90
97	90
97	90
97	90
97	90
97	90
97	90
97	90
97	90
98	90
98	91
98	91
98	91
98	92
99	92
99	93
99	93
99	93
99	93
99	93
99	93
99	93
99	93
100	93
100	93
100	93
100	93
100	93
100	93
100	-1
100	-1
100	-1
100	-1
100	-1
100	-1
100	-1
100	-1
100	-1
100	-1
100	-1
100	-1
100	-1
100	-1
100	-1
100	-1
100	-1
100	-1
100	-1
100	-1
100	-1
100	-1
100	-1
100	-1
100	-1
100	-1
100	-1
100	-1
100	-1
100	-1
100	-1
100	-1
100	-1
100	-1
100	-1
100	-1
100	-1
