-1	0
-1	0
-1	0
-1	0
-1	0
-1	0
-1	0
-1	1
0	1
0	2
0	2
0	2
0	2
0	2
0	2
0	2
0	2
1	2
1	3
1	3
1	3
1	3
1	3
1	3
1	3
1	3
1	3
1	3
1	4
1	4
1	4
1	4
1	4
1	4
1	4
1	4
1	4
1	4
1	4
1	4
1	5
2	5
2	6
2	6
2	6
2	6
2	6
2	6
3	6
3	7
3	7
3	7
3	7
3	7
3	7
3	7
3	7
3	7
3	7
3	7
3	7
3	8
3	8
3	8
3	8
3	8
3	8
3	8
3	8
3	8
3	8
3	8
3	8
3	8
3	8
3	8
3	8
3	8
3	8
3	8
3	8
3	8
3	8
3	9
3	9
3	9
3	10
3	10
3	10
3	10
3	10
3	10
3	10
3	10
3	10
4	10
4	11
4	11
5	11
5	12
5	12
5	12
5	12
5	12
5	12
5	13
5	13
6	13
6	14
6	15
6	15
6	15
6	15
6	15
6	15
6	15
6	15
6	15
6	15
6	15
6	15
6	15
6	15
6	15
6	15
6	15
6	15
6	15
6	15
6	15
6	15
6	15
6	15
6	15
6	15
6	15
6	15
7	15
7	15
7	15
8	15
8	15
8	15
8	15
8	15
8	15
8	15
8	15
8	15
8	15
8	15
9	15
10	16
10	16
10	16
10	16
10	16
10	16
10	16
10	16
10	16
10	16
10	16
10	16
11	16
11	17
11	17
11	17
11	17
12	17
12	18
12	18
12	18
12	18
12	18
12	18
12	18
12	18
12	18
12	18
13	18
13	19
13	19
13	19
13	19
13	19
13	19
13	19
13	19
13	19
13	19
14	19
14	19
15	19
15	19
15	19
15	19
15	19
15	19
15	20
15	20
15	20
15	20
15	20
16	20
17	20
17	20
17	20
17	20
17	20
17	20
17	21
17	22
17	22
17	22
17	22
17	22
17	22
17	22
17	22
17	22
17	22
17	22
17	22
17	22
17	22
17	22
17	22
17	22
17	22
17	22
17	22
17	22
17	22
17	22
17	22
17	22
17	22
17	22
17	22
17	22
17	22
17	22
17	22
17	22
17	22
17	22
17	22
17	22
17	22
17	22
17	22
17	22
17	22
17	22
17	22
17	22
17	22
17	22
17	22
17	22
18	22
18	23
18	23
18	23
18	23
18	23
18	23
18	23
18	23
18	23
18	23
18	23
18	23
18	23
18	23
18	23
18	23
18	23
18	23
18	23
18	23
18	23
18	23
18	23
18	23
18	23
18	23
18	23
18	23
18	23
18	23
18	23
18	23
18	23
18	23
18	23
18	23
18	23
18	23
18	23
18	23
18	23
18	23
19	23
19	24
19	24
19	24
20	24
20	25
20	25
21	25
21	26
21	26
21	26
21	26
22	26
22	26
22	26
23	26
23	27
23	27
23	27
23	27
23	27
23	27
23	27
23	27
23	27
23	27
23	27
23	27
23	27
23	28
23	28
23	28
23	28
23	28
23	28
24	28
24	29
24	29
24	29
24	29
24	29
24	29
24	29
24	29
24	29
24	29
24	29
24	29
24	29
24	29
24	29
24	29
24	29
24	29
24	29
24	29
24	30
24	30
24	30
25	30
25	30
25	31
25	31
26	31
26	31
26	31
26	31
26	31
27	31
27	31
27	31
27	31
27	31
27	31
27	31
27	31
27	31
27	32
27	32
27	32
28	32
28	33
28	33
28	33
28	33
28	33
28	33
28	33
28	33
28	33
28	33
28	33
29	33
30	33
30	34
31	34
31	34
31	34
31	34
31	34
31	34
32	34
32	34
32	34
32	34
32	34
32	34
32	34
32	34
32	34
32	34
32	34
32	34
32	34
32	34
32	34
32	34
33	34
33	35
33	35
33	35
33	35
33	35
33	35
34	35
34	35
34	35
34	35
34	35
34	35
34	36
35	36
35	36
35	36
35	36
35	37
35	37
35	37
35	37
35	37
35	37
35	37
35	37
35	37
35	37
35	37
35	37
35	37
35	37
35	37
35	37
35	37
35	37
35	37
35	37
35	38
35	38
35	38
35	38
35	38
35	38
35	38
35	38
35	38
35	38
36	38
36	38
36	38
36	38
36	38
36	38
36	38
36	38
36	38
36	38
36	38
36	38
36	38
36	38
36	38
36	38
36	38
37	38
37	39
37	39
37	39
37	39
38	39
38	40
38	40
38	40
38	40
38	40
38	40
38	40
38	40
38	40
38	40
38	40
38	40
38	40
38	40
38	40
38	41
38	41
39	41
39	41
40	41
40	41
40	41
40	41
40	41
40	41
40	41
40	41
40	41
40	41
40	42
40	42
40	42
40	42
40	42
40	42
40	42
40	42
40	43
40	43
40	43
40	43
40	43
40	43
40	43
40	43
40	43
40	43
40	43
40	43
41	43
41	44
41	44
41	44
41	44
41	44
41	44
42	44
43	45
43	46
43	46
43	46
43	46
43	46
43	46
43	46
43	46
43	46
43	46
43	46
43	46
43	46
43	46
43	46
43	46
43	46
43	46
43	46
43	46
43	46
43	46
43	46
44	46
44	46
44	46
44	46
44	46
44	46
44	46
44	46
44	46
44	46
44	46
44	46
44	46
44	46
44	46
44	46
44	46
44	46
44	46
44	46
44	46
44	47
44	47
44	47
44	47
45	47
45	47
46	47
46	48
46	48
46	48
46	48
46	48
47	48
47	49
47	49
47	49
47	49
48	49
48	49
48	49
48	49
48	49
48	49
48	49
48	49
48	49
48	49
48	49
48	49
48	49
48	49
48	49
48	49
48	49
48	49
48	49
48	49
48	49
48	49
48	49
48	49
48	49
48	49
48	49
48	50
48	50
48	50
48	50
48	50
48	50
48	50
48	50
48	50
48	50
48	50
48	50
48	50
48	50
48	51
48	51
48	51
48	51
48	51
48	51
48	51
48	52
48	52
48	52
48	52
48	52
48	52
48	52
48	52
48	52
48	52
48	52
48	52
48	52
48	52
48	52
48	52
48	53
48	53
48	53
48	53
48	53
48	53
48	53
48	54
48	54
48	54
49	54
49	55
49	55
49	55
49	55
49	55
49	55
49	55
49	55
49	55
49	55
49	55
49	55
49	55
49	55
49	55
49	56
50	56
50	57
50	57
50	57
50	57
50	57
51	58
51	58
51	58
51	58
51	58
51	58
51	58
51	58
51	58
51	58
51	58
51	58
51	58
51	58
51	58
51	58
51	58
51	58
51	58
51	58
51	58
51	58
51	58
51	58
51	58
51	58
51	58
51	58
51	58
51	58
51	58
52	58
52	59
52	59
52	59
52	59
52	59
52	59
52	59
52	60
52	60
52	60
52	60
52	60
52	60
52	60
52	60
52	60
52	60
52	60
52	60
52	60
52	60
52	60
52	60
52	60
53	60
53	60
53	60
53	60
53	60
53	60
53	60
54	60
54	60
54	60
55	61
55	61
55	61
55	61
55	61
55	61
55	61
55	61
55	61
55	61
55	61
55	61
55	61
55	61
55	61
55	61
55	61
55	61
56	61
56	62
56	62
56	62
57	62
57	62
58	62
58	62
58	62
58	62
58	62
58	62
58	62
58	62
58	62
58	62
58	62
58	62
58	63
58	63
58	63
58	63
58	63
59	63
59	63
59	63
59	63
60	63
60	63
60	63
60	63
60	63
60	63
60	63
61	63
62	63
62	63
62	63
62	63
62	63
62	63
62	63
62	63
62	63
63	63
63	63
64	63
64	64
64	64
64	64
64	64
64	64
64	64
64	64
64	64
64	64
64	64
64	65
64	65
64	65
64	65
64	65
64	65
65	65
65	65
66	65
66	65
66	65
66	65
66	65
66	65
66	65
66	65
66	65
66	65
66	65
66	65
66	65
66	65
66	65
66	65
66	65
66	65
66	65
66	65
66	65
66	65
67	65
67	65
67	65
67	65
67	65
67	65
67	65
67	65
67	65
67	66
67	66
67	66
67	66
67	66
67	66
67	66
68	66
68	66
68	66
68	66
68	66
68	66
68	66
68	66
68	66
68	66
69	66
69	67
69	67
69	67
69	67
69	67
69	67
69	67
69	67
69	67
69	67
70	67
70	67
70	67
70	67
70	67
70	67
70	67
70	67
70	67
70	67
70	67
71	67
71	68
71	68
71	68
71	68
71	68
71	68
71	68
71	68
71	68
71	68
71	68
71	68
71	68
71	68
72	68
72	68
72	69
72	69
72	69
72	69
72	69
72	70
72	70
72	70
72	70
73	70
73	70
73	70
73	70
73	70
73	70
73	70
73	70
73	70
73	70
73	70
73	70
73	70
73	70
73	70
73	70
73	70
74	70
74	71
74	71
75	71
75	72
75	72
75	72
75	72
75	72
75	72
75	72
75	72
76	72
76	73
76	73
76	73
76	73
76	73
76	73
76	73
76	73
76	73
77	73
77	73
77	74
77	74
77	74
77	74
77	74
77	74
77	74
77	74
77	74
78	74
78	75
78	75
78	75
78	75
78	75
78	75
78	75
78	75
78	75
78	75
78	75
78	75
78	75
78	75
78	75
78	75
78	75
78	75
78	75
78	75
78	75
78	75
78	75
78	75
78	75
78	75
78	75
79	75
80	76
80	77
81	77
82	77
82	77
82	77
82	77
82	77
82	77
82	77
82	77
82	77
82	77
82	78
82	78
83	78
83	79
83	79
83	79
83	79
83	80
83	80
83	80
83	80
83	80
83	80
83	80
83	80
83	81
83	81
83	81
83	81
83	81
83	81
83	81
83	81
83	81
83	82
83	82
83	82
84	82
84	82
84	82
84	82
84	82
84	82
84	82
84	82
84	82
84	82
84	82
84	82
84	82
85	82
85	83
85	83
86	83
86	83
86	83
86	83
86	83
86	83
86	83
87	83
87	84
87	84
87	84
87	84
87	84
87	84
87	84
87	84
87	84
87	84
88	84
88	85
88	85
88	85
88	85
88	85
88	85
89	85
89	85
89	86
89	86
89	86
89	86
89	86
89	86
89	86
89	86
89	86
89	86
89	86
89	86
89	86
89	86
89	86
89	86
90	86
91	86
91	86
91	86
91	86
91	86
91	86
91	86
91	86
91	86
91	86
91	86
91	86
91	86
91	86
91	86
91	86
91	86
91	86
91	86
91	86
91	86
91	86
91	86
91	86
91	86
91	86
91	86
91	86
91	86
91	86
91	86
91	86
91	86
91	86
92	86
92	87
92	87
93	87
94	88
94	88
94	88
94	88
94	88
94	88
94	88
94	88
94	88
95	88
95	88
95	88
95	88
95	88
95	88
95	88
95	88
96	88
96	88
97	88
97	88
97	88
97	88
97	88
97	88
97	88
97	88
97	88
97	88
97	88
97	88
97	88
97	88
97	88
97	89
97	90
97	90
97	90
97	90
97	90
97	90
97	90
97	90
97	90
97	90
97	91
97	91
97	92
97	92
97	92
97	92
97	92
97	92
97	92
97	92
97	93
97	93
97	93
98	94
98	95
98	95
98	95
99	95
99	95
99	95
99	95
99	95
99	95
99	95
99	95
99	95
99	95
99	95
99	95
99	96
99	97
99	97
99	97
99	97
99	97
99	97
99	97
99	97
99	97
99	97
99	97
99	97
99	97
99	97
99	97
99	97
99	97
99	97
99	97
99	97
99	98
99	98
100	98
100	98
100	98
100	98
100	98
101	99
101	99
101	99
101	99
101	99
101	99
101	99
101	99
101	99
101	99
101	99
101	99
102	99
102	100
103	100
103	101
103	101
103	101
103	101
103	101
103	101
103	101
104	101
104	102
104	102
104	102
104	102
105	103
105	104
105	104
105	104
106	104
106	104
106	104
106	105
106	106
106	106
106	106
106	106
106	106
107	106
107	107
107	107
107	107
107	107
107	107
107	107
107	107
108	107
109	108
110	108
110	109
110	109
110	109
110	109
110	109
110	109
111	109
111	110
111	111
111	111
111	111
111	111
111	111
111	111
111	111
112	111
112	112
112	112
112	112
112	112
112	112
112	113
112	114
112	114
112	114
113	114
113	115
113	115
113	115
113	115
113	115
113	115
113	115
113	115
113	115
113	115
113	115
113	116
113	116
113	116
113	116
113	116
114	116
114	116
114	116
114	116
114	116
114	116
114	116
114	117
115	117
115	118
115	118
115	118
115	118
115	118
115	118
115	118
115	118
115	118
115	119
115	119
116	119
116	119
116	119
116	119
116	119
116	119
116	119
116	119
116	119
116	119
116	119
116	119
116	119
116	119
116	119
117	119
117	120
117	120
117	120
117	120
117	120
117	120
117	120
117	120
117	120
117	120
117	120
117	120
117	120
117	120
117	120
117	120
117	120
117	120
117	120
117	120
117	120
117	120
118	120
118	121
118	121
118	121
119	121
119	121
119	121
119	121
119	121
119	121
119	121
119	121
120	121
120	122
121	122
121	123
121	123
121	123
121	124
121	124
121	124
121	124
121	124
121	124
121	124
121	124
121	124
121	124
121	124
121	124
121	124
121	124
121	124
121	124
121	124
122	124
122	124
122	124
122	124
122	124
122	124
123	124
123	125
123	125
123	125
123	125
123	125
123	125
123	125
123	125
123	125
124	125
124	126
124	126
124	126
124	126
124	126
124	126
124	126
124	126
124	126
125	126
126	127
126	128
127	128
127	128
127	128
127	128
127	128
128	128
128	128
128	128
128	128
129	128
129	129
129	129
129	129
129	129
129	129
129	129
129	129
130	129
130	130
130	130
130	130
130	130
130	130
130	130
130	130
130	130
130	130
130	130
130	130
130	130
130	130
130	130
130	130
130	130
130	130
131	130
131	131
132	131
133	132
134	132
134	132
134	132
134	132
134	132
134	132
134	133
134	133
134	133
134	133
135	134
135	135
135	135
135	136
135	137
135	137
135	137
136	137
137	138
138	138
138	138
138	138
139	138
139	138
139	138
139	138
139	138
139	138
139	138
139	138
139	138
139	138
139	138
139	138
139	138
139	138
139	138
139	138
139	138
139	138
140	138
140	138
140	138
141	138
141	138
141	138
141	138
141	138
141	138
141	138
141	138
141	138
141	138
142	138
142	138
142	138
142	138
142	138
142	138
142	138
143	138
144	139
145	139
145	139
145	139
145	139
145	139
145	139
146	139
146	140
146	140
147	140
147	141
148	141
148	141
148	141
148	141
148	141
148	141
148	141
148	141
148	141
148	141
148	141
149	141
149	141
149	141
149	141
149	141
149	141
149	141
150	141
150	141
150	141
150	141
150	141
150	141
150	141
150	141
150	141
150	141
150	141
150	141
150	141
150	141
150	141
150	141
150	141
150	141
150	141
150	141
150	142
150	142
150	142
150	142
150	142
150	142
150	142
150	142
150	142
150	142
150	142
150	142
150	142
150	142
150	142
150	142
151	142
151	142
151	142
151	142
151	142
151	142
151	142
151	142
151	142
151	143
151	143
151	143
151	143
151	143
151	143
151	143
151	143
151	143
151	143
151	143
151	143
151	143
151	143
151	143
151	143
151	143
151	143
151	143
151	143
151	143
152	144
152	145
152	145
152	145
152	145
152	146
152	146
152	146
152	146
152	146
152	146
152	146
152	146
152	146
152	146
152	146
152	146
152	146
152	146
152	146
152	146
152	146
152	146
152	146
152	146
152	147
152	147
152	147
152	147
152	147
152	147
152	147
153	147
153	148
153	148
153	148
153	148
153	148
153	148
153	148
153	148
153	148
153	148
153	148
153	148
153	148
153	148
153	148
153	148
153	148
153	148
153	148
153	148
153	148
154	148
155	148
155	148
155	148
155	148
155	148
155	148
155	148
155	148
155	148
156	148
156	149
156	149
156	149
156	149
156	149
156	149
156	149
156	149
156	149
156	149
156	149
156	149
156	150
156	150
156	150
156	150
156	150
156	150
156	150
156	150
157	150
157	151
157	151
157	151
157	151
157	151
157	151
157	151
157	151
157	151
157	151
157	151
157	151
157	151
157	151
157	151
157	151
158	151
158	152
158	152
158	152
158	152
158	152
158	152
158	152
159	152
159	152
159	152
160	152
160	152
160	152
160	152
160	152
160	152
160	152
160	152
160	152
160	152
160	152
160	152
160	152
160	152
160	152
160	152
161	152
161	152
161	152
161	152
161	152
161	152
161	152
161	152
161	152
161	152
162	152
162	152
162	152
162	153
162	153
162	153
162	153
162	153
162	153
162	153
162	153
162	153
162	153
162	153
162	153
162	153
162	153
162	153
162	153
163	154
164	154
164	154
165	154
165	154
165	154
165	154
165	154
165	154
165	154
165	154
165	154
165	154
165	154
165	154
165	154
165	154
165	154
165	154
165	154
165	154
165	154
165	154
165	154
165	154
165	154
165	154
165	154
165	154
165	154
165	154
165	154
165	155
165	155
165	155
165	155
165	155
165	155
165	155
165	155
165	155
165	155
165	155
165	155
165	155
165	155
165	155
165	155
165	155
166	155
166	156
166	156
166	156
166	156
166	156
166	156
166	156
166	156
166	156
166	156
166	156
166	157
166	157
166	157
167	158
167	159
167	159
167	159
167	159
167	159
167	159
168	160
169	160
169	160
169	161
169	161
169	161
169	161
169	161
169	161
169	161
169	161
169	161
169	161
169	161
169	161
170	161
170	161
170	161
170	161
171	161
171	161
172	161
172	161
172	161
172	161
172	161
172	161
172	161
172	161
173	161
173	161
173	161
173	161
173	161
173	161
173	161
173	161
173	162
173	162
173	162
173	162
173	162
173	162
173	162
173	162
173	163
173	163
173	163
173	163
173	163
173	163
173	163
173	163
173	163
173	163
173	163
173	164
173	164
173	164
173	164
173	164
173	164
173	164
173	164
173	164
173	164
173	164
173	164
173	164
173	164
173	164
173	164
173	164
173	164
173	164
173	164
173	164
173	164
173	164
173	164
173	164
173	164
173	164
173	164
173	164
173	164
173	164
173	164
173	164
173	164
173	164
173	164
173	164
173	164
173	164
173	164
173	164
173	164
173	164
173	164
173	164
173	164
173	164
173	164
173	164
173	164
173	164
173	164
173	164
173	164
173	164
173	164
173	164
173	164
173	165
173	165
173	165
173	165
173	165
173	165
173	165
173	165
174	165
174	165
175	166
175	166
175	166
175	166
175	166
175	166
175	166
175	166
175	166
175	166
175	166
175	166
175	166
175	166
175	166
175	166
175	166
175	166
175	167
175	167
175	167
175	167
175	167
175	167
175	167
175	167
175	167
175	167
175	167
175	168
175	168
175	168
175	168
175	168
175	169
175	169
175	169
175	169
175	169
175	169
175	169
175	169
175	169
175	169
175	169
175	169
175	169
175	169
175	169
175	169
175	169
175	169
175	169
175	169
175	169
175	169
175	169
175	169
175	169
175	169
175	169
175	169
175	169
175	169
175	169
175	169
175	169
175	169
175	169
175	169
175	169
175	169
175	169
175	169
175	169
176	169
176	170
176	170
176	170
176	170
177	171
177	172
177	172
177	172
177	172
177	172
177	172
177	172
177	172
177	172
177	172
177	172
177	172
177	172
177	172
177	172
177	172
177	172
177	172
177	172
177	172
177	172
177	172
177	172
177	172
177	172
177	173
177	173
177	173
177	173
177	173
177	173
177	173
177	173
177	173
177	173
177	173
177	173
177	173
177	173
177	173
177	173
177	173
177	173
177	173
177	173
177	173
177	173
177	173
177	173
177	173
177	173
177	173
177	173
178	173
178	173
178	173
178	173
178	173
178	173
178	173
178	173
178	173
178	173
178	173
178	173
178	173
178	173
178	173
178	173
178	173
178	173
178	173
178	173
178	173
178	173
178	173
178	173
178	173
178	173
178	173
178	173
178	173
178	173
178	173
178	173
178	173
178	173
178	173
178	173
178	173
178	173
178	173
178	173
178	173
178	173
178	173
178	173
179	173
179	173
179	173
179	173
179	173
179	173
179	173
179	173
179	173
179	173
179	173
179	173
179	173
179	173
179	173
179	173
179	173
179	173
179	173
179	173
179	173
179	173
179	173
179	174
180	174
180	174
180	174
180	174
180	174
180	174
180	174
180	174
181	174
181	175
181	175
181	175
182	175
183	176
183	177
183	177
184	177
184	178
184	178
184	178
184	178
184	178
184	178
184	178
184	178
184	178
184	178
184	178
184	178
184	178
184	178
184	178
184	178
184	178
184	178
184	178
184	178
184	178
185	178
185	179
185	179
185	179
186	179
186	179
186	179
186	179
186	179
186	179
186	179
186	179
186	179
186	179
186	179
186	179
186	179
186	179
186	179
186	179
186	179
186	179
186	179
186	179
186	179
186	179
186	179
186	179
186	179
186	179
186	179
186	179
186	179
186	179
186	179
186	179
186	179
186	179
186	179
186	179
186	179
186	179
186	179
186	179
186	179
186	179
186	179
186	179
186	179
186	179
186	179
187	179
187	180
187	180
187	180
188	180
188	181
188	181
188	181
188	181
188	181
189	181
189	181
189	181
189	181
189	181
189	181
189	181
189	181
189	181
189	181
189	181
189	181
189	181
189	181
189	181
189	181
189	181
189	181
189	181
189	181
189	181
189	181
189	181
189	181
190	181
190	182
190	182
190	182
190	182
190	182
190	182
190	182
190	182
190	182
190	182
190	182
191	182
191	183
191	183
191	183
191	183
192	183
193	183
193	184
193	184
193	184
193	184
193	184
193	184
194	184
194	184
194	184
194	184
194	184
194	184
194	184
194	184
194	184
194	184
194	184
194	184
194	184
194	184
194	184
194	184
195	184
195	185
195	185
196	185
196	185
196	185
196	185
196	185
197	185
197	185
197	186
197	186
197	186
197	186
197	186
197	186
197	186
197	186
197	187
197	187
197	187
197	187
197	187
198	187
198	187
198	187
198	187
199	187
199	187
200	187
200	188
200	188
201	188
201	188
202	188
202	189
202	189
202	189
202	189
202	189
202	189
202	190
202	190
203	190
204	190
204	190
204	190
204	190
204	190
204	190
204	190
204	190
204	190
204	190
205	190
205	191
205	191
205	191
205	191
205	191
205	191
205	191
205	191
205	191
205	192
205	192
205	192
205	192
205	192
205	192
205	192
205	192
205	192
205	192
205	192
205	192
205	192
205	192
205	192
206	193
206	194
206	194
206	194
206	194
206	194
206	194
207	194
207	194
207	194
207	194
207	194
207	194
207	195
207	195
207	195
207	195
207	195
207	195
207	195
207	195
207	195
207	195
207	195
207	195
207	196
207	196
207	196
207	196
207	196
207	196
207	196
207	196
207	197
207	197
207	197
207	197
207	197
207	197
207	197
207	197
207	197
207	197
207	197
207	197
207	197
207	197
207	197
207	197
207	197
207	197
207	197
207	197
207	197
207	197
208	197
208	197
208	197
208	197
208	197
208	197
209	197
209	197
209	197
209	197
209	197
209	197
209	197
209	197
209	197
209	197
209	197
209	197
209	197
209	197
209	197
209	198
209	198
209	198
210	198
210	199
210	199
210	199
210	199
210	199
210	199
210	199
210	199
210	199
210	199
210	199
210	200
211	200
211	201
212	201
212	201
212	201
212	201
212	201
212	201
212	201
213	201
213	202
213	202
213	202
213	202
213	202
213	203
213	203
213	203
213	204
213	204
213	204
213	204
213	204
213	204
214	204
214	204
214	204
214	204
214	204
214	204
214	204
214	204
214	204
214	204
214	204
214	204
214	204
214	204
214	204
214	204
214	204
214	204
214	204
214	204
214	204
214	204
214	204
214	204
214	204
214	204
214	204
214	204
214	204
214	204
214	204
214	204
214	204
214	204
214	204
214	204
214	204
214	204
215	204
215	204
215	204
215	204
215	204
215	204
215	204
215	205
215	205
215	205
215	205
215	205
215	205
215	206
215	206
215	206
215	206
215	206
215	206
215	206
215	206
215	206
215	206
215	206
215	206
215	206
215	206
215	206
215	206
215	206
215	206
215	206
216	206
217	207
217	208
218	208
219	209
219	210
219	210
219	210
219	210
219	210
219	210
219	210
220	210
220	210
220	210
220	210
220	210
220	210
220	210
220	210
220	210
220	210
220	210
220	210
220	210
220	210
220	210
221	210
221	210
221	210
221	210
221	210
221	210
221	210
221	210
221	210
221	210
221	210
221	211
221	211
221	211
221	211
221	211
221	211
221	212
222	212
222	213
222	213
222	213
222	214
222	214
223	214
223	215
224	215
224	216
224	216
224	217
224	217
224	217
225	217
225	218
225	218
225	218
225	218
225	218
225	218
225	218
225	218
225	218
226	218
226	218
226	218
226	218
226	218
226	218
226	218
226	218
226	218
226	218
226	218
226	218
226	218
226	218
226	218
226	218
227	218
227	219
227	219
227	219
227	219
227	219
227	219
227	219
227	219
227	219
227	219
227	219
227	219
227	219
228	219
229	220
229	220
229	220
229	220
229	220
229	220
229	220
229	220
229	220
229	220
229	220
229	220
229	220
229	221
229	221
229	221
229	221
230	221
230	222
230	222
231	222
231	223
231	223
231	223
231	223
231	223
231	223
231	223
231	223
231	223
231	223
231	223
231	223
231	223
231	223
231	223
231	223
231	223
231	223
231	223
231	223
231	223
231	223
231	223
231	223
231	223
231	223
231	223
232	223
232	224
232	224
232	224
233	225
233	226
233	226
233	226
233	226
233	226
233	226
233	226
233	226
233	226
233	226
233	226
233	226
233	226
233	226
233	226
233	226
233	226
233	226
234	226
234	227
234	227
234	227
234	227
234	227
234	227
234	227
234	227
234	227
234	227
234	227
234	227
234	227
234	227
234	227
234	227
234	227
234	227
234	227
234	227
234	227
234	227
234	227
234	227
234	227
234	227
234	227
234	227
234	227
234	227
234	227
234	227
234	227
234	227
234	227
234	227
234	227
234	227
234	227
234	227
234	227
234	227
234	227
234	227
234	227
234	227
234	227
234	227
234	227
234	227
234	227
234	227
234	227
234	227
234	227
234	227
235	227
235	227
235	227
235	227
235	227
235	227
235	227
235	227
235	227
235	227
235	227
235	227
235	227
235	227
235	227
235	227
235	227
235	227
235	227
235	227
235	227
235	227
235	227
235	227
235	227
235	227
235	227
235	227
235	227
235	227
236	227
236	227
236	227
236	227
236	227
236	227
236	227
236	227
236	227
236	227
236	227
236	227
236	227
236	227
236	227
236	227
236	227
236	227
236	227
236	227
236	227
236	227
236	227
236	227
236	227
236	227
237	227
237	227
237	227
237	227
237	227
237	227
237	227
237	227
237	227
237	227
238	227
238	227
238	227
238	227
238	227
238	227
238	227
238	227
238	227
238	227
238	227
238	227
238	227
238	227
238	227
238	227
239	227
239	227
239	227
239	227
239	227
239	227
239	227
239	227
240	227
240	227
240	227
240	227
240	227
240	227
240	227
240	227
240	227
240	227
240	227
240	227
240	227
240	227
240	227
240	227
240	227
240	227
240	227
240	228
240	228
240	228
240	228
240	228
240	228
240	228
240	228
240	228
240	229
240	229
240	229
240	229
240	229
240	229
240	229
240	229
240	229
240	230
240	230
240	230
240	230
240	230
240	230
240	230
241	230
241	230
241	230
241	230
241	230
241	230
241	230
241	230
241	230
241	230
241	230
241	230
241	230
241	231
241	231
241	231
241	231
241	231
241	231
241	231
241	231
242	231
242	232
242	232
242	232
242	232
242	232
242	232
242	232
242	232
242	232
242	232
242	232
243	232
244	232
244	232
244	232
245	232
245	233
245	233
246	233
246	233
246	233
246	233
246	233
246	233
246	233
247	233
247	233
247	233
247	233
247	233
247	233
247	233
247	233
247	233
247	233
247	233
247	233
247	233
247	233
247	233
247	233
247	233
247	233
247	233
247	233
247	233
247	233
247	233
247	233
247	233
247	233
247	233
247	233
247	233
247	233
247	233
247	233
247	233
247	233
247	233
247	233
247	233
247	233
247	233
247	233
247	233
247	233
247	233
247	233
247	233
247	233
247	233
247	233
247	233
247	233
247	233
247	233
247	233
247	233
247	233
247	233
247	233
247	233
247	234
247	234
247	234
248	234
248	234
248	234
248	234
248	234
248	234
248	234
248	234
248	234
248	234
248	234
248	234
248	234
248	234
248	234
248	234
248	235
248	235
248	235
248	235
248	235
248	235
248	235
248	235
248	235
248	235
248	235
248	235
248	235
248	235
248	235
248	235
248	235
248	235
248	235
248	235
248	235
248	235
248	235
248	235
248	235
248	235
248	235
248	235
248	235
248	236
249	236
249	237
249	237
249	237
249	237
249	237
249	237
249	237
249	237
249	237
249	237
249	237
249	237
249	237
249	237
249	237
249	237
249	237
249	237
250	237
250	237
250	237
250	237
251	237
251	238
251	238
251	238
251	238
251	238
251	238
251	238
251	238
251	238
251	238
251	238
251	238
251	238
251	238
251	238
251	238
251	239
251	239
251	239
251	239
251	239
251	239
251	239
251	239
251	239
251	239
251	239
251	239
251	239
251	239
251	240
251	240
251	241
251	241
251	241
251	241
251	241
251	241
251	241
251	241
252	241
252	241
252	242
252	242
252	242
252	242
252	242
252	242
252	242
252	242
252	242
252	242
252	242
252	242
252	242
252	242
252	242
253	242
253	242
253	242
253	242
253	242
254	242
254	243
254	243
254	243
255	243
255	243
255	243
255	243
255	243
255	243
255	243
255	243
255	243
255	243
255	243
255	243
255	243
255	243
255	243
255	243
255	243
255	243
255	243
255	243
255	243
255	243
255	243
255	243
255	243
255	243
255	243
255	243
255	243
255	243
255	243
255	243
255	243
255	243
255	243
255	243
255	243
255	243
255	244
256	244
256	244
256	244
256	244
256	244
256	244
256	244
256	244
256	244
256	245
256	245
256	245
256	246
256	246
256	246
256	246
256	246
256	246
257	246
257	247
257	247
257	247
257	247
257	247
257	247
257	247
257	247
257	247
257	247
257	247
257	247
257	247
257	247
257	247
257	247
257	247
257	247
257	247
258	247
258	248
258	248
259	248
259	249
259	249
259	249
259	249
259	249
259	249
259	249
259	249
259	250
259	250
259	250
259	250
260	250
260	251
260	251
260	251
260	251
260	251
260	251
260	251
260	251
260	251
260	251
260	251
260	252
260	252
260	252
260	252
261	252
261	252
261	252
261	252
261	252
261	252
261	252
261	252
261	252
261	252
261	252
261	252
261	252
261	252
262	252
262	253
262	253
262	253
262	253
262	253
262	253
263	253
263	254
263	254
263	254
263	254
264	254
264	254
264	254
264	254
264	254
264	254
264	254
265	254
265	255
265	255
265	255
265	255
265	255
265	255
265	255
265	255
265	256
265	256
265	256
265	256
265	256
265	256
265	256
265	256
265	256
266	256
267	256
267	256
267	256
267	256
267	256
267	256
267	257
267	257
267	257
267	257
267	257
267	257
267	257
267	257
267	257
267	257
267	257
267	257
267	257
267	257
267	257
267	257
267	257
267	257
267	257
267	257
267	257
267	257
267	257
267	257
267	257
268	257
268	258
268	258
268	258
268	258
269	258
269	258
269	258
269	258
269	258
269	258
269	258
269	258
269	258
269	258
269	258
269	258
269	258
269	258
269	258
269	258
269	258
269	258
269	258
269	258
269	258
269	258
269	258
269	258
269	258
269	258
270	258
271	258
271	258
271	259
271	259
271	260
271	260
271	260
271	260
271	260
271	260
271	260
271	260
271	260
271	260
271	261
272	261
272	261
272	261
272	261
272	261
272	261
272	261
272	261
272	261
272	261
272	261
272	261
272	261
272	261
272	261
272	261
272	261
272	262
272	262
272	262
272	262
272	262
272	262
272	262
272	262
272	262
272	262
272	262
272	262
272	262
272	262
272	262
272	262
272	262
272	262
272	262
272	262
272	262
272	262
272	262
272	262
272	262
272	262
272	262
272	262
272	262
272	263
272	263
272	263
272	263
272	263
272	263
272	263
272	263
272	263
272	263
272	263
272	263
272	263
273	263
273	263
273	263
273	263
273	263
273	263
273	263
273	263
273	263
273	263
273	264
273	264
273	264
274	264
274	265
274	265
274	265
274	265
274	265
275	265
275	266
275	266
275	266
275	266
275	266
275	266
275	266
275	266
275	266
275	266
275	266
275	266
275	266
275	266
276	266
276	266
276	266
276	266
276	266
276	266
276	266
276	266
277	266
277	266
277	266
277	266
278	266
278	266
278	266
278	266
278	266
278	266
278	266
278	266
278	266
278	266
278	266
278	266
278	266
278	267
278	267
278	267
278	267
278	267
278	267
278	267
278	267
278	267
278	267
278	267
278	267
278	267
278	267
278	267
278	267
278	267
278	268
278	268
278	269
278	269
278	269
278	269
278	269
278	269
279	269
279	269
279	269
279	269
279	269
279	269
279	269
279	269
279	269
279	269
280	269
280	270
280	270
280	270
280	270
280	270
281	270
281	271
281	271
281	271
281	271
281	271
282	271
282	271
282	271
282	271
282	272
282	272
282	272
283	272
283	272
283	272
283	272
284	272
284	273
284	273
285	273
285	274
285	274
285	274
285	274
285	274
285	275
286	275
286	275
287	275
288	275
288	276
288	276
288	276
288	276
288	276
289	276
289	277
289	277
290	277
290	277
290	277
290	277
290	277
290	277
290	277
290	277
290	277
290	277
290	277
290	277
290	277
290	277
290	277
290	277
290	277
290	277
290	277
290	277
290	277
290	277
290	277
290	277
290	277
290	277
290	277
290	277
290	277
290	277
290	277
290	277
290	277
290	277
290	277
290	277
290	277
290	277
290	277
290	277
290	277
290	277
290	277
290	277
290	277
290	277
290	277
290	277
291	277
291	278
291	278
291	278
291	278
291	278
291	278
291	278
291	278
291	278
291	278
291	278
291	278
291	278
291	278
291	278
291	278
291	278
291	278
291	278
291	278
291	278
291	278
291	278
291	278
291	278
291	278
291	278
291	278
291	278
291	278
291	278
291	278
291	278
291	279
292	279
292	280
292	280
292	280
292	280
292	280
292	280
292	280
292	280
292	280
292	280
292	280
292	280
292	280
292	280
292	280
292	280
292	280
292	281
292	281
292	281
293	281
293	281
293	281
293	282
293	282
293	282
293	282
293	282
293	282
293	282
293	282
293	282
293	282
293	282
293	282
293	282
293	282
293	282
293	282
293	282
293	282
293	282
293	282
293	282
293	282
293	282
293	282
293	282
293	282
293	282
293	282
293	282
293	282
293	282
293	282
293	282
293	282
293	282
293	282
293	282
293	282
293	282
294	282
294	283
294	283
294	283
295	283
295	284
295	284
295	284
295	284
295	284
295	284
295	284
295	284
295	284
295	284
295	284
295	285
295	285
295	285
295	285
296	285
296	285
296	285
296	285
296	285
296	285
296	285
296	285
296	285
296	285
297	285
297	286
297	286
297	286
297	286
297	286
297	286
297	286
297	286
297	286
297	286
297	286
297	286
297	286
297	286
297	286
297	286
297	286
297	286
297	286
297	286
297	286
297	286
297	286
297	286
298	286
299	287
300	287
300	287
300	287
300	287
300	287
300	287
301	287
301	288
301	288
301	288
301	288
301	288
301	288
301	288
301	288
301	288
301	288
301	289
301	290
301	291
301	291
302	291
302	291
302	291
302	291
302	291
302	291
302	291
302	291
302	291
302	291
302	291
302	292
303	292
303	292
303	292
303	292
303	292
303	292
303	292
303	292
303	292
303	292
303	292
303	292
303	292
303	292
303	292
303	292
303	292
303	292
303	292
303	292
303	292
303	292
303	292
303	293
304	293
304	293
304	293
304	293
304	293
304	293
304	294
304	294
304	294
304	294
304	294
304	294
304	294
304	294
304	294
304	294
304	294
304	294
304	294
304	294
304	294
304	294
304	294
304	294
305	294
305	294
305	294
305	294
305	294
305	294
305	294
305	294
305	295
305	295
305	295
305	295
305	295
305	295
305	295
305	295
305	295
305	295
305	295
305	295
306	295
306	296
306	296
306	296
306	296
306	296
306	296
306	296
306	297
307	297
308	298
308	299
308	299
309	299
309	300
309	300
309	300
309	300
309	300
310	300
310	300
310	300
310	300
310	300
310	300
310	300
310	300
310	300
310	300
310	300
310	300
310	300
310	300
310	300
310	300
310	300
310	300
310	300
310	300
311	300
311	301
311	301
312	301
312	302
312	302
312	303
312	303
312	303
312	303
312	303
312	303
312	303
312	303
312	303
312	303
312	303
312	303
312	303
312	303
313	303
313	304
313	304
313	304
314	305
314	305
314	305
314	305
314	305
314	305
314	305
314	305
314	305
314	305
315	305
315	306
315	306
315	306
315	306
315	306
315	306
315	306
315	306
315	306
315	307
315	307
316	307
316	308
316	308
316	308
316	308
316	308
316	308
316	308
316	308
317	308
317	308
318	308
318	308
318	308
318	308
318	308
318	308
318	308
318	308
318	308
318	308
318	308
319	308
319	308
319	308
319	309
319	309
319	310
319	310
319	310
319	310
319	310
319	310
319	310
319	310
319	310
319	310
319	310
319	310
319	310
319	310
319	310
319	310
319	310
319	310
319	310
319	310
319	310
319	310
319	310
319	310
319	310
319	310
319	310
319	310
319	310
319	311
320	311
320	311
320	311
320	311
321	311
321	312
321	312
321	312
321	312
321	312
321	312
321	312
321	312
321	312
321	312
321	312
321	312
321	312
322	312
322	313
322	313
322	313
322	313
322	313
322	313
322	313
322	313
323	313
323	313
323	313
323	313
323	313
323	313
323	313
323	313
323	313
323	313
323	313
323	313
323	313
323	313
323	313
323	313
324	313
324	314
324	314
324	314
324	314
324	314
324	314
324	314
324	314
324	314
324	314
324	314
325	314
325	314
325	314
325	314
326	314
326	314
326	314
326	314
327	315
327	315
327	315
327	315
328	315
328	316
328	316
328	316
328	317
328	317
328	317
328	317
328	317
328	317
328	317
328	317
328	317
328	317
328	317
328	317
328	317
328	317
328	317
328	317
328	317
328	317
328	317
328	317
328	317
329	317
329	318
329	318
329	318
329	318
329	318
329	318
329	318
329	318
329	318
329	319
329	319
329	319
329	319
330	320
330	320
331	321
331	321
331	322
331	322
331	322
331	322
331	322
331	322
331	322
331	322
331	322
331	322
331	322
331	322
331	322
331	322
331	322
331	322
332	322
333	323
333	324
333	324
333	324
333	324
333	324
333	324
333	324
333	324
333	324
334	324
334	324
334	324
334	324
334	324
334	325
334	325
335	325
335	325
335	325
335	325
335	325
335	325
335	325
335	325
335	325
335	325
335	325
335	325
335	325
335	325
335	325
335	325
335	325
335	325
335	325
335	325
335	325
335	325
335	325
335	325
335	325
335	325
335	325
335	325
335	325
335	325
335	325
335	325
335	325
335	325
335	325
335	325
335	325
335	325
335	325
335	325
335	325
335	325
335	325
335	325
335	325
335	325
336	325
336	326
336	326
337	326
337	326
337	326
337	326
337	326
337	326
338	326
338	326
339	326
339	327
339	327
339	327
339	327
339	327
339	327
339	327
339	327
339	327
339	327
339	327
339	327
339	327
339	327
339	327
339	327
339	327
339	327
340	327
341	328
341	329
342	329
342	330
342	330
342	330
342	330
342	330
342	330
342	330
342	330
342	330
342	330
342	330
343	330
343	331
343	332
343	332
343	332
344	332
344	333
344	333
344	333
344	333
344	333
344	333
344	333
344	333
344	333
344	333
344	333
344	334
344	335
344	335
344	335
344	335
344	335
344	335
344	335
344	335
344	335
344	335
344	335
344	335
344	335
344	335
344	335
344	335
344	335
344	335
344	335
344	335
344	335
344	335
344	335
344	335
344	335
344	335
344	335
344	335
344	335
344	335
344	335
344	335
344	335
344	335
344	335
344	335
344	335
344	335
344	335
344	335
344	335
344	335
344	335
344	335
344	335
344	335
345	335
345	336
345	336
345	336
345	336
345	336
345	336
345	336
345	336
345	336
345	336
345	336
345	336
345	336
345	336
345	336
345	336
345	336
345	336
345	336
345	336
345	336
345	336
345	336
345	336
345	336
345	336
345	336
345	336
345	336
345	336
345	336
345	336
345	336
345	336
345	336
345	336
345	336
345	336
345	336
345	336
345	336
345	336
345	336
345	336
345	336
345	336
345	336
345	336
345	336
345	336
345	336
345	336
345	336
345	336
345	336
345	336
345	336
345	336
345	336
345	336
345	336
345	336
345	336
345	336
345	336
345	336
346	336
346	336
346	336
346	337
346	337
347	337
348	338
348	338
348	338
348	338
348	338
348	338
348	338
348	338
348	338
348	338
348	338
348	338
348	338
348	338
348	338
348	338
348	338
348	338
348	338
348	338
348	338
348	338
348	338
348	338
348	338
348	338
348	338
348	338
349	338
349	338
349	338
349	338
349	338
349	338
349	338
349	339
349	339
349	339
349	339
349	339
349	339
349	339
349	339
349	339
349	339
349	339
349	339
349	339
349	339
349	339
349	339
349	339
349	339
349	339
349	339
349	339
349	339
349	339
349	339
349	339
349	339
349	339
349	339
349	339
349	339
349	339
349	339
350	339
350	339
350	339
350	339
350	339
350	339
350	339
350	339
350	339
350	339
350	339
350	339
350	339
350	339
350	339
350	339
350	339
350	339
350	339
350	339
350	339
350	339
350	339
350	339
350	339
350	339
350	339
350	339
350	339
350	339
350	339
350	339
350	339
350	339
350	339
350	339
350	339
350	339
350	339
350	339
350	339
350	339
350	339
350	339
350	339
351	340
351	340
352	340
352	340
352	340
352	341
352	341
352	342
353	342
353	342
353	342
353	342
353	342
353	342
353	342
353	342
353	342
353	342
353	342
353	342
353	342
353	342
353	342
353	342
353	342
353	342
353	342
353	342
353	342
353	342
353	342
353	342
353	342
353	342
353	342
353	342
353	343
354	343
354	343
355	343
355	343
355	343
355	343
355	343
355	343
355	343
355	343
355	343
355	343
355	343
355	343
355	343
355	343
355	343
355	343
355	343
355	343
355	343
355	343
355	343
355	343
355	343
355	343
355	343
355	343
355	343
355	343
356	343
356	344
356	344
356	344
356	344
356	344
356	344
356	344
356	344
356	344
356	344
356	344
356	344
356	344
357	344
357	345
357	345
357	345
357	345
357	345
357	345
357	345
357	345
357	345
357	345
357	345
357	345
357	345
357	345
357	345
357	345
358	345
358	346
359	346
359	347
359	347
359	347
359	347
359	347
359	347
359	347
359	347
359	347
360	347
360	347
360	347
360	347
360	347
360	348
360	348
360	348
360	348
360	348
360	348
360	348
360	348
360	348
360	348
360	349
360	349
360	350
360	350
360	350
360	350
360	350
360	350
360	350
360	350
360	350
360	350
360	351
360	351
360	351
360	351
360	351
360	351
360	351
360	351
360	351
360	351
360	351
360	351
360	351
360	351
360	351
360	351
360	351
360	351
360	351
360	351
360	351
360	351
360	352
360	352
360	352
360	352
360	352
360	352
360	353
360	353
360	353
360	353
360	353
360	353
361	353
361	353
361	353
361	353
361	354
361	354
361	354
361	354
361	354
361	354
361	354
361	354
361	354
361	355
361	355
361	355
361	355
361	355
361	355
361	355
361	355
361	355
361	355
361	355
361	355
361	355
361	355
361	355
361	355
361	355
361	355
361	355
361	355
361	355
362	355
362	356
362	356
362	356
362	356
362	356
362	356
362	356
362	356
362	356
362	356
362	356
362	356
362	356
362	356
362	356
362	356
362	356
362	356
362	356
362	356
362	356
362	356
362	356
362	356
362	356
362	356
362	356
362	356
362	356
362	356
362	357
362	357
362	358
362	358
363	359
363	360
364	360
364	360
364	360
364	360
364	360
364	360
364	360
364	360
364	360
364	360
364	360
364	361
365	361
365	361
365	361
365	361
365	361
365	361
366	362
366	363
367	363
367	364
367	364
367	364
367	364
367	364
367	364
367	364
367	364
367	364
367	365
367	365
367	366
367	366
367	366
367	366
367	366
367	366
367	366
367	366
367	366
367	366
367	366
367	366
367	366
367	366
367	366
367	366
367	366
367	366
367	366
367	366
367	366
367	366
368	366
368	366
368	366
368	366
368	366
368	367
368	367
368	367
368	367
368	367
368	367
368	367
368	367
368	367
368	367
368	367
368	367
368	368
368	368
368	368
369	368
369	369
369	369
369	369
369	369
369	369
369	369
369	369
369	369
369	369
369	369
369	369
370	369
370	-1
370	-1
370	-1
370	-1
370	-1
370	-1
370	-1
370	-1
370	-1
371	-1
371	-1
371	-1
371	-1
371	-1
371	-1
371	-1
371	-1
371	-1
371	-1
371	-1
371	-1
371	-1
371	-1
371	-1
372	-1
372	-1
372	-1
372	-1
372	-1
372	-1
372	-1
