-1	0
-1	0
-1	0
-1	0
-1	0
-1	0
-1	0
-1	0
-1	0
-1	0
-1	0
-1	0
-1	0
-1	0
-1	0
-1	0
-1	0
-1	0
-1	0
-1	0
-1	0
-1	0
-1	0
-1	0
-1	0
-1	0
-1	0
-1	0
-1	0
-1	0
-1	0
-1	0
-1	0
0	0
0	1
0	1
0	1
0	1
0	1
0	1
0	1
0	1
0	1
0	1
0	1
0	1
0	2
0	2
1	2
1	2
1	2
1	2
1	2
1	2
1	2
1	2
1	2
1	2
1	2
1	2
1	2
1	2
1	2
1	2
1	2
1	2
2	2
2	3
2	3
2	3
2	3
2	3
2	3
2	3
2	3
2	3
2	3
2	3
2	3
2	3
2	3
2	3
2	3
2	3
2	3
2	3
2	3
3	3
3	4
3	4
3	4
3	4
3	4
4	4
4	5
4	5
4	5
4	5
4	5
4	5
4	5
4	5
4	5
4	5
4	5
4	5
4	5
4	5
4	5
4	5
4	5
4	5
4	5
4	5
4	5
4	5
5	5
5	5
5	5
5	5
5	5
5	5
5	5
5	5
5	5
5	5
5	5
5	5
5	5
6	5
6	6
6	6
6	6
6	6
6	6
6	6
6	6
6	6
6	6
6	6
6	6
6	6
6	6
6	6
6	6
6	6
6	6
6	6
6	6
6	6
6	6
6	6
6	6
6	6
7	6
7	6
7	6
7	6
7	6
7	6
7	6
7	6
8	6
8	7
9	7
9	7
9	7
9	7
9	7
9	7
9	7
9	7
9	7
9	7
9	7
9	7
9	7
9	7
9	7
9	7
9	7
9	7
9	7
10	7
10	7
10	7
10	7
10	7
10	7
10	7
10	7
10	7
10	7
10	7
10	7
10	7
10	7
10	7
10	8
10	8
11	8
11	9
11	9
11	9
11	9
11	9
11	9
11	9
11	9
11	9
11	9
11	9
11	9
11	9
11	9
11	9
12	9
12	9
12	9
12	9
12	9
12	9
13	9
13	10
13	10
13	10
13	10
13	10
13	10
13	10
13	10
13	10
13	10
13	10
13	10
13	10
13	10
13	10
13	10
13	10
14	10
14	11
14	11
14	11
14	11
14	11
14	11
14	11
14	12
14	12
14	12
14	12
15	12
15	13
15	13
15	14
15	14
15	14
15	14
15	14
15	14
15	14
15	14
15	14
15	14
16	14
16	15
16	15
16	15
16	15
16	15
16	15
16	15
17	15
17	16
18	16
18	17
18	17
18	17
18	17
18	17
18	17
18	17
18	17
18	17
18	17
18	17
18	17
18	17
18	17
18	17
18	17
18	17
18	17
18	17
18	17
18	17
18	17
18	17
18	17
18	17
18	17
18	17
18	17
18	17
18	17
18	17
18	17
18	17
18	17
18	17
18	17
18	17
18	17
18	17
18	17
18	17
18	17
18	17
18	17
18	17
18	17
18	17
19	17
19	18
19	18
19	18
19	18
19	18
19	18
19	18
19	18
19	18
19	18
19	18
19	18
19	18
19	18
19	18
19	18
19	18
19	18
19	18
19	18
19	18
19	18
19	18
19	18
19	18
19	18
19	18
19	18
19	18
19	18
19	18
19	18
19	18
19	18
19	18
19	18
19	18
19	18
19	18
19	18
19	18
19	18
19	18
19	18
19	19
20	19
20	20
20	20
20	20
20	20
20	20
20	20
20	20
20	20
20	20
20	20
20	20
20	20
20	20
20	20
20	20
20	20
20	20
20	20
20	20
20	20
20	20
20	20
20	20
20	20
20	20
21	20
21	21
21	21
21	21
21	21
21	21
21	22
21	22
21	23
21	23
21	23
21	23
21	23
21	23
21	23
21	23
21	24
21	24
21	24
21	24
22	24
22	25
22	25
22	25
22	25
22	25
23	25
23	25
23	25
23	25
23	25
23	25
23	25
23	25
23	25
23	25
23	25
23	25
23	25
23	25
23	25
23	25
24	25
24	25
24	25
24	25
24	25
24	25
24	25
24	25
24	25
24	25
24	25
24	25
24	25
24	25
24	25
24	26
24	26
25	26
26	27
26	28
26	28
27	28
27	29
27	29
27	29
27	29
27	29
27	29
27	29
27	29
27	29
27	29
27	29
27	29
27	29
27	29
27	29
27	29
27	29
27	29
27	29
27	29
27	29
27	29
27	29
27	29
27	29
27	29
27	29
27	29
27	29
27	29
27	29
27	29
27	29
27	29
27	29
27	29
27	30
27	30
27	30
27	30
28	31
28	32
28	32
28	32
28	32
28	32
29	32
29	32
29	32
29	32
29	32
29	32
29	32
29	32
29	32
29	32
29	32
29	32
29	32
29	32
29	32
29	32
29	32
29	32
29	32
29	32
29	32
29	32
29	33
29	33
29	33
29	33
29	33
29	33
29	33
29	33
29	33
29	33
29	33
29	34
29	34
29	34
29	34
29	34
29	34
29	34
29	34
29	34
29	34
29	34
30	34
30	35
30	35
30	35
30	35
31	35
31	35
31	35
31	35
31	35
31	35
31	35
31	35
31	35
31	35
31	35
31	35
31	35
31	35
31	35
32	35
32	36
32	36
32	36
33	36
33	37
33	37
33	37
33	37
33	37
33	37
33	37
33	37
33	37
33	37
33	37
33	37
33	37
33	37
33	37
33	37
33	37
33	37
33	37
33	37
33	38
33	38
33	38
33	38
33	38
33	38
33	38
33	38
33	38
33	38
33	38
33	38
33	38
33	38
33	38
33	38
33	38
33	38
33	38
33	38
33	38
33	38
33	38
33	38
33	38
33	38
33	38
33	38
33	38
33	38
33	38
33	38
33	38
33	38
33	38
33	38
33	38
33	38
33	38
33	38
33	38
33	38
33	38
33	38
33	38
33	38
33	38
33	38
33	38
33	38
33	38
33	39
33	39
33	39
33	39
33	39
33	39
33	39
33	39
33	39
33	39
33	39
33	39
33	39
33	39
33	39
33	39
34	39
34	40
34	40
34	40
35	40
35	41
35	41
35	41
35	41
35	41
35	41
35	41
35	41
35	41
35	41
35	41
35	41
35	41
35	41
35	41
35	41
35	41
35	41
35	41
35	41
35	41
35	41
35	41
35	41
35	41
35	41
35	41
36	41
36	42
36	42
36	42
36	42
36	42
36	42
36	42
36	42
36	42
36	42
36	42
36	42
36	42
36	42
36	42
36	42
36	42
36	42
36	42
36	42
36	42
36	42
36	42
36	42
36	42
36	42
36	42
36	42
36	42
36	42
36	42
36	42
36	42
36	42
36	43
36	43
36	43
36	43
36	43
36	43
36	43
36	43
36	43
36	43
36	43
36	43
36	43
36	43
36	43
36	43
36	43
36	43
36	43
36	43
36	43
36	43
36	43
36	43
36	43
36	43
36	43
36	43
36	43
36	43
36	43
36	43
36	43
36	43
36	43
36	43
36	43
36	43
36	43
36	43
36	43
36	43
36	43
36	43
36	43
36	44
36	45
36	45
36	45
36	46
36	46
36	46
36	46
36	46
36	46
36	46
36	46
36	46
36	46
36	46
36	46
36	47
36	47
36	47
36	47
36	47
36	47
36	47
36	47
36	47
36	47
36	47
36	47
36	47
36	47
36	47
36	47
36	47
36	47
36	47
36	47
36	47
36	47
36	47
36	47
36	47
37	47
37	48
37	48
37	48
38	48
38	48
38	48
38	48
38	48
38	48
38	48
38	48
39	48
40	48
40	49
40	49
40	49
40	49
40	49
40	49
40	49
41	49
41	49
41	49
41	49
41	49
41	49
41	49
41	49
41	49
41	49
41	49
41	49
41	49
42	49
42	49
42	49
42	49
42	49
42	49
43	49
43	49
43	49
43	49
43	49
44	49
45	50
46	50
46	50
46	50
46	50
46	50
46	50
47	50
47	50
47	50
47	50
47	50
47	50
47	50
47	50
47	50
47	50
47	50
47	50
47	50
48	50
48	51
48	51
48	51
48	51
48	51
48	51
48	51
48	51
48	51
48	51
48	51
48	51
48	51
48	51
49	51
49	52
49	52
49	52
49	52
49	52
49	52
49	52
49	52
49	52
49	52
49	52
49	52
49	52
49	52
49	52
49	52
49	52
49	52
49	52
49	52
49	52
49	52
49	52
49	52
49	52
49	52
49	52
49	52
49	52
49	52
49	52
49	52
49	52
49	52
49	52
49	52
49	52
49	52
49	52
49	52
49	52
49	52
49	52
49	52
49	52
49	52
49	52
49	52
49	52
49	52
49	52
49	52
49	52
49	52
49	52
49	52
49	52
49	52
49	52
49	52
49	52
49	52
49	52
49	52
49	52
49	52
49	52
49	52
49	52
49	52
49	52
50	52
50	53
50	53
50	53
50	53
50	53
50	53
50	53
50	53
50	53
50	53
50	53
50	53
50	53
50	53
50	53
50	53
50	53
50	53
50	53
50	53
50	53
50	53
50	53
51	53
51	53
52	53
52	54
52	54
53	54
54	55
54	56
54	56
54	56
54	56
55	56
55	56
55	56
55	56
55	56
55	56
55	56
55	56
55	56
55	56
56	56
56	57
56	57
56	57
56	57
56	57
56	57
56	57
56	57
56	57
56	57
56	58
56	58
56	58
56	59
56	59
56	59
56	59
56	59
56	59
56	59
56	59
56	59
56	59
56	59
56	59
56	59
56	59
56	59
57	59
57	59
57	59
57	59
58	59
58	59
58	59
58	59
58	59
58	59
58	59
58	59
58	59
58	59
58	59
58	59
58	59
58	59
58	59
58	59
58	59
58	59
58	59
58	59
58	59
58	59
58	59
58	59
58	59
58	59
58	59
58	59
58	59
58	59
58	59
58	59
58	59
58	59
58	59
58	59
59	59
59	60
59	60
59	60
59	60
59	60
59	60
59	60
59	60
59	60
59	60
59	60
59	60
59	60
59	60
59	60
59	60
59	60
59	60
59	60
59	60
59	60
59	60
59	60
59	60
59	60
59	60
59	60
59	60
59	60
59	60
59	60
59	60
59	60
59	60
59	60
59	60
59	60
59	60
59	60
59	60
59	60
59	60
59	60
59	60
59	60
59	60
59	60
59	60
59	60
59	60
59	60
59	60
59	60
59	60
59	60
59	60
59	60
59	60
59	60
59	60
59	60
59	60
59	61
59	61
60	61
60	61
60	61
60	61
60	61
60	62
60	62
60	62
60	62
60	62
60	62
60	62
60	62
60	62
60	62
60	62
60	62
60	62
60	62
60	62
60	62
60	62
60	62
60	62
60	62
60	62
60	62
60	62
60	63
60	63
60	63
60	63
60	64
60	64
60	64
60	64
60	64
60	64
60	64
60	64
60	64
60	65
60	65
60	65
60	65
60	65
60	65
61	65
61	65
61	65
61	65
61	65
61	65
61	65
61	65
61	65
62	65
62	65
62	65
62	65
62	65
62	65
62	65
62	65
62	65
62	65
63	65
63	65
63	65
63	65
63	65
63	65
63	65
63	65
63	65
63	65
63	65
63	65
63	65
63	65
63	65
63	66
63	66
63	66
64	66
64	67
64	67
64	67
64	67
65	67
65	68
65	68
65	68
65	68
65	68
65	69
65	69
65	69
65	69
65	69
65	69
65	69
65	69
65	69
65	69
65	69
65	69
65	69
65	69
65	69
65	69
65	69
65	69
65	69
65	69
65	69
65	69
65	69
65	69
65	69
65	69
65	69
65	69
65	69
65	69
65	69
65	69
65	69
65	69
65	69
65	69
65	69
65	69
65	69
65	69
65	69
65	69
65	69
65	69
65	69
65	69
65	69
65	69
65	69
65	69
65	69
65	69
65	69
65	69
66	69
66	70
67	70
67	71
67	71
67	71
68	71
68	72
68	72
68	72
68	72
68	72
68	72
68	72
68	72
68	72
68	72
68	73
68	73
69	73
69	74
70	74
70	74
70	74
70	74
71	74
71	74
71	74
71	74
71	74
71	74
71	74
71	74
72	74
73	75
73	76
73	76
73	76
73	76
73	77
73	77
73	77
73	77
73	77
73	77
73	77
73	77
74	77
74	77
74	78
74	79
74	79
74	79
75	80
75	81
75	81
75	81
76	81
76	82
76	82
76	82
76	82
76	82
76	82
76	82
76	82
76	82
76	82
76	82
77	83
77	84
77	84
77	85
77	85
77	85
77	85
77	85
77	85
77	85
77	85
77	85
77	85
78	85
78	86
78	87
78	87
78	87
78	87
79	87
79	87
79	87
79	87
79	87
79	87
79	87
79	87
79	87
79	87
79	87
79	87
79	87
79	87
79	87
79	87
79	87
79	87
79	87
79	87
79	87
79	87
79	88
79	88
79	88
79	88
79	88
79	88
79	88
79	88
79	88
79	88
79	88
80	88
80	89
80	89
80	89
80	89
80	89
80	89
80	89
80	89
80	89
80	89
81	89
81	89
81	89
81	89
81	89
81	89
81	89
81	89
81	89
81	89
82	89
82	89
82	89
82	89
82	89
82	89
82	89
82	89
83	89
83	89
83	90
83	90
84	90
84	91
84	91
84	91
84	91
84	91
84	91
84	91
84	91
84	91
84	91
84	91
84	91
84	92
84	92
85	92
85	93
85	93
85	94
85	94
85	94
86	94
86	94
87	94
87	95
87	95
87	95
87	95
87	95
87	96
87	96
87	96
87	97
87	97
88	97
88	97
89	97
89	97
89	97
89	97
89	97
89	97
89	97
89	97
89	97
89	97
89	97
89	97
89	97
89	97
89	97
89	97
89	97
89	97
89	97
89	97
89	97
89	97
89	97
89	97
89	97
89	97
89	97
89	97
89	97
89	97
89	97
89	97
89	97
89	97
89	97
89	97
89	97
89	97
89	97
89	97
89	97
89	97
89	97
89	97
89	97
89	97
89	97
89	97
89	97
89	97
89	97
89	97
89	97
89	97
89	97
89	97
89	97
89	97
89	97
89	97
89	97
89	97
89	97
89	97
89	97
89	97
89	97
89	97
89	97
89	97
90	97
90	98
90	98
90	98
90	98
90	98
90	98
91	98
91	98
91	98
91	99
91	100
91	100
91	100
91	100
91	100
91	100
91	100
91	100
91	100
91	100
91	100
91	100
91	101
91	101
91	101
91	101
91	101
91	102
91	102
91	102
91	102
91	102
91	102
91	102
91	102
91	102
91	102
91	102
91	102
91	102
91	102
91	102
92	102
92	103
92	103
92	103
92	103
92	103
92	103
92	104
92	104
92	104
92	104
92	104
92	104
92	104
92	104
92	104
93	104
93	104
93	104
93	104
93	104
93	104
93	105
93	105
93	105
94	105
94	106
94	106
94	106
94	106
94	107
94	107
94	107
94	107
94	107
94	107
95	107
95	107
96	107
96	108
96	108
97	109
97	109
97	109
97	109
97	109
97	109
97	109
98	109
98	110
99	110
99	111
99	111
99	111
99	111
100	111
100	112
100	112
100	112
100	112
100	112
100	112
100	112
100	112
100	112
100	112
101	112
101	112
101	112
101	112
101	112
101	112
101	113
102	113
102	114
102	114
102	114
102	114
102	114
102	114
102	114
102	114
102	114
102	114
102	114
102	114
102	114
102	114
102	114
102	114
102	114
103	114
103	115
104	115
104	116
104	116
104	116
105	117
105	117
105	117
105	117
105	117
105	118
105	118
106	118
107	119
107	119
107	119
107	119
107	119
107	119
107	119
107	119
107	119
107	119
107	119
107	119
107	119
107	119
107	119
107	119
108	120
108	120
109	121
109	122
109	122
109	122
109	122
109	122
109	123
109	123
109	123
109	123
109	123
109	123
109	123
109	123
109	123
109	123
110	123
110	124
110	124
110	124
110	124
110	124
111	124
111	125
111	125
111	125
111	125
111	125
111	125
111	125
111	125
111	125
111	125
111	125
112	126
112	127
112	127
112	127
112	127
112	127
112	127
112	127
112	127
112	127
112	127
112	127
112	127
112	127
112	127
112	127
112	127
112	127
112	127
112	127
112	127
112	127
112	127
112	127
112	127
112	127
112	127
112	127
112	127
112	127
112	127
112	127
112	127
112	127
112	127
112	128
113	128
113	128
113	128
113	128
113	128
113	128
113	128
113	128
113	128
113	128
113	128
114	128
114	129
114	129
114	129
114	129
114	129
114	129
114	129
114	129
114	129
114	129
115	129
115	129
115	129
115	129
115	129
115	129
115	129
115	129
115	129
115	129
115	129
115	129
115	129
115	129
115	129
115	129
115	129
115	129
115	129
115	129
115	129
115	129
115	129
115	129
115	129
115	129
115	129
115	129
115	129
115	129
115	129
115	129
115	129
115	129
115	129
115	129
115	129
115	129
115	129
115	129
115	129
115	129
115	129
115	129
115	129
115	129
115	129
115	129
115	129
115	129
115	129
115	129
115	129
115	129
115	129
115	129
115	129
115	129
115	129
115	129
115	129
115	129
115	129
115	129
115	129
115	129
115	129
115	129
115	129
115	129
115	129
115	129
115	129
115	129
115	129
115	129
115	129
115	129
115	129
115	129
115	129
115	129
116	129
117	129
118	129
118	129
118	129
118	129
118	129
118	129
118	129
118	129
118	129
118	129
118	129
118	129
118	129
118	129
118	129
118	129
118	129
119	129
119	129
119	129
119	129
119	129
119	129
119	129
119	129
119	129
119	129
119	129
119	129
119	129
119	129
120	129
120	129
120	129
120	130
120	130
120	130
120	130
120	130
120	130
120	130
120	130
120	130
120	130
120	130
120	130
120	130
120	130
120	130
120	130
120	130
120	131
120	131
120	131
120	131
120	131
120	131
120	131
120	131
120	131
120	131
120	131
120	131
121	131
122	132
122	132
123	132
124	133
124	134
124	134
124	134
125	135
125	136
126	136
126	137
126	137
126	137
126	137
126	137
126	137
126	137
127	137
127	138
127	138
127	138
127	138
127	138
127	138
127	138
127	138
127	138
127	138
127	139
127	139
128	139
128	140
128	140
128	141
128	141
128	141
128	141
128	141
128	141
128	141
128	141
128	141
128	141
128	141
128	141
128	141
128	141
128	141
128	142
128	142
128	142
128	142
128	142
128	142
128	142
128	142
129	142
129	142
129	142
129	142
129	142
129	142
130	143
130	143
130	143
130	143
130	143
130	143
130	143
130	143
130	143
130	143
130	143
130	143
131	144
131	144
131	145
131	145
131	145
131	145
131	145
131	145
131	145
131	145
131	145
131	145
131	145
131	145
131	145
132	145
132	145
132	145
132	145
133	146
133	146
133	146
133	146
133	146
133	146
133	146
133	146
133	146
134	146
134	146
134	146
135	146
135	147
135	148
135	148
135	148
135	148
135	148
135	148
136	148
136	149
136	149
136	149
136	149
136	149
136	149
136	149
136	149
136	149
136	149
136	149
136	149
136	149
136	149
136	149
136	149
136	149
137	149
137	150
138	150
138	150
138	150
138	150
138	150
138	150
138	150
138	150
138	150
138	150
138	150
138	150
138	150
138	150
138	150
138	150
138	150
139	150
139	151
139	151
139	151
139	151
139	151
139	152
139	152
139	153
139	153
139	153
139	153
139	154
139	154
139	154
139	154
139	154
139	154
139	154
139	154
139	154
139	154
140	154
141	155
141	156
142	157
142	157
142	157
142	157
142	157
142	157
142	158
142	158
142	158
142	158
142	158
142	159
142	159
142	159
142	159
142	159
142	159
142	160
143	160
144	161
144	161
144	161
144	161
144	161
144	161
144	161
144	161
144	161
144	161
144	161
145	161
145	162
145	162
145	162
145	162
145	162
145	162
145	162
146	162
146	163
146	163
146	163
146	163
146	163
146	163
146	163
146	163
147	163
147	164
148	164
148	164
148	164
148	164
148	164
148	164
148	164
148	164
148	164
149	164
150	164
150	164
150	164
150	164
150	164
150	165
150	165
150	165
150	165
150	165
150	165
151	165
151	165
151	165
151	165
151	165
151	165
151	165
151	165
151	165
151	165
151	165
152	166
152	167
152	167
152	167
152	167
152	167
152	167
152	167
152	167
152	167
152	167
152	167
152	167
153	167
154	167
154	168
154	168
154	168
155	168
155	169
155	169
155	169
155	169
155	169
155	169
155	169
155	169
155	169
155	169
155	169
155	169
155	169
155	169
155	169
155	169
155	169
155	169
155	169
155	169
155	169
155	169
155	169
155	169
155	169
155	169
155	169
155	169
156	169
156	170
156	170
156	170
156	170
156	170
156	170
156	170
156	170
156	170
156	170
156	170
156	170
157	170
157	170
157	170
157	170
157	170
157	170
157	171
157	172
157	172
157	172
157	172
157	172
157	172
157	172
157	172
157	172
157	172
158	172
158	172
158	172
158	172
158	172
158	172
158	172
158	172
158	172
158	172
158	172
158	172
158	172
158	172
158	172
158	172
158	172
158	172
158	172
158	172
158	172
158	172
158	172
158	172
158	172
158	172
158	173
158	173
158	173
158	173
159	173
159	173
159	173
159	173
159	173
159	173
160	173
160	174
160	174
160	174
160	174
160	174
160	174
160	174
160	174
160	174
160	174
160	174
160	174
160	174
160	174
160	174
160	174
160	174
160	174
160	174
161	174
162	175
162	176
162	176
163	176
163	176
163	176
163	176
163	176
163	176
163	176
163	176
163	176
163	176
163	176
163	176
163	176
163	176
164	177
164	177
164	177
164	177
164	177
164	177
164	177
164	177
164	177
164	177
164	177
164	177
164	177
164	177
164	177
164	177
164	177
164	178
164	178
164	178
164	178
164	178
164	178
165	178
165	179
165	179
165	179
165	179
165	179
166	179
166	179
167	179
167	179
167	179
167	179
168	179
169	180
169	181
169	181
169	181
169	181
169	181
169	181
169	181
169	181
169	181
169	181
169	182
170	182
170	183
170	183
170	183
170	183
170	183
170	183
171	183
171	184
171	184
171	184
171	184
171	184
171	184
171	184
171	184
172	184
172	185
173	185
174	185
174	186
174	186
174	186
174	187
175	187
175	187
175	187
175	187
175	188
175	188
175	189
175	189
175	189
175	189
175	190
175	190
175	190
175	190
175	190
176	190
176	190
177	191
177	191
177	191
177	191
177	191
177	191
177	191
177	191
177	191
177	191
177	191
178	191
178	191
178	191
178	191
178	191
178	191
178	191
178	191
178	191
178	191
178	191
178	191
178	191
179	191
179	192
179	192
180	192
180	193
180	194
180	194
180	194
180	194
181	194
181	195
181	195
181	195
181	195
182	195
182	195
182	195
182	195
182	195
182	195
182	195
182	195
182	195
182	195
182	195
182	195
182	195
182	195
182	195
182	195
182	195
182	195
182	195
182	195
182	195
182	195
183	195
183	195
183	195
184	195
184	196
185	196
185	197
185	197
185	197
185	197
185	197
185	197
185	198
185	198
185	198
185	199
185	199
185	199
185	199
185	199
185	199
185	199
185	199
185	199
185	200
185	200
185	200
185	200
185	200
185	200
185	200
185	200
185	200
185	200
185	200
185	200
185	200
185	200
185	200
185	200
185	200
185	200
185	200
185	200
185	200
186	200
186	200
186	200
186	200
186	200
186	200
186	200
186	200
187	200
187	200
187	200
187	200
187	200
187	200
187	200
187	200
187	200
187	200
187	200
187	200
187	200
187	200
187	200
187	200
187	200
187	200
187	200
187	201
187	201
187	201
187	201
187	201
187	201
187	201
187	201
187	201
187	202
188	202
188	203
188	203
188	203
188	203
188	203
188	203
188	204
189	204
189	204
189	204
189	204
189	204
189	204
189	204
189	204
189	204
189	204
189	204
190	204
190	204
190	205
190	205
190	205
190	205
190	205
190	205
190	205
190	205
190	205
190	205
190	205
190	205
190	205
190	205
190	205
191	205
191	206
191	206
191	206
191	206
191	206
192	206
193	207
193	208
193	208
194	208
194	208
194	208
194	209
194	209
194	209
194	209
194	209
194	209
194	209
195	209
195	210
195	210
195	210
196	210
196	210
196	210
196	211
196	212
196	212
196	213
196	213
196	213
196	213
197	213
198	213
198	214
198	214
198	214
198	214
198	214
198	214
198	214
198	214
198	214
198	214
198	214
198	214
198	214
198	214
198	214
198	214
198	214
198	214
198	214
198	214
198	214
199	214
199	215
200	215
200	215
200	215
200	215
200	215
200	215
200	215
201	216
201	216
201	216
201	216
201	216
201	216
201	216
201	216
201	216
201	216
201	216
201	216
201	216
201	216
201	216
201	216
201	216
201	216
201	216
201	216
201	216
201	216
201	216
201	216
201	216
201	216
201	216
201	216
201	216
201	216
201	216
201	216
202	216
202	216
202	216
202	216
202	216
202	216
202	216
202	216
202	216
202	216
203	216
203	217
204	217
204	217
204	217
204	217
204	218
204	218
204	218
204	218
204	218
204	218
204	218
204	218
204	218
204	218
205	218
205	218
205	218
205	218
205	218
205	218
205	218
205	218
205	218
205	218
205	218
205	218
205	218
206	218
206	219
206	219
206	219
206	219
206	219
207	219
207	219
207	219
208	219
208	220
208	220
208	220
208	220
209	220
209	221
209	221
209	221
209	221
209	221
209	221
209	221
210	221
210	222
210	222
210	222
210	222
210	222
210	222
210	222
210	222
210	222
210	222
211	222
211	222
211	222
211	222
212	222
212	223
212	223
212	223
213	223
213	224
213	224
214	224
214	225
214	225
214	225
214	225
214	225
214	225
214	225
215	225
215	226
215	226
215	226
215	226
215	226
215	226
215	226
215	226
215	226
215	226
215	226
215	226
215	226
215	226
215	226
215	226
215	226
215	226
215	226
215	226
215	226
215	226
215	226
215	226
215	226
215	226
215	226
215	226
215	227
216	227
216	228
216	228
216	228
216	228
216	229
216	229
216	229
216	229
216	229
216	229
216	229
216	229
216	230
216	230
216	230
216	230
216	230
216	230
216	231
216	231
216	231
216	231
216	231
216	231
216	231
216	231
216	231
216	231
216	231
216	231
216	231
216	231
216	231
216	231
216	231
216	231
216	231
216	231
216	231
216	231
216	231
216	231
216	231
216	231
216	231
216	231
216	231
216	231
216	231
216	231
216	231
216	231
216	231
216	231
216	231
216	231
216	231
216	231
216	231
216	231
216	231
216	231
216	231
216	231
216	231
216	231
216	231
216	231
216	231
216	231
216	231
216	231
216	231
216	231
216	231
216	231
216	231
216	231
216	231
216	231
216	231
216	231
216	231
216	231
216	231
216	231
216	231
216	231
216	231
216	231
216	231
216	231
216	231
216	231
216	231
216	231
216	231
216	231
216	231
216	231
216	231
216	231
216	231
216	231
216	231
216	231
216	231
216	231
216	231
216	231
216	231
216	231
216	231
216	231
216	231
216	231
217	231
217	232
217	232
217	232
217	232
217	232
217	232
217	232
218	232
218	233
218	233
219	233
220	234
220	235
220	235
220	235
220	235
220	235
220	235
220	235
220	236
220	236
220	236
220	236
220	236
220	236
220	236
220	236
220	236
220	236
220	236
220	236
220	236
221	237
221	237
221	237
221	237
221	237
221	237
222	237
222	237
222	237
222	237
222	237
222	237
222	238
222	238
222	238
222	238
222	238
222	238
222	238
222	238
222	238
222	238
222	238
222	238
222	238
222	238
222	238
222	238
222	238
222	238
222	238
222	238
222	238
222	238
222	238
222	238
222	238
222	238
222	238
222	238
222	238
222	238
222	238
222	238
222	238
222	238
222	238
222	238
222	238
222	238
222	238
222	238
222	238
222	238
222	238
222	238
222	238
223	238
223	239
223	239
223	239
223	239
223	239
223	240
223	240
223	240
223	240
223	240
223	240
223	240
223	240
223	240
223	240
223	240
223	240
223	241
223	241
223	242
223	242
223	242
223	242
223	242
223	242
223	242
223	243
223	243
223	243
223	243
223	243
223	243
223	243
223	243
223	243
223	243
223	243
223	243
223	243
223	243
223	243
223	243
223	243
223	243
223	243
223	243
223	243
223	243
223	243
223	243
223	243
223	243
223	243
223	243
223	243
223	243
223	243
223	243
223	243
223	243
223	243
223	243
223	243
223	243
223	243
223	243
223	243
223	243
223	243
223	243
223	243
223	243
223	243
223	243
223	243
223	243
224	243
224	244
224	244
224	244
224	244
224	244
224	244
224	244
224	244
224	244
225	244
225	245
225	245
225	245
225	245
225	245
225	245
225	245
225	245
225	245
225	245
225	245
225	245
225	245
225	245
225	246
226	246
226	247
226	247
226	247
226	247
226	247
227	247
227	247
227	247
227	247
227	248
227	248
227	249
227	249
227	249
227	249
227	249
227	249
227	249
228	249
229	249
229	249
229	249
229	249
229	249
229	249
229	249
229	249
229	249
230	249
230	250
230	251
230	251
230	251
230	251
230	251
230	251
230	251
230	251
230	251
231	251
232	251
232	252
232	252
232	252
233	252
233	252
234	252
234	253
234	253
234	253
234	253
234	253
235	253
235	253
235	253
236	254
236	255
236	255
236	255
236	255
236	255
236	255
236	255
236	255
237	255
237	255
237	256
237	256
237	256
237	256
237	256
237	256
237	256
237	256
237	256
237	256
238	256
239	257
239	258
239	258
239	258
240	258
240	259
240	259
240	259
240	259
241	259
241	259
241	259
241	259
241	259
241	259
241	259
242	259
242	259
242	259
242	259
242	259
242	259
242	259
242	259
242	259
243	259
243	260
243	260
243	260
243	260
243	260
243	260
243	260
243	260
243	260
244	260
244	260
244	260
244	260
244	260
245	260
245	261
245	261
246	261
246	261
246	261
246	261
246	261
247	261
247	262
247	262
247	262
247	262
247	262
247	262
247	262
247	262
247	262
247	262
247	262
247	262
247	262
247	262
247	262
248	262
248	263
248	263
248	263
248	263
248	263
248	263
248	263
249	263
249	263
249	264
249	264
249	264
249	264
249	264
249	264
249	264
249	264
249	264
249	264
249	264
249	264
249	265
249	265
249	265
249	265
250	265
250	265
251	265
251	266
252	266
252	266
252	266
252	266
252	267
252	267
253	267
253	267
253	267
253	267
253	267
253	267
253	267
254	267
254	268
255	268
255	268
255	268
255	268
255	268
255	268
255	268
255	268
255	268
255	268
255	269
255	269
255	269
255	269
255	269
255	269
255	269
255	269
255	269
255	269
255	269
255	269
255	269
255	270
255	270
256	270
256	270
257	270
257	270
257	270
257	270
257	270
257	270
257	270
257	270
257	270
257	270
257	270
257	270
257	270
257	270
258	271
258	272
258	272
258	272
258	272
258	272
258	272
258	272
258	272
258	272
258	272
258	272
258	272
258	272
259	272
259	272
259	272
259	272
259	272
259	272
259	272
259	272
259	272
259	272
259	273
259	273
259	273
259	273
259	273
260	273
260	274
260	275
260	275
260	275
260	275
260	275
260	275
260	275
260	275
260	275
260	275
260	275
260	275
260	275
260	275
260	275
260	275
260	275
260	275
260	275
260	275
260	275
260	275
260	275
260	275
260	275
260	275
260	275
260	275
261	275
261	276
261	276
261	276
261	276
261	276
261	276
261	276
261	276
262	277
262	278
262	278
262	278
262	278
262	278
262	278
262	278
262	278
262	278
262	278
262	278
262	278
262	278
262	279
262	279
262	279
262	279
263	279
263	279
263	279
263	279
263	279
263	279
263	279
263	279
263	279
263	279
263	279
264	279
264	279
264	279
264	279
264	279
264	279
264	280
264	280
265	280
265	281
265	281
265	281
265	281
266	281
266	282
266	282
266	282
266	282
266	282
266	282
266	282
266	282
266	282
266	282
266	282
267	282
267	283
267	283
267	283
267	283
267	283
267	283
267	283
267	283
267	283
267	283
268	283
269	284
269	285
269	285
270	285
270	286
270	287
270	287
270	287
270	287
270	287
270	287
270	287
270	287
270	287
270	287
270	287
270	287
270	287
270	287
270	287
270	287
270	287
270	287
270	287
270	287
270	287
270	287
270	287
270	287
270	288
271	288
271	288
271	289
271	289
271	289
271	289
271	289
271	289
271	289
271	289
271	289
271	289
271	289
271	289
271	289
272	289
272	290
272	290
272	290
272	290
272	290
272	290
272	290
272	290
272	290
272	290
272	290
272	290
273	290
274	291
274	292
275	292
275	293
275	293
275	293
276	293
276	293
276	293
276	293
277	293
277	294
277	294
277	294
277	294
277	294
277	294
277	294
277	294
277	294
277	294
278	294
278	295
278	295
278	295
278	295
278	295
278	295
278	295
279	295
280	296
280	297
280	297
280	297
280	297
281	297
281	298
281	298
281	298
281	298
281	298
281	298
281	299
281	299
281	299
281	299
282	299
283	300
283	300
284	300
284	301
284	301
284	301
285	301
285	302
285	302
285	302
285	302
285	302
285	302
285	302
285	303
286	303
286	304
287	304
287	304
287	304
287	305
287	305
287	305
288	305
288	306
288	306
288	306
288	306
288	306
288	306
288	306
288	306
288	306
288	306
288	306
288	306
288	306
288	306
288	307
288	307
288	307
288	307
288	307
288	308
288	308
288	308
288	308
288	308
288	308
288	308
288	308
288	309
288	309
288	309
288	309
289	309
289	310
289	310
289	310
289	310
289	310
289	310
289	310
289	311
289	311
289	311
289	311
289	311
289	311
289	311
289	311
289	311
289	311
289	311
289	311
289	311
289	311
289	311
289	311
289	311
289	312
289	313
289	313
289	313
289	314
289	314
289	314
289	314
289	314
289	314
289	314
289	314
289	314
290	315
290	315
290	315
290	315
290	315
290	315
290	315
290	315
290	315
290	315
290	316
290	316
290	316
290	316
291	316
292	316
293	317
293	318
293	318
293	318
293	318
293	318
293	318
293	318
293	318
293	318
294	318
294	318
294	318
294	318
294	319
294	319
294	320
294	320
294	320
294	320
294	320
294	320
294	320
294	320
294	320
294	320
294	320
294	320
294	320
294	320
294	320
295	320
295	320
295	320
295	320
295	320
295	321
296	321
296	322
296	322
296	322
296	322
296	322
296	323
297	323
297	324
297	324
298	324
298	324
298	324
298	324
298	324
298	324
298	324
298	324
298	324
298	324
298	324
298	324
298	324
298	324
298	324
298	324
298	324
298	324
299	325
299	326
299	326
299	326
299	326
299	326
299	326
299	326
299	326
299	326
299	326
299	326
299	326
299	326
299	326
299	326
299	326
299	326
299	326
299	326
299	326
299	326
299	326
299	326
299	326
299	326
299	326
299	326
299	326
299	326
299	326
299	326
299	326
299	326
299	327
299	327
299	327
299	327
299	327
299	327
300	327
300	327
301	327
301	327
301	327
301	327
301	327
301	327
301	327
301	327
301	327
301	327
301	327
301	327
301	327
301	327
301	327
301	327
301	327
301	327
301	327
301	327
301	327
301	327
301	327
301	327
301	327
301	327
301	327
302	327
302	327
302	327
302	327
302	327
302	328
302	328
302	328
302	328
302	328
302	328
302	328
302	328
302	328
303	328
303	329
303	329
303	329
303	329
303	329
303	329
303	329
303	329
303	329
303	329
303	329
303	329
303	329
303	330
303	330
303	330
303	330
304	330
304	330
304	330
304	330
304	330
304	330
304	330
304	330
304	330
304	330
304	330
304	330
304	330
304	330
304	330
305	330
306	330
306	331
306	331
306	331
306	331
306	331
306	331
306	331
306	331
307	331
307	331
307	331
307	331
307	331
307	331
307	331
307	331
307	331
307	331
307	331
307	331
307	331
307	331
307	331
307	331
307	331
307	331
307	331
307	331
307	331
307	331
307	331
307	331
307	331
307	331
307	331
307	331
307	331
307	331
307	331
307	331
307	331
307	331
307	331
307	331
308	331
308	331
308	331
308	331
308	331
308	331
308	331
308	331
308	331
308	331
308	331
308	331
308	331
308	331
308	331
308	331
308	331
308	331
308	331
308	331
308	331
308	331
308	331
308	331
308	331
308	331
308	331
308	331
308	331
308	331
308	331
308	331
308	331
308	331
308	331
308	331
308	331
308	331
308	331
308	331
308	331
308	331
308	331
308	331
308	331
308	331
308	331
308	331
308	331
308	331
308	331
308	331
308	331
308	331
308	331
308	331
308	331
308	331
308	331
308	331
308	331
308	331
308	331
308	331
308	331
308	331
308	331
308	331
309	331
309	332
309	332
309	332
309	332
309	332
309	332
309	332
309	332
309	332
309	332
309	332
309	332
309	332
309	332
309	332
309	332
309	332
309	332
309	332
309	332
309	332
309	332
309	332
309	332
309	332
309	332
309	332
309	332
309	332
309	332
309	332
309	332
309	332
309	332
309	332
309	332
309	332
309	332
309	332
309	332
309	332
309	332
309	332
309	332
309	332
309	332
309	332
309	332
309	332
309	332
309	332
309	332
309	332
309	332
309	332
310	332
310	333
310	333
310	333
310	333
310	333
310	333
310	333
310	333
310	333
310	333
310	333
310	333
310	333
310	333
310	333
310	333
310	333
310	333
310	333
310	333
310	333
310	333
310	333
310	333
310	333
310	333
310	333
310	333
310	333
310	333
310	333
310	333
310	333
310	333
310	333
310	333
310	333
310	333
310	333
310	333
310	333
310	333
310	333
310	333
310	333
310	333
310	333
310	333
310	333
310	333
310	333
310	333
310	333
310	333
310	333
310	333
310	333
310	333
310	333
310	333
310	333
310	333
310	333
310	333
310	333
310	333
310	333
310	333
310	333
310	333
310	333
310	333
310	333
310	333
310	333
310	333
310	333
310	333
310	333
310	333
310	333
310	333
310	333
310	333
310	333
310	333
310	333
310	333
310	333
310	333
310	333
310	333
310	333
310	333
310	333
310	333
310	333
310	333
310	333
310	333
310	333
310	333
310	333
310	333
310	333
310	333
310	333
310	333
310	333
310	333
310	333
310	333
310	333
310	333
310	333
310	333
310	333
310	333
310	333
310	333
310	333
310	333
310	333
310	333
310	333
310	333
310	333
310	333
310	333
310	333
310	333
310	333
310	333
310	333
310	333
310	333
310	333
310	333
310	333
310	333
310	333
310	333
310	333
310	333
310	333
310	333
310	333
310	333
310	333
310	333
310	333
310	333
310	333
310	333
310	333
310	333
310	333
310	333
310	333
310	333
310	333
310	333
310	333
310	333
310	333
310	333
310	333
310	333
310	333
310	333
310	333
310	333
310	333
310	333
310	333
310	333
310	333
310	333
310	333
310	333
310	333
310	333
310	333
310	333
310	333
310	333
310	333
310	333
310	333
310	333
310	333
310	333
310	333
310	333
310	333
310	333
310	333
310	333
310	333
310	333
310	333
310	333
310	333
310	333
310	333
310	333
310	333
310	333
310	333
310	333
310	333
310	333
310	333
310	333
310	333
310	333
310	333
310	333
310	333
310	333
310	333
310	333
310	333
310	333
310	333
310	333
310	333
310	333
310	333
310	333
310	333
310	333
310	333
310	333
310	333
310	333
310	333
310	333
310	333
310	333
310	333
310	333
310	333
310	333
310	333
310	333
310	333
310	333
310	333
310	334
310	334
310	334
310	334
310	334
310	334
310	334
310	334
310	334
310	334
310	334
310	334
310	334
310	334
310	334
310	334
310	334
310	334
310	334
310	334
310	334
310	334
310	334
310	334
310	334
310	334
310	334
310	334
310	334
310	334
310	334
310	334
310	334
310	334
310	334
310	334
310	334
310	334
310	334
310	334
310	334
310	334
310	334
310	334
310	334
310	334
310	334
310	334
310	334
310	334
310	334
310	334
310	334
310	334
310	334
310	334
310	334
310	334
310	334
310	334
310	334
310	334
310	334
310	334
310	334
310	334
310	334
310	334
310	334
310	334
310	334
310	334
310	334
310	334
310	334
310	334
310	334
310	334
310	334
310	334
310	334
310	334
310	334
310	334
310	334
310	334
310	334
310	334
310	334
310	334
310	334
310	334
310	334
310	334
310	334
310	334
310	334
310	334
310	334
310	334
310	334
310	334
310	334
310	334
310	334
310	334
310	334
310	334
310	334
310	335
310	335
310	335
310	335
310	335
310	335
310	335
310	335
310	335
310	335
310	335
310	335
310	335
310	335
310	335
310	335
310	335
310	335
310	335
310	335
310	335
310	335
310	335
310	335
310	335
310	335
310	335
310	335
310	335
310	335
310	335
310	335
310	335
310	335
310	335
310	335
310	335
310	335
310	335
310	335
310	335
310	335
310	335
310	335
310	335
310	335
310	335
310	335
310	335
310	335
310	335
310	335
310	335
310	335
310	335
310	335
310	335
310	335
310	335
310	335
310	335
310	335
310	335
310	335
310	335
310	335
310	335
310	335
310	335
310	335
310	335
310	335
310	335
310	335
310	335
310	335
310	335
310	335
310	335
310	335
310	335
310	335
310	335
310	335
310	335
310	335
310	335
310	335
310	335
310	335
310	335
310	335
310	335
310	335
310	335
310	335
310	335
310	335
310	335
310	335
310	335
310	335
310	335
310	335
310	335
310	335
310	335
310	335
310	335
310	335
310	335
310	335
310	335
310	335
310	335
311	335
311	336
311	336
311	336
311	336
311	336
311	336
311	336
311	336
311	336
311	336
311	336
311	336
311	336
311	336
311	336
311	336
311	336
311	336
311	336
311	336
311	336
311	336
311	336
311	336
311	336
311	336
312	336
312	336
312	336
312	336
312	336
312	336
312	336
312	336
312	336
312	336
312	336
312	336
312	336
312	336
312	336
312	336
313	336
313	337
313	337
313	337
313	337
313	337
313	337
314	337
314	337
314	337
314	337
314	337
314	337
314	337
314	337
314	337
314	337
314	337
314	337
314	337
314	337
314	337
314	337
314	337
314	337
314	337
314	337
314	337
314	337
314	337
314	337
314	337
314	337
314	337
314	337
314	337
314	337
314	337
314	337
314	337
314	337
314	337
314	338
314	338
314	338
314	338
314	338
314	338
314	338
314	338
314	338
314	338
314	338
314	338
314	338
314	339
314	339
314	339
314	339
314	339
314	339
314	339
314	339
314	339
314	339
314	339
314	340
314	340
314	340
314	340
314	340
315	340
315	340
315	340
315	340
315	340
316	340
317	341
317	342
317	342
317	342
317	342
317	342
317	342
317	342
317	342
317	342
317	342
317	342
317	342
317	342
317	342
317	342
317	342
317	342
317	342
317	342
317	342
317	342
317	342
317	342
317	342
317	342
317	342
317	342
317	342
317	342
317	342
317	342
318	342
318	343
319	343
319	344
319	344
319	344
319	344
319	344
319	345
319	345
319	345
319	345
319	345
319	345
319	345
319	345
319	345
319	345
319	346
319	346
319	346
319	346
319	346
319	346
319	346
319	346
319	347
319	347
319	347
319	347
319	347
319	347
319	347
319	347
319	347
319	347
319	347
319	347
319	347
319	347
319	347
319	347
319	348
319	348
320	348
320	349
320	349
320	349
320	350
320	350
320	350
321	350
321	351
321	351
321	351
321	351
321	351
321	351
321	351
321	351
321	351
321	351
322	351
322	352
322	352
322	352
322	352
322	352
322	352
322	352
322	352
322	352
322	352
322	352
322	352
322	352
322	352
322	352
322	352
322	352
322	352
322	352
322	352
322	352
322	352
322	352
322	352
322	352
322	352
322	352
322	352
322	352
322	352
322	352
322	352
322	352
322	352
322	352
322	352
322	352
322	352
322	352
322	352
322	352
322	352
322	352
322	352
322	352
322	352
322	352
322	352
322	352
322	352
322	352
322	352
322	352
322	352
322	352
322	352
322	352
322	352
322	352
323	352
323	353
323	353
323	353
323	353
323	353
323	353
323	353
323	353
323	353
323	353
323	353
323	353
323	353
323	353
323	353
323	353
323	353
323	353
323	353
323	353
323	353
323	353
323	353
323	353
323	353
323	353
323	353
323	353
323	353
323	353
323	353
323	353
323	353
323	353
323	353
323	353
323	353
323	353
323	353
323	353
323	353
323	353
323	353
323	353
323	353
323	353
323	353
323	353
323	353
323	353
323	353
323	353
323	353
323	353
323	353
323	353
323	353
323	353
323	353
323	353
323	353
323	353
323	353
323	353
323	353
323	353
323	353
323	353
323	353
323	353
323	353
323	353
323	353
323	353
324	353
324	353
324	353
324	353
324	353
324	353
324	353
324	353
324	353
324	353
324	353
324	353
324	353
324	353
324	353
324	353
324	353
324	353
324	353
324	353
324	354
324	354
324	354
324	354
324	354
324	354
324	354
324	354
324	354
324	354
324	354
324	354
324	354
324	354
324	354
324	354
324	354
324	354
324	354
324	354
324	354
324	354
324	354
325	354
325	355
325	355
325	355
325	355
325	355
325	355
325	355
325	355
325	355
325	355
325	355
325	355
326	355
326	356
326	356
326	356
326	356
326	356
326	356
326	356
327	356
327	357
327	357
327	357
327	357
327	357
327	357
327	357
327	357
327	357
327	358
328	358
328	358
328	358
328	358
328	-1
328	-1
328	-1
328	-1
328	-1
328	-1
