       1   10
       2   10
       3   10
       4   10
       5   10
       6   10
       7   10
       8   10
       9   10
      10   10
      11   10
      12    8
      13    7
      14   12
      15   12
      16   12
      17    8
      18    6
      19    6
      20    6
      21   12
      22    1
      23   12
      24   12
      25   12
      26    1
      27    1
      28    1
      29    1
      30   12
      31   12
      32   12
      33    1
      34    1
      35    1
      36    1
      37    6
      38    9
      39   10
      40   10
      41   10
      42    9
      43   12
      44   12
      45   12
      46    1
      47    3
      48    3
      49    6
      50    6
      51   10
      52   10
      53   10
      54   10
      55   10
      56   10
      57   12
      58   12
      59    8
      60   11
      61   12
      62   12
      63   12
      64   12
      65   15
      66   15
      67   15
      68    8
      69    7
      70    7
      71    7
      72   12
      73   12
      74   12
      75   12
      76   12
      77    7
      78   12
      79   12
      80   12
      81    6
      82    6
      83    5
      84    6
      85    8
      86   12
      87   12
      88   12
      89    1
      90    1
      91    1
      92    1
      93    1
      94    1
      95    1
      96    1
      97    3
      98    3
      99    3
     100    3
     101    3
     102    3
     103    3
     104    3
     105    3
     106    5
     107    5
     108    5
     109    6
     110    6
     111   12
     112    8
     113    7
     114    8
     115   10
     116   10
     117   10
     118   10
     119   12
     120   12
     121   12
     122   12
     123    8
     124    7
     125    7
     126    8
     127   10
     128   10
     129    9
     130   11
     131   10
     132   10
     133   10
     134   10
     135   10
     136   10
     137   10
     138   10
     139   10
     140   10
     141    8
     142   12
     143    8
     144    7
     145    7
     146   12
     147   12
     148   12
     149   12
     150    8
     151    8
     152    8
     153   12
     154    8
     155    7
     156   12
     157   12
     158    7
     159    7
     160   12
     161   12
     162   12
     163   12
     164   12
     165   12
     166    8
     167   12
     168   12
     169   12
     170    7
     171   12
     172   11
     173    9
     174   11
     175    7
     176    1
     177    1
     178    1
     179    1
     180    1
     181    1
     182    1
     183    1
     184    1
     185    1
     186    1
     187    1
     188    1
     189    1
     190    1
     191    1
     192    1
     193    1
     194    1
     195    1
     196    1
     197    1
     198    3
     199    5
     200    4
     201    4
     202    4
     203    3
     204    6
     205   10
     206   10
     207   10
     208   10
     209   10
     210   10
     211   10
     212   10
     213   10
     214   10
     215   10
     216   10
     217   10
     218   10
     219   10
     220   10
     221   10
     222   10
     223   10
     224   10
     225   10
     226   11
     227   11
     228   11
     229   11
     230   11
     231   12
     232   12
     233   12
     234   12
     235   12
     236   11
     237   11
     238   11
     239   10
     240   10
     241   10
     242   10
     243   10
     244   10
     245   10
     246   10
     247   10
     248   10
     249   10
     250   10
     251   10
     252   10
     253   10
     254   10
     255   10
     256   10
     257   10
     258   10
     259   13
     260   13
     261   13
     262   13
     263   13
     264   13
     265   13
     266   13
     267   13
     268   13
     269   13
     270   13
     271   13
     272   13
     273   13
     274   13
     275   13
     276   13
     277   13
     278   13
     279   10
     280   10
     281   10
     282   12
     283   12
     284   12
     285   12
     286   12
     287   12
     288   12
     289   12
     290   12
     291   12
     292   12
     293   12
     294   12
     295    8
     296   10
     297   10
     298   10
     299   10
     300   10
     301   10
     302   10
     303   10
     304   10
     305   10
     306   12
     307   12
     308   12
     309   12
     310   12
     311   12
     312   12
     313   12
     314   12
     315   12
     316   12
     317   12
     318   12
     319   10
     320   10
     321   10
     322   10
     323   10
     324   10
     325   10
     326   13
     327   13
     328   13
     329   13
     330   13
     331   13
     332   13
     333   13
     334   13
     335   13
     336   13
     337   13
     338   13
     339   13
     340   13
     341   13
     342   13
     343   13
     344   13
     345   13
     346   13
     347   13
     348   13
     349   13
     350   13
     351   13
     352   13
     353   13
     354   13
     355   13
     356   13
     357   13
     358   13
     359   13
     360   13
     361   13
     362   13
     363   13
     364   13
     365   13
     366   13
     367   13
     368   13
     369   13
     370   13
     371   13
     372   13
     373   13
     374   13
     375   13
     376   13
     377   13
     378   13
     379   13
     380   13
     381   13
     382   13
     383   13
     384   13
     385   13
     386   13
     387   13
     388   13
     389   13
     390   13
     391   13
     392   13
     393   13
     394   13
     395   13
     396   13
     397   13
     398   13
     399   13
     400   13
     401   13
     402   13
     403   13
     404   13
     405   13
     406   13
     407   13
     408   13
     409   13
     410   13
     411   13
     412   13
     413   13
     414   13
     415   13
     416   13
     417   13
     418   13
     419   13
     420   13
     421   13
     422   13
     423   13
     424   13
     425   13
     426   13
     427   13
     428   13
     429   13
     430   13
     431   13
     432   13
     433   13
     434   13
     435   13
     436   13
     437   13
     438   13
     439   13
     440   13
     441   13
     442   13
     443   13
     444   13
     445   13
     446   13
     447   13
     448   13
     449   13
     450   13
     451   13
     452   13
     453   13
     454   13
     455   13
     456   13
     457   13
     458   13
     459   13
     460   13
     461   13
     462   13
     463   13
     464   13
     465   13
     466   13
     467   13
     468   13
     469   13
     470   13
     471   13
     472   13
     473   13
     474   13
     475   13
     476   13
     477   13
     478   13
     479   13
     480   13
     481   13
     482   13
     483   13
     484   13
     485   13
     486   13
     487   13
     488   13
     489   13
     490   13
     491   13
     492   13
     493   13
     494   13
     495   13
     496   13
     497   13
     498   13
     499   13
     500   13
     501   13
     502   13
     503   13
     504   13
     505   13
     506   13
     507   13
     508   13
     509   13
     510   13
     511   13
     512   13
     513   13
     514   13
     515   13
     516   13
     517   13
     518   13
     519   13
     520   13
     521   13
     522   13
     523   13
     524   13
     525   13
     526   13
     527   13
     528   13
     529   13
     530   13
     531   13
     532   13
     533   13
     534   13
     535   13
     536   13
     537   13
     538   13
     539   13
     540   13
     541   13
     542   13
     543   13
     544   13
     545   13
     546   13
     547   13
     548   13
     549   13
     550   13
     551   13
     552   13
     553   13
     554   13
     555   13
     556   13
     557   13
     558   13
     559   13
     560   13
     561   13
     562   13
     563   13
     564   13
     565   13
     566   13
     567   13
     568   13
     569   13
     570   13
     571   13
     572   13
     573   13
     574   13
     575   13
     576   13
     577   13
     578   13
     579   13
     580   13
     581   13
     582   13
     583   13
     584   13
     585   13
     586   13
     587   13
     588   13
     589   13
     590   13
     591   13
     592   13
     593   13
     594   13
     595   13
     596   13
     597   13
     598   13
     599   13
     600   13
     601   13
     602   13
     603   13
     604   13
     605   13
     606   13
     607   13
     608   13
     609   13
     610   13
     611   13
     612   13
     613   13
     614   13
     615   13
     616   13
     617   13
     618   13
     619   13
     620   13
     621   13
     622   13
     623   13
     624   13
     625   13
     626   13
     627   13
     628   13
     629   13
     630   10
     631   10
     632   10
     633   10
     634   10
     635   10
     636   10
     637   10
     638   10
     639   10
     640   10
     641   12
     642   12
     643   12
     644   12
     645   10
     646   10
     647   10
     648   10
     649   10
     650   10
     651   10
     652   10
     653   10
     654   10
     655   10
     656   10
     657   10
     658   10
     659   10
     660   10
     661   10
     662   10
     663   10
     664   10
     665   10
     666   10
     667   10
     668   10
     669   10
     670   10
     671   10
     672   10
     673   10
     674   10
     675   10
     676   10
     677   10
     678   10
     679   10
     680   10
     681   10
     682   10
     683   10
     684   10
     685   10
     686   10
     687   10
     688   10
     689   10
     690   10
     691   10
     692   10
     693   10
     694   10
     695   10
     696   10
     697   10
     698   10
     699   10
     700   10
     701   10
     702   10
     703   10
     704   10
     705   10
     706   10
     707   10
     708   10
     709   10
     710   10
     711   10
     712   10
     713    8
     714    8
     715    8
     716   12
     717   12
     718   12
     719    8
     720    7
     721    6
     722    5
     723    5
     724    5
     725    6
     726    4
     727    4
     728   12
     729   12
     730   12
     731   12
     732   12
     733    8
     734    5
     735    6
     736   12
     737   12
     738   12
     739   12
     740   12
     741   12
     742   12
     743   12
     744   12
     745   12
     746   12
     747   12
     748   12
     749   12
     750   12
     751    7
     752   12
     753   12
     754   12
     755   12
     756   12
     757   12
     758   12
     759   12
     760   12
     761   12
     762   12
     763   12
     764   12
     765   12
     766   12
     767   12
     768   12
     769   12
     770   12
     771   12
     772   12
     773    1
     774    1
     775   12
     776   12
     777   12
     778   12
     779   12
     780   12
     781    1
     782    1
     783    1
     784    1
     785    1
     786    1
     787    1
     788    1
     789    1
     790    1
     791    1
     792    1
     793    1
     794    1
     795    1
     796    1
     797    1
     798    1
     799    1
     800    1
     801    1
     802    5
     803    1
     804    1
     805    1
     806    1
     807    1
     808    1
     809    5
     810    1
     811    1
     812    1
     813    3
     814    6
     815    1
     816    1
     817    1
     818    1
     819    1
     820    1
     821    1
     822    3
     823    4
     824    4
     825    4
     826    4
     827    5
     828    5
     829    6
     830    6
     831   12
     832    6
     833    5
     834    5
     835    3
     836    1
     837    1
     838    1
     839    1
     840    1
     841    1
     842    1
     843    1
     844    1
     845   12
     846    9
     847   12
     848   12
     849    1
     850    1
     851    1
     852    1
     853    6
     854    9
     855   12
     856   12
     857   12
     858    2
     859    6
     860    6
     861    6
     862   12
     863   12
     864   12
     865   12
     866   12
     867   12
     868   12
     869    6
     870   12
     871   12
     872   12
     873   12
     874   12
     875   12
     876   12
     877    8
     878   12
     879   12
     880   12
     881   12
     882   12
     883   12
     884   12
     885    1
     886    1
     887    1
     888    1
     889    1
     890    1
     891    1
     892    1
     893    1
     894    1
     895    1
     896    1
     897    1
     898    1
     899    1
     900    1
     901    1
     902    1
     903    1
     904    1
     905    1
     906    1
     907    6
     908    3
     909    3
     910    6
     911    5
     912    5
     913    6
     914    6
     915    6
     916    6
     917    7
     918    8
     919   15
     920   15
     921   15
     922   12
     923   12
     924    9
     925    9
     926   15
     927   15
     928   15
     929   15
     930   15
     931   15
     932   15
     933   15
     934   15
     935   15
     936   15
     937   15
     938   15
     939   15
     940   15
     941   15
     942    6
     943    6
     944    5
     945    5
     946    6
     947    6
     948    5
     949    4
     950    4
     951    4
     952    4
     953    4
     954    4
     955    4
     956    3
     957    1
     958    2
     959    5
     960    6
     961    6
     962    5
     963    1
     964    1
     965    1
     966    4
     967    4
     968    4
     969    4
     970    4
     971    4
     972    4
     973   12
     974   12
     975    5
     976    1
     977    1
     978    1
     979    1
     980    1
     981    1
     982    1
     983    1
     984    1
     985    1
     986    1
     987    1
     988    7
     989    7
     990    1
     991    1
     992    1
     993    1
     994    1
     995    1
     996    1
     997    1
     998    1
     999   12
    1000   12
    1001    8
    1002    7
    1003    6
    1004    3
    1005    1
    1006    3
    1007    3
    1008    2
    1009    2
    1010    2
    1011    1
    1012    1
    1013    1
    1014    1
    1015    1
    1016    3
    1017    3
    1018    1
    1019    3
    1020    3
    1021    6
    1022    3
    1023    1
    1024    3
    1025    1
    1026    3
    1027    5
    1028    6
    1029    7
    1030    7
    1031   12
    1032   12
    1033    1
    1034    1
    1035    1
    1036    1
    1037    1
    1038    6
    1039    6
    1040   12
    1041   12
    1042   12
    1043   12
    1044   12
    1045   12
    1046   12
    1047   12
    1048    8
    1049   10
    1050   10
    1051   10
    1052    9
    1053    6
    1054    8
    1055    8
    1056   12
    1057    7
    1058   12
    1059    8
    1060   12
    1061   12
    1062   12
    1063   12
    1064   12
    1065   12
    1066   12
    1067   12
    1068   12
    1069   12
    1070    9
    1071   10
    1072   12
    1073   12
    1074   12
    1075   12
    1076    7
    1077    8
    1078    9
    1079   12
    1080   12
    1081   12
    1082   12
    1083    8
    1084    8
    1085    7
    1086    7
    1087    7
    1088   12
    1089    8
    1090    8
    1091    2
    1092    2
    1093    2
    1094    6
    1095    6
    1096    1
    1097    1
    1098    1
    1099    6
    1100    6
    1101    7
    1102    8
    1103    6
    1104    5
    1105    5
    1106    5
    1107    6
    1108    4
    1109    5
    1110    3
    1111    5
    1112    6
    1113    7
    1114    8
    1115    8
    1116    8
    1117    6
    1118   12
    1119    7
    1120    7
    1121   12
    1122    8
    1123   12
    1124    6
    1125    6
    1126    6
    1127    5
    1128    6
    1129    6
    1130    5
    1131    5
    1132    1
    1133    8
    1134    8
    1135    7
    1136    8
    1137   12
    1138   12
    1139   12
    1140   12
    1141    7
    1142   12
    1143    8
    1144    7
    1145   12
    1146   12
    1147    7
    1148    8
    1149    7
    1150   12
    1151   12
    1152   12
    1153   12
    1154   12
    1155   12
    1156    7
    1157    7
    1158    8
    1159   12
    1160   12
    1161    7
    1162    8
    1163    8
    1164    8
    1165    8
    1166   12
    1167   12
    1168   12
    1169   12
    1170   12
    1171   12
    1172   12
    1173   12
    1174   12
    1175   12
    1176   12
    1177   12
    1178   12
    1179    7
    1180   12
    1181   12
    1182   12
    1183   12
    1184   12
    1185   12
    1186    8
    1187   12
    1188   12
    1189   12
    1190   12
    1191   12
    1192    1
    1193    1
    1194    1
    1195    1
    1196    1
    1197    1
    1198    1
    1199   12
    1200   12
    1201   12
    1202    1
    1203    5
    1204    1
    1205    1
    1206    1
    1207    3
    1208    3
    1209    6
    1210    1
    1211    1
    1212    1
    1213    1
    1214    4
    1215    4
    1216    4
    1217    4
    1218    3
    1219    5
    1220    6
    1221   12
    1222   12
    1223   12
    1224   12
    1225   12
    1226   12
    1227   12
    1228   12
    1229    8
    1230    8
    1231   12
    1232   12
    1233   12
    1234   12
    1235   12
    1236   12
    1237   12
    1238   12
    1239   12
    1240    8
    1241    7
    1242   12
    1243   12
    1244   12
    1245    8
    1246   15
    1247   15
    1248    8
    1249   12
    1250   12
    1251    6
    1252    5
    1253    6
    1254    3
    1255    3
    1256    3
    1257    3
    1258    6
    1259    3
    1260    3
    1261    3
    1262    3
    1263    3
    1264    3
    1265    3
    1266    3
    1267    3
    1268    3
    1269    3
    1270    3
    1271    1
    1272    1
    1273   12
    1274   12
    1275   12
    1276   12
    1277   12
    1278   12
    1279    9
    1280    9
    1281    9
    1282    1
    1283    1
    1284    1
    1285    1
    1286    1
    1287    1
    1288    1
    1289    1
    1290    1
    1291    1
    1292    5
    1293    6
    1294    5
    1295    3
    1296    1
    1297    1
    1298    5
    1299    1
    1300    1
    1301    1
    1302    1
    1303   12
    1304    7
    1305   12
    1306   12
    1307   12
    1308   12
    1309   12
    1310   12
    1311   12
    1312   12
    1313    6
    1314    6
    1315    3
    1316    3
    1317    3
    1318    1
    1319    1
    1320    1
    1321    5
    1322    1
    1323    1
    1324    8
    1325   12
    1326    8
    1327    7
    1328   12
    1329   12
    1330   12
    1331   12
    1332   10
    1333   10
    1334   10
    1335   10
    1336   12
    1337   12
    1338   12
    1339   12
    1340   12
    1341   12
    1342   12
    1343    8
    1344   10
    1345    9
    1346   11
    1347   11
    1348   11
    1349   11
    1350   11
    1351   11
    1352   11
    1353   11
    1354   11
    1355   11
    1356   11
    1357   11
    1358   11
    1359   11
    1360   11
    1361   11
    1362   11
    1363   11
    1364   11
    1365   10
    1366   10
    1367   10
    1368   10
    1369   10
    1370   10
    1371   10
    1372   10
    1373   10
    1374   10
    1375   10
    1376   10
    1377   10
    1378   10
    1379   11
    1380   11
    1381   11
    1382   11
    1383    9
    1384   10
    1385   10
    1386   10
    1387   10
    1388   10
    1389   12
    1390   12
    1391   10
    1392   10
    1393    8
    1394   12
    1395    8
    1396    7
    1397    6
    1398    5
    1399    3
    1400    1
    1401    6
    1402    6
    1403    1
    1404    1
    1405   12
    1406   12
    1407   12
    1408   12
    1409   12
    1410   12
    1411   10
    1412   10
    1413   10
    1414   10
    1415   10
    1416   10
    1417   10
    1418   10
    1419   10
    1420   10
    1421   10
    1422   10
    1423   10
    1424   10
    1425    8
    1426   10
    1427   10
    1428   10
    1429   10
    1430   10
    1431   10
    1432   10
    1433   10
    1434   10
    1435   11
    1436   11
    1437   11
    1438    9
    1439   11
    1440   10
    1441   10
    1442   10
    1443   10
    1444   10
    1445   11
    1446   12
    1447   12
    1448   12
    1449    1
    1450    5
    1451    6
    1452    6
    1453    5
    1454    6
    1455    5
    1456    2
    1457    2
    1458    6
    1459    7
    1460    7
    1461    6
    1462    7
    1463    8
    1464   12
    1465   12
    1466   12
    1467   12
    1468    9
    1469    9
    1470    2
    1471    6
    1472   12
    1473   12
    1474   12
    1475   12
    1476   12
    1477    7
    1478    8
    1479    8
    1480    8
    1481   12
    1482   12
    1483   12
    1484    1
    1485    5
    1486    6
    1487    6
    1488    6
    1489    1
    1490    1
    1491    1
    1492    1
    1493    1
    1494   11
    1495   11
    1496   11
    1497    9
    1498   11
    1499   11
    1500   11
    1501   11
    1502   10
    1503   10
    1504   10
    1505    8
    1506    1
    1507    1
    1508    5
    1509    6
    1510    1
    1511    1
    1512    1
    1513    3
    1514    3
    1515    6
    1516    6
    1517    2
    1518    6
    1519    5
    1520    6
    1521    2
    1522    3
    1523    2
    1524    5
    1525    6
    1526    6
    1527   12
    1528   12
    1529   12
    1530    6
    1531    3
    1532    1
    1533    1
    1534    1
    1535    1
    1536    1
    1537   12
    1538   12
    1539   12
    1540   12
    1541   12
    1542    7
    1543   10
    1544   10
    1545   10
    1546   10
    1547   10
    1548   10
    1549   10
    1550   10
    1551   10
    1552   10
    1553   10
    1554   10
    1555   10
    1556   10
    1557   10
    1558   10
    1559   10
    1560   10
    1561    6
    1562    5
    1563    3
    1564    3
    1565    1
    1566    1
    1567    1
    1568    1
    1569    1
    1570    6
    1571    1
    1572    1
    1573    1
    1574    1
    1575    1
    1576    5
    1577    6
    1578    1
    1579    1
    1580    1
    1581    1
    1582    1
    1583    1
    1584   12
    1585    8
    1586   12
    1587    7
    1588    8
    1589   12
    1590   12
    1591    8
    1592   12
    1593   12
    1594   12
    1595   12
    1596   12
    1597    8
    1598    6
    1599    6
    1600    3
    1601   12
    1602   12
    1603   12
    1604   12
    1605   12
    1606   12
    1607   12
    1608   12
    1609   12
    1610   12
    1611   12
    1612   12
    1613   12
    1614   12
    1615   12
    1616   12
    1617   12
    1618   12
    1619   12
    1620   12
    1621   12
    1622    6
    1623    3
    1624    1
    1625    3
    1626    3
    1627    3
    1628    1
    1629    1
    1630    1
    1631    1
    1632    1
    1633    1
    1634    1
    1635    4
    1636    4
    1637   12
    1638   12
    1639   12
    1640   12
    1641   12
    1642    1
    1643   12
    1644   12
    1645   12
    1646   13
    1647   13
    1648   13
    1649   13
    1650   13
    1651   13
    1652   13
    1653   13
    1654   13
    1655   13
    1656   13
    1657   13
    1658   13
    1659   13
    1660   13
    1661   13
    1662   13
    1663   13
    1664   13
    1665   13
    1666   13
    1667   13
    1668   13
    1669   12
    1670    8
    1671    7
    1672    1
    1673    1
    1674    1
    1675    1
    1676   12
    1677   12
    1678   12
    1679   12
    1680   12
    1681   12
    1682   12
    1683   12
    1684   12
    1685   12
    1686   12
    1687   12
    1688   12
    1689   12
    1690   12
    1691   12
    1692   12
    1693   12
    1694   12
    1695   12
    1696   12
    1697   12
    1698    8
    1699    7
    1700   12
    1701   12
    1702   12
    1703   12
    1704    1
    1705    1
    1706    1
    1707   12
    1708   12
    1709    8
    1710    8
    1711   12
    1712   12
    1713   12
    1714   12
    1715   12
    1716    8
    1717   12
    1718   12
    1719   12
    1720   12
    1721   12
    1722    7
    1723    7
    1724   12
    1725   12
    1726   12
    1727   12
    1728   12
    1729   10
    1730   10
    1731   10
    1732   10
    1733   10
    1734   10
    1735   10
    1736   10
    1737   10
    1738   12
    1739   12
    1740   12
    1741    8
    1742   10
    1743   10
    1744   10
    1745   10
    1746   10
    1747   10
    1748   10
    1749   10
    1750   10
    1751   10
    1752   10
    1753   10
    1754   10
    1755   10
    1756   10
    1757    9
    1758   11
    1759   12
    1760   12
    1761   12
    1762    8
    1763    8
    1764   12
    1765   10
    1766   10
    1767   10
    1768    8
    1769    8
    1770   12
    1771   12
    1772   12
    1773   12
    1774    7
    1775    8
    1776   12
    1777   12
    1778   12
    1779   12
    1780    7
    1781   12
    1782   12
    1783   12
    1784   12
    1785   12
    1786   12
    1787    8
    1788   12
    1789   12
    1790   12
    1791   12
    1792   12
    1793   12
    1794    6
    1795    6
    1796    5
    1797    3
    1798    3
    1799    3
    1800    3
    1801    1
    1802    1
    1803    3
    1804    3
    1805    1
    1806    7
    1807   12
    1808   12
    1809   12
    1810   12
    1811   12
    1812   12
    1813    1
    1814    1
    1815    1
    1816    1
    1817    3
    1818    6
    1819   12
    1820   12
    1821   12
    1822   12
    1823    6
    1824    6
    1825    3
    1826    3
    1827    3
    1828    3
    1829    3
    1830    3
    1831    3
    1832    3
    1833    1
    1834    1
    1835   12
    1836   12
    1837   12
    1838   12
    1839   12
    1840   12
    1841   12
    1842   12
    1843   12
    1844    8
    1845    8
    1846    8
    1847    8
    1848   12
    1849   12
    1850   12
    1851   12
    1852    8
    1853   12
    1854   12
    1855   12
    1856   12
    1857   12
    1858   12
    1859    8
    1860    8
    1861    8
    1862   12
    1863   12
    1864   12
    1865   12
    1866    7
    1867    6
    1868    5
    1869    3
    1870    6
    1871    1
    1872    5
    1873    1
    1874    1
    1875    1
    1876    1
    1877    1
    1878    1
    1879    1
    1880    1
    1881    1
    1882   12
    1883   12
    1884   12
    1885   12
    1886   12
    1887   12
    1888   12
    1889   12
    1890   12
    1891   12
    1892   12
    1893   12
    1894    8
    1895   12
    1896   12
    1897   10
    1898   10
    1899   10
    1900   10
    1901   10
    1902   10
    1903   10
    1904   10
    1905   10
    1906   12
    1907    7
    1908    8
    1909    8
    1910   12
    1911   10
    1912   10
    1913   10
    1914   10
    1915   10
    1916   10
    1917   10
    1918   10
    1919   10
    1920   10
    1921   10
    1922   10
    1923   10
    1924   10
    1925   10
    1926   10
    1927   10
    1928   10
    1929   10
    1930   10
    1931   10
    1932   10
    1933   10
    1934    9
    1935   10
    1936   10
    1937   10
    1938   10
    1939   10
    1940   10
    1941   10
    1942   10
    1943   10
    1944   10
    1945   10
    1946   10
    1947   10
    1948   10
    1949   10
    1950   10
    1951   10
    1952   10
    1953   10
    1954   10
    1955   10
    1956   10
    1957   10
    1958   10
    1959   10
    1960   10
    1961   10
    1962   10
    1963   10
    1964   10
    1965   10
    1966   10
    1967   10
    1968   10
    1969   10
    1970   10
    1971   10
    1972   10
    1973   10
    1974   10
    1975   10
    1976   10
    1977   10
    1978   10
    1979   10
    1980   10
    1981   10
    1982   10
    1983   10
    1984   10
    1985   10
    1986   10
    1987   10
    1988   10
    1989    8
    1990   12
    1991   12
    1992   10
    1993    9
    1994   10
    1995   10
    1996   10
    1997   10
    1998   10
    1999   10
    2000   10
    2001   10
    2002   10
    2003   10
    2004   10
    2005   10
    2006   10
    2007   10
    2008   10
    2009   10
    2010   10
    2011   10
    2012   10
    2013   10
    2014   10
    2015   10
    2016   10
    2017   10
    2018   10
    2019   10
    2020   10
    2021   10
    2022   10
    2023   10
    2024   10
    2025   10
    2026   10
    2027   10
    2028   10
    2029   10
    2030   10
    2031   10
    2032   10
    2033   10
    2034   10
    2035   10
    2036   10
    2037   10
    2038   10
    2039   10
    2040   10
    2041   10
    2042   10
    2043   10
    2044   10
    2045   10
    2046   10
    2047   10
    2048   10
    2049    8
    2050   10
    2051   10
    2052   10
    2053   10
    2054   10
    2055   10
    2056   10
    2057   10
    2058   10
    2059   10
    2060   10
    2061   10
    2062   10
    2063   10
    2064   10
    2065   10
    2066   10
    2067   10
    2068   10
    2069   10
    2070   10
    2071   12
    2072    8
    2073    7
    2074    6
    2075    1
    2076    1
    2077   12
    2078   12
    2079   12
    2080   12
    2081   12
    2082   12
    2083   12
    2084   12
    2085   12
    2086   12
    2087   12
    2088    8
    2089    7
    2090    7
    2091    6
    2092    3
    2093    1
    2094    1
    2095    1
    2096    1
    2097    8
    2098   12
    2099    8
    2100    8
    2101    8
    2102    7
    2103   12
    2104   12
    2105   12
    2106    8
    2107    8
    2108   12
    2109    8
    2110   12
    2111    7
    2112    7
    2113   12
    2114   12
    2115   12
    2116   12
    2117   12
    2118   12
    2119   12
    2120   10
    2121   10
    2122   10
    2123   10
    2124   10
    2125   10
    2126   12
    2127   12
    2128    8
    2129    8
    2130   12
    2131   12
    2132   12
    2133    7
    2134    6
    2135    4
    2136    4
    2137    5
    2138    4
    2139    4
    2140    4
    2141    5
    2142    4
    2143    4
    2144    4
    2145    5
    2146    4
    2147    4
    2148    1
    2149    1
    2150    1
    2151    1
    2152   12
    2153   12
    2154   12
    2155   12
    2156   12
    2157    1
    2158    1
    2159    1
    2160    8
    2161    8
    2162   12
    2163   12
    2164   12
    2165   12
    2166   12
    2167   12
    2168   12
    2169    7
    2170    7
    2171   12
    2172   12
    2173   12
    2174   12
    2175   12
    2176   12
    2177    8
    2178   12
    2179   12
    2180   12
    2181   12
    2182   12
    2183   12
    2184   12
    2185   12
    2186   12
    2187    8
    2188   12
    2189   11
    2190   11
    2191   11
    2192   11
    2193   10
    2194   10
    2195   10
    2196   10
    2197   10
    2198   10
    2199   10
    2200   10
    2201   10
    2202   10
    2203   10
    2204   10
    2205   10
    2206   10
    2207   10
    2208   10
    2209   10
    2210   10
    2211   10
    2212   10
    2213   10
    2214   12
    2215   12
    2216   12
    2217    8
    2218   10
    2219   10
    2220   10
    2221   10
    2222   10
    2223   10
    2224   10
    2225   10
    2226   10
    2227   10
    2228   10
    2229   10
    2230   10
    2231   10
    2232   10
    2233   10
    2234   10
    2235   10
    2236   10
    2237   10
    2238   10
    2239   10
    2240   10
    2241   10
    2242   10
    2243   10
    2244   10
    2245   10
    2246   10
    2247   10
    2248   10
    2249   10
    2250   10
    2251   10
    2252   10
    2253   10
    2254   10
    2255   10
    2256   10
    2257   10
    2258   10
    2259   10
    2260   10
    2261   10
    2262   10
    2263   10
    2264   10
    2265   10
    2266   10
    2267   10
    2268   10
    2269   11
    2270   11
    2271   11
    2272    9
    2273   11
    2274   11
    2275   11
    2276   11
    2277   11
    2278   11
    2279   11
    2280   10
    2281   10
    2282   10
    2283   10
    2284   10
    2285   10
    2286    8
    2287    7
    2288    7
    2289   10
    2290   10
    2291    9
    2292    8
    2293   12
    2294    8
    2295    7
    2296    8
    2297   10
    2298   10
    2299   10
    2300   10
    2301   10
    2302   10
    2303   10
    2304   10
    2305   10
    2306   10
    2307   10
    2308    8
    2309    9
    2310   10
    2311   10
    2312   10
    2313   10
    2314   10
    2315   10
    2316   10
    2317   10
    2318   10
    2319   10
    2320   10
    2321   10
    2322   10
    2323   10
    2324   10
    2325   10
    2326   10
    2327   10
    2328   10
    2329   10
    2330   10
    2331   10
    2332   10
    2333   10
    2334   10
    2335   10
    2336   10
    2337   10
    2338   10
    2339   10
    2340   10
    2341   10
    2342   10
    2343   10
    2344   10
    2345   10
    2346   10
    2347   10
    2348   10
    2349   10
    2350   10
    2351   10
    2352   10
    2353   10
    2354   10
    2355   10
    2356   10
    2357   10
    2358   10
    2359   10
    2360   10
    2361   10
    2362   10
    2363   13
    2364   13
    2365   13
    2366   12
    2367   12
    2368   13
    2369   13
    2370   13
    2371   10
    2372   10
    2373   10
    2374   10
    2375   10
    2376   13
    2377   13
    2378   13
    2379   13
    2380   13
    2381   13
    2382   13
    2383   13
    2384   13
    2385   13
    2386   13
    2387   13
    2388   13
    2389   13
    2390   13
    2391   13
    2392   13
    2393   13
    2394   13
    2395   13
    2396   13
    2397   13
    2398   13
    2399   10
    2400   10
    2401   10
    2402   10
    2403   12
    2404   12
    2405   12
    2406   12
    2407    8
    2408   12
    2409   12
    2410   12
    2411   12
    2412   12
    2413   12
    2414    1
    2415    1
    2416    1
    2417    1
    2418    1
    2419    1
    2420    1
    2421    1
    2422    5
    2423    3
    2424    1
    2425    1
    2426    1
    2427    1
    2428    1
    2429    3
    2430    1
    2431    3
    2432    4
    2433    4
    2434    4
    2435    4
    2436    6
    2437    5
    2438    5
    2439    5
    2440    5
    2441    5
    2442    3
    2443    3
    2444    6
    2445    5
    2446    6
    2447    6
    2448    1
    2449    1
    2450    1
    2451    1
    2452    6
    2453    7
    2454   12
    2455   12
    2456   12
    2457    6
    2458    5
    2459    3
    2460    1
    2461    5
    2462    1
    2463    1
    2464    1
    2465    1
    2466    1
    2467    1
    2468    1
    2469    1
    2470    1
    2471    1
    2472    1
    2473    1
    2474    1
    2475    1
    2476    1
    2477    5
    2478    6
    2479    3
    2480    1
    2481    1
    2482    5
    2483    5
    2484    1
    2485    1
    2486    1
    2487    1
    2488    1
    2489    1
    2490    1
    2491    1
    2492    1
    2493   12
    2494   12
    2495   12
    2496   12
    2497    7
    2498   12
    2499   12
    2500    6
    2501    3
    2502    3
    2503    1
    2504    1
    2505    1
    2506    1
    2507    1
    2508   12
    2509   12
    2510   12
    2511    8
    2512   12
    2513   12
    2514   12
    2515   12
    2516    6
    2517    6
    2518    5
    2519    3
    2520    3
    2521    3
    2522    3
    2523    3
    2524    3
    2525    1
    2526    1
    2527    1
    2528    3
    2529    3
    2530    3
    2531    3
    2532    1
    2533    1
    2534    1
    2535    1
    2536    1
    2537    1
    2538    1
    2539    1
    2540    1
    2541    1
    2542    1
    2543    1
    2544    1
    2545    1
    2546    1
    2547    1
    2548    1
    2549    1
    2550    1
    2551    1
    2552    1
    2553    1
    2554    1
    2555    1
    2556    1
    2557    1
    2558    1
    2559    1
    2560    1
    2561    1
    2562    1
    2563    1
    2564    1
    2565    1
    2566    1
    2567    1
    2568    1
    2569    1
    2570    6
    2571    5
    2572    1
    2573    1
    2574    1
    2575    1
    2576    1
    2577    1
    2578    1
    2579    1
    2580    1
    2581    1
    2582    1
    2583   12
    2584   12
    2585    8
    2586   12
    2587   12
    2588    8
    2589    1
    2590   12
    2591    1
    2592    1
    2593    1
    2594    1
    2595    1
    2596    1
    2597    1
    2598    1
    2599    1
    2600    1
    2601    1
    2602   12
    2603   12
    2604   12
    2605   12
    2606   12
    2607    1
    2608    1
    2609    1
    2610   12
    2611   12
    2612    8
    2613   12
    2614   12
    2615   10
    2616   10
    2617   10
    2618    9
    2619   12
    2620   12
    2621   12
    2622   12
    2623   12
    2624   12
    2625   12
    2626    8
    2627    8
    2628    6
    2629   12
    2630   12
    2631   12
    2632   12
    2633   12
    2634    9
    2635   10
    2636   10
    2637   10
    2638   10
    2639   10
    2640   10
    2641   10
    2642   10
    2643   10
    2644   10
    2645   10
    2646   10
    2647   10
    2648   10
    2649   10
    2650   10
    2651   10
    2652   10
    2653   10
    2654   10
    2655   10
    2656   10
    2657   10
    2658   10
    2659   10
    2660   10
    2661   10
    2662   10
    2663   10
    2664   10
    2665   10
    2666   10
    2667   10
    2668   10
    2669   10
    2670   10
    2671   10
    2672   10
    2673   10
    2674   10
    2675   10
    2676   10
    2677   10
    2678   10
    2679   10
    2680   10
    2681   10
    2682   10
    2683   10
    2684   10
    2685   10
    2686    9
    2687   10
    2688   10
    2689   10
    2690   10
    2691   10
    2692   10
    2693   10
    2694   10
    2695   10
    2696   10
    2697   10
    2698   10
    2699    9
    2700   10
    2701   10
    2702   10
    2703   10
    2704   10
    2705   10
    2706   10
    2707   10
    2708   10
    2709    9
    2710   10
    2711   10
    2712   10
    2713   10
    2714   10
    2715   10
    2716   10
    2717   10
    2718   10
    2719   10
    2720   10
    2721   10
    2722   10
    2723   10
    2724   10
    2725   10
    2726   10
    2727   10
    2728   10
    2729   10
    2730   10
    2731   10
    2732   10
    2733   15
    2734   12
    2735   12
    2736   12
    2737   12
    2738   12
    2739   12
    2740    6
    2741    5
    2742    6
    2743    6
    2744    6
    2745    5
    2746    3
    2747    3
    2748    1
    2749    1
    2750    6
    2751    6
    2752    1
    2753    1
    2754    1
    2755    1
    2756    1
    2757    1
    2758    1
    2759    1
    2760    1
    2761    1
    2762    1
    2763    5
    2764    6
    2765   12
    2766   12
    2767   12
    2768    8
    2769   12
    2770   12
    2771   12
    2772   13
    2773   13
    2774   13
    2775   13
    2776   13
    2777   13
    2778   13
    2779   13
    2780   13
    2781   13
    2782   13
    2783   13
    2784   10
    2785   10
    2786   10
    2787   10
    2788   10
    2789   10
    2790   10
    2791   10
    2792   10
    2793   10
    2794   10
    2795   10
    2796   12
    2797   12
    2798   12
    2799   12
    2800   12
    2801    8
    2802    7
    2803   12
    2804   12
    2805   10
    2806   13
    2807   13
    2808   13
    2809   13
    2810   13
    2811   13
    2812   13
    2813   13
    2814   13
    2815   13
    2816   13
    2817   13
    2818   13
    2819   13
    2820   13
    2821   13
    2822   13
    2823   13
    2824   13
    2825   13
    2826   13
    2827   13
    2828   13
    2829   13
    2830   13
    2831   13
    2832   13
    2833   13
    2834   13
    2835   13
    2836   13
    2837   13
    2838   13
    2839   13
    2840   13
    2841   13
    2842   13
    2843   13
    2844   13
    2845   13
    2846   13
    2847   13
    2848   13
    2849   13
    2850   13
    2851   13
    2852   13
    2853   13
    2854   13
    2855   13
    2856   13
    2857   13
    2858   13
    2859   13
    2860   13
    2861   13
    2862   13
    2863   13
    2864   13
    2865   13
    2866   13
    2867   13
    2868   13
    2869   13
    2870   13
    2871   13
    2872   13
    2873   13
    2874   13
    2875   13
    2876   13
    2877   13
    2878   13
    2879   13
    2880   13
    2881   13
    2882   13
    2883   13
    2884   13
    2885   13
    2886   13
    2887   13
    2888   13
    2889   13
    2890   13
    2891   13
    2892   13
    2893   13
    2894   13
    2895   13
    2896   13
    2897   13
    2898   13
    2899   13
    2900   13
    2901   13
    2902   13
    2903   13
    2904   13
    2905   13
    2906   13
    2907   13
    2908   13
    2909   13
    2910   13
    2911   13
    2912   13
    2913   13
    2914   13
    2915   13
    2916   13
    2917   13
    2918   13
    2919   13
    2920   13
    2921   13
    2922   13
    2923   13
    2924   13
    2925   13
    2926   13
    2927   13
    2928   13
    2929   13
    2930   13
    2931   13
    2932   13
    2933   13
    2934   13
    2935   13
    2936   13
    2937   13
    2938   13
    2939   13
    2940   13
    2941   13
    2942   13
    2943   13
    2944   13
    2945   13
    2946   13
    2947   13
    2948   13
    2949   13
    2950   13
    2951   13
    2952   13
    2953   13
    2954   13
    2955   13
    2956   13
    2957   13
    2958   13
    2959   13
    2960   13
    2961   13
    2962   13
    2963   13
    2964   13
    2965   13
    2966   13
    2967   13
    2968   13
    2969   13
    2970   13
    2971   13
    2972   13
    2973   13
    2974   13
    2975   13
    2976   13
    2977   13
    2978   13
    2979   13
    2980   13
    2981   13
    2982   13
    2983   13
    2984   13
    2985   13
    2986   13
    2987   13
    2988   13
    2989   13
    2990   13
    2991   13
    2992   13
    2993   13
    2994   13
    2995   13
    2996   13
    2997   13
    2998   13
    2999   13
    3000   13
    3001   13
    3002   13
    3003   13
    3004   13
    3005   13
    3006   13
    3007   13
    3008   13
    3009   13
    3010   13
    3011   13
    3012   13
    3013   13
    3014   13
    3015   13
    3016   13
    3017   13
    3018   13
    3019   13
    3020   13
    3021   13
    3022   13
    3023   13
    3024   13
    3025   13
    3026   13
    3027   13
    3028   13
    3029   13
    3030   13
    3031   13
    3032   13
    3033   13
    3034   13
    3035   13
    3036   13
    3037   13
    3038   13
    3039   13
    3040   13
    3041   13
    3042   13
    3043   13
    3044   13
    3045   13
    3046   13
    3047   13
    3048   13
    3049   13
    3050   13
    3051   13
    3052   13
    3053   13
    3054   13
    3055   13
    3056   13
    3057   13
    3058   13
    3059   13
    3060   13
    3061   13
    3062   13
    3063   13
    3064   13
    3065   13
    3066   13
    3067   13
    3068   13
    3069   13
    3070   13
    3071   13
    3072   13
    3073   13
    3074   13
    3075   13
    3076   13
    3077   13
    3078   13
    3079   13
    3080   13
    3081   13
    3082   13
    3083   13
    3084   13
    3085   13
    3086   13
    3087   13
    3088   13
    3089   13
    3090   13
    3091   13
    3092   13
    3093   13
    3094   13
    3095   13
    3096   13
    3097   13
    3098   13
    3099   13
    3100   13
    3101   13
    3102   13
    3103   13
    3104   13
    3105   13
    3106   13
    3107   13
    3108   13
    3109   13
    3110   13
    3111   13
    3112   13
    3113   13
    3114   13
    3115   13
    3116   13
    3117   13
    3118   13
    3119   13
    3120   13
    3121   13
    3122   13
    3123   13
    3124   13
    3125   13
    3126   13
    3127   13
    3128   13
    3129   13
    3130   13
    3131   13
    3132   13
    3133   13
    3134   13
    3135   13
    3136   13
    3137   13
    3138   13
    3139   13
    3140   13
    3141   13
    3142   13
    3143   13
    3144   13
    3145   13
    3146   13
    3147   13
    3148   13
    3149   13
    3150   13
    3151   13
    3152   13
    3153   13
    3154   13
    3155   13
    3156   13
    3157   13
    3158   13
    3159   13
    3160   13
    3161   13
    3162   13
    3163   13
    3164   13
    3165   13
    3166   13
    3167   13
    3168   13
    3169   13
    3170   13
    3171   13
    3172   13
    3173   13
    3174   13
    3175   13
    3176   13
    3177   13
    3178   13
    3179   13
    3180   13
    3181   13
    3182   13
    3183   13
    3184   13
    3185   13
    3186   13
    3187   13
    3188   13
    3189   13
    3190   13
    3191   13
    3192   13
    3193   13
    3194   13
    3195   13
    3196   13
    3197   13
    3198   13
    3199   13
    3200   13
    3201   13
    3202   13
    3203   13
    3204   13
    3205   13
    3206   13
    3207   13
    3208   13
    3209   13
    3210    9
    3211   13
    3212   13
    3213   13
    3214   13
    3215   13
    3216   13
    3217   13
    3218   13
    3219   13
    3220   13
    3221   13
    3222   13
    3223   13
    3224   13
    3225   13
    3226   13
    3227   13
    3228   13
    3229   13
    3230   13
    3231   13
    3232   13
    3233   13
    3234   13
    3235   13
    3236   13
    3237   13
    3238   13
    3239   13
    3240   13
    3241   13
    3242   13
    3243   13
    3244   13
    3245   13
    3246   13
    3247   13
    3248   13
    3249   13
    3250   13
    3251   13
    3252   13
    3253   13
    3254   13
    3255   13
    3256   13
    3257    8
    3258   13
    3259   13
    3260   13
    3261   13
    3262   13
    3263   13
    3264   13
    3265   13
    3266   13
    3267   13
    3268   13
    3269   13
    3270   13
    3271   13
    3272   13
    3273   13
    3274   13
    3275   13
    3276   13
    3277   13
    3278   13
    3279   13
    3280   13
    3281   13
    3282   13
    3283   13
    3284   13
    3285   13
    3286   13
    3287   13
    3288   13
    3289   13
    3290   13
    3291   12
    3292   12
    3293    7
    3294    7
    3295   12
    3296   12
    3297   12
    3298   12
    3299   12
    3300   12
    3301   12
    3302   12
    3303   12
    3304   12
    3305   12
    3306   12
    3307   12
    3308   12
    3309   12
    3310   12
    3311   12
    3312   12
    3313   12
    3314   12
    3315   10
    3316    9
    3317   10
    3318   10
    3319   12
    3320   12
    3321   12
    3322   12
    3323   12
    3324   12
    3325   12
    3326    8
    3327   12
    3328   12
    3329   12
    3330   12
    3331   12
    3332   12
    3333   10
    3334   10
    3335   10
    3336   10
    3337   10
    3338   10
    3339   10
    3340   12
    3341   12
    3342   12
    3343   12
    3344   10
    3345   12
    3346   12
    3347   12
    3348   12
    3349   12
    3350   12
    3351    7
    3352   12
    3353    1
    3354    1
    3355    1
    3356    1
    3357    1
    3358    1
    3359    1
    3360    1
    3361    1
    3362    3
    3363    3
    3364    6
    3365    8
    3366   12
    3367   12
    3368   12
    3369   12
    3370   12
    3371   12
    3372   12
    3373   12
    3374   12
    3375   12
    3376   12
    3377   10
    3378   10
    3379   10
    3380   10
    3381   10
    3382   10
    3383   10
    3384   10
    3385   10
    3386   10
    3387   10
    3388   10
    3389   10
    3390   10
    3391   10
    3392   10
    3393   10
    3394   10
    3395   10
    3396   10
    3397   10
    3398   10
    3399   10
    3400   10
    3401   10
    3402   10
    3403   10
    3404   10
    3405   12
    3406   12
    3407   12
    3408   12
    3409   12
    3410   12
    3411   12
    3412   12
    3413   12
    3414    1
    3415    1
    3416    1
    3417    1
    3418    1
    3419    1
    3420    1
    3421    1
    3422    1
    3423    1
    3424    1
    3425    1
    3426    1
    3427    1
    3428    1
    3429    4
    3430    5
    3431    4
    3432    4
    3433    4
    3434    4
    3435    5
    3436    3
    3437    5
    3438    6
    3439   12
    3440   12
    3441    1
    3442    1
    3443    1
    3444    1
    3445    1
    3446    5
    3447    5
    3448    5
    3449    1
    3450    1
    3451    1
    3452    1
    3453    1
    3454    1
    3455    1
    3456    1
    3457    1
    3458    1
    3459    1
    3460    1
    3461    5
    3462    6
    3463    5
    3464    5
    3465    1
    3466    1
    3467    1
    3468    1
    3469    1
    3470    1
    3471    3
    3472    3
    3473    1
    3474    3
    3475    5
    3476    6
    3477   12
    3478   12
    3479   12
    3480   10
    3481   10
    3482   10
    3483   10
    3484    6
    3485    6
    3486    3
    3487    3
    3488    1
    3489    1
    3490    5
    3491    6
    3492    5
    3493    1
    3494    1
    3495    1
    3496    1
    3497    1
    3498    1
    3499    1
    3500    1
    3501    1
    3502    1
    3503    1
    3504    4
    3505    4
    3506    4
    3507    4
    3508    5
    3509    6
    3510    6
    3511   10
    3512   10
    3513   10
    3514    9
    3515   11
    3516   11
    3517   11
    3518   11
    3519   11
    3520    9
    3521   11
    3522   12
    3523    7
    3524    8
    3525   12
    3526   12
    3527   12
    3528    8
    3529   12
    3530   12
    3531   12
    3532   12
    3533   12
    3534    8
    3535   15
    3536   15
    3537   15
    3538   15
    3539   15
    3540   15
    3541   15
    3542   15
    3543   15
    3544   15
    3545   15
    3546   15
    3547   15
    3548   15
    3549   15
    3550   15
    3551   15
    3552    7
    3553   12
    3554    8
    3555    7
    3556    7
    3557    6
    3558    8
    3559    6
    3560    7
    3561   12
    3562    7
    3563    7
    3564   12
    3565    8
    3566   12
    3567   12
    3568    7
    3569    6
    3570    6
    3571    6
    3572    6
    3573    5
    3574    5
    3575    6
    3576    6
    3577    6
    3578    6
    3579    6
    3580    7
    3581   12
    3582   12
    3583   12
    3584   12
    3585   12
    3586    8
    3587    8
    3588   12
    3589   12
    3590   12
    3591   12
    3592   13
    3593   13
    3594   13
    3595   13
    3596   13
    3597   13
    3598   13
    3599   13
    3600   13
    3601   13
    3602   13
    3603   13
    3604   13
    3605   13
    3606   13
    3607   13
    3608   13
    3609   13
    3610    8
    3611    8
    3612    8
    3613   12
    3614   12
    3615    7
    3616    8
    3617   10
    3618   10
    3619    8
    3620    7
    3621   12
    3622   12
    3623    7
    3624    7
    3625   12
    3626   12
    3627   12
    3628   12
    3629   12
    3630    7
    3631    8
    3632    7
    3633   12
    3634   15
    3635   15
    3636   15
    3637   15
    3638   15
    3639   15
    3640   15
    3641   15
    3642    8
    3643   12
    3644   12
    3645   12
    3646   12
    3647   12
    3648   12
    3649   12
    3650   12
    3651   12
    3652    7
    3653    7
    3654   12
    3655   12
    3656    8
    3657    8
    3658    6
    3659    6
    3660    6
    3661   12
    3662   12
    3663    8
    3664    7
    3665    7
    3666    7
    3667    8
    3668    8
    3669    8
    3670   12
    3671    7
    3672   12
    3673   12
    3674    7
    3675    8
    3676   12
    3677   12
    3678    8
    3679    8
    3680    8
    3681    8
    3682    7
    3683    8
    3684    8
    3685   15
    3686   15
    3687   15
    3688   15
    3689   15
    3690   15
    3691   15
    3692   15
    3693   15
    3694   15
    3695   15
    3696   15
    3697    7
    3698    7
    3699    8
    3700    8
    3701   12
    3702   12
    3703   12
    3704    1
    3705    5
    3706    3
    3707    1
    3708    1
    3709    3
    3710    3
    3711    3
    3712    1
    3713    1
    3714    3
    3715    3
    3716    3
    3717    3
    3718    3
    3719    5
    3720    6
    3721    9
    3722   12
    3723   12
    3724   12
    3725   12
    3726    8
    3727    7
    3728   12
    3729    8
    3730   12
    3731   12
    3732    8
    3733    7
    3734   15
    3735   15
    3736   15
    3737   15
    3738   15
    3739   15
    3740    8
    3741    8
    3742    8
    3743   12
    3744   12
    3745   12
    3746   12
    3747    8
    3748   12
    3749   12
    3750   12
    3751    8
    3752    7
    3753   12
    3754   12
    3755   12
    3756   12
    3757    1
    3758    1
    3759    1
    3760    1
    3761    1
    3762   12
    3763   12
    3764    8
    3765    7
    3766    7
    3767    8
    3768    8
    3769    8
    3770   12
    3771    8
    3772    7
    3773   12
    3774   12
    3775    8
    3776    8
    3777   12
    3778    7
    3779   12
    3780   12
    3781   12
    3782   12
    3783   12
    3784   12
    3785   12
    3786   12
    3787    8
    3788    8
    3789    7
    3790    8
    3791    1
    3792    1
    3793    3
    3794    6
    3795    6
    3796    8
    3797   12
    3798   12
    3799   12
    3800   12
    3801    6
    3802   12
    3803   12
    3804   12
    3805    1
    3806    1
    3807    1
    3808    1
    3809    1
    3810    1
    3811    1
    3812    5
    3813    1
    3814    1
    3815    1
    3816    1
    3817    1
    3818    1
    3819    1
    3820    6
    3821   12
    3822   12
    3823   12
    3824   12
    3825   12
    3826    8
    3827    7
    3828   10
    3829   10
    3830   10
    3831   10
    3832   10
    3833   10
    3834   10
    3835   10
    3836   10
    3837    9
    3838   10
    3839   10
    3840   12
    3841    1
    3842    1
    3843    1
    3844    1
    3845    1
    3846    1
    3847    1
    3848    1
    3849    1
    3850    1
    3851    1
    3852    1
    3853    1
    3854    1
    3855    1
    3856    1
    3857    1
    3858    1
    3859    4
    3860    4
    3861    4
    3862    4
    3863    4
    3864    6
    3865    4
    3866    4
    3867    5
    3868    5
    3869    6
    3870    6
    3871    7
    3872   12
    3873    8
    3874   12
    3875   12
    3876   12
    3877   12
    3878   12
    3879   12
    3880   12
    3881   12
    3882   12
    3883   12
    3884   12
    3885   12
    3886   12
    3887   12
    3888   12
    3889   12
    3890   12
    3891   12
    3892   12
    3893   12
    3894    8
    3895    1
    3896    1
    3897    1
    3898    7
    3899   12
    3900    1
    3901    1
    3902    1
    3903    1
    3904   12
    3905   12
    3906   12
    3907   12
    3908   12
    3909   12
    3910    1
    3911    1
    3912    1
    3913   12
    3914   12
    3915   12
    3916   12
    3917   12
    3918   12
    3919   12
    3920    8
    3921    4
    3922    4
    3923    4
    3924    4
    3925    4
    3926    4
    3927    5
    3928    4
    3929    4
    3930    4
    3931    5
    3932    6
    3933    7
    3934   12
    3935   12
    3936   12
    3937   12
    3938    8
    3939    7
    3940    8
    3941   12
    3942   10
    3943    9
    3944    9
    3945   10
    3946   10
    3947   10
    3948    8
    3949   12
    3950    8
    3951    8
    3952   10
    3953   10
    3954   10
    3955   10
    3956   10
    3957   10
    3958   10
    3959   10
    3960   10
    3961   10
    3962   10
    3963   10
    3964   10
    3965   10
    3966   10
    3967   10
    3968   10
    3969   10
    3970   10
    3971   10
    3972   10
    3973   10
    3974   10
    3975   10
    3976   10
    3977   10
    3978   10
    3979   10
    3980   10
    3981   10
    3982   10
    3983   10
    3984   10
    3985   10
    3986   10
    3987   10
    3988   10
    3989   10
    3990    8
    3991    1
    3992    1
    3993    1
    3994    1
    3995    1
    3996    1
    3997    1
    3998    1
    3999    3
    4000    5
    4001    6
    4002   12
    4003   12
    4004   12
    4005   12
    4006   12
    4007   12
    4008   10
    4009   10
    4010   10
    4011   10
    4012   10
    4013   10
    4014   10
    4015   10
    4016   10
    4017   10
    4018   10
    4019   10
    4020   10
    4021   10
    4022   10
    4023   10
    4024   10
    4025   10
    4026   10
    4027   10
    4028   10
    4029   10
    4030   10
    4031   10
    4032   10
    4033   10
    4034   10
    4035   10
    4036   10
    4037   13
    4038   13
    4039   13
    4040   13
    4041   13
    4042   13
    4043   13
    4044   13
    4045   13
    4046   13
    4047   13
    4048   13
    4049   13
    4050   13
    4051    9
    4052   10
    4053   10
    4054   10
    4055   13
    4056   13
    4057   13
    4058   13
    4059   13
    4060   13
    4061   13
    4062   13
    4063   13
    4064   13
    4065   13
    4066   13
    4067   13
    4068   13
    4069   13
    4070   10
    4071   10
    4072   10
    4073   10
    4074   10
    4075   10
    4076   10
    4077   10
    4078   10
    4079   10
    4080   10
    4081   10
    4082   10
    4083   10
    4084   13
    4085   13
    4086   13
    4087   13
    4088   13
    4089   13
    4090   13
    4091   13
    4092   13
    4093   13
    4094   13
    4095   13
    4096   13
    4097   13
    4098   13
    4099   10
    4100   10
    4101    9
    4102   10
    4103   10
    4104   10
    4105   10
    4106   10
    4107   10
    4108   10
    4109   10
    4110   10
    4111   12
    4112   12
    4113   12
    4114   12
    4115   12
    4116   12
    4117   10
    4118   10
    4119   10
    4120   10
    4121   10
    4122   10
    4123   10
    4124   10
    4125   10
    4126   10
    4127   10
    4128   10
    4129   10
    4130   10
    4131   10
    4132   10
    4133   10
    4134   10
    4135    9
    4136   10
    4137   13
    4138   13
    4139   13
    4140   13
    4141   13
    4142   13
    4143   13
    4144   13
    4145   13
    4146   13
    4147   13
    4148   13
    4149   13
    4150   13
    4151   13
    4152   13
    4153   13
    4154   13
    4155   13
    4156   13
    4157   13
    4158   13
    4159   13
    4160   13
    4161   13
    4162   13
    4163   13
    4164   13
    4165   13
    4166   13
    4167   13
    4168   13
    4169   13
    4170   13
    4171   13
    4172   13
    4173   13
    4174   13
    4175   13
    4176   13
    4177   13
    4178   13
    4179   13
    4180   13
    4181   13
    4182   13
    4183   13
    4184   13
    4185   13
    4186   13
    4187   13
    4188   13
    4189   13
    4190   13
    4191   13
    4192   13
    4193   13
    4194   13
    4195   13
    4196   13
    4197   13
    4198   13
    4199   13
    4200   13
    4201   13
    4202   13
    4203   13
    4204   13
    4205   13
    4206   13
    4207   13
    4208   13
    4209   13
    4210   13
    4211   13
    4212   13
    4213   13
    4214   13
    4215   13
    4216   13
    4217   13
    4218   13
    4219   13
    4220   13
    4221   13
    4222   13
    4223   13
    4224   13
    4225   13
    4226   13
    4227   13
    4228   13
    4229   13
    4230   13
    4231   13
    4232   13
    4233   13
    4234   13
    4235   13
    4236   13
    4237   13
    4238   13
    4239   13
    4240   13
    4241   13
    4242   13
    4243   13
    4244   13
    4245   13
    4246   13
    4247   13
    4248   13
    4249   13
    4250   13
    4251   13
    4252   13
    4253   13
    4254   13
    4255   13
    4256   13
    4257   13
    4258   13
    4259   13
    4260   13
    4261   13
    4262   13
    4263   13
    4264   13
    4265   13
    4266   13
    4267   13
    4268   13
    4269   13
    4270   13
    4271   13
    4272   13
    4273   13
    4274   13
    4275   13
    4276   13
    4277   13
    4278   13
    4279   13
    4280   13
    4281   13
    4282   13
    4283   13
    4284   13
    4285   13
    4286   13
    4287   13
    4288   13
    4289   13
    4290   13
    4291   13
    4292   13
    4293   13
    4294   13
    4295   13
    4296   13
    4297   13
    4298   13
    4299   13
    4300   13
    4301   13
    4302   13
    4303   13
    4304   13
    4305   13
    4306   13
    4307   13
    4308   13
    4309   13
    4310   13
    4311   13
    4312   13
    4313   13
    4314   13
    4315   13
    4316   13
    4317   13
    4318   13
    4319   13
    4320   13
    4321   13
    4322   13
    4323   10
    4324   10
    4325   10
    4326   10
    4327   10
    4328   10
    4329   10
    4330   10
    4331   10
    4332   12
    4333   12
    4334   12
    4335   12
    4336    8
    4337    8
    4338   12
    4339   12
    4340   12
    4341   12
    4342   12
    4343   14
    4344   14
    4345   14
    4346   13
    4347   13
    4348   13
    4349   13
    4350   13
    4351   13
    4352   13
    4353   13
    4354   13
    4355   13
    4356   13
    4357   13
    4358   13
    4359   13
    4360   13
    4361   13
    4362   13
    4363   13
    4364   13
    4365   13
    4366   13
    4367   13
    4368   13
    4369   13
    4370   13
    4371   13
    4372   13
    4373   13
    4374   13
    4375   13
    4376   13
    4377   13
    4378   13
    4379   13
    4380   13
    4381   13
    4382   10
    4383   10
    4384   10
    4385   10
    4386   10
    4387    8
    4388    8
    4389    8
    4390    8
    4391   10
    4392   10
    4393   10
    4394   10
    4395   10
    4396   10
    4397   10
    4398   10
    4399   10
    4400   10
    4401   10
    4402   10
    4403   10
    4404   10
    4405   10
    4406   10
    4407   10
    4408   10
    4409   10
    4410   10
    4411   10
    4412   10
    4413    9
    4414   10
    4415   10
    4416   10
    4417   10
    4418   10
    4419   10
    4420   10
    4421   10
    4422   10
    4423   10
    4424    9
    4425   10
    4426   10
    4427   10
    4428   10
    4429   10
    4430   12
    4431    8
    4432    8
    4433   12
    4434   12
    4435    8
    4436    7
    4437   12
    4438   12
    4439   12
    4440   12
    4441   12
    4442   10
    4443   10
    4444   10
    4445   10
    4446   10
    4447    8
    4448   12
    4449    8
    4450    8
    4451    7
    4452   12
    4453   10
    4454    9
    4455    9
    4456   11
    4457   11
    4458   11
    4459   11
    4460   10
    4461   10
    4462   10
    4463   10
    4464    8
    4465    6
    4466    6
    4467    8
    4468    8
    4469    7
    4470    7
    4471    7
    4472    7
    4473    8
    4474   12
    4475   12
    4476   12
    4477   12
    4478   12
    4479    6
    4480    5
    4481    5
    4482    3
    4483    3
    4484    3
    4485    3
    4486    3
    4487    3
    4488    3
    4489    3
    4490    5
    4491    3
    4492    3
    4493    3
    4494    3
    4495    3
    4496    5
    4497    1
    4498    1
    4499    1
    4500    1
    4501    1
    4502    1
    4503    1
    4504    1
    4505    1
    4506    1
    4507    1
    4508    1
    4509    1
    4510    1
    4511    1
    4512    1
    4513    1
    4514    3
    4515    3
    4516    5
    4517    6
    4518   12
    4519   12
    4520   12
    4521   12
    4522   10
    4523   10
    4524   10
    4525   10
    4526   10
    4527   10
    4528   10
    4529   10
    4530   10
    4531   10
    4532   10
    4533   10
    4534   10
    4535   10
    4536   10
    4537   10
    4538   10
    4539   12
    4540   12
    4541    8
    4542   10
    4543   10
    4544    9
    4545   12
    4546   12
    4547    8
    4548   15
    4549   15
    4550   15
    4551   15
    4552   15
    4553   15
    4554    8
    4555   12
    4556   12
    4557    8
    4558    7
    4559    6
    4560    5
    4561    3
    4562    3
    4563    3
    4564    3
    4565    6
    4566    3
    4567    3
    4568    1
    4569    1
    4570    1
    4571    1
    4572    3
    4573    6
    4574    1
    4575    1
    4576    1
    4577    1
    4578    3
    4579    3
    4580    1
    4581    1
    4582    1
    4583    1
    4584    1
    4585    1
    4586    1
    4587    1
    4588   12
    4589    7
    4590    1
    4591    1
    4592    1
    4593    1
    4594    1
    4595    5
    4596    6
    4597    1
    4598   12
    4599   12
    4600    7
    4601    2
    4602    2
    4603    6
    4604    6
    4605    4
    4606    4
    4607    6
    4608   12
    4609   12
    4610   12
    4611   12
    4612   12
    4613   12
    4614   12
    4615   12
    4616   12
    4617   12
    4618   12
    4619   12
    4620   12
    4621   12
    4622   12
    4623   12
    4624   12
    4625   12
    4626    8
    4627    8
    4628    8
    4629   15
    4630   15
    4631   15
    4632   15
    4633   15
    4634   15
    4635   15
    4636   15
    4637    8
    4638    8
    4639    7
    4640    8
    4641   12
    4642   12
    4643   12
    4644   12
    4645    8
    4646    8
    4647    9
    4648   11
    4649   11
    4650   11
    4651   11
    4652   10
    4653   10
    4654   12
    4655   10
    4656   10
    4657    7
    4658   12
    4659   12
    4660   12
    4661   12
    4662   12
    4663   12
    4664   12
    4665   12
    4666    7
    4667    8
    4668   12
    4669   12
    4670   12
    4671    7
    4672    7
    4673    8
    4674   12
    4675   12
    4676   12
    4677    7
    4678   12
    4679    7
    4680    7
    4681   12
    4682   12
    4683   12
    4684    7
    4685   12
    4686   12
    4687   12
    4688   12
    4689    6
    4690    6
    4691    6
    4692    8
    4693    7
    4694    1
    4695    1
    4696    1
    4697    1
    4698    1
    4699    1
    4700    1
    4701    1
    4702    1
    4703    1
    4704    7
    4705   12
    4706    7
    4707    1
    4708    1
    4709    1
    4710    1
    4711    1
    4712    7
    4713    1
    4714    1
    4715    1
    4716   12
    4717    8
    4718    1
    4719    1
    4720   12
    4721   12
    4722    6
    4723    6
    4724    1
    4725    6
    4726    6
    4727    7
    4728    8
    4729    8
    4730    7
    4731   12
    4732    1
    4733    1
    4734    1
    4735    1
    4736    5
    4737    6
    4738    1
    4739    1
    4740    1
    4741    7
    4742    7
    4743    1
    4744    1
    4745    1
    4746    1
    4747    1
    4748    7
    4749    7
    4750    1
    4751    1
    4752    1
    4753    1
    4754    1
    4755    1
    4756    1
    4757    5
    4758    5
    4759    5
    4760    1
    4761    1
    4762    1
    4763    1
    4764    6
    4765   12
    4766   12
    4767   12
    4768   12
    4769   10
    4770   10
    4771   10
    4772    9
    4773   10
    4774   10
    4775   10
    4776   10
    4777   10
    4778   10
    4779   10
    4780   10
    4781   10
    4782   10
    4783   10
    4784   10
    4785   10
    4786   10
    4787   10
    4788   10
    4789   10
    4790   10
    4791   10
    4792   10
    4793   10
    4794   10
    4795   10
    4796   10
    4797   10
    4798   10
    4799   10
    4800    7
    4801   12
    4802   12
    4803   12
    4804   12
    4805   12
    4806   12
    4807   12
    4808   12
    4809   10
    4810   10
    4811   10
    4812   10
    4813   10
    4814   10
    4815   10
    4816   10
    4817   10
    4818   12
    4819   12
    4820   12
    4821   12
    4822    1
    4823    1
    4824    1
    4825    1
    4826    1
    4827    1
    4828    1
    4829    1
    4830    1
    4831    3
    4832    1
    4833    1
    4834    1
    4835    1
    4836    1
    4837    1
    4838    1
    4839    1
    4840    1
    4841    3
    4842    3
    4843    5
    4844    6
    4845   12
    4846   12
    4847   12
    4848   12
    4849   10
    4850   10
    4851   10
    4852   10
    4853   12
    4854    8
    4855   12
    4856   12
    4857   12
    4858   12
    4859    8
    4860   12
    4861   12
    4862    7
    4863    8
    4864   12
    4865    8
    4866    8
    4867   12
    4868   12
    4869   12
    4870   10
    4871   10
    4872   10
    4873   10
    4874   10
    4875   12
    4876   12
    4877   12
    4878    9
    4879    6
    4880    5
    4881    5
    4882    5
    4883    5
    4884    3
    4885    3
    4886    3
    4887    3
    4888    3
    4889    1
    4890    1
    4891    1
    4892    7
    4893   12
    4894    8
    4895    8
    4896   12
    4897   12
    4898   12
    4899   12
    4900   12
    4901   12
    4902   12
    4903   12
    4904   12
    4905   12
    4906   12
    4907   12
    4908    1
    4909    1
    4910    1
    4911    1
    4912    1
    4913    1
    4914    1
    4915    1
    4916    1
    4917    6
    4918    6
    4919    4
    4920    1
    4921   12
    4922   12
    4923   12
    4924   12
    4925   12
    4926   12
    4927   12
    4928   12
    4929   12
    4930   12
    4931   12
    4932   12
    4933   12
    4934   12
    4935   12
    4936   12
    4937   12
    4938   12
    4939   12
    4940   12
    4941    8
    4942   12
    4943   12
    4944   12
    4945   12
    4946   12
    4947   12
    4948   12
    4949   12
    4950   12
    4951   12
    4952   12
    4953   12
    4954    8
    4955    8
    4956   12
    4957   12
    4958   12
    4959    8
    4960   12
    4961    7
    4962   12
    4963   12
    4964    8
    4965    8
    4966    8
    4967   12
    4968    7
    4969   12
    4970   12
    4971   12
    4972   12
    4973   12
    4974   12
    4975    8
    4976   12
    4977   12
    4978   12
    4979   12
    4980   12
    4981   12
    4982   12
    4983   12
    4984   12
    4985   12
    4986   12
    4987    8
    4988    8
    4989    8
    4990    8
    4991    8
    4992   12
    4993   12
    4994   12
    4995   12
    4996   12
    4997   12
    4998   12
    4999   12
    5000   12
