       1   10
       2   10
       3   13
       4   13
       5   13
       6   13
       7   13
       8   13
       9   13
      10   13
      11   13
      12   13
      13   13
      14   13
      15   13
      16   13
      17   13
      18   13
      19   13
      20   13
      21   13
      22   13
      23   13
      24   13
      25   13
      26   13
      27   13
      28   13
      29   13
      30   13
      31   13
      32   13
      33   13
      34   13
      35   13
      36   13
      37   13
      38   13
      39   13
      40   13
      41   13
      42   13
      43   13
      44   12
      45   12
      46   12
      47   12
      48    7
      49   10
      50   10
      51   10
      52   10
      53    9
      54    9
      55   10
      56   10
      57   10
      58   10
      59   10
      60   10
      61   10
      62   10
      63   10
      64   10
      65   10
      66   10
      67   10
      68   10
      69   10
      70   10
      71   10
      72   10
      73   10
      74   10
      75   10
      76   13
      77   13
      78   12
      79   12
      80   12
      81   12
      82   13
      83   13
      84   10
      85   10
      86   10
      87   10
      88   10
      89   10
      90   10
      91   10
      92   10
      93   10
      94   10
      95   10
      96   10
      97   10
      98   10
      99    8
     100   12
     101   12
     102   12
     103   12
     104   12
     105   12
     106   12
     107   12
     108   12
     109   12
     110   12
     111   12
     112   12
     113   12
     114   12
     115   12
     116   12
     117   12
     118    8
     119    8
     120   12
     121    6
     122    6
     123    5
     124    3
     125    6
     126    4
     127    5
     128    3
     129    3
     130    5
     131    3
     132    3
     133    3
     134    3
     135    3
     136    3
     137    3
     138    3
     139    3
     140    3
     141    3
     142    1
     143    3
     144    3
     145    1
     146    1
     147    1
     148    1
     149    1
     150    1
     151    1
     152    1
     153    1
     154    1
     155    1
     156    1
     157    1
     158    1
     159    1
     160    1
     161    1
     162    1
     163    1
     164    1
     165    1
     166   12
     167   12
     168   12
     169   12
     170   10
     171   10
     172   10
     173   12
     174   12
     175   12
     176   12
     177   12
     178   12
     179   12
     180   12
     181   12
     182    8
     183   12
     184   10
     185   10
     186   10
     187   10
     188   10
     189   10
     190   10
     191   12
     192   12
     193    8
     194    8
     195   12
     196   12
     197   12
     198   12
     199   12
     200   12
     201    8
     202   12
     203   12
     204   12
     205    9
     206   10
     207   10
     208   10
     209   10
     210   10
     211   10
     212    7
     213   12
     214   10
     215   10
     216   10
     217   12
     218   12
     219   12
     220   12
     221   12
     222    3
     223    6
     224    6
     225    6
     226    3
     227    3
     228    3
     229    3
     230    3
     231    3
     232    3
     233    4
     234    4
     235    3
     236    3
     237    3
     238    3
     239    3
     240    3
     241    3
     242    3
     243    1
     244    5
     245    3
     246    1
     247    1
     248    1
     249    1
     250    1
     251    1
     252    1
     253    1
     254    1
     255    1
     256    1
     257    1
     258    1
     259    1
     260    1
     261    1
     262    1
     263    1
     264    1
     265    1
     266    1
     267    1
     268    1
     269    1
     270    3
     271    3
     272    3
     273    5
     274    5
     275    6
     276    6
     277    6
     278   12
     279   12
     280   12
     281   12
     282   12
     283   12
     284   12
     285   12
     286   12
     287   12
     288   12
     289   12
     290   12
     291    8
     292    8
     293    8
     294   12
     295   12
     296   12
     297   12
     298   12
     299   12
     300    7
     301   12
     302   12
     303    8
     304   10
     305   12
     306   12
     307   12
     308   12
     309    8
     310    8
     311   12
     312   12
     313    7
     314    6
     315    5
     316    1
     317    1
     318    1
     319    3
     320    6
     321    6
     322    6
     323    5
     324    3
     325    3
     326    3
     327    3
     328    3
     329    3
     330    5
     331    6
     332    6
     333    3
     334   12
     335   12
     336   12
     337   12
     338   12
     339   12
     340   12
     341   12
     342   12
     343   12
     344   12
     345   12
     346   12
     347   12
     348   12
     349   12
     350    2
     351    6
     352    6
     353    6
     354   12
     355    6
     356    6
     357    6
     358   12
     359    7
     360   12
     361   12
     362   12
     363   12
     364    8
     365   12
     366   12
     367   12
     368   12
     369    8
     370    7
     371   12
     372    7
     373    6
     374   12
     375   12
     376    8
     377   12
     378   14
     379   14
     380   14
     381   14
     382    6
     383    1
     384   12
     385   12
     386   12
     387   12
     388    7
     389   12
     390   12
     391   12
     392    1
     393    1
     394    1
     395   12
     396   12
     397   12
     398   12
     399   12
     400    8
     401   14
     402   14
     403   14
     404   14
     405   14
     406   14
     407   14
     408   14
     409   12
     410    8
     411    8
     412   13
     413   13
     414   13
     415   13
     416   13
     417   13
     418   13
     419   13
     420   13
     421   13
     422   13
     423   13
     424   13
     425   13
     426   13
     427   13
     428   13
     429   13
     430   13
     431   13
     432   13
     433   13
     434   13
     435    8
     436    8
     437    7
     438   12
     439   12
     440   12
     441   12
     442   10
     443   10
     444   10
     445   10
     446   10
     447   13
     448   13
     449   13
     450   13
     451   13
     452   13
     453   13
     454   13
     455   13
     456   13
     457   13
     458   13
     459   13
     460   13
     461   13
     462   13
     463   13
     464   13
     465   13
     466   13
     467   13
     468   13
     469   13
     470   10
     471   10
     472   10
     473   10
     474   10
     475   10
     476   12
     477   12
     478   12
     479   10
     480   10
     481   10
     482   10
     483   10
     484   10
     485   10
     486   10
     487   10
     488   10
     489   10
     490   10
     491   10
     492   10
     493   10
     494    9
     495   10
     496   10
     497   10
     498   10
     499   10
     500   10
     501   10
     502   10
     503   10
     504   10
     505   10
     506   10
     507   10
     508   12
     509   12
     510   12
     511   12
     512   12
     513   12
     514   12
     515    8
     516    8
     517    8
     518   12
     519   12
     520    7
     521    7
     522    7
     523    8
     524   12
     525   12
     526   12
     527   12
     528   12
     529   12
     530   12
     531   10
     532    9
     533   11
     534    9
     535   10
     536   10
     537   10
     538   10
     539   10
     540    8
     541    8
     542    8
     543   10
     544   10
     545   10
     546   10
     547   10
     548   10
     549   10
     550    8
     551    8
     552   12
     553   12
     554   12
     555   12
     556   12
     557   12
     558   12
     559   12
     560   10
     561   10
     562   10
     563   13
     564   13
     565   13
     566   13
     567   13
     568   13
     569   13
     570   13
     571   13
     572   13
     573   13
     574   13
     575   13
     576   13
     577   13
     578   13
     579   13
     580   13
     581   13
     582   13
     583   13
     584   13
     585   13
     586   13
     587   13
     588   13
     589   13
     590   13
     591   13
     592   13
     593   13
     594   13
     595   13
     596   13
     597   13
     598   13
     599   13
     600   14
     601   14
     602   14
     603   14
     604   14
     605   14
     606   14
     607   14
     608    1
     609    1
     610    1
     611    1
     612    1
     613    1
     614    1
     615    1
     616    1
     617    1
     618    5
     619    6
     620    6
     621    2
     622    2
     623    5
     624    8
     625   12
     626    7
     627    8
     628    8
     629    7
     630    7
     631   12
     632   12
     633    7
     634    8
     635   12
     636    1
     637    1
     638    4
     639    4
     640    6
     641    6
     642    6
     643    8
     644    8
     645    7
     646    8
     647   12
     648   12
     649   12
     650   12
     651    8
     652    7
     653    8
     654    8
     655    7
     656    8
     657    8
     658    8
     659    9
     660   10
     661   10
     662   10
     663   10
     664   10
     665   10
     666   10
     667   10
     668   10
     669   10
     670   10
     671    6
     672    1
     673   12
     674   12
     675   12
     676    9
     677   11
     678   11
     679   11
     680   11
     681   10
     682   10
     683   10
     684   12
     685   12
     686   12
     687    1
     688    1
     689    1
     690    1
     691    1
     692    1
     693    1
     694    1
     695    1
     696    1
     697    1
     698    3
     699    6
     700    6
     701   12
     702    6
     703    5
     704    3
     705    1
     706    1
     707    1
     708    1
     709    5
     710    6
     711   12
     712   12
     713   12
     714   10
     715    9
     716   11
     717   11
     718    6
     719   12
     720   10
     721   10
     722   10
     723   10
     724   10
     725   10
     726   10
     727   10
     728   10
     729   10
     730   10
     731   10
     732   10
     733   10
     734   10
     735   10
     736   10
     737   10
     738   10
     739   10
     740   12
     741   12
     742   12
     743   12
     744   12
     745   12
     746    1
     747    1
     748    6
     749    9
     750   10
     751   10
     752   10
     753   10
     754   10
     755   10
     756   10
     757   10
     758   10
     759   10
     760   10
     761   10
     762   10
     763   10
     764   10
     765   12
     766   12
     767   12
     768   12
     769   12
     770   12
     771   12
     772   12
     773   12
     774   12
     775   12
     776    8
     777   12
     778   12
     779   12
     780   12
     781    8
     782   12
     783   12
     784   12
     785   12
     786    8
     787   12
     788   12
     789   10
     790   10
     791   10
     792   10
     793   10
     794   10
     795   10
     796   10
     797   10
     798    9
     799    9
     800   12
     801   12
     802   12
     803   12
     804   12
     805   12
     806   12
     807    1
     808    1
     809    1
     810    1
     811    1
     812    3
     813    3
     814    6
     815    6
     816    1
     817    3
     818    3
     819    3
     820    3
     821    6
     822    6
     823   12
     824   12
     825   12
     826   12
     827   12
     828   12
     829   12
     830   12
     831    8
     832    8
     833    8
     834   12
     835   12
     836    9
     837   12
     838   12
     839   12
     840   12
     841    9
     842    9
     843    2
     844    2
     845    2
     846    2
     847    2
     848    5
     849    6
     850    2
     851    6
     852   12
     853   10
     854   10
     855   10
     856   10
     857   10
     858   10
     859    9
     860   12
     861   12
     862    8
     863    6
     864    2
     865    2
     866    2
     867    3
     868    3
     869    6
     870    6
     871   12
     872    9
     873    9
     874    9
     875   11
     876   11
     877   11
     878    6
     879    1
     880    1
     881    3
     882    6
     883    1
     884    1
     885    1
     886    1
     887    1
     888    3
     889    5
     890    6
     891    6
     892    6
     893   12
     894   12
     895   12
     896    9
     897    9
     898    2
     899    2
     900    6
     901   12
     902   12
     903   12
     904    6
     905    6
     906    4
     907   12
     908   12
     909   12
     910    7
     911    8
     912   12
     913   12
     914   12
     915    1
     916    6
     917   12
     918   12
     919   12
     920   12
     921   12
     922   12
     923   12
     924   12
     925    7
     926   12
     927   12
     928   12
     929   12
     930   12
     931    6
     932    5
     933    2
     934   12
     935   12
     936   12
     937   10
     938    9
     939   12
     940   12
     941   12
     942   12
     943    6
     944    2
     945   11
     946    9
     947    9
     948    9
     949   10
     950    8
     951   12
     952    6
     953    5
     954    3
     955    3
     956    3
     957    3
     958    3
     959    3
     960    3
     961    3
     962    5
     963    5
     964    6
     965    5
     966    3
     967    3
     968    5
     969    5
     970    3
     971    3
     972    3
     973    3
     974    3
     975    3
     976    1
     977    1
     978    1
     979    1
     980    1
     981    1
     982    1
     983    1
     984    1
     985   12
     986    9
     987   11
     988   11
     989    2
     990    2
     991    2
     992    6
     993    3
     994    5
     995    5
     996    1
     997   12
     998   12
     999   12
    1000   12
    1001   12
    1002   12
    1003    7
    1004   12
    1005    2
    1006    2
    1007    2
    1008    2
    1009    2
    1010    2
    1011    6
    1012    5
    1013    6
    1014    3
    1015    5
    1016    6
    1017    4
    1018    6
    1019    6
    1020    6
    1021   12
    1022   12
    1023   12
    1024   12
    1025   12
    1026   12
    1027    6
    1028    6
    1029    6
    1030    3
    1031    5
    1032   12
    1033   12
    1034    8
    1035   12
    1036   12
    1037    1
    1038    1
    1039    1
    1040    5
    1041    6
    1042    5
    1043    6
    1044    6
    1045    2
    1046    2
    1047    6
    1048    8
    1049   12
    1050   12
    1051   11
    1052   11
    1053   11
    1054   11
    1055   11
    1056   11
    1057   11
    1058   11
    1059   11
    1060   11
    1061   10
    1062   10
    1063   10
    1064   10
    1065   10
    1066   10
    1067    9
    1068   11
    1069   11
    1070   11
    1071   11
    1072    9
    1073   12
    1074   12
    1075    1
    1076    1
    1077    1
    1078    1
    1079    3
    1080    5
    1081    3
    1082    6
    1083    6
    1084   15
    1085   15
    1086   12
    1087   12
    1088   11
    1089   11
    1090    9
    1091   11
    1092    8
    1093    8
    1094   12
    1095    6
    1096    5
    1097    1
    1098    1
    1099   12
    1100    7
    1101    6
    1102    3
    1103    5
    1104    1
    1105    1
    1106    1
    1107    1
    1108    4
    1109    4
    1110    3
    1111    5
    1112    6
    1113    1
    1114    1
    1115    1
    1116    6
    1117    1
    1118    1
    1119    1
    1120    5
    1121    5
    1122    6
    1123    6
    1124   12
    1125   12
    1126   12
    1127    8
    1128    6
    1129    7
    1130   12
    1131   12
    1132   12
    1133   12
    1134   12
    1135    6
    1136   12
    1137   12
    1138   12
    1139   12
    1140   12
    1141   12
    1142   12
    1143   12
    1144   12
    1145   12
    1146   12
    1147   12
    1148   12
    1149   12
    1150   12
    1151   12
    1152   12
    1153   12
    1154   12
    1155   12
    1156   12
    1157   12
    1158    7
    1159    6
    1160    3
    1161    3
    1162    3
    1163    3
    1164    1
    1165    1
    1166    1
    1167    1
    1168    1
    1169    1
    1170    1
    1171    1
    1172    1
    1173    5
    1174    1
    1175   12
    1176   12
    1177   12
    1178   12
    1179    6
    1180    6
    1181    6
    1182    6
    1183    5
    1184    5
    1185    6
    1186    5
    1187    4
    1188    4
    1189    4
    1190    4
    1191    4
    1192    4
    1193    5
    1194    5
    1195    5
    1196    4
    1197    4
    1198    6
    1199    3
    1200    3
    1201    3
    1202    5
    1203    5
    1204    1
    1205    1
    1206    5
    1207    1
    1208    1
    1209    3
    1210    5
    1211    6
    1212    3
    1213    1
    1214    1
    1215    1
    1216    1
    1217    1
    1218    1
    1219    1
    1220    1
    1221    1
    1222    1
    1223    1
    1224    1
    1225    1
    1226    1
    1227    1
    1228    1
    1229   12
    1230   12
    1231    6
    1232    5
    1233    4
    1234    4
    1235    3
    1236    3
    1237    1
    1238    1
    1239    1
    1240    1
    1241    1
    1242    1
    1243   12
    1244   12
    1245   12
    1246   12
    1247   12
    1248   12
    1249   12
    1250   12
    1251   12
    1252   12
    1253   12
    1254   12
    1255   12
    1256   10
    1257   10
    1258   10
    1259   12
    1260   12
    1261   12
    1262    8
    1263    7
    1264    6
    1265   12
    1266   12
    1267   12
    1268    8
    1269   12
    1270   12
    1271   12
    1272   12
    1273   12
    1274    8
    1275    1
    1276    1
    1277    1
    1278    1
    1279    1
    1280    3
    1281    4
    1282    4
    1283    6
    1284    7
    1285   12
    1286   12
    1287   12
    1288    6
    1289    1
    1290    1
    1291    1
    1292    1
    1293    1
    1294    1
    1295    6
    1296    5
    1297    1
    1298    1
    1299    1
    1300    1
    1301    1
    1302    1
    1303    1
    1304    3
    1305    1
    1306    3
    1307    3
    1308    3
    1309    3
    1310    3
    1311    5
    1312    5
    1313    6
    1314   12
    1315   12
    1316    7
    1317   12
    1318   12
    1319   12
    1320   12
    1321   12
    1322    6
    1323   12
    1324   12
    1325   12
    1326    6
    1327    5
    1328    8
    1329   12
    1330   12
    1331    8
    1332    9
    1333   12
    1334   12
    1335    1
    1336    1
    1337    1
    1338    1
    1339    1
    1340    1
    1341    1
    1342    6
    1343    6
    1344    7
    1345   12
    1346   12
    1347    7
    1348   12
    1349    1
    1350    6
    1351    1
    1352    6
    1353    1
    1354    1
    1355    5
    1356    6
    1357    6
    1358    8
    1359   12
    1360   12
    1361   12
    1362   12
    1363    7
    1364    8
    1365   12
    1366   12
    1367   12
    1368   12
    1369   12
    1370    1
    1371    1
    1372    1
    1373    8
    1374    8
    1375    7
    1376   12
    1377   12
    1378   12
    1379    8
    1380   12
    1381    8
    1382   12
    1383   12
    1384   12
    1385   12
    1386   12
    1387   10
    1388   10
    1389   10
    1390   10
    1391   10
    1392   10
    1393   10
    1394   10
    1395   10
    1396    9
    1397    9
    1398   10
    1399   10
    1400   10
    1401   10
    1402   10
    1403   10
    1404   10
    1405   10
    1406   10
    1407   10
    1408   10
    1409   10
    1410   10
    1411   10
    1412   10
    1413   10
    1414   10
    1415   10
    1416   10
    1417   10
    1418   10
    1419   10
    1420   10
    1421   10
    1422   10
    1423   10
    1424   10
    1425   10
    1426   10
    1427   10
    1428   10
    1429   10
    1430   10
    1431   10
    1432   10
    1433   10
    1434   10
    1435   10
    1436   10
    1437   10
    1438   10
    1439   10
    1440   10
    1441   10
    1442   10
    1443   11
    1444   11
    1445   11
    1446   11
    1447   11
    1448   11
    1449   11
    1450   11
    1451   11
    1452   11
    1453   11
    1454   10
    1455   10
    1456   10
    1457   10
    1458   10
    1459   10
    1460   10
    1461   10
    1462   10
    1463    9
    1464   11
    1465   11
    1466   11
    1467   11
    1468   11
    1469    9
    1470   11
    1471   11
    1472    9
    1473    9
    1474   11
    1475   11
    1476   11
    1477   11
    1478   11
    1479   11
    1480    9
    1481   12
    1482   12
    1483    7
    1484   12
    1485    7
    1486    7
    1487    7
    1488    7
    1489    7
    1490   12
    1491   12
    1492    6
    1493    6
    1494    2
    1495    9
    1496    9
    1497   10
    1498   10
    1499    9
    1500   12
    1501   12
    1502    6
    1503    7
    1504   10
    1505   10
    1506   10
    1507   10
    1508   10
    1509   10
    1510   10
    1511   11
    1512   11
    1513   11
    1514   11
    1515   11
    1516   11
    1517   11
    1518   11
    1519   11
    1520   11
    1521   11
    1522   11
    1523   11
    1524   11
    1525   11
    1526   10
    1527    6
    1528    6
    1529   11
    1530   11
    1531   11
    1532   11
    1533   11
    1534   11
    1535   11
    1536    9
    1537   11
    1538   11
    1539    9
    1540   11
    1541   11
    1542   11
    1543   11
    1544    8
    1545   12
    1546    8
    1547   11
    1548   11
    1549   11
    1550    9
    1551   11
    1552   11
    1553   10
    1554   10
    1555   10
    1556   10
    1557   10
    1558   10
    1559   10
    1560   10
    1561   10
    1562   10
    1563   10
    1564   10
    1565   11
    1566   11
    1567   11
    1568   11
    1569   10
    1570   10
    1571   10
    1572   10
    1573   10
    1574   10
    1575   10
    1576   10
    1577   10
    1578   10
    1579   10
    1580   10
    1581   10
    1582   10
    1583   11
    1584   11
    1585   11
    1586   11
    1587   11
    1588   11
    1589   11
    1590   11
    1591   11
    1592   11
    1593   11
    1594   11
    1595   11
    1596   10
    1597   10
    1598   10
    1599   10
    1600   10
    1601   10
    1602   10
    1603   10
    1604   10
    1605   10
    1606   10
    1607   10
    1608   10
    1609   10
    1610   10
    1611   10
    1612   10
    1613   11
    1614   11
    1615   11
    1616   11
    1617   10
    1618   10
    1619   10
    1620   10
    1621   10
    1622   10
    1623   10
    1624   10
    1625   10
    1626   10
    1627   10
    1628   10
    1629   10
    1630   11
    1631   11
    1632   11
    1633   11
    1634   11
    1635   11
    1636   11
    1637   11
    1638   11
    1639   11
    1640   11
    1641   11
    1642   11
    1643   11
    1644   11
    1645   11
    1646   11
    1647   11
    1648   10
    1649   10
    1650   10
    1651   10
    1652    9
    1653    9
    1654    9
    1655   12
    1656   12
    1657   12
    1658   12
    1659    7
    1660    8
    1661   10
    1662   10
    1663   10
    1664   10
    1665   10
    1666   11
    1667   11
    1668    9
    1669   10
    1670   10
    1671   10
    1672   10
    1673   10
    1674   10
    1675   10
    1676   12
    1677   12
    1678   12
    1679    6
    1680    6
    1681    5
    1682    3
    1683    3
    1684    1
    1685    1
    1686    1
    1687    1
    1688    7
    1689    7
    1690   12
    1691    2
    1692    2
    1693    2
    1694    6
    1695   10
    1696   10
    1697   10
    1698    9
    1699    7
    1700   12
    1701    8
    1702   12
    1703   12
    1704   12
    1705   12
    1706   12
    1707   12
    1708   12
    1709   12
    1710    8
    1711   12
    1712   12
    1713    8
    1714    7
    1715    6
    1716    2
    1717    2
    1718    6
    1719    6
    1720    6
    1721    5
    1722    6
    1723    7
    1724   12
    1725    9
    1726    8
    1727    8
    1728   12
    1729    6
    1730    8
    1731   12
    1732    6
    1733    1
    1734    1
    1735    1
    1736    1
    1737    6
    1738    6
    1739    5
    1740    1
    1741    1
    1742    6
    1743    7
    1744   11
    1745   11
    1746   11
    1747    9
    1748   12
    1749    8
    1750   12
    1751    8
    1752    7
    1753    7
    1754    7
    1755    6
    1756    6
    1757    3
    1758    3
    1759    3
    1760    1
    1761    1
    1762    8
    1763    8
    1764    8
    1765   12
    1766   12
    1767    6
    1768    2
    1769    6
    1770    5
    1771    5
    1772    5
    1773    5
    1774    2
    1775    2
    1776    2
    1777    7
    1778    6
    1779    6
    1780    1
    1781    1
    1782    1
    1783    1
    1784    1
    1785    1
    1786    1
    1787    7
    1788    1
    1789    1
    1790    5
    1791    5
    1792    3
    1793    5
    1794    6
    1795    5
    1796    5
    1797    3
    1798    3
    1799    5
    1800    4
    1801    4
    1802    6
    1803    6
    1804    7
    1805   12
    1806   12
    1807   12
    1808   12
    1809   12
    1810   12
    1811    1
    1812    3
    1813    6
    1814    7
    1815   12
    1816   10
    1817   10
    1818   10
    1819   10
    1820   10
    1821   10
    1822   12
    1823    7
    1824    7
    1825   11
    1826   11
    1827   11
    1828    7
    1829    7
    1830    6
    1831   10
    1832   10
    1833   10
    1834   10
    1835   10
    1836   10
    1837   10
    1838   10
    1839   10
    1840   10
    1841   10
    1842   10
    1843   10
    1844   10
    1845   10
    1846   10
    1847   10
    1848   10
    1849   10
    1850   10
    1851   10
    1852   10
    1853   10
    1854   10
    1855   10
    1856   10
    1857   10
    1858   10
    1859   10
    1860   10
    1861   10
    1862   10
    1863   10
    1864   10
    1865   11
    1866   11
    1867   11
    1868   11
    1869   11
    1870   11
    1871   11
    1872   11
    1873   11
    1874    9
    1875    9
    1876    9
    1877    9
    1878    9
    1879   11
    1880    9
    1881   11
    1882    9
    1883    9
    1884    9
    1885    9
    1886   11
    1887   11
    1888    9
    1889    6
    1890   12
    1891   12
    1892   12
    1893   12
    1894   12
    1895    7
    1896   11
    1897   11
    1898   11
    1899   11
    1900   11
    1901   11
    1902   11
    1903   11
    1904   11
    1905   11
    1906   11
    1907   11
    1908   11
    1909   12
    1910    8
    1911   12
    1912   12
    1913    9
    1914   12
    1915    2
    1916    6
    1917    8
    1918    8
    1919   12
    1920   12
    1921    7
    1922    7
    1923   12
    1924    8
    1925    1
    1926    5
    1927    5
    1928    1
    1929    3
    1930    6
    1931    3
    1932    3
    1933    5
    1934    6
    1935    6
    1936    2
    1937   12
    1938   10
    1939   10
    1940   10
    1941   10
    1942   12
    1943    6
    1944    5
    1945    3
    1946    3
    1947    1
    1948    1
    1949    1
    1950    6
    1951    7
    1952    8
    1953    8
    1954    8
    1955    7
    1956    7
    1957    7
    1958   12
    1959   12
    1960   12
    1961    8
    1962    9
    1963   11
    1964   11
    1965   11
    1966    7
    1967   12
    1968   12
    1969   12
    1970   12
    1971    2
    1972    2
    1973    6
    1974   12
    1975   12
    1976   12
    1977   12
    1978    6
    1979    5
    1980    1
    1981    1
    1982    1
    1983    1
    1984    1
    1985    1
    1986    1
    1987    1
    1988    8
    1989   12
    1990    7
    1991    8
    1992   12
    1993   12
    1994   12
    1995   10
    1996   11
    1997   11
    1998   10
    1999   10
    2000   10
    2001   10
    2002   10
    2003   10
    2004   10
    2005   10
    2006   10
    2007   10
    2008   10
    2009   10
    2010   10
    2011   10
    2012   10
    2013   10
    2014   10
    2015   10
    2016   10
    2017   10
    2018   10
    2019   10
    2020   10
    2021   10
    2022   10
    2023   10
    2024   10
    2025   10
    2026   10
    2027   10
    2028   10
    2029   10
    2030   10
    2031   10
    2032   10
    2033   10
    2034   10
    2035   10
    2036   10
    2037   10
    2038   10
    2039   10
    2040   10
    2041   12
    2042   12
    2043   10
    2044   10
    2045   10
    2046   10
    2047   10
    2048   10
    2049   10
    2050   10
    2051   10
    2052   10
    2053   10
    2054   10
    2055   12
    2056   12
    2057   12
    2058   12
    2059   12
    2060   12
    2061   12
    2062   12
    2063   12
    2064   12
    2065    8
    2066   12
    2067   12
    2068   12
    2069    1
    2070    6
    2071    1
    2072    1
    2073    1
    2074    5
    2075    6
    2076    7
    2077    7
    2078    8
    2079   12
    2080   12
    2081   12
    2082   10
    2083   10
    2084   10
    2085   10
    2086   10
    2087   10
    2088   10
    2089   10
    2090    9
    2091   10
    2092   10
    2093   10
    2094   10
    2095   10
    2096   10
    2097   10
    2098   10
    2099   10
    2100   10
    2101   10
    2102   10
    2103   10
    2104   10
    2105   10
    2106   10
    2107   12
    2108   12
    2109   12
    2110   12
    2111   12
    2112   12
    2113   12
    2114   10
    2115   10
    2116   10
    2117   10
    2118   10
    2119   10
    2120   10
    2121   10
    2122   10
    2123   10
    2124   10
    2125   13
    2126   13
    2127   13
    2128   13
    2129   13
    2130   13
    2131   13
    2132   13
    2133   13
    2134   13
    2135   13
    2136   13
    2137   13
    2138   13
    2139   13
    2140   13
    2141   13
    2142   13
    2143   13
    2144   13
    2145   13
    2146   13
    2147   13
    2148   13
    2149   13
    2150   13
    2151   13
    2152   13
    2153   13
    2154   13
    2155   13
    2156   13
    2157   13
    2158   13
    2159   13
    2160   13
    2161   13
    2162   13
    2163   13
    2164   13
    2165   13
    2166   13
    2167   10
    2168   10
    2169   10
    2170   10
    2171   12
    2172    8
    2173   12
    2174   12
    2175   12
    2176   12
    2177   12
    2178   12
    2179   12
    2180   12
    2181   12
    2182   12
    2183   12
    2184   12
    2185   12
    2186   12
    2187   12
    2188   13
    2189   13
    2190   13
    2191   12
    2192   12
    2193   12
    2194   12
    2195   10
    2196   10
    2197   12
    2198   12
    2199   10
    2200   10
    2201   12
    2202    8
    2203    8
    2204    8
    2205   12
    2206   12
    2207    8
    2208    8
    2209   12
    2210   12
    2211   12
    2212    8
    2213    8
    2214   12
    2215    8
    2216   12
    2217   12
    2218   12
    2219   12
    2220    9
    2221    9
    2222    6
    2223    5
    2224    6
    2225   12
    2226    7
    2227    6
    2228    1
    2229    1
    2230    1
    2231    1
    2232    1
    2233    1
    2234    1
    2235    1
    2236    1
    2237    3
    2238    3
    2239    3
    2240    3
    2241    5
    2242    6
    2243    6
    2244    6
    2245    8
    2246   12
    2247   12
    2248   12
    2249   12
    2250   12
    2251   12
    2252   12
    2253   12
    2254   12
    2255   12
    2256   12
    2257   12
    2258   12
    2259    1
    2260    3
    2261    3
    2262    3
    2263    6
    2264    6
    2265    6
    2266    5
    2267    1
    2268    1
    2269    1
    2270   12
    2271   12
    2272    6
    2273    6
    2274    5
    2275    5
    2276    1
    2277    1
    2278    7
    2279    1
    2280    7
    2281   12
    2282   12
    2283   12
    2284   12
    2285    1
    2286    6
    2287    6
    2288    8
    2289   12
    2290   12
    2291   12
    2292   12
    2293   12
    2294    9
    2295   11
    2296   10
    2297   10
    2298   10
    2299    6
    2300    5
    2301    6
    2302    6
    2303    1
    2304    6
    2305    1
    2306    1
    2307    1
    2308    1
    2309    6
    2310    6
    2311    5
    2312    1
    2313    1
    2314    1
    2315    3
    2316    6
    2317    8
    2318   12
    2319    1
    2320    1
    2321    1
    2322    5
    2323    6
    2324   12
    2325   12
    2326    1
    2327    1
    2328    1
    2329    1
    2330    6
    2331   12
    2332    7
    2333    1
    2334    1
    2335    1
    2336    3
    2337    5
    2338    6
    2339    5
    2340    1
    2341    6
    2342    6
    2343    1
    2344    1
    2345    6
    2346    6
    2347    2
    2348    2
    2349    2
    2350    6
    2351   12
    2352   12
    2353    7
    2354    8
    2355   12
    2356   12
    2357   12
    2358   12
    2359   12
    2360   12
    2361    1
    2362    1
    2363    1
    2364    1
    2365    3
    2366    4
    2367    4
    2368    6
    2369    8
    2370    8
    2371    8
    2372    6
    2373    3
    2374    3
    2375   12
    2376    9
    2377   12
    2378   12
    2379   12
    2380   12
    2381   12
    2382    8
    2383    7
    2384   12
    2385   12
    2386   12
    2387   12
    2388   12
    2389   12
    2390   12
    2391    8
    2392    8
    2393    8
    2394   12
    2395    8
    2396   12
    2397    2
    2398    2
    2399    2
    2400    2
    2401    2
    2402    3
    2403    3
    2404    6
    2405    6
    2406    6
    2407    6
    2408    7
    2409   12
    2410    5
    2411    3
    2412    3
    2413    5
    2414    6
    2415    6
    2416    6
    2417   12
    2418    8
    2419   12
    2420   12
    2421    5
    2422    6
    2423    6
    2424    1
    2425    1
    2426    1
    2427    1
    2428    6
    2429    6
    2430   12
    2431   12
    2432    8
    2433   12
    2434   12
    2435   12
    2436   12
    2437   12
    2438   12
    2439   12
    2440   12
    2441   12
    2442   12
    2443   12
    2444   10
    2445   10
    2446   10
    2447   13
    2448   13
    2449   13
    2450   13
    2451   13
    2452   13
    2453   13
    2454   13
    2455   13
    2456   13
    2457   13
    2458   13
    2459   13
    2460   13
    2461   13
    2462   13
    2463   13
    2464   13
    2465   13
    2466   10
    2467   10
    2468   10
    2469   10
    2470   10
    2471   10
    2472   12
    2473   12
    2474   12
    2475   12
    2476    8
    2477    8
    2478    6
    2479    6
    2480    7
    2481    9
    2482   12
    2483   12
    2484   12
    2485    8
    2486   12
    2487   12
    2488    8
    2489   12
    2490    5
    2491    6
    2492    5
    2493    3
    2494    6
    2495    5
    2496    6
    2497    6
    2498    2
    2499    2
    2500    6
    2501    6
    2502    8
    2503    8
    2504    9
    2505   10
    2506   10
    2507   12
    2508   12
    2509    8
    2510   12
    2511   12
    2512   12
    2513   12
    2514   12
    2515   12
    2516   12
    2517   12
    2518   12
    2519   12
    2520   12
    2521    9
    2522    9
    2523    9
    2524    6
    2525    5
    2526    9
    2527    9
    2528    9
    2529   12
    2530    1
    2531    1
    2532    1
    2533    1
    2534    7
    2535    1
    2536    1
    2537    1
    2538    1
    2539    1
    2540    1
    2541   12
    2542   12
    2543   12
    2544   12
    2545   12
    2546   12
    2547   12
    2548   12
    2549   12
    2550    1
    2551    1
    2552    1
    2553    1
    2554    5
    2555    1
    2556    1
    2557    1
    2558    1
    2559    4
    2560    4
    2561    4
    2562    3
    2563    3
    2564    6
    2565    7
    2566   12
    2567   12
    2568   12
    2569    7
    2570    7
    2571    7
    2572    1
    2573    6
    2574    6
    2575   12
    2576    6
    2577    1
    2578    1
    2579    1
    2580    1
    2581    2
    2582    6
    2583    6
    2584    1
    2585    1
    2586    1
    2587    5
    2588    6
    2589   12
    2590   12
    2591   12
    2592   12
    2593   12
    2594   12
    2595    8
    2596    7
    2597    6
    2598    1
    2599    6
    2600    8
    2601    9
    2602   11
    2603    9
    2604   11
    2605    9
    2606   10
    2607   10
    2608   10
    2609   10
    2610   12
    2611   10
    2612   10
    2613   10
    2614   10
    2615   10
    2616   10
    2617    6
    2618    1
    2619    1
    2620    1
    2621    1
    2622    1
    2623    1
    2624    1
    2625    1
    2626    5
    2627    6
    2628    5
    2629    6
    2630    6
    2631    6
    2632    5
    2633    6
    2634   12
    2635    6
    2636    1
    2637    1
    2638    1
    2639    1
    2640    1
    2641    2
    2642    2
    2643    2
    2644    3
    2645    6
    2646    6
    2647    6
    2648    6
    2649    9
    2650   12
    2651    9
    2652   10
    2653    8
    2654   12
    2655   12
    2656   12
    2657    8
    2658    7
    2659    8
    2660   10
    2661   10
    2662   10
    2663   10
    2664   12
    2665    6
    2666    7
    2667    6
    2668   12
    2669   12
    2670   12
    2671   12
    2672   13
    2673   13
    2674   13
    2675   13
    2676   13
    2677   13
    2678   13
    2679   13
    2680   13
    2681   13
    2682   13
    2683   13
    2684   13
    2685   13
    2686   13
    2687   13
    2688   13
    2689   13
    2690   13
    2691   13
    2692   13
    2693   13
    2694   13
    2695   13
    2696   13
    2697   13
    2698   13
    2699   13
    2700   13
    2701   13
    2702   13
    2703   13
    2704   13
    2705   13
    2706   13
    2707   13
    2708   13
    2709   13
    2710   13
    2711   13
    2712   13
    2713   13
    2714   13
    2715   13
    2716   13
    2717   13
    2718   13
    2719   13
    2720   13
    2721   13
    2722   13
    2723   13
    2724   13
    2725   13
    2726   13
    2727   13
    2728   13
    2729   13
    2730   13
    2731   13
    2732   13
    2733   13
    2734   13
    2735   13
    2736   13
    2737   13
    2738   13
    2739   13
    2740   13
    2741   13
    2742   13
    2743   13
    2744   13
    2745   13
    2746   13
    2747    8
    2748   10
    2749   10
    2750   10
    2751   10
    2752    8
    2753    8
    2754   12
    2755   12
    2756   12
    2757   12
    2758   12
    2759   10
    2760   10
    2761   10
    2762   10
    2763    7
    2764   12
    2765   12
    2766   10
    2767   10
    2768   10
    2769   10
    2770   10
    2771   13
    2772   13
    2773   13
    2774   13
    2775   13
    2776   13
    2777   13
    2778   13
    2779   13
    2780   13
    2781   13
    2782   13
    2783   13
    2784   13
    2785   13
    2786   13
    2787   13
    2788   13
    2789   13
    2790   13
    2791   13
    2792   13
    2793   13
    2794   13
    2795   13
    2796   13
    2797   13
    2798   13
    2799   13
    2800   13
    2801   13
    2802   13
    2803   13
    2804   13
    2805   13
    2806   13
    2807   13
    2808   13
    2809   13
    2810   13
    2811   13
    2812   13
    2813   13
    2814   13
    2815   13
    2816   13
    2817   13
    2818   13
    2819   13
    2820   13
    2821   13
    2822   13
    2823   13
    2824   13
    2825   13
    2826   13
    2827   13
    2828   13
    2829   13
    2830   13
    2831   13
    2832   13
    2833   13
    2834   13
    2835   13
    2836   13
    2837   13
    2838   13
    2839   13
    2840   13
    2841   13
    2842   13
    2843   13
    2844   13
    2845   13
    2846   13
    2847   13
    2848   12
    2849   12
    2850   12
    2851   12
    2852    1
    2853    1
    2854    1
    2855    1
    2856    1
    2857    4
    2858   12
    2859   12
    2860    1
    2861    5
    2862    6
    2863    8
    2864   13
    2865   13
    2866   13
    2867   13
    2868   13
    2869   13
    2870   13
    2871   13
    2872   13
    2873   13
    2874   13
    2875   13
    2876   13
    2877   13
    2878   13
    2879   13
    2880   13
    2881   13
    2882   13
    2883   13
    2884   13
    2885   13
    2886   13
    2887   13
    2888   13
    2889   13
    2890   13
    2891   13
    2892   10
    2893   10
    2894   10
    2895   10
    2896   10
    2897   10
    2898   10
    2899   12
    2900   12
    2901    8
    2902   12
    2903   12
    2904   12
    2905   13
    2906   13
    2907   13
    2908   13
    2909   13
    2910   13
    2911   13
    2912   13
    2913   13
    2914   13
    2915   13
    2916   13
    2917   13
    2918   13
    2919   13
    2920   13
    2921   13
    2922   13
    2923   13
    2924   13
    2925   13
    2926   13
    2927   13
    2928   13
    2929   13
    2930   13
    2931   13
    2932   13
    2933   13
    2934   13
    2935   13
    2936   13
    2937   13
    2938   13
    2939   13
    2940   13
    2941   13
    2942   13
    2943   13
    2944   13
    2945   13
    2946   13
    2947   13
    2948   13
    2949   13
    2950   13
    2951   13
    2952   13
    2953   13
    2954   13
    2955   13
    2956   13
    2957   13
    2958   13
    2959   13
    2960   13
    2961   13
    2962   13
    2963   13
    2964   13
    2965   13
    2966   13
    2967   13
    2968   13
    2969   13
    2970   13
    2971   13
    2972   13
    2973   13
    2974   13
    2975   13
    2976   13
    2977   13
    2978   13
    2979   13
    2980   13
    2981   13
    2982   13
    2983   13
    2984   13
    2985   13
    2986   13
    2987   13
    2988   13
    2989   13
    2990   13
    2991   13
    2992   13
    2993   13
    2994   13
    2995   12
    2996   12
    2997    7
    2998    6
    2999    3
    3000    1
    3001   12
    3002    8
    3003    4
    3004    4
    3005    3
    3006    5
    3007    1
    3008    1
    3009    1
    3010    1
    3011    1
    3012    1
    3013    1
    3014   14
    3015   14
    3016   14
    3017   14
    3018   12
    3019   12
    3020    1
    3021    1
    3022   12
    3023   12
    3024   12
    3025   12
    3026   12
    3027   12
    3028   12
    3029   12
    3030   12
    3031   12
    3032   12
    3033   12
    3034   12
    3035   12
    3036   13
    3037   13
    3038   13
    3039   13
    3040   13
    3041   13
    3042   13
    3043   13
    3044   13
    3045   13
    3046   13
    3047   13
    3048   13
    3049   13
    3050   13
    3051   13
    3052   13
    3053   13
    3054   13
    3055   13
    3056   13
    3057   13
    3058   13
    3059   13
    3060   13
    3061   13
    3062   13
    3063   13
    3064   13
    3065   13
    3066   13
    3067   13
    3068   13
    3069   13
    3070   13
    3071   13
    3072   13
    3073   13
    3074   13
    3075   13
    3076   13
    3077   13
    3078   13
    3079   13
    3080   13
    3081   13
    3082   13
    3083   13
    3084   13
    3085   13
    3086   13
    3087   13
    3088   13
    3089   13
    3090   13
    3091   13
    3092   13
    3093   13
    3094   13
    3095   13
    3096   13
    3097   13
    3098   13
    3099   13
    3100   13
    3101   13
    3102   13
    3103   13
    3104   13
    3105   13
    3106   13
    3107   13
    3108   13
    3109   13
    3110   13
    3111   13
    3112   13
    3113   13
    3114   13
    3115   13
    3116   13
    3117   13
    3118   13
    3119   13
    3120   13
    3121   13
    3122   13
    3123   13
    3124   13
    3125   13
    3126   13
    3127   13
    3128   13
    3129   13
    3130   13
    3131   13
    3132   13
    3133   13
    3134   13
    3135   13
    3136   13
    3137   13
    3138   13
    3139   13
    3140   13
    3141   13
    3142   13
    3143   13
    3144   13
    3145   13
    3146   13
    3147   13
    3148   13
    3149   13
    3150   13
    3151   13
    3152   13
    3153   13
    3154   13
    3155   13
    3156   13
    3157   13
    3158   13
    3159   13
    3160   13
    3161   13
    3162   13
    3163   13
    3164   13
    3165   13
    3166   13
    3167   13
    3168   13
    3169   13
    3170   13
    3171   13
    3172   13
    3173   13
    3174   13
    3175   13
    3176   13
    3177   13
    3178   13
    3179   13
    3180   13
    3181   13
    3182   13
    3183   13
    3184   13
    3185   13
    3186   13
    3187   13
    3188   13
    3189   13
    3190   13
    3191   13
    3192   13
    3193   13
    3194   13
    3195   13
    3196   13
    3197   13
    3198   13
    3199   13
    3200   13
    3201   13
    3202   13
    3203   13
    3204   13
    3205   13
    3206   13
    3207   13
    3208   13
    3209   13
    3210   13
    3211   13
    3212   13
    3213   13
    3214   13
    3215   13
    3216   13
    3217   13
    3218   13
    3219   13
    3220   13
    3221   13
    3222   13
    3223   13
    3224   13
    3225   13
    3226   13
    3227   13
    3228   13
    3229   13
    3230   13
    3231   13
    3232   13
    3233   13
    3234   13
    3235   13
    3236   13
    3237   13
    3238   13
    3239   13
    3240   13
    3241   13
    3242   13
    3243   13
    3244   13
    3245   13
    3246   13
    3247   13
    3248   13
    3249   13
    3250   13
    3251   13
    3252   13
    3253   13
    3254   13
    3255   13
    3256   13
    3257   13
    3258   13
    3259   13
    3260   13
    3261   13
    3262   13
    3263   13
    3264   13
    3265   13
    3266   13
    3267   13
    3268   13
    3269   13
    3270   13
    3271   13
    3272   13
    3273   13
    3274   13
    3275   13
    3276   13
    3277   13
    3278   13
    3279   13
    3280   13
    3281   13
    3282   13
    3283   13
    3284   13
    3285   13
    3286   13
    3287   13
    3288   13
    3289   13
    3290   13
    3291   13
    3292   13
    3293   13
    3294   13
    3295   13
    3296   13
    3297   13
    3298   13
    3299   13
    3300   13
    3301   13
    3302   13
    3303   13
    3304   13
    3305   13
    3306   13
    3307   13
    3308   13
    3309   13
    3310   13
    3311   13
    3312   13
    3313   13
    3314   13
    3315   13
    3316   13
    3317   13
    3318   13
    3319   13
    3320   13
    3321   13
    3322   13
    3323   13
    3324   13
    3325   13
    3326   13
    3327   13
    3328   13
    3329   13
    3330   13
    3331   13
    3332   13
    3333   13
    3334   13
    3335   13
    3336   13
    3337   13
    3338   13
    3339   13
    3340   13
    3341   13
    3342   13
    3343   13
    3344   13
    3345   13
    3346   13
    3347   13
    3348   13
    3349   13
    3350   13
    3351   13
    3352   13
    3353   13
    3354   13
    3355   13
    3356   13
    3357   13
    3358   13
    3359   13
    3360   13
    3361   13
    3362   13
    3363   13
    3364   13
    3365   13
    3366   13
    3367   13
    3368   13
    3369   13
    3370   13
    3371   13
    3372   13
    3373   13
    3374   13
    3375   13
    3376   13
    3377   13
    3378   13
    3379   13
    3380   13
    3381   13
    3382   13
    3383   13
    3384   13
    3385   13
    3386   13
    3387   13
    3388   13
    3389   13
    3390   13
    3391   13
    3392   13
    3393   13
    3394   13
    3395   13
    3396   13
    3397   13
    3398   13
    3399   13
    3400   13
    3401   13
    3402   13
    3403   13
    3404   13
    3405   13
    3406   13
    3407   13
    3408   13
    3409   13
    3410   13
    3411   13
    3412   13
    3413   13
    3414   13
    3415   13
    3416   13
    3417   13
    3418   13
    3419   13
    3420   13
    3421   13
    3422   13
    3423   13
    3424   13
    3425   13
    3426   13
    3427   13
    3428   13
    3429   13
    3430   13
    3431   13
    3432   13
    3433   13
    3434   13
    3435   13
    3436   13
    3437   13
    3438   13
    3439   13
    3440   13
    3441   13
    3442   13
    3443   13
    3444   13
    3445   13
    3446   13
    3447   13
    3448   13
    3449   13
    3450   13
    3451   13
    3452   13
    3453   13
    3454   13
    3455   13
    3456   13
    3457   13
    3458   13
    3459   13
    3460   13
    3461   13
    3462   13
    3463   13
    3464   13
    3465   13
    3466   13
    3467   13
    3468   13
    3469   13
    3470   13
    3471   13
    3472   13
    3473   13
    3474   13
    3475   13
    3476   13
    3477   13
    3478   13
    3479   13
    3480   13
    3481   13
    3482   13
    3483   13
    3484   13
    3485   13
    3486   13
    3487   13
    3488   13
    3489   13
    3490   13
    3491   13
    3492   13
    3493   13
    3494   13
    3495   13
    3496   13
    3497   13
    3498   13
    3499   10
    3500   10
    3501   10
    3502   10
    3503   10
    3504   10
    3505   10
    3506   10
    3507   10
    3508   10
    3509   10
    3510   10
    3511   10
    3512   10
    3513   10
    3514   10
    3515   10
    3516   10
    3517    9
    3518   12
    3519   12
    3520   12
    3521   12
    3522   12
    3523   12
    3524   12
    3525   12
    3526   12
    3527   12
    3528    8
    3529    7
    3530    6
    3531    6
    3532    6
    3533    3
    3534    3
    3535    3
    3536    3
    3537    5
    3538    3
    3539    3
    3540    3
    3541    3
    3542    3
    3543    3
    3544    3
    3545    3
    3546    3
    3547    1
    3548    3
    3549    3
    3550    3
    3551    3
    3552    3
    3553    3
    3554    3
    3555    1
    3556    1
    3557    1
    3558    1
    3559    1
    3560    1
    3561    1
    3562   12
    3563   12
    3564   12
    3565    9
    3566    8
    3567   12
    3568   12
    3569   12
    3570   12
    3571    8
    3572    6
    3573    3
    3574    3
    3575    3
    3576    3
    3577    1
    3578    1
    3579    1
    3580    1
    3581    1
    3582    1
    3583    1
    3584    1
    3585    1
    3586    1
    3587    1
    3588    1
    3589    1
    3590    1
    3591    1
    3592    1
    3593    1
    3594    1
    3595    1
    3596    1
    3597    1
    3598    1
    3599    6
    3600    5
    3601   12
    3602   12
    3603   12
    3604   12
    3605    9
    3606   12
    3607    7
    3608   15
    3609   15
    3610   15
    3611   15
    3612   15
    3613   15
    3614   15
    3615   15
    3616   15
    3617   15
    3618   15
    3619   15
    3620   15
    3621   15
    3622   15
    3623   15
    3624   15
    3625   15
    3626   15
    3627    8
    3628   12
    3629   12
    3630    8
    3631   15
    3632   15
    3633   15
    3634   15
    3635   15
    3636   15
    3637   15
    3638    8
    3639   12
    3640    8
    3641    9
    3642   10
    3643   10
    3644   10
    3645   10
    3646   12
    3647    8
    3648   12
    3649   12
    3650   10
    3651   10
    3652   10
    3653   10
    3654   10
    3655    8
    3656   12
    3657   12
    3658   12
    3659   10
    3660   10
    3661   10
    3662   10
    3663   10
    3664   10
    3665    9
    3666   10
    3667   10
    3668   10
    3669   10
    3670   10
    3671   10
    3672   10
    3673   10
    3674   13
    3675   13
    3676   13
    3677   13
    3678   13
    3679   13
    3680   13
    3681   13
    3682   13
    3683   13
    3684   13
    3685   13
    3686   13
    3687   13
    3688   13
    3689   13
    3690   13
    3691   13
    3692   13
    3693   13
    3694   13
    3695   13
    3696   10
    3697   10
    3698   10
    3699   10
    3700   13
    3701   13
    3702   13
    3703   13
    3704   13
    3705   13
    3706   13
    3707   10
    3708   10
    3709   10
    3710   13
    3711   13
    3712   13
    3713   13
    3714   13
    3715   13
    3716   13
    3717   13
    3718   13
    3719   13
    3720   13
    3721   13
    3722   13
    3723   13
    3724   13
    3725   13
    3726   13
    3727   13
    3728   13
    3729   13
    3730   13
    3731   13
    3732   13
    3733   13
    3734   13
    3735   13
    3736   13
    3737   13
    3738   13
    3739   13
    3740   13
    3741   13
    3742   13
    3743   13
    3744   13
    3745   13
    3746   13
    3747   13
    3748   13
    3749   13
    3750   13
    3751   13
    3752   13
    3753   13
    3754   13
    3755   13
    3756   10
    3757   10
    3758   10
    3759   10
    3760   10
    3761   10
    3762   10
    3763   10
    3764   13
    3765   13
    3766   13
    3767   13
    3768   13
    3769   13
    3770   13
    3771   13
    3772   13
    3773   13
    3774   13
    3775   13
    3776   13
    3777   13
    3778   13
    3779   13
    3780   13
    3781   13
    3782   13
    3783   13
    3784   13
    3785   13
    3786   13
    3787   13
    3788   13
    3789   13
    3790   13
    3791   13
    3792   13
    3793   13
    3794   13
    3795   13
    3796   13
    3797   13
    3798   13
    3799   13
    3800   13
    3801   13
    3802   13
    3803   13
    3804   13
    3805   13
    3806   13
    3807   13
    3808   13
    3809   13
    3810   13
    3811   10
    3812    9
    3813   10
    3814   10
    3815   10
    3816   10
    3817   10
    3818   10
    3819   10
    3820   12
    3821    8
    3822    8
    3823   12
    3824   12
    3825   12
    3826   12
    3827   12
    3828   12
    3829   10
    3830   10
    3831   10
    3832   14
    3833   14
    3834    6
    3835    5
    3836    1
    3837    1
    3838    1
    3839    1
    3840    1
    3841    7
    3842   12
    3843   12
    3844   12
    3845   12
    3846   10
    3847    9
    3848   15
    3849   15
    3850   15
    3851   15
    3852    9
    3853   12
    3854   12
    3855   12
    3856   12
    3857   12
    3858   12
    3859   12
    3860   12
    3861   12
    3862    9
    3863   10
    3864   10
    3865   10
    3866   10
    3867   10
    3868   10
    3869   10
    3870   10
    3871   10
    3872   10
    3873   10
    3874   12
    3875   12
    3876   12
    3877   12
    3878   12
    3879   12
    3880    8
    3881   15
    3882   15
    3883   15
    3884   15
    3885   15
    3886   15
    3887   15
    3888   15
    3889   15
    3890   15
    3891   15
    3892   15
    3893   15
    3894   15
    3895   15
    3896   15
    3897   15
    3898   15
    3899   15
    3900   15
    3901   15
    3902   15
    3903   15
    3904   15
    3905   15
    3906   15
    3907   15
    3908   15
    3909   15
    3910   15
    3911   15
    3912   15
    3913   15
    3914   15
    3915   15
    3916   15
    3917    7
    3918   12
    3919    1
    3920    1
    3921    1
    3922    6
    3923    6
    3924   12
    3925   12
    3926   12
    3927   12
    3928   12
    3929   12
    3930   12
    3931   12
    3932   12
    3933   12
    3934   12
    3935   12
    3936   12
    3937    8
    3938   12
    3939   10
    3940   12
    3941   12
    3942   12
    3943   12
    3944   12
    3945   12
    3946   12
    3947   12
    3948   12
    3949   12
    3950   12
    3951   12
    3952   12
    3953   12
    3954   12
    3955   12
    3956   12
    3957   12
    3958   12
    3959    6
    3960    5
    3961    3
    3962    1
    3963    1
    3964    1
    3965    1
    3966    1
    3967    1
    3968    5
    3969    6
    3970    6
    3971    3
    3972    1
    3973    3
    3974    3
    3975    1
    3976    1
    3977    1
    3978    1
    3979   12
    3980   12
    3981   12
    3982   12
    3983    8
    3984   12
    3985    8
    3986   12
    3987    8
    3988    8
    3989   15
    3990   15
    3991   15
    3992   15
    3993   10
    3994   10
    3995   10
    3996   12
    3997   12
    3998   12
    3999   12
    4000    6
    4001    6
    4002    6
    4003    6
    4004    5
    4005    5
    4006    3
    4007    5
    4008    3
    4009    5
    4010    5
    4011    6
    4012    6
    4013    5
    4014    5
    4015    5
    4016    3
    4017    1
    4018    1
    4019    1
    4020    1
    4021    5
    4022    1
    4023    1
    4024    5
    4025    1
    4026    1
    4027    1
    4028    1
    4029    8
    4030    6
    4031   12
    4032   12
    4033   10
    4034    9
    4035    9
    4036   12
    4037   12
    4038    7
    4039    8
    4040    8
    4041    8
    4042   12
    4043    6
    4044    6
    4045    5
    4046    5
    4047    1
    4048   12
    4049   12
    4050    6
    4051    5
    4052    1
    4053    6
    4054    6
    4055    6
    4056    6
    4057    1
    4058    1
    4059    1
    4060   12
    4061   12
    4062   12
    4063   12
    4064    8
    4065    8
    4066   12
    4067    8
    4068    8
    4069   12
    4070   12
    4071    8
    4072    7
    4073   12
    4074   12
    4075   12
    4076   12
    4077   12
    4078   12
    4079   12
    4080   10
    4081   10
    4082   10
    4083   10
    4084   10
    4085   10
    4086   10
    4087   10
    4088   10
    4089   10
    4090   10
    4091   10
    4092   10
    4093   10
    4094   10
    4095   10
    4096   10
    4097   10
    4098   10
    4099   10
    4100   10
    4101   10
    4102   10
    4103   10
    4104   10
    4105   10
    4106   10
    4107   10
    4108   10
    4109    8
    4110    7
    4111    8
    4112    6
    4113    5
    4114    5
    4115    5
    4116    6
    4117    5
    4118    5
    4119    5
    4120    6
    4121    3
    4122    1
    4123    3
    4124    3
    4125    3
    4126    1
    4127    1
    4128    1
    4129   12
    4130   12
    4131   10
    4132   10
    4133   10
    4134    9
    4135   10
    4136   10
    4137    9
    4138   11
    4139   11
    4140   10
    4141   10
    4142   10
    4143   10
    4144   10
    4145   10
    4146   10
    4147   10
    4148   10
    4149   10
    4150   10
    4151   10
    4152   10
    4153   10
    4154   10
    4155   10
    4156   10
    4157   10
    4158   10
    4159   10
    4160   10
    4161   10
    4162   10
    4163   10
    4164   10
    4165   10
    4166   10
    4167   10
    4168   10
    4169   10
    4170   10
    4171   10
    4172   10
    4173   10
    4174   10
    4175   10
    4176   10
    4177   10
    4178   10
    4179   10
    4180   10
    4181   10
    4182   10
    4183   10
    4184   12
    4185   12
    4186   12
    4187   12
    4188   10
    4189   10
    4190   10
    4191   10
    4192   10
    4193   10
    4194   10
    4195   10
    4196   10
    4197   10
    4198   10
    4199   10
    4200   10
    4201   10
    4202   10
    4203   10
    4204   10
    4205   10
    4206   10
    4207   10
    4208   10
    4209   10
    4210   10
    4211   10
    4212   10
    4213   10
    4214   10
    4215   10
    4216   10
    4217   10
    4218   10
    4219   10
    4220   10
    4221   10
    4222   10
    4223   10
    4224   10
    4225   10
    4226   10
    4227    9
    4228   12
    4229    8
    4230    7
    4231   10
    4232   10
    4233   10
    4234   10
    4235   10
    4236   10
    4237   10
    4238   10
    4239   10
    4240   10
    4241   10
    4242   10
    4243    9
    4244   10
    4245   10
    4246   10
    4247   10
    4248   12
    4249   12
    4250    8
    4251   12
    4252   12
    4253   12
    4254    8
    4255    8
    4256   12
    4257    9
    4258   10
    4259   10
    4260   10
    4261   12
    4262    8
    4263    8
    4264    8
    4265   15
    4266   15
    4267   15
    4268   15
    4269   15
    4270   15
    4271    9
    4272   12
    4273   12
    4274   12
    4275   12
    4276   12
    4277   12
    4278    8
    4279    8
    4280    8
    4281    8
    4282   15
    4283   15
    4284   15
    4285    8
    4286    8
    4287    8
    4288    7
    4289    7
    4290    8
    4291    8
    4292    7
    4293    7
    4294   12
    4295   15
    4296    8
    4297    8
    4298   12
    4299   12
    4300    8
    4301   12
    4302    1
    4303    3
    4304    6
    4305    6
    4306    1
    4307    1
    4308    1
    4309    1
    4310    3
    4311    3
    4312    6
    4313   12
    4314   12
    4315   12
    4316    6
    4317    6
    4318    5
    4319   12
    4320   12
    4321   12
    4322   12
    4323   12
    4324   12
    4325    7
    4326    8
    4327   12
    4328   12
    4329   12
    4330   12
    4331   12
    4332    8
    4333   12
    4334   12
    4335   12
    4336   12
    4337   12
    4338   12
    4339    6
    4340    5
    4341    5
    4342    1
    4343    1
    4344    1
    4345    1
    4346    1
    4347    1
    4348    1
    4349   12
    4350   12
    4351   12
    4352   12
    4353   12
    4354   12
    4355   12
    4356   12
    4357   12
    4358   12
    4359   12
    4360   12
    4361   12
    4362   12
    4363   12
    4364   12
    4365   12
    4366   12
    4367   12
    4368   12
    4369    8
    4370   12
    4371   12
    4372   12
    4373   12
    4374   12
    4375   12
    4376   12
    4377   12
    4378    8
    4379   15
    4380   15
    4381   15
    4382   15
    4383   15
    4384   15
    4385   15
    4386   15
    4387   15
    4388   15
    4389   15
    4390   15
    4391   15
    4392   15
    4393   15
    4394   15
    4395   15
    4396    8
    4397   15
    4398   15
    4399   15
    4400   15
    4401    8
    4402    7
    4403    7
    4404    7
    4405   15
    4406   15
    4407   15
    4408   15
    4409   15
    4410   15
    4411    8
    4412   12
    4413    8
    4414   12
    4415    8
    4416    8
    4417    8
    4418    8
    4419   12
    4420   12
    4421    8
    4422   12
    4423   10
    4424   10
    4425   10
    4426   10
    4427   10
    4428   10
    4429   10
    4430   10
    4431   10
    4432   10
    4433   10
    4434   10
    4435   10
    4436   10
    4437   10
    4438   10
    4439   10
    4440   10
    4441   10
    4442   10
    4443   10
    4444   10
    4445   10
    4446   10
    4447   10
    4448   10
    4449   10
    4450   10
    4451   10
    4452   10
    4453   10
    4454   10
    4455   10
    4456   12
    4457   12
    4458    8
    4459    8
    4460   10
    4461   10
    4462   10
    4463   10
    4464   10
    4465   10
    4466   10
    4467   10
    4468   10
    4469   10
    4470   10
    4471   10
    4472   10
    4473   10
    4474   10
    4475   10
    4476   10
    4477   10
    4478   10
    4479   10
    4480   10
    4481   10
    4482   10
    4483   10
    4484   10
    4485   10
    4486   10
    4487   10
    4488   10
    4489   10
    4490   10
    4491   10
    4492    9
    4493   10
    4494   10
    4495   10
    4496   13
    4497   13
    4498   13
    4499   13
    4500   13
    4501   13
    4502   13
    4503   10
    4504   10
    4505   10
    4506   10
    4507   10
    4508   10
    4509   10
    4510   10
    4511   10
    4512   10
    4513   10
    4514   10
    4515   10
    4516   10
    4517   10
    4518   12
    4519    8
    4520   10
    4521   10
    4522   10
    4523   10
    4524   12
    4525   12
    4526   12
    4527   12
    4528   12
    4529   12
    4530   12
    4531   12
    4532    6
    4533    6
    4534    3
    4535    3
    4536    3
    4537    3
    4538    3
    4539    1
    4540    1
    4541    1
    4542    1
    4543   12
    4544   12
    4545   12
    4546   12
    4547   12
    4548   12
    4549   12
    4550   12
    4551   12
    4552   12
    4553   12
    4554   12
    4555   12
    4556   12
    4557   12
    4558   12
    4559   12
    4560   12
    4561   12
    4562   12
    4563   12
    4564   12
    4565   12
    4566   12
    4567    8
    4568    7
    4569    7
    4570    8
    4571   12
    4572   12
    4573   12
    4574   12
    4575    7
    4576   12
    4577   12
    4578   12
    4579   12
    4580   12
    4581    8
    4582   12
    4583   12
    4584   12
    4585   12
    4586   12
    4587    8
    4588   12
    4589   12
    4590   12
    4591   12
    4592   12
    4593   12
    4594   12
    4595   12
    4596   12
    4597    8
    4598   12
    4599   12
    4600   12
    4601   12
    4602   12
    4603   12
    4604    8
    4605    8
    4606   12
    4607   12
    4608    6
    4609    5
    4610    3
    4611    3
    4612   12
    4613   12
    4614   12
    4615   12
    4616   12
    4617    8
    4618    7
    4619    8
    4620    8
    4621   12
    4622   12
    4623   12
    4624   12
    4625   12
    4626   12
    4627   12
    4628   12
    4629    8
    4630    8
    4631   12
    4632   12
    4633   12
    4634   12
    4635   12
    4636   12
    4637   12
    4638   12
    4639   12
    4640   12
    4641   12
    4642   12
    4643   12
    4644   12
    4645   12
    4646   12
    4647   12
    4648   12
    4649   10
    4650   10
    4651   10
    4652   10
    4653   10
    4654   10
    4655   10
    4656   10
    4657   10
    4658   10
    4659   10
    4660   10
    4661   10
    4662   10
    4663   10
    4664   10
    4665   10
    4666   10
    4667   10
    4668   10
    4669   10
    4670   10
    4671   12
    4672   12
    4673   12
    4674   12
    4675    8
    4676    7
    4677    7
    4678   12
    4679   12
    4680   12
    4681   12
    4682   12
    4683   12
    4684   12
    4685   12
    4686   12
    4687    8
    4688   12
    4689   12
    4690   14
    4691   14
    4692   14
    4693   14
    4694   14
    4695   14
    4696   14
    4697   12
    4698   10
    4699   12
    4700   12
    4701   12
    4702    8
    4703    8
    4704   12
    4705   12
    4706    8
    4707   10
    4708   10
    4709   10
    4710   11
    4711    9
    4712   10
    4713   10
    4714   10
    4715   10
    4716   10
    4717   10
    4718   10
    4719   10
    4720   10
    4721   10
    4722   10
    4723   10
    4724   12
    4725   12
    4726    7
    4727    8
    4728   12
    4729   12
    4730    8
    4731    8
    4732    8
    4733   12
    4734    7
    4735    8
    4736    8
    4737    1
    4738    1
    4739    5
    4740    1
    4741    1
    4742    1
    4743    1
    4744    5
    4745    6
    4746   12
    4747   12
    4748   12
    4749   12
    4750    7
    4751    7
    4752    8
    4753    7
    4754    8
    4755   12
    4756   12
    4757   12
    4758   12
    4759   12
    4760   12
    4761   12
    4762   12
    4763   12
    4764   12
    4765    1
    4766    5
    4767    5
    4768    6
    4769    7
    4770    8
    4771    8
    4772   12
    4773   12
    4774    8
    4775    7
    4776    8
    4777    8
    4778    7
    4779   12
    4780   12
    4781   12
    4782   12
    4783   12
    4784   12
    4785   12
    4786    8
    4787   12
    4788   12
    4789   12
    4790    8
    4791   12
    4792   12
    4793   12
    4794   12
    4795   12
    4796    8
    4797    8
    4798   12
    4799    8
    4800    7
    4801    6
    4802    5
    4803    5
    4804    6
    4805    5
    4806    5
    4807    5
    4808    5
    4809    3
    4810    1
    4811    1
    4812    1
    4813    1
    4814    1
    4815    5
    4816    6
    4817    1
    4818    1
    4819    1
    4820    1
    4821    1
    4822    1
    4823    1
    4824    1
    4825    1
    4826    1
    4827    6
    4828    6
    4829    1
    4830    1
    4831    1
    4832    1
    4833    8
    4834   12
    4835   12
    4836    8
    4837   12
    4838   12
    4839    8
    4840    6
    4841    6
    4842    5
    4843    5
    4844    2
    4845    2
    4846    2
    4847    2
    4848   12
    4849   12
    4850   12
    4851   12
    4852   12
    4853   12
    4854   12
    4855   12
    4856   12
    4857   12
    4858   12
    4859   12
    4860   12
    4861   10
    4862   12
    4863   12
    4864   12
    4865    9
    4866   12
    4867   12
    4868   12
    4869   12
    4870    8
    4871   12
    4872   12
    4873   12
    4874   10
    4875   12
    4876   12
    4877   12
    4878   12
    4879   10
    4880   10
    4881   10
    4882   10
    4883   10
    4884   10
    4885   10
    4886   10
    4887   10
    4888   10
    4889   10
    4890   10
    4891   10
    4892   10
    4893   10
    4894   10
    4895   10
    4896   10
    4897   10
    4898   10
    4899   12
    4900   12
    4901   12
    4902   12
    4903   12
    4904   12
    4905   12
    4906   12
    4907   12
    4908   12
    4909    8
    4910    7
    4911    8
    4912   12
    4913   12
    4914   12
    4915   12
    4916   12
    4917   12
    4918   12
    4919   12
    4920   12
    4921   12
    4922   12
    4923   12
    4924   12
    4925   12
    4926    6
    4927    6
    4928    5
    4929    5
    4930    3
    4931    3
    4932    1
    4933    1
    4934   12
    4935   10
    4936   10
    4937   10
    4938   10
    4939   10
    4940   10
    4941   12
    4942   12
    4943    8
    4944    7
    4945    9
    4946   12
    4947   12
    4948   12
    4949   12
    4950    6
    4951    3
    4952    3
    4953    1
    4954    1
    4955    1
    4956    1
    4957    1
    4958    1
    4959   12
    4960   12
    4961   12
    4962   12
    4963   12
    4964   12
    4965   12
    4966   12
    4967   12
    4968   12
    4969   12
    4970   12
    4971   12
    4972    6
    4973    6
    4974    3
    4975    3
    4976    3
    4977    3
    4978    5
    4979    5
    4980    4
    4981    4
    4982    3
    4983    3
    4984    3
    4985    3
    4986    3
    4987    1
    4988    1
    4989    1
    4990    1
    4991    1
    4992    1
    4993    1
    4994    1
    4995    6
    4996    5
    4997    3
    4998    1
    4999    1
    5000   12
