       1   10
       2   10
       3   10
       4    8
       5   10
       6   10
       7   10
       8   10
       9   10
      10   12
      11   12
      12   12
      13   12
      14   12
      15   12
      16   12
      17   12
      18   12
      19   12
      20    1
      21    1
      22    1
      23    1
      24    1
      25    1
      26    1
      27    1
      28    1
      29    1
      30    1
      31    1
      32    1
      33    4
      34    5
      35    1
      36    3
      37    3
      38    3
      39    5
      40    6
      41    6
      42    6
      43   15
      44   15
      45   15
      46   15
      47   15
      48   15
      49   15
      50   15
      51   15
      52   15
      53    7
      54   12
      55   12
      56   12
      57   12
      58    8
      59   12
      60   12
      61   12
      62   12
      63    8
      64    7
      65   10
      66   10
      67   10
      68   10
      69   12
      70   12
      71   12
      72   12
      73    8
      74   12
      75   12
      76   12
      77   12
      78   12
      79   12
      80    6
      81    6
      82    6
      83    6
      84    3
      85    5
      86    3
      87    3
      88    3
      89    3
      90    3
      91    3
      92    5
      93    5
      94    3
      95    3
      96    1
      97    1
      98    1
      99   12
     100   12
     101   12
     102   12
     103   12
     104   12
     105   12
     106    7
     107    6
     108    5
     109    3
     110    1
     111    1
     112    1
     113    5
     114    1
     115    1
     116    1
     117    1
     118    1
     119    1
     120    1
     121    1
     122   12
     123   12
     124   12
     125   12
     126    1
     127    1
     128    1
     129    1
     130   12
     131   12
     132    4
     133    4
     134    4
     135    4
     136    4
     137    6
     138    4
     139    4
     140    5
     141    5
     142   12
     143    7
     144    8
     145    8
     146   12
     147   12
     148   12
     149   12
     150   12
     151   12
     152   12
     153   12
     154   12
     155   12
     156   12
     157   12
     158    8
     159   12
     160   12
     161   12
     162   12
     163   12
     164   12
     165   12
     166   12
     167   12
     168   12
     169   12
     170   12
     171   12
     172   12
     173   12
     174   12
     175    7
     176    1
     177   12
     178   12
     179   12
     180    8
     181   12
     182   12
     183    7
     184    7
     185   12
     186   12
     187   12
     188   12
     189   12
     190   12
     191   12
     192   12
     193   12
     194   12
     195    8
     196   12
     197   12
     198   12
     199    8
     200    7
     201    8
     202   12
     203   12
     204    7
     205   12
     206   12
     207   12
     208   12
     209   12
     210   12
     211   14
     212   14
     213   14
     214   14
     215   14
     216   12
     217   12
     218   12
     219    8
     220    8
     221   12
     222   12
     223   12
     224   12
     225   12
     226   12
     227   12
     228   12
     229   12
     230   12
     231    7
     232    8
     233    8
     234   12
     235   12
     236    7
     237    7
     238    7
     239    8
     240    8
     241    8
     242    7
     243   12
     244   12
     245   12
     246   12
     247   12
     248   12
     249   12
     250   12
     251   12
     252    7
     253    8
     254   12
     255   12
     256   12
     257   12
     258   12
     259   12
     260   12
     261   12
     262   12
     263   12
     264   12
     265   12
     266   12
     267   12
     268   12
     269   12
     270   12
     271   12
     272   12
     273   12
     274   12
     275    8
     276   12
     277   12
     278   12
     279   12
     280   12
     281   12
     282   12
     283   12
     284   12
     285   12
     286   12
     287    7
     288   12
     289   12
     290   12
     291   12
     292   12
     293   12
     294   12
     295   12
     296   12
     297   12
     298   12
     299   12
     300   12
     301   12
     302   12
     303   12
     304   12
     305   12
     306   12
     307   12
     308   12
     309   12
     310   12
     311   12
     312   12
     313   12
     314   12
     315   12
     316   12
     317    7
     318    6
     319    6
     320    8
     321   12
     322    8
     323   12
     324   12
     325   12
     326   12
     327   12
     328   12
     329   12
     330   12
     331   12
     332   10
     333    9
     334   13
     335   13
     336   13
     337   13
     338   13
     339   13
     340   13
     341   13
     342   13
     343   13
     344   13
     345   13
     346   13
     347   13
     348   13
     349   13
     350   13
     351   13
     352   13
     353   13
     354   13
     355   15
     356   15
     357   15
     358   15
     359   15
     360   15
     361   15
     362   15
     363   15
     364   15
     365   15
     366   15
     367   15
     368   15
     369    8
     370   12
     371    8
     372   15
     373   15
     374   15
     375   15
     376   15
     377   15
     378   15
     379   15
     380   15
     381   15
     382    8
     383    8
     384   12
     385    8
     386   15
     387   15
     388   15
     389   15
     390   15
     391   15
     392   15
     393   15
     394   15
     395   15
     396   15
     397    8
     398   15
     399   15
     400   15
     401   15
     402   15
     403   15
     404    8
     405    7
     406    8
     407    7
     408   15
     409   15
     410   15
     411    8
     412    7
     413    7
     414    8
     415    8
     416    8
     417    8
     418    8
     419    8
     420    8
     421   15
     422   15
     423   15
     424   15
     425   15
     426   15
     427   15
     428   15
     429    9
     430   15
     431   15
     432   15
     433   15
     434   15
     435   15
     436   15
     437   15
     438   15
     439   15
     440   15
     441   15
     442   15
     443   15
     444   15
     445   15
     446   15
     447   15
     448   15
     449   15
     450   15
     451   15
     452   15
     453   15
     454    7
     455    8
     456   15
     457   15
     458   15
     459   15
     460   15
     461   15
     462   15
     463   15
     464    7
     465    8
     466    8
     467   12
     468   12
     469   12
     470   12
     471    8
     472    8
     473    8
     474    7
     475    8
     476    8
     477   15
     478   15
     479   15
     480   15
     481   15
     482   15
     483   15
     484   15
     485   15
     486   15
     487   15
     488   15
     489   15
     490   15
     491   15
     492   15
     493   15
     494    8
     495   15
     496   15
     497   15
     498   15
     499   15
     500   15
     501   15
     502   15
     503   15
     504   15
     505   15
     506   15
     507   15
     508   15
     509   15
     510   15
     511   15
     512   15
     513   15
     514   15
     515   15
     516   15
     517   15
     518   15
     519   15
     520   15
     521   15
     522   15
     523   15
     524   13
     525   13
     526   13
     527   13
     528   13
     529   13
     530   13
     531   13
     532   13
     533   13
     534   13
     535   13
     536   13
     537   13
     538   13
     539   13
     540   13
     541   13
     542   13
     543   13
     544   13
     545   13
     546   13
     547   13
     548   13
     549   13
     550   13
     551   13
     552   13
     553   13
     554   13
     555   13
     556   13
     557   13
     558   13
     559   13
     560   13
     561   13
     562   13
     563   13
     564   13
     565   13
     566   13
     567   13
     568   13
     569   13
     570   13
     571   13
     572   13
     573   13
     574   13
     575   13
     576   13
     577   13
     578   13
     579   13
     580   13
     581   13
     582   13
     583   13
     584   13
     585   13
     586   13
     587   13
     588   13
     589   13
     590    8
     591    7
     592   12
     593   12
     594   13
     595   13
     596   13
     597   13
     598   13
     599   13
     600   13
     601   13
     602   13
     603   13
     604   13
     605   13
     606   13
     607   13
     608   13
     609   13
     610   13
     611   13
     612   13
     613   13
     614   13
     615   13
     616   13
     617   13
     618   13
     619   13
     620   13
     621   13
     622   13
     623   13
     624   13
     625   13
     626   13
     627   13
     628   13
     629   13
     630   13
     631   13
     632   13
     633   13
     634   13
     635   13
     636   13
     637   13
     638   13
     639   13
     640   13
     641   13
     642   13
     643   13
     644   13
     645   13
     646   13
     647   13
     648   13
     649   13
     650   13
     651   13
     652   13
     653   13
     654   13
     655   13
     656   13
     657   13
     658   13
     659   13
     660   13
     661   13
     662   13
     663   13
     664   13
     665   13
     666   13
     667   13
     668   13
     669   13
     670   13
     671   13
     672   13
     673   13
     674   13
     675   13
     676   13
     677   13
     678   13
     679   13
     680   13
     681   13
     682   13
     683   13
     684   13
     685   13
     686   13
     687   13
     688   13
     689   13
     690   13
     691   13
     692   13
     693   13
     694   13
     695   13
     696   13
     697   13
     698   13
     699   13
     700   13
     701   13
     702   13
     703   13
     704   13
     705   13
     706   13
     707   13
     708   13
     709   13
     710   13
     711   13
     712   13
     713   13
     714   13
     715   13
     716   13
     717   13
     718   13
     719   13
     720   13
     721   13
     722   13
     723   13
     724   13
     725   13
     726   13
     727   13
     728   13
     729   13
     730   13
     731   13
     732   13
     733   13
     734   13
     735   13
     736   13
     737   13
     738   13
     739   13
     740   13
     741   13
     742   13
     743   13
     744   13
     745   13
     746   13
     747   13
     748   13
     749   13
     750   13
     751   13
     752   13
     753   13
     754   13
     755   13
     756   13
     757   13
     758   13
     759   13
     760   13
     761   13
     762   13
     763   13
     764   13
     765   13
     766   13
     767   13
     768   13
     769   13
     770   13
     771   13
     772   13
     773   13
     774   13
     775   13
     776   13
     777   13
     778   13
     779   13
     780   13
     781   13
     782   13
     783   13
     784   13
     785   13
     786   13
     787   13
     788   13
     789   13
     790   13
     791   13
     792   13
     793   13
     794   13
     795   13
     796   13
     797   13
     798   13
     799   13
     800   13
     801   13
     802   13
     803   13
     804   13
     805   13
     806   13
     807   13
     808   13
     809   13
     810   13
     811   13
     812    8
     813   12
     814   13
     815   13
     816   13
     817   13
     818   13
     819   13
     820   13
     821   13
     822   13
     823   13
     824   13
     825   13
     826   13
     827   13
     828   13
     829   13
     830   13
     831   13
     832   13
     833   13
     834   13
     835   13
     836   13
     837   13
     838   13
     839   13
     840   13
     841   13
     842   10
     843   10
     844   10
     845   10
     846   10
     847   10
     848   10
     849   10
     850   10
     851   10
     852   12
     853   12
     854   12
     855   12
     856    8
     857   12
     858   12
     859   12
     860   12
     861   12
     862   12
     863   12
     864   10
     865   10
     866   10
     867   10
     868   10
     869   10
     870   10
     871   10
     872    9
     873   12
     874   12
     875   12
     876   12
     877   12
     878    8
     879   12
     880    6
     881    5
     882    3
     883    1
     884    1
     885    1
     886   12
     887   12
     888   12
     889   12
     890   12
     891   12
     892   12
     893   12
     894   12
     895   12
     896   12
     897   12
     898    7
     899    7
     900   12
     901   12
     902   12
     903    7
     904    7
     905   12
     906   12
     907   12
     908   12
     909   12
     910   12
     911   12
     912   12
     913   12
     914   12
     915   12
     916   12
     917   12
     918   12
     919   12
     920   12
     921   12
     922   12
     923   12
     924   10
     925   10
     926   10
     927   10
     928   10
     929    7
     930    1
     931    3
     932    3
     933    6
     934   12
     935   12
     936   12
     937    1
     938    1
     939    1
     940    1
     941    5
     942    5
     943    6
     944    6
     945   15
     946   12
     947   12
     948    7
     949    8
     950   15
     951   15
     952   15
     953   15
     954    9
     955    6
     956    6
     957    3
     958    1
     959    1
     960    1
     961    1
     962    1
     963    1
     964    1
     965    1
     966    1
     967    1
     968    1
     969    1
     970    1
     971    5
     972    5
     973    1
     974    1
     975    3
     976    6
     977    5
     978    4
     979    1
     980    3
     981    6
     982    6
     983    5
     984    5
     985    5
     986    6
     987    6
     988    7
     989    7
     990    8
     991    8
     992    8
     993   12
     994    8
     995   12
     996   12
     997    8
     998    8
     999    8
    1000   12
    1001    8
    1002   12
    1003    8
    1004   12
    1005    7
    1006    7
    1007    6
    1008    6
    1009   12
    1010    7
    1011    8
    1012   12
    1013   12
    1014    8
    1015   12
    1016    1
    1017    1
    1018    1
    1019    1
    1020    1
    1021    1
    1022    1
    1023    1
    1024    1
    1025    5
    1026    2
    1027    6
    1028   12
    1029   12
    1030   12
    1031   12
    1032   12
    1033   12
    1034   12
    1035    8
    1036   10
    1037   10
    1038   10
    1039   10
    1040   10
    1041   10
    1042   10
    1043   10
    1044   10
    1045   10
    1046   10
    1047   10
    1048   12
    1049   12
    1050   12
    1051   12
    1052   12
    1053   12
    1054   12
    1055    7
    1056    6
    1057    4
    1058    4
    1059    4
    1060    4
    1061    4
    1062    4
    1063   12
    1064   12
    1065   12
    1066    4
    1067    4
    1068    4
    1069   12
    1070   12
    1071   12
    1072    4
    1073    6
    1074    5
    1075    4
    1076    4
    1077    5
    1078   12
    1079   12
    1080    7
    1081    6
    1082    4
    1083   12
    1084   12
    1085   12
    1086   12
    1087   12
    1088   12
    1089   12
    1090   12
    1091   12
    1092   12
    1093   12
    1094   12
    1095   12
    1096   12
    1097   12
    1098   12
    1099   12
    1100   12
    1101   12
    1102   12
    1103    1
    1104    1
    1105   12
    1106   12
    1107   12
    1108   12
    1109   12
    1110   12
    1111   12
    1112   12
    1113   12
    1114   12
    1115   12
    1116    8
    1117   12
    1118   12
    1119   12
    1120   12
    1121   12
    1122   12
    1123   12
    1124   12
    1125   10
    1126   10
    1127   10
    1128   10
    1129   10
    1130   10
    1131   10
    1132   10
    1133   10
    1134   10
    1135   10
    1136   10
    1137   10
    1138   10
    1139   10
    1140   10
    1141   10
    1142   10
    1143   10
    1144   10
    1145   10
    1146   10
    1147   12
    1148   10
    1149   10
    1150   10
    1151   10
    1152   10
    1153   10
    1154   10
    1155   10
    1156   10
    1157   10
    1158   10
    1159   10
    1160   10
    1161   10
    1162   10
    1163   10
    1164   10
    1165   10
    1166   10
    1167   10
    1168   10
    1169   10
    1170   10
    1171   10
    1172   10
    1173   10
    1174   10
    1175   10
    1176   10
    1177   10
    1178   10
    1179   10
    1180   10
    1181   10
    1182   10
    1183   10
    1184   10
    1185   10
    1186   10
    1187   10
    1188   10
    1189   12
    1190   12
    1191    8
    1192    6
    1193    5
    1194    5
    1195    5
    1196    1
    1197    1
    1198    6
    1199    8
    1200   12
    1201   12
    1202   12
    1203    8
    1204    6
    1205    7
    1206    6
    1207    8
    1208    7
    1209    7
    1210    7
    1211    7
    1212    8
    1213    8
    1214   12
    1215   12
    1216   12
    1217    6
    1218    8
    1219   12
    1220    7
    1221   15
    1222   15
    1223    7
    1224    6
    1225    6
    1226    6
    1227    5
    1228   12
    1229   12
    1230   12
    1231    6
    1232    6
    1233    5
    1234    6
    1235    5
    1236    6
    1237    6
    1238    6
    1239    6
    1240    6
    1241    6
    1242   12
    1243    6
    1244    6
    1245    5
    1246    6
    1247    7
    1248    7
    1249    7
    1250    6
    1251    7
    1252   12
    1253    8
    1254    7
    1255    8
    1256    6
    1257    6
    1258   12
    1259    8
    1260    8
    1261    7
    1262    7
    1263   12
    1264    7
    1265    7
    1266    7
    1267    8
    1268    7
    1269   12
    1270   12
    1271    8
    1272    7
    1273    6
    1274    1
    1275    1
    1276    6
    1277    5
    1278    1
    1279    1
    1280    6
    1281    1
    1282    1
    1283    1
    1284    6
    1285    1
    1286    1
    1287   12
    1288    6
    1289    6
    1290    1
    1291    6
    1292    6
    1293    1
    1294    6
    1295    6
    1296   12
    1297   12
    1298    8
    1299   12
    1300    8
    1301   12
    1302   12
    1303    8
    1304    6
    1305   12
    1306    7
    1307    6
    1308    5
    1309    1
    1310    7
    1311    7
    1312    8
    1313    7
    1314    7
    1315    7
    1316   10
    1317   10
    1318   10
    1319    6
    1320    1
    1321    8
    1322    9
    1323   12
    1324   12
    1325   12
    1326    1
    1327    1
    1328    3
    1329    3
    1330    1
    1331    6
    1332    7
    1333   12
    1334    9
    1335   11
    1336   11
    1337   11
    1338   11
    1339   11
    1340   11
    1341   11
    1342   11
    1343   11
    1344   11
    1345   11
    1346    9
    1347   11
    1348   11
    1349   11
    1350   11
    1351    9
    1352   11
    1353   11
    1354   11
    1355   11
    1356   11
    1357   12
    1358   12
    1359   12
    1360   12
    1361   12
    1362   12
    1363   12
    1364   12
    1365    8
    1366   12
    1367   12
    1368   12
    1369   12
    1370   12
    1371   12
    1372   12
    1373   12
    1374    1
    1375    1
    1376    1
    1377    1
    1378    1
    1379    1
    1380    1
    1381    1
    1382    4
    1383    4
    1384    7
    1385    8
    1386   12
    1387   12
    1388   12
    1389   12
    1390   12
    1391   12
    1392   12
    1393   12
    1394   12
    1395   12
    1396   12
    1397    7
    1398   12
    1399   12
    1400   12
    1401    8
    1402    8
    1403    8
    1404    7
    1405    8
    1406   15
    1407   15
    1408   15
    1409    7
    1410    8
    1411    8
    1412    7
    1413   15
    1414   15
    1415   15
    1416   15
    1417   15
    1418    6
    1419    6
    1420    6
    1421    6
    1422    6
    1423    7
    1424    7
    1425    7
    1426   12
    1427   12
    1428    7
    1429    7
    1430   12
    1431    7
    1432   12
    1433   12
    1434    8
    1435    8
    1436    8
    1437   12
    1438   12
    1439   12
    1440    9
    1441    9
    1442   10
    1443    7
    1444    8
    1445   12
    1446   12
    1447   10
    1448   10
    1449    9
    1450    9
    1451    9
    1452    9
    1453   11
    1454   11
    1455    9
    1456    9
    1457   12
    1458   12
    1459   12
    1460    9
    1461   12
    1462   12
    1463   12
    1464   14
    1465   14
    1466   14
    1467   14
    1468    9
    1469   12
    1470   12
    1471    7
    1472   14
    1473   14
    1474   14
    1475   13
    1476   13
    1477   13
    1478   13
    1479   13
    1480   13
    1481   12
    1482   12
    1483    1
    1484    1
    1485    2
    1486    1
    1487    6
    1488    6
    1489    7
    1490   12
    1491   12
    1492    9
    1493   11
    1494    9
    1495   11
    1496   11
    1497    7
    1498   12
    1499   12
    1500   12
    1501   12
    1502    7
    1503    7
    1504    7
    1505    9
    1506    9
    1507   10
    1508   10
    1509   10
    1510   10
    1511    8
    1512    7
    1513    7
    1514    7
    1515   12
    1516   12
    1517    7
    1518   12
    1519    9
    1520   10
    1521   12
    1522   12
    1523    8
    1524   12
    1525   12
    1526    8
    1527    7
    1528    7
    1529    7
    1530    8
    1531    7
    1532    6
    1533    1
    1534    1
    1535    1
    1536    1
    1537    7
    1538   12
    1539   12
    1540   12
    1541    7
    1542    8
    1543   12
    1544    7
    1545    6
    1546   12
    1547   12
    1548    7
    1549    7
    1550   12
    1551    7
    1552    7
    1553   12
    1554    7
    1555    6
    1556    6
    1557    7
    1558    6
    1559    6
    1560    6
    1561    6
    1562    1
    1563   12
    1564    8
    1565    8
    1566    6
    1567    6
    1568    7
    1569   12
    1570   12
    1571    6
    1572    6
    1573    6
    1574    6
    1575   15
    1576   15
    1577   15
    1578   15
    1579   15
    1580   15
    1581   15
    1582   15
    1583   15
    1584   15
    1585   15
    1586   15
    1587   15
    1588   15
    1589   10
    1590   10
    1591   10
    1592   10
    1593   10
    1594   12
    1595    8
    1596   10
    1597   10
    1598   10
    1599   10
    1600   10
    1601   10
    1602   10
    1603   10
    1604   12
    1605   12
    1606   12
    1607   12
    1608   12
    1609    6
    1610   12
    1611    1
    1612   12
    1613   12
    1614    7
    1615   12
    1616    1
    1617    1
    1618    6
    1619    5
    1620    6
    1621    6
    1622    5
    1623    1
    1624    1
    1625    7
    1626   12
    1627   12
    1628   12
    1629   12
    1630   12
    1631   14
    1632   14
    1633   14
    1634   14
    1635    9
    1636    9
    1637    7
    1638    6
    1639    5
    1640    1
    1641    1
    1642    1
    1643    6
    1644    6
    1645    8
    1646    7
    1647    6
    1648    1
    1649    7
    1650    8
    1651   12
    1652   12
    1653   12
    1654    8
    1655   12
    1656   12
    1657   14
    1658   14
    1659   14
    1660    6
    1661   12
    1662   12
    1663    6
    1664    6
    1665    1
    1666    1
    1667    8
    1668    1
    1669    3
    1670    5
    1671    3
    1672    6
    1673    6
    1674   12
    1675   12
    1676   12
    1677   12
    1678    8
    1679   12
    1680   12
    1681   12
    1682    7
    1683   10
    1684   10
    1685   10
    1686   10
    1687   10
    1688    9
    1689    9
    1690   12
    1691    7
    1692   12
    1693   10
    1694   10
    1695   10
    1696   10
    1697   10
    1698   10
    1699   10
    1700   10
    1701    9
    1702    9
    1703   10
    1704   10
    1705   12
    1706   12
    1707   12
    1708   12
    1709   12
    1710    9
    1711    9
    1712   12
    1713    9
    1714    9
    1715   10
    1716   10
    1717   10
    1718   10
    1719   10
    1720    9
    1721   12
    1722   12
    1723    9
    1724   11
    1725    9
    1726   12
    1727   12
    1728    9
    1729   10
    1730   10
    1731   10
    1732   10
    1733   10
    1734   10
    1735    9
    1736   12
    1737   12
    1738   12
    1739    9
    1740    9
    1741    9
    1742   10
    1743   10
    1744   10
    1745   10
    1746   10
    1747   10
    1748    9
    1749    9
    1750    9
    1751    9
    1752    9
    1753   10
    1754    9
    1755    9
    1756    9
    1757    9
    1758   10
    1759   10
    1760   10
    1761    9
    1762   12
    1763   12
    1764   12
    1765   12
    1766    7
    1767   12
    1768   12
    1769    9
    1770    9
    1771   12
    1772    7
    1773    6
    1774    1
    1775    1
    1776    3
    1777    6
    1778    6
    1779   12
    1780   12
    1781    7
    1782    7
    1783   12
    1784    7
    1785   12
    1786   12
    1787   12
    1788   12
    1789    7
    1790    7
    1791    8
    1792   10
    1793   10
    1794   10
    1795    9
    1796    9
    1797   10
    1798   10
    1799   10
    1800   12
    1801   12
    1802   12
    1803   12
    1804   12
    1805   12
    1806   12
    1807   12
    1808   10
    1809   12
    1810   12
    1811   12
    1812   12
    1813   10
    1814   10
    1815   10
    1816   10
    1817   10
    1818   10
    1819   10
    1820   10
    1821   10
    1822   10
    1823   10
    1824   10
    1825   10
    1826   10
    1827   10
    1828   10
    1829   10
    1830   10
    1831   10
    1832   10
    1833   10
    1834   10
    1835   10
    1836   10
    1837   10
    1838   10
    1839   10
    1840   10
    1841   13
    1842   13
    1843   13
    1844   13
    1845   13
    1846   13
    1847   13
    1848   13
    1849   13
    1850   13
    1851   13
    1852   13
    1853   13
    1854   13
    1855   13
    1856   13
    1857   13
    1858   13
    1859   13
    1860   13
    1861   13
    1862   13
    1863   13
    1864   13
    1865   13
    1866   13
    1867   13
    1868   13
    1869   13
    1870   13
    1871   13
    1872   13
    1873   13
    1874   13
    1875   13
    1876   13
    1877   13
    1878   13
    1879   13
    1880   13
    1881   13
    1882   13
    1883   13
    1884   13
    1885   13
    1886   10
    1887   10
    1888   10
    1889   10
    1890   10
    1891   10
    1892   10
    1893   10
    1894   10
    1895    8
    1896   12
    1897   10
    1898   10
    1899   10
    1900   10
    1901   10
    1902   10
    1903   10
    1904    9
    1905    6
    1906   10
    1907   10
    1908   10
    1909   10
    1910   10
    1911   10
    1912   10
    1913   12
    1914   12
    1915   12
    1916   12
    1917   12
    1918   12
    1919    9
    1920    7
    1921   12
    1922   12
    1923    7
    1924    8
    1925   12
    1926   12
    1927   12
    1928   12
    1929   12
    1930   12
    1931   12
    1932   12
    1933   12
    1934   10
    1935    7
    1936   12
    1937    8
    1938    6
    1939    1
    1940    1
    1941    1
    1942    1
    1943    6
    1944    6
    1945    8
    1946    8
    1947   10
    1948   10
    1949   10
    1950   10
    1951   10
    1952    9
    1953   10
    1954   10
    1955   10
    1956   10
    1957   10
    1958   10
    1959    9
    1960   10
    1961   10
    1962   10
    1963   10
    1964   10
    1965   10
    1966   10
    1967   10
    1968   10
    1969   12
    1970    6
    1971    6
    1972   12
    1973   12
    1974   10
    1975   10
    1976   10
    1977   10
    1978    6
    1979    7
    1980   12
    1981    6
    1982    6
    1983    2
    1984   12
    1985    8
    1986    6
    1987    4
    1988    9
    1989   10
    1990   10
    1991   10
    1992   12
    1993   12
    1994    9
    1995   12
    1996   12
    1997   12
    1998   12
    1999   12
    2000   12
    2001   12
    2002    8
    2003   12
    2004    1
    2005    6
    2006    6
    2007    6
    2008   10
    2009   10
    2010   10
    2011   10
    2012   10
    2013    9
    2014    9
    2015    9
    2016    9
    2017   10
    2018   10
    2019    9
    2020   11
    2021   11
    2022   11
    2023   11
    2024   11
    2025   11
    2026   11
    2027   11
    2028   11
    2029   11
    2030    2
    2031    2
    2032    2
    2033    5
    2034    5
    2035    6
    2036    6
    2037   15
    2038   15
    2039   15
    2040   10
    2041   10
    2042   10
    2043   10
    2044   12
    2045    6
    2046    2
    2047   14
    2048   14
    2049   14
    2050   14
    2051    1
    2052    1
    2053    1
    2054    3
    2055    3
    2056    3
    2057    5
    2058    6
    2059    6
    2060    1
    2061    1
    2062    7
    2063    9
    2064   10
    2065   10
    2066   10
    2067   10
    2068   10
    2069   10
    2070   10
    2071   10
    2072   10
    2073   10
    2074   11
    2075   11
    2076   11
    2077   11
    2078   11
    2079   10
    2080   10
    2081   10
    2082   10
    2083    9
    2084   11
    2085   11
    2086    9
    2087   10
    2088   10
    2089    9
    2090   10
    2091    6
    2092    6
    2093    8
    2094   12
    2095    7
    2096    7
    2097   12
    2098   12
    2099    7
    2100    8
    2101    8
    2102    2
    2103    2
    2104    6
    2105    6
    2106    1
    2107    6
    2108    6
    2109    2
    2110    2
    2111    2
    2112    2
    2113    2
    2114    3
    2115    3
    2116    6
    2117    6
    2118    6
    2119    5
    2120    1
    2121    1
    2122    5
    2123    6
    2124    1
    2125    1
    2126    1
    2127    5
    2128    6
    2129    6
    2130    6
    2131    6
    2132   12
    2133   12
    2134    1
    2135    5
    2136    6
    2137    6
    2138    6
    2139    5
    2140    5
    2141    6
    2142    6
    2143   12
    2144   12
    2145    7
    2146    8
    2147    7
    2148   12
    2149    7
    2150    8
    2151    8
    2152    7
    2153   12
    2154   12
    2155    8
    2156    7
    2157    7
    2158    8
    2159    7
    2160    8
    2161    8
    2162   12
    2163   12
    2164   15
    2165    8
    2166   12
    2167   12
    2168    8
    2169    7
    2170    6
    2171    5
    2172    1
    2173    1
    2174    7
    2175    6
    2176    6
    2177    2
    2178    1
    2179   12
    2180   12
    2181   12
    2182   12
    2183    8
    2184    7
    2185   12
    2186   12
    2187   12
    2188   10
    2189   10
    2190    8
    2191    8
    2192   12
    2193   12
    2194    9
    2195   10
    2196   10
    2197   10
    2198   10
    2199   10
    2200   10
    2201   10
    2202    8
    2203   12
    2204    7
    2205   12
    2206   12
    2207   12
    2208   12
    2209   12
    2210   12
    2211   12
    2212   12
    2213   12
    2214   12
    2215   11
    2216   11
    2217   11
    2218   11
    2219   11
    2220   12
    2221    8
    2222    1
    2223    1
    2224    1
    2225    6
    2226    6
    2227   12
    2228   12
    2229    7
    2230    6
    2231    8
    2232    5
    2233    6
    2234    6
    2235   12
    2236    8
    2237   12
    2238    8
    2239   10
    2240   10
    2241   10
    2242   10
    2243   10
    2244   10
    2245   12
    2246   12
    2247    6
    2248    6
    2249   12
    2250   12
    2251   10
    2252   10
    2253   10
    2254   10
    2255   10
    2256   10
    2257   10
    2258   10
    2259   14
    2260   14
    2261   14
    2262   14
    2263    8
    2264    6
    2265    6
    2266    9
    2267   10
    2268   10
    2269   10
    2270   10
    2271    8
    2272    8
    2273    6
    2274    6
    2275    3
    2276    1
    2277   12
    2278   12
    2279   12
    2280   12
    2281   10
    2282   10
    2283   10
    2284   10
    2285   10
    2286    6
    2287    3
    2288    2
    2289    2
    2290   12
    2291    6
    2292    6
    2293    6
    2294    3
    2295    2
    2296   12
    2297   12
    2298   12
    2299    2
    2300    5
    2301    6
    2302    6
    2303    6
    2304    5
    2305    6
    2306    5
    2307    6
    2308    6
    2309    6
    2310    6
    2311    6
    2312    7
    2313   12
    2314   12
    2315   12
    2316    6
    2317    6
    2318    5
    2319    2
    2320    2
    2321    2
    2322    2
    2323    6
    2324    6
    2325    6
    2326    6
    2327    6
    2328   12
    2329    7
    2330   12
    2331    2
    2332    2
    2333    6
    2334    6
    2335   10
    2336   10
    2337   10
    2338    8
    2339    6
    2340    6
    2341    6
    2342    1
    2343    1
    2344    1
    2345    1
    2346    1
    2347    1
    2348    8
    2349    5
    2350    2
    2351    5
    2352    6
    2353    1
    2354    6
    2355    5
    2356    6
    2357    6
    2358    6
    2359    6
    2360    6
    2361    6
    2362   12
    2363   12
    2364   12
    2365    8
    2366    6
    2367   12
    2368   12
    2369    1
    2370    1
    2371    1
    2372    6
    2373    6
    2374    9
    2375    9
    2376    8
    2377   12
    2378   12
    2379   12
    2380   12
    2381   10
    2382   10
    2383   12
    2384    1
    2385    6
    2386    2
    2387    6
    2388    6
    2389    8
    2390   12
    2391   12
    2392   12
    2393   12
    2394   12
    2395   12
    2396   12
    2397   12
    2398   12
    2399   12
    2400   12
    2401   12
    2402   12
    2403   11
    2404   11
    2405   11
    2406   11
    2407   11
    2408   11
    2409   11
    2410    9
    2411   11
    2412   11
    2413   11
    2414   11
    2415    2
    2416    2
    2417    2
    2418    5
    2419    6
    2420   10
    2421   10
    2422   10
    2423    9
    2424    9
    2425   12
    2426   12
    2427    1
    2428    6
    2429    6
    2430    5
    2431    6
    2432    6
    2433   12
    2434   12
    2435   12
    2436   12
    2437   12
    2438    7
    2439    8
    2440   12
    2441    8
    2442    8
    2443   11
    2444    9
    2445   12
    2446   12
    2447    7
    2448   12
    2449   10
    2450   10
    2451   10
    2452   10
    2453   10
    2454   10
    2455   10
    2456   10
    2457   10
    2458   10
    2459   10
    2460   10
    2461   10
    2462   10
    2463   10
    2464   10
    2465   10
    2466   10
    2467   10
    2468   10
    2469   10
    2470   10
    2471   10
    2472    8
    2473    8
    2474   10
    2475   10
    2476    9
    2477   10
    2478   10
    2479   10
    2480    7
    2481    6
    2482    6
    2483   12
    2484   12
    2485    8
    2486    8
    2487   12
    2488    6
    2489    4
    2490    8
    2491   12
    2492   12
    2493   12
    2494   12
    2495   12
    2496   12
    2497    3
    2498    6
    2499    6
    2500   12
    2501   12
    2502   12
    2503   12
    2504    4
    2505    4
    2506    4
    2507    4
    2508    4
    2509    5
    2510    6
    2511    6
    2512   12
    2513    8
    2514    6
    2515    6
    2516    8
    2517    8
    2518    6
    2519    8
    2520    6
    2521    6
    2522    5
    2523   12
    2524   12
    2525    6
    2526    6
    2527    6
    2528   12
    2529   12
    2530    7
    2531    7
    2532   12
    2533   12
    2534   12
    2535   12
    2536   12
    2537   12
    2538   12
    2539   10
    2540   10
    2541   10
    2542    9
    2543   11
    2544   11
    2545   11
    2546   11
    2547   11
    2548   11
    2549   11
    2550   11
    2551   11
    2552    9
    2553    9
    2554   11
    2555    2
    2556    6
    2557    8
    2558    1
    2559    1
    2560    6
    2561    6
    2562    6
    2563    6
    2564    6
    2565    6
    2566    8
    2567    7
    2568   12
    2569    8
    2570   12
    2571   12
    2572    6
    2573    5
    2574   12
    2575   12
    2576   12
    2577    8
    2578    8
    2579   12
    2580    5
    2581    6
    2582    6
    2583    6
    2584    6
    2585   12
    2586    6
    2587    6
    2588    6
    2589    5
    2590    2
    2591   12
    2592   12
    2593   12
    2594    1
    2595    6
    2596    8
    2597    7
    2598    8
    2599    6
    2600    8
    2601   12
    2602   12
    2603   12
    2604   12
    2605    7
    2606    5
    2607    6
    2608    6
    2609    6
    2610    5
    2611   12
    2612   12
    2613   12
    2614    8
    2615   12
    2616    7
    2617    8
    2618   12
    2619    7
    2620    8
    2621    8
    2622    8
    2623   12
    2624   12
    2625    7
    2626    8
    2627    8
    2628    8
    2629   12
    2630    8
    2631   12
    2632    2
    2633    6
    2634    6
    2635    6
    2636    9
    2637   10
    2638   10
    2639   10
    2640   10
    2641   10
    2642   10
    2643    6
    2644    1
    2645    1
    2646    1
    2647    6
    2648    6
    2649    6
    2650    3
    2651    6
    2652    2
    2653    6
    2654    3
    2655    5
    2656    6
    2657    6
    2658    6
    2659   12
    2660   12
    2661   12
    2662    7
    2663   12
    2664   12
    2665   12
    2666   12
    2667   12
    2668    8
    2669   12
    2670   12
    2671    6
    2672    6
    2673    3
    2674    3
    2675    6
    2676    6
    2677    6
    2678    7
    2679    6
    2680    5
    2681    1
    2682    1
    2683    1
    2684    6
    2685   12
    2686   12
    2687   12
    2688   12
    2689   12
    2690   12
    2691   12
    2692   12
    2693   12
    2694   12
    2695    7
    2696   12
    2697    9
    2698   12
    2699   12
    2700   12
    2701   12
    2702   12
    2703    8
    2704    8
    2705    8
    2706   12
    2707    7
    2708    6
    2709    6
    2710    7
    2711    7
    2712    7
    2713   12
    2714   12
    2715   12
    2716   12
    2717    6
    2718    6
    2719    5
    2720    6
    2721    3
    2722    1
    2723    1
    2724    1
    2725    1
    2726    1
    2727    1
    2728    1
    2729    1
    2730    1
    2731    1
    2732    5
    2733    7
    2734    1
    2735    6
    2736   12
    2737    8
    2738   11
    2739   11
    2740   11
    2741   11
    2742   11
    2743   11
    2744    8
    2745   12
    2746    2
    2747    2
    2748    2
    2749    2
    2750    5
    2751    6
    2752   11
    2753   11
    2754   11
    2755   11
    2756   11
    2757   11
    2758   11
    2759   11
    2760    9
    2761    7
    2762   12
    2763   12
    2764    8
    2765    8
    2766    8
    2767   10
    2768   10
    2769   10
    2770   10
    2771   10
    2772   10
    2773   10
    2774    7
    2775   12
    2776    8
    2777   12
    2778   12
    2779    8
    2780   10
    2781   10
    2782   10
    2783   11
    2784   11
    2785   11
    2786   11
    2787   10
    2788   10
    2789   10
    2790   10
    2791   10
    2792   10
    2793   10
    2794   10
    2795   10
    2796   10
    2797   10
    2798   10
    2799   10
    2800    8
    2801    8
    2802    8
    2803   12
    2804   11
    2805   11
    2806   11
    2807   11
    2808   11
    2809   11
    2810   11
    2811   11
    2812   11
    2813   11
    2814   11
    2815   11
    2816   11
    2817   11
    2818   11
    2819   11
    2820   11
    2821   11
    2822    9
    2823    9
    2824    9
    2825   12
    2826   12
    2827   12
    2828   12
    2829   12
    2830    7
    2831    8
    2832    7
    2833    8
    2834   12
    2835   12
    2836   12
    2837   12
    2838    7
    2839    7
    2840    6
    2841    6
    2842    5
    2843    6
    2844   12
    2845   12
    2846   12
    2847   12
    2848    8
    2849    1
    2850    5
    2851    6
    2852    6
    2853    6
    2854    3
    2855    3
    2856    6
    2857    6
    2858    3
    2859    3
    2860    5
    2861    5
    2862    5
    2863    4
    2864    4
    2865    5
    2866    5
    2867    3
    2868    3
    2869    3
    2870    5
    2871    6
    2872    6
    2873   12
    2874   12
    2875   12
    2876    2
    2877    5
    2878    6
    2879   12
    2880   12
    2881    8
    2882   12
    2883   12
    2884   12
    2885   12
    2886    8
    2887    8
    2888   12
    2889   12
    2890    7
    2891   12
    2892   12
    2893   12
    2894   12
    2895   12
    2896   12
    2897   12
    2898    8
    2899    8
    2900   12
    2901   12
    2902   12
    2903   12
    2904   12
    2905   12
    2906   12
    2907    2
    2908    2
    2909    2
    2910    5
    2911    5
    2912    3
    2913    3
    2914    3
    2915    5
    2916    3
    2917    3
    2918    3
    2919    3
    2920    5
    2921    6
    2922    5
    2923    5
    2924    6
    2925    6
    2926    6
    2927    6
    2928    6
    2929    6
    2930    5
    2931    5
    2932    6
    2933    7
    2934   12
    2935   12
    2936   12
    2937   12
    2938    8
    2939   12
    2940   12
    2941   12
    2942   12
    2943   12
    2944    7
    2945    6
    2946    3
    2947    3
    2948    1
    2949   12
    2950   12
    2951    7
    2952    6
    2953    3
    2954    3
    2955    5
    2956    6
    2957    5
    2958    1
    2959    1
    2960    1
    2961    1
    2962    1
    2963    1
    2964    1
    2965    1
    2966    1
    2967    1
    2968    1
    2969    1
    2970    5
    2971    6
    2972   12
    2973   12
    2974   12
    2975   12
    2976    8
    2977    8
    2978   12
    2979   12
    2980   12
    2981   12
    2982   12
    2983   12
    2984   12
    2985   12
    2986   12
    2987    1
    2988   12
    2989    1
    2990    1
    2991    1
    2992    1
    2993   12
    2994   12
    2995   12
    2996   12
    2997   12
    2998   12
    2999   12
    3000   12
    3001   12
    3002   12
    3003   12
    3004   12
    3005   12
    3006   12
    3007   12
    3008   12
    3009   12
    3010   12
    3011   12
    3012   12
    3013   12
    3014   12
    3015   12
    3016   12
    3017   12
    3018   12
    3019   12
    3020   12
    3021    8
    3022   12
    3023   12
    3024   12
    3025   12
    3026    8
    3027   12
    3028    8
    3029    8
    3030   10
    3031   10
    3032   10
    3033   10
    3034   10
    3035   10
    3036    9
    3037   11
    3038   11
    3039   12
    3040   12
    3041   12
    3042    1
    3043    6
    3044    4
    3045    6
    3046    6
    3047    4
    3048    1
    3049    1
    3050    1
    3051    1
    3052    1
    3053    6
    3054    6
    3055    5
    3056    1
    3057    1
    3058    1
    3059    8
    3060   12
    3061   12
    3062    6
    3063    5
    3064    3
    3065    3
    3066    3
    3067    6
    3068    3
    3069    3
    3070   12
    3071   12
    3072    8
    3073    8
    3074    5
    3075    1
    3076    1
    3077    1
    3078    1
    3079   12
    3080   12
    3081   12
    3082   12
    3083    9
    3084    6
    3085    1
    3086    1
    3087    6
    3088    5
    3089   12
    3090   12
    3091   12
    3092    9
    3093    9
    3094   11
    3095   11
    3096   10
    3097   12
    3098    9
    3099   10
    3100   10
    3101   10
    3102   10
    3103   12
    3104   12
    3105   12
    3106   12
    3107   12
    3108    1
    3109    1
    3110    1
    3111    1
    3112    1
    3113    5
    3114    7
    3115    1
    3116    1
    3117    1
    3118    1
    3119    1
    3120    1
    3121    1
    3122    3
    3123    3
    3124    3
    3125    3
    3126    6
    3127    6
    3128    3
    3129    5
    3130    5
    3131    6
    3132   12
    3133   12
    3134   12
    3135   12
    3136   12
    3137    7
    3138    8
    3139    7
    3140    7
    3141   12
    3142   12
    3143   12
    3144   12
    3145    7
    3146   12
    3147    8
    3148    8
    3149    8
    3150   12
    3151   12
    3152   12
    3153   12
    3154   12
    3155   12
    3156   12
    3157   12
    3158   12
    3159   12
    3160    1
    3161    1
    3162    1
    3163    1
    3164    1
    3165    1
    3166    1
    3167    1
    3168    1
    3169    1
    3170    1
    3171    3
    3172    3
    3173    3
    3174    5
    3175    3
    3176    3
    3177    6
    3178    8
    3179   12
    3180   12
    3181   12
    3182   12
    3183   12
    3184   12
    3185   10
    3186   10
    3187   10
    3188    8
    3189   12
    3190   12
    3191   12
    3192   12
    3193   12
    3194   12
    3195   12
    3196   12
    3197   12
    3198    9
    3199    6
    3200    6
    3201    5
    3202    4
    3203    3
    3204    3
    3205    3
    3206    3
    3207    3
    3208    3
    3209    1
    3210    1
    3211    1
    3212    1
    3213    1
    3214    1
    3215    1
    3216    5
    3217    7
    3218    8
    3219    7
    3220    2
    3221    2
    3222    2
    3223   12
    3224   12
    3225   12
    3226   12
    3227    7
    3228   12
    3229   12
    3230   12
    3231   12
    3232    7
    3233    6
    3234    5
    3235    1
    3236    1
    3237    1
    3238    1
    3239    1
    3240   12
    3241    8
    3242   10
    3243   10
    3244   10
    3245   10
    3246   10
    3247   10
    3248   10
    3249   10
    3250   10
    3251   10
    3252   12
    3253   12
    3254    8
    3255    8
    3256    7
    3257   12
    3258   12
    3259   12
    3260    8
    3261    7
    3262   12
    3263   12
    3264    8
    3265    7
    3266    7
    3267   12
    3268   12
    3269    7
    3270    6
    3271    9
    3272   12
    3273    8
    3274   12
    3275   12
    3276   12
    3277   12
    3278    7
    3279    8
    3280    8
    3281    7
    3282    6
    3283    3
    3284    3
    3285    3
    3286    3
    3287    3
    3288    3
    3289    1
    3290    1
    3291    1
    3292    1
    3293    1
    3294    1
    3295    1
    3296    1
    3297    1
    3298    1
    3299    1
    3300    1
    3301    1
    3302    6
    3303    7
    3304   12
    3305   12
    3306   12
    3307   12
    3308   12
    3309   12
    3310   12
    3311   12
    3312    6
    3313    5
    3314    5
    3315    5
    3316    2
    3317    2
    3318    6
    3319    7
    3320   12
    3321   12
    3322    8
    3323    7
    3324    8
    3325    7
    3326    6
    3327    6
    3328    6
    3329    6
    3330    6
    3331    8
    3332    8
    3333   12
    3334   12
    3335   12
    3336   12
    3337    8
    3338    7
    3339    8
    3340   12
    3341   12
    3342   12
    3343   12
    3344    6
    3345    6
    3346    8
    3347    8
    3348   10
    3349   10
    3350   10
    3351   10
    3352   10
    3353   10
    3354   10
    3355   10
    3356   10
    3357   10
    3358   10
    3359   10
    3360   10
    3361    9
    3362   12
    3363    1
    3364    1
    3365    3
    3366    3
    3367    5
    3368    6
    3369   12
    3370    6
    3371    5
    3372    1
    3373    1
    3374    1
    3375    1
    3376    5
    3377    2
    3378    2
    3379   12
    3380   10
    3381   10
    3382   10
    3383   12
    3384   12
    3385   12
    3386    8
    3387    2
    3388    2
    3389    5
    3390    6
    3391   12
    3392   12
    3393   12
    3394    6
    3395    6
    3396    1
    3397    5
    3398    1
    3399    1
    3400   12
    3401   12
    3402   12
    3403    7
    3404   12
    3405   12
    3406   12
    3407   12
    3408   12
    3409   12
    3410   12
    3411   12
    3412   12
    3413    8
    3414    7
    3415    8
    3416   12
    3417   12
    3418   12
    3419    8
    3420    8
    3421    8
    3422    7
    3423    7
    3424    7
    3425    7
    3426    8
    3427    6
    3428    6
    3429    8
    3430    8
    3431    8
    3432   12
    3433   12
    3434    8
    3435    8
    3436   12
    3437    8
    3438    7
    3439   12
    3440   12
    3441    8
    3442   12
    3443   12
    3444   12
    3445    6
    3446    3
    3447    3
    3448    3
    3449    3
    3450    1
    3451    1
    3452    1
    3453    1
    3454    1
    3455    1
    3456    1
    3457    1
    3458    1
    3459    1
    3460    1
    3461   12
    3462   12
    3463   12
    3464    6
    3465    3
    3466    1
    3467    5
    3468    1
    3469    1
    3470    1
    3471    1
    3472    1
    3473   12
    3474   12
    3475   12
    3476   12
    3477   12
    3478   12
    3479   12
    3480    6
    3481    5
    3482    5
    3483    1
    3484    3
    3485    1
    3486    1
    3487    1
    3488    1
    3489    1
    3490    3
    3491    5
    3492    5
    3493    6
    3494    7
    3495    8
    3496    7
    3497    8
    3498    8
    3499   12
    3500    7
    3501    8
    3502    8
    3503    6
    3504    6
    3505    6
    3506    6
    3507   12
    3508   12
    3509   12
    3510   10
    3511   10
    3512   10
    3513   10
    3514   10
    3515   10
    3516   12
    3517   12
    3518    8
    3519    8
    3520   12
    3521   12
    3522   12
    3523   12
    3524   12
    3525   12
    3526   12
    3527   12
    3528   12
    3529    7
    3530   12
    3531   12
    3532    9
    3533    9
    3534    9
    3535   12
    3536   12
    3537   12
    3538   12
    3539    8
    3540   10
    3541   10
    3542   10
    3543   10
    3544   10
    3545   10
    3546   10
    3547   10
    3548   12
    3549    7
    3550    7
    3551   12
    3552   12
    3553   12
    3554   12
    3555   12
    3556   12
    3557    6
    3558    5
    3559    6
    3560    3
    3561    5
    3562    3
    3563    3
    3564    3
    3565    3
    3566    3
    3567    5
    3568    3
    3569    5
    3570    3
    3571    3
    3572    5
    3573    3
    3574    3
    3575    3
    3576    3
    3577    3
    3578    3
    3579    3
    3580    3
    3581    3
    3582    5
    3583    4
    3584    5
    3585    5
    3586    3
    3587    3
    3588    3
    3589    3
    3590    4
    3591    4
    3592    4
    3593    4
    3594    4
    3595    4
    3596    4
    3597    4
    3598    4
    3599    5
    3600    4
    3601    4
    3602    4
    3603    4
    3604    4
    3605    3
    3606    1
    3607    1
    3608    1
    3609    1
    3610    1
    3611    1
    3612    1
    3613    3
    3614    3
    3615    3
    3616    3
    3617    1
    3618    1
    3619    3
    3620    3
    3621    1
    3622    1
    3623    1
    3624    1
    3625    1
    3626    1
    3627    1
    3628    1
    3629   12
    3630   12
    3631   12
    3632   12
    3633   12
    3634   12
    3635   12
    3636   12
    3637   12
    3638   12
    3639   12
    3640    7
    3641    8
    3642   12
    3643   12
    3644   12
    3645   12
    3646    8
    3647   12
    3648   12
    3649   12
    3650   12
    3651   12
    3652   12
    3653   12
    3654    7
    3655    7
    3656    8
    3657    7
    3658    8
    3659   12
    3660   12
    3661   12
    3662   12
    3663    8
    3664    7
    3665   12
    3666   12
    3667   12
    3668   12
    3669   12
    3670   12
    3671   12
    3672   12
    3673   12
    3674    8
    3675    8
    3676   12
    3677   12
    3678   12
    3679    8
    3680    8
    3681   12
    3682    8
    3683   12
    3684   12
    3685   12
    3686   12
    3687   12
    3688   12
    3689   12
    3690    7
    3691   12
    3692    8
    3693   12
    3694   12
    3695   12
    3696   12
    3697   12
    3698   12
    3699   12
    3700   12
    3701   12
    3702   12
    3703   12
    3704   12
    3705   12
    3706   12
    3707    8
    3708    8
    3709    1
    3710    1
    3711    1
    3712    1
    3713   12
    3714   12
    3715   12
    3716   12
    3717   12
    3718   12
    3719   12
    3720   12
    3721    6
    3722    8
    3723   12
    3724   12
    3725   12
    3726   12
    3727   12
    3728    7
    3729    5
    3730    3
    3731    5
    3732    3
    3733    5
    3734    6
    3735   12
    3736    9
    3737   10
    3738   10
    3739   10
    3740   10
    3741   10
    3742   10
    3743   10
    3744   12
    3745   12
    3746   12
    3747    8
    3748    7
    3749   12
    3750    8
    3751   12
    3752   12
    3753   12
    3754   12
    3755   12
    3756   12
    3757   12
    3758   12
    3759   12
    3760   12
    3761   12
    3762   12
    3763   12
    3764   12
    3765   12
    3766   12
    3767   12
    3768   12
    3769   12
    3770   10
    3771   10
    3772   10
    3773   10
    3774   10
    3775   10
    3776   10
    3777   10
    3778   10
    3779   10
    3780   10
    3781   10
    3782   10
    3783   10
    3784   10
    3785   10
    3786   10
    3787   10
    3788   10
    3789   10
    3790   10
    3791   10
    3792   10
    3793   10
    3794   10
    3795   10
    3796   10
    3797   10
    3798   10
    3799   10
    3800   10
    3801    9
    3802   11
    3803   11
    3804   11
    3805   11
    3806   11
    3807   11
    3808   11
    3809   11
    3810   11
    3811   11
    3812   11
    3813   11
    3814   12
    3815   12
    3816    7
    3817   12
    3818   10
    3819   10
    3820   10
    3821   10
    3822   10
    3823   10
    3824   10
    3825   10
    3826   12
    3827   12
    3828   12
    3829   12
    3830   12
    3831   12
    3832   12
    3833    4
    3834    4
    3835    4
    3836    4
    3837    5
    3838    6
    3839    6
    3840   10
    3841   10
    3842   10
    3843   10
    3844   10
    3845   11
    3846   11
    3847   11
    3848   11
    3849   11
    3850   11
    3851   11
    3852   11
    3853   11
    3854   11
    3855   11
    3856   11
    3857   11
    3858   11
    3859   11
    3860   11
    3861   11
    3862    9
    3863   10
    3864   10
    3865   10
    3866   10
    3867   10
    3868   10
    3869   10
    3870   10
    3871   10
    3872   10
    3873   10
    3874   12
    3875    8
    3876   12
    3877   12
    3878   12
    3879   12
    3880   12
    3881   12
    3882   12
    3883   12
    3884   12
    3885   12
    3886   10
    3887   10
    3888   10
    3889   10
    3890   10
    3891   10
    3892   10
    3893   10
    3894   10
    3895   10
    3896   10
    3897   10
    3898   10
    3899    9
    3900   12
    3901   12
    3902   12
    3903   10
    3904   12
    3905   12
    3906   12
    3907   12
    3908   12
    3909   12
    3910   12
    3911   10
    3912   10
    3913   10
    3914   10
    3915    8
    3916   10
    3917   10
    3918   10
    3919   10
    3920   10
    3921   15
    3922   15
    3923   15
    3924   15
    3925   15
    3926   15
    3927   15
    3928   15
    3929   15
    3930   15
    3931   15
    3932   15
    3933    8
    3934   12
    3935   12
    3936   12
    3937   12
    3938    9
    3939   10
    3940   10
    3941   10
    3942   13
    3943   13
    3944   13
    3945   13
    3946   13
    3947   13
    3948   13
    3949   13
    3950   13
    3951   10
    3952   10
    3953   10
    3954   10
    3955   10
    3956   12
    3957   12
    3958   12
    3959   12
    3960   12
    3961   12
    3962   12
    3963   12
    3964   12
    3965   10
    3966   10
    3967   10
    3968   10
    3969   10
    3970   10
    3971   10
    3972   10
    3973   10
    3974   10
    3975   10
    3976   10
    3977   10
    3978   10
    3979   10
    3980   10
    3981   13
    3982   13
    3983   13
    3984   13
    3985   13
    3986   13
    3987   13
    3988   13
    3989   13
    3990   13
    3991   13
    3992   13
    3993   13
    3994   13
    3995   13
    3996   13
    3997   13
    3998   13
    3999   13
    4000   13
    4001   13
    4002   13
    4003   13
    4004   13
    4005   13
    4006   13
    4007   13
    4008   13
    4009   13
    4010   13
    4011   13
    4012   13
    4013   13
    4014   13
    4015   13
    4016   13
    4017   13
    4018   13
    4019   13
    4020   12
    4021   12
    4022   12
    4023    8
    4024   12
    4025   12
    4026   12
    4027   12
    4028   12
    4029   12
    4030   12
    4031   10
    4032   10
    4033   12
    4034   12
    4035   12
    4036   12
    4037   12
    4038   12
    4039   12
    4040   12
    4041   12
    4042   12
    4043   12
    4044   10
    4045   10
    4046   10
    4047   10
    4048   10
    4049   10
    4050   10
    4051   10
    4052   10
    4053   10
    4054   10
    4055   10
    4056   10
    4057   10
    4058   10
    4059   10
    4060   10
    4061   10
    4062   10
    4063   10
    4064   10
    4065   10
    4066   10
    4067   10
    4068   10
    4069   10
    4070   10
    4071   10
    4072   10
    4073   10
    4074   10
    4075   10
    4076   10
    4077   10
    4078   10
    4079   10
    4080   10
    4081   10
    4082   10
    4083   10
    4084   10
    4085   10
    4086   10
    4087   10
    4088   10
    4089   10
    4090   10
    4091   10
    4092   10
    4093   11
    4094   11
    4095   11
    4096   10
    4097   10
    4098   10
    4099   10
    4100   10
    4101   10
    4102   10
    4103   10
    4104   10
    4105   10
    4106   10
    4107   10
    4108   10
    4109   10
    4110   10
    4111   10
    4112   10
    4113   10
    4114   10
    4115   10
    4116   10
    4117   10
    4118   10
    4119   10
    4120   10
    4121   10
    4122   10
    4123   10
    4124   10
    4125   10
    4126   10
    4127   10
    4128   10
    4129   10
    4130   10
    4131   10
    4132   10
    4133   10
    4134   10
    4135   10
    4136   10
    4137    9
    4138   10
    4139   10
    4140   10
    4141   10
    4142   10
    4143   10
    4144   10
    4145   10
    4146   10
    4147   10
    4148   10
    4149   10
    4150   10
    4151   10
    4152   10
    4153   10
    4154    8
    4155   12
    4156   12
    4157   10
    4158   10
    4159   10
    4160   10
    4161   10
    4162   10
    4163   10
    4164   10
    4165   10
    4166   10
    4167   10
    4168   10
    4169   10
    4170   10
    4171   10
    4172   10
    4173   10
    4174   10
    4175   10
    4176   10
    4177   10
    4178   10
    4179   10
    4180   10
    4181   10
    4182   10
    4183   10
    4184   10
    4185   10
    4186   10
    4187   10
    4188   10
    4189   10
    4190   10
    4191   10
    4192   10
    4193   10
    4194   10
    4195   10
    4196   10
    4197   10
    4198   10
    4199    9
    4200   12
    4201   12
    4202   12
    4203   12
    4204   12
    4205    1
    4206    1
    4207    6
    4208    6
    4209    5
    4210    3
    4211    1
    4212    1
    4213    1
    4214   12
    4215   12
    4216   12
    4217   12
    4218   12
    4219   12
    4220   12
    4221   12
    4222   12
    4223   12
    4224   10
    4225   10
    4226   10
    4227   10
    4228   10
    4229   10
    4230   12
    4231   12
    4232    1
    4233    6
    4234    8
    4235    8
    4236   10
    4237   10
    4238   10
    4239   10
    4240   10
    4241   10
    4242   10
    4243   12
    4244    7
    4245   12
    4246   12
    4247   12
    4248   10
    4249   10
    4250   10
    4251   10
    4252   10
    4253   10
    4254   10
    4255   10
    4256   10
    4257    9
    4258   10
    4259   10
    4260    7
    4261   10
    4262    9
    4263   11
    4264   11
    4265   11
    4266   11
    4267   11
    4268   11
    4269   11
    4270   11
    4271   11
    4272   11
    4273   11
    4274   11
    4275   11
    4276   11
    4277   11
    4278   11
    4279    9
    4280   12
    4281    8
    4282   12
    4283   10
    4284   10
    4285   10
    4286   10
    4287   10
    4288    8
    4289   12
    4290    8
    4291    7
    4292    8
    4293   12
    4294    9
    4295   11
    4296   10
    4297   10
    4298   10
    4299    6
    4300    6
    4301    5
    4302    6
    4303    5
    4304    3
    4305    6
    4306    2
    4307    2
    4308    2
    4309    2
    4310    2
    4311    2
    4312    2
    4313    2
    4314   12
    4315   12
    4316   12
    4317   10
    4318   11
    4319   11
    4320   11
    4321   11
    4322   11
    4323   11
    4324   11
    4325   11
    4326   11
    4327   11
    4328   11
    4329   11
    4330    2
    4331    2
    4332    5
    4333    5
    4334    6
    4335    6
    4336    6
    4337    6
    4338    6
    4339    6
    4340    6
    4341   12
    4342   12
    4343   12
    4344   12
    4345   12
    4346   12
    4347    1
    4348    1
    4349    7
    4350    6
    4351    6
    4352    1
    4353    1
    4354    1
    4355   12
    4356   12
    4357   12
    4358   12
    4359   12
    4360   12
    4361   12
    4362    8
    4363   12
    4364   12
    4365   12
    4366    1
    4367    1
    4368   12
    4369   12
    4370   12
    4371    4
    4372    6
    4373    1
    4374    1
    4375    1
    4376    1
    4377    6
    4378    6
    4379    3
    4380    6
    4381    6
    4382    9
    4383   12
    4384   12
    4385   12
    4386   12
    4387   12
    4388    8
    4389   12
    4390   12
    4391   12
    4392   12
    4393   12
    4394   12
    4395    7
    4396   12
    4397    7
    4398    6
    4399    7
    4400   12
    4401    6
    4402    7
    4403    6
    4404    3
    4405    1
    4406    1
    4407    1
    4408    1
    4409    1
    4410   12
    4411   12
    4412   12
    4413   11
    4414    9
    4415   10
    4416   10
    4417   10
    4418   12
    4419   12
    4420    7
    4421   10
    4422   10
    4423   10
    4424   10
    4425   10
    4426   12
    4427   12
    4428   12
    4429   12
    4430   12
    4431   12
    4432   12
    4433    1
    4434    1
    4435    5
    4436    5
    4437    6
    4438    8
    4439    1
    4440    7
    4441    7
    4442   12
    4443   12
    4444   12
    4445   12
    4446   12
    4447    7
    4448   12
    4449    8
    4450   12
    4451    1
    4452    3
    4453    1
    4454    1
    4455    4
    4456    4
    4457    4
    4458    4
    4459    4
    4460    4
    4461    4
    4462    4
    4463    4
    4464    1
    4465    3
    4466    5
    4467    6
    4468    4
    4469    6
    4470    5
    4471    6
    4472    3
    4473    3
    4474    5
    4475    4
    4476    4
    4477    4
    4478    6
    4479    6
    4480    3
    4481    5
    4482    5
    4483    6
    4484    7
    4485   12
    4486   12
    4487   12
    4488   12
    4489   12
    4490   12
    4491   12
    4492   12
    4493   12
    4494    7
    4495    7
    4496    8
    4497    7
    4498   12
    4499   12
    4500   12
    4501   12
    4502   12
    4503    7
    4504   12
    4505   12
    4506    6
    4507    5
    4508    5
    4509    3
    4510    3
    4511    3
    4512    3
    4513    1
    4514    1
    4515    1
    4516    1
    4517    1
    4518    1
    4519    1
    4520    1
    4521    1
    4522    1
    4523    1
    4524    1
    4525    1
    4526    1
    4527    1
    4528    1
    4529    1
    4530    1
    4531    1
    4532    1
    4533   12
    4534   12
    4535   12
    4536   12
    4537   12
    4538    7
    4539   12
    4540   12
    4541   12
    4542    6
    4543    6
    4544    1
    4545    1
    4546    1
    4547    6
    4548    6
    4549    6
    4550    6
    4551    6
    4552    4
    4553    4
    4554    3
    4555    3
    4556    1
    4557    1
    4558    1
    4559    1
    4560    1
    4561    1
    4562    1
    4563    1
    4564    1
    4565    1
    4566    1
    4567    1
    4568    1
    4569    6
    4570    5
    4571    6
    4572    7
    4573    8
    4574   12
    4575   12
    4576   12
    4577   12
    4578    8
    4579    6
    4580    6
    4581    3
    4582    1
    4583   12
    4584   12
    4585    8
    4586    1
    4587    1
    4588    5
    4589    6
    4590    6
    4591    5
    4592    1
    4593    1
    4594    1
    4595    2
    4596    6
    4597    6
    4598    5
    4599    1
    4600    1
    4601    1
    4602    1
    4603    5
    4604    6
    4605    6
    4606   12
    4607   12
    4608    7
    4609   12
    4610    8
    4611    8
    4612    7
    4613   12
    4614   12
    4615   12
    4616   12
    4617   12
    4618   12
    4619   12
    4620   12
    4621   12
    4622    8
    4623   12
    4624   12
    4625   12
    4626   12
    4627    6
    4628    6
    4629    6
    4630    6
    4631    3
    4632    1
    4633    1
    4634    1
    4635    1
    4636    1
    4637    2
    4638    6
    4639    6
    4640   12
    4641    8
    4642    9
    4643    7
    4644   12
    4645   12
    4646    8
    4647    7
    4648    7
    4649   12
    4650   12
    4651   12
    4652   12
    4653   12
    4654   12
    4655    7
    4656    5
    4657    5
    4658    1
    4659    1
    4660    3
    4661    6
    4662    5
    4663    5
    4664    3
    4665    6
    4666    6
    4667    6
    4668    6
    4669    6
    4670    6
    4671    6
    4672    6
    4673    4
    4674    1
    4675   12
    4676   12
    4677   12
    4678    8
    4679    6
    4680    1
    4681    1
    4682    1
    4683    1
    4684    7
    4685   12
    4686   12
    4687   12
    4688   12
    4689    6
    4690    3
    4691    2
    4692    2
    4693    2
    4694    2
    4695    5
    4696    6
    4697    6
    4698    2
    4699    1
    4700    1
    4701    1
    4702    1
    4703    1
    4704    1
    4705    1
    4706    1
    4707    5
    4708    6
    4709    6
    4710    3
    4711    3
    4712    3
    4713    1
    4714    1
    4715    1
    4716    1
    4717    1
    4718    5
    4719    6
    4720    6
    4721    6
    4722    7
    4723   12
    4724   12
    4725   12
    4726    8
    4727    6
    4728    2
    4729    2
    4730    6
    4731    6
    4732   12
    4733   12
    4734    7
    4735    8
    4736    7
    4737   12
    4738    7
    4739   12
    4740    7
    4741    8
    4742   12
    4743   12
    4744   12
    4745   12
    4746   12
    4747    6
    4748    6
    4749    5
    4750    2
    4751   12
    4752   12
    4753    8
    4754   12
    4755   12
    4756   10
    4757   10
    4758   10
    4759   10
    4760   10
    4761   10
    4762   10
    4763   10
    4764    9
    4765   11
    4766   11
    4767   11
    4768   11
    4769   12
    4770    7
    4771   12
    4772   12
    4773   12
    4774   12
    4775   12
    4776   12
    4777   12
    4778   12
    4779   12
    4780   12
    4781   12
    4782   12
    4783   12
    4784   12
    4785   12
    4786   12
    4787   12
    4788   12
    4789    7
    4790   12
    4791   12
    4792    8
    4793    7
    4794    9
    4795   10
    4796   10
    4797   10
    4798   10
    4799   10
    4800   12
    4801   12
    4802   12
    4803    7
    4804   12
    4805    8
    4806    7
    4807    4
    4808    6
    4809    7
    4810   12
    4811   12
    4812   12
    4813    1
    4814    2
    4815    3
    4816    3
    4817    5
    4818    6
    4819    6
    4820    2
    4821    2
    4822    2
    4823    2
    4824    2
    4825    2
    4826    9
    4827   11
    4828    9
    4829    8
    4830    8
    4831    8
    4832    8
    4833   12
    4834   12
    4835   12
    4836   12
    4837    6
    4838    6
    4839    3
    4840    1
    4841    7
    4842    6
    4843    6
    4844    6
    4845    6
    4846    6
    4847    9
    4848   11
    4849   11
    4850   11
    4851   11
    4852   11
    4853    2
    4854    2
    4855    5
    4856    6
    4857   10
    4858   10
    4859   10
    4860   10
    4861   10
    4862   10
    4863   10
    4864   10
    4865   10
    4866   10
    4867   10
    4868   10
    4869   10
    4870    9
    4871    6
    4872    1
    4873    1
    4874    1
    4875    3
    4876    3
    4877    1
    4878    1
    4879    1
    4880    1
    4881    1
    4882    1
    4883    1
    4884    1
    4885   11
    4886   11
    4887   11
    4888   11
    4889   11
    4890   11
    4891   11
    4892   10
    4893   10
    4894   10
    4895   10
    4896   10
    4897   10
    4898   10
    4899   10
    4900   10
    4901   10
    4902   10
    4903   10
    4904   10
    4905   10
    4906   10
    4907   10
    4908   10
    4909   10
    4910   10
    4911   10
    4912   10
    4913   10
    4914   10
    4915   10
    4916   10
    4917   10
    4918   10
    4919   10
    4920   10
    4921   10
    4922   10
    4923   10
    4924   10
    4925   10
    4926   10
    4927   10
    4928   10
    4929   10
    4930   12
    4931   12
    4932   12
    4933   12
    4934    7
    4935   15
    4936   15
    4937   15
    4938    8
    4939    8
    4940    7
    4941    7
    4942   12
    4943   12
    4944   12
    4945   12
    4946   12
    4947   12
    4948   12
    4949    8
    4950   10
    4951   10
    4952   10
    4953   10
    4954   12
    4955   12
    4956   12
    4957   12
    4958   12
    4959    8
    4960    8
    4961   12
    4962   12
    4963   12
    4964   10
    4965   10
    4966   12
    4967    7
    4968   12
    4969   12
    4970   12
    4971   12
    4972   12
    4973   12
    4974   12
    4975   12
    4976   12
    4977   12
    4978    8
    4979    8
    4980    7
    4981   14
    4982   14
    4983   14
    4984   13
    4985   13
    4986   13
    4987   13
    4988   13
    4989   13
    4990   13
    4991   10
    4992   10
    4993    7
    4994    8
    4995   12
    4996   12
    4997   12
    4998   12
    4999   12
    5000   12
