       1    1
       2    1
       3    1
       4    1
       5    1
       6    1
       7    1
       8    1
       9    1
      10    1
      11    1
      12    1
      13    1
      14    1
      15    3
      16    3
      17    6
      18   12
      19   10
      20   10
      21   10
      22   10
      23   10
      24   10
      25   10
      26   10
      27    8
      28    8
      29   12
      30    8
      31    7
      32   12
      33   12
      34    7
      35    8
      36    8
      37    8
      38    8
      39    8
      40    8
      41    8
      42   12
      43   12
      44    8
      45   12
      46    8
      47    8
      48    8
      49    8
      50    9
      51    9
      52   11
      53   11
      54   11
      55   11
      56    9
      57   10
      58   10
      59   10
      60    8
      61   12
      62   12
      63   12
      64    9
      65   10
      66   10
      67   10
      68   10
      69   10
      70   10
      71   10
      72   10
      73   10
      74   10
      75   10
      76   10
      77   10
      78   10
      79    9
      80   10
      81   10
      82   12
      83   12
      84   12
      85   12
      86   12
      87   12
      88    8
      89   12
      90   12
      91    1
      92    1
      93    1
      94    1
      95    3
      96    1
      97    3
      98    5
      99    6
     100    8
     101    8
     102   12
     103    8
     104    8
     105   12
     106   12
     107    8
     108    7
     109   10
     110   10
     111   10
     112   10
     113   10
     114   10
     115   10
     116   10
     117   10
     118   10
     119   10
     120   10
     121   10
     122   10
     123   10
     124   10
     125   10
     126   10
     127   10
     128   10
     129   10
     130   10
     131   10
     132    8
     133   10
     134   10
     135   10
     136   10
     137    9
     138   10
     139   10
     140   10
     141   10
     142   10
     143   10
     144   10
     145   10
     146   10
     147   10
     148   10
     149    9
     150    7
     151    7
     152    8
     153   12
     154   12
     155   12
     156   12
     157   12
     158   12
     159   12
     160   12
     161   12
     162    8
     163    8
     164    7
     165    1
     166    1
     167    1
     168    1
     169    1
     170    4
     171    6
     172    6
     173   11
     174   11
     175    6
     176    3
     177    3
     178    3
     179    1
     180    1
     181    1
     182    1
     183    1
     184   12
     185   10
     186   10
     187   10
     188   10
     189   10
     190   10
     191   10
     192   10
     193   10
     194   10
     195   10
     196   10
     197   10
     198   10
     199   10
     200   10
     201   10
     202   10
     203   10
     204   10
     205   10
     206   10
     207   10
     208   10
     209   10
     210   10
     211   10
     212   10
     213   10
     214   10
     215   10
     216   10
     217   10
     218   10
     219   10
     220   10
     221   10
     222   10
     223   10
     224   10
     225   10
     226   10
     227   10
     228   10
     229   10
     230   10
     231   10
     232   10
     233   10
     234   10
     235   10
     236   10
     237   10
     238   10
     239   10
     240   10
     241   10
     242   10
     243   10
     244   10
     245   10
     246   10
     247   10
     248   10
     249   10
     250   10
     251   10
     252   10
     253   10
     254   10
     255   10
     256   10
     257   10
     258   10
     259   10
     260   10
     261   10
     262   10
     263   10
     264   10
     265   10
     266   10
     267   10
     268   10
     269   10
     270   10
     271   10
     272   10
     273   10
     274   10
     275   10
     276   10
     277   10
     278   10
     279   10
     280   10
     281   10
     282   10
     283   10
     284    8
     285   12
     286   10
     287   10
     288   10
     289   10
     290   10
     291   10
     292   10
     293   10
     294   10
     295    9
     296   10
     297   10
     298   10
     299   10
     300   10
     301   10
     302   10
     303   10
     304   10
     305   10
     306   10
     307   10
     308   10
     309   10
     310   10
     311   10
     312   10
     313   10
     314   10
     315   10
     316   10
     317   10
     318   10
     319   10
     320   10
     321   10
     322   10
     323   10
     324   10
     325   10
     326   10
     327   10
     328   10
     329   10
     330   10
     331   10
     332   10
     333   10
     334   10
     335   10
     336   10
     337   10
     338   10
     339   10
     340   10
     341   10
     342   10
     343   10
     344   10
     345   10
     346   10
     347   10
     348   10
     349   10
     350   12
     351    8
     352    6
     353   12
     354   12
     355    1
     356    1
     357    1
     358    5
     359    6
     360   12
     361   10
     362   10
     363   10
     364   10
     365    6
     366    6
     367    4
     368    4
     369    4
     370    4
     371    4
     372    4
     373    4
     374    4
     375    4
     376    4
     377    4
     378    4
     379    4
     380    4
     381    4
     382    1
     383    1
     384    1
     385    1
     386    1
     387    1
     388   12
     389   12
     390   12
     391    1
     392    1
     393    1
     394    1
     395    1
     396   12
     397   12
     398   12
     399   12
     400   12
     401   12
     402   12
     403   12
     404   12
     405   12
     406   12
     407   12
     408   12
     409   12
     410   12
     411   12
     412   12
     413   10
     414   10
     415   10
     416   10
     417   10
     418   10
     419   10
     420   10
     421   10
     422   10
     423   10
     424   10
     425   10
     426   10
     427   10
     428   10
     429   10
     430   10
     431   10
     432   10
     433   10
     434   10
     435   10
     436   10
     437   10
     438   10
     439   10
     440   10
     441   10
     442   10
     443   10
     444   10
     445   10
     446   10
     447   10
     448   10
     449   10
     450   10
     451   10
     452   12
     453   12
     454   12
     455   12
     456   12
     457   12
     458   12
     459    8
     460   10
     461   10
     462   10
     463   10
     464   10
     465   10
     466   10
     467   10
     468   10
     469   10
     470   10
     471   10
     472   10
     473   10
     474   10
     475   10
     476   10
     477   10
     478   10
     479   10
     480   10
     481   10
     482   10
     483   10
     484   10
     485   10
     486   10
     487   10
     488   10
     489   10
     490   10
     491   10
     492   10
     493   10
     494   10
     495   10
     496   10
     497   10
     498   10
     499   10
     500   10
     501   10
     502   10
     503   10
     504   10
     505   10
     506   10
     507   10
     508   10
     509   10
     510   10
     511   10
     512   10
     513   12
     514    7
     515   10
     516   10
     517   10
     518   10
     519   10
     520   10
     521   10
     522   10
     523    8
     524   12
     525   12
     526    1
     527    1
     528    1
     529    1
     530    1
     531    1
     532    1
     533    1
     534    3
     535    3
     536    3
     537    5
     538    5
     539    3
     540    5
     541    6
     542    4
     543    5
     544    6
     545    5
     546    5
     547    5
     548    6
     549    6
     550    7
     551   12
     552   12
     553   12
     554   12
     555   12
     556   12
     557   12
     558   12
     559    8
     560    8
     561   12
     562   12
     563    1
     564    5
     565    6
     566    5
     567    1
     568    9
     569    9
     570   10
     571   10
     572   10
     573   10
     574   10
     575   10
     576   10
     577   10
     578   10
     579   10
     580   10
     581   10
     582   10
     583   10
     584   10
     585    7
     586   12
     587    8
     588   10
     589   10
     590   10
     591   10
     592   10
     593   10
     594   10
     595   10
     596   10
     597   10
     598   10
     599    6
     600    6
     601    1
     602    1
     603    3
     604    6
     605    7
     606    6
     607   12
     608   12
     609   12
     610    8
     611    8
     612   12
     613   12
     614   12
     615   12
     616   10
     617   10
     618   10
     619   12
     620   12
     621   12
     622   12
     623   12
     624    1
     625    1
     626    1
     627    1
     628    1
     629    1
     630    1
     631    1
     632    1
     633    5
     634    4
     635    4
     636    4
     637    4
     638    6
     639    6
     640    5
     641    3
     642    3
     643    3
     644    3
     645    3
     646    3
     647    3
     648    1
     649   12
     650   12
     651   12
     652   12
     653   12
     654   12
     655   12
     656   12
     657   10
     658   10
     659   10
     660   10
     661   10
     662   10
     663   10
     664   10
     665   10
     666   10
     667   10
     668   10
     669   10
     670   10
     671   10
     672   10
     673   10
     674   10
     675   10
     676   10
     677   10
     678   10
     679   10
     680    9
     681   10
     682   10
     683   10
     684   10
     685   10
     686   10
     687   10
     688   10
     689   10
     690   10
     691   10
     692   10
     693   10
     694   10
     695   10
     696   10
     697   10
     698    9
     699    9
     700   10
     701   10
     702   12
     703   12
     704   12
     705    9
     706    9
     707   11
     708   11
     709   11
     710    9
     711   10
     712   12
     713   12
     714   12
     715   12
     716    8
     717    8
     718   12
     719   12
     720    8
     721    7
     722    8
     723    8
     724    7
     725    8
     726    7
     727   12
     728   12
     729   12
     730   12
     731   12
     732   12
     733   12
     734    9
     735   10
     736   10
     737   12
     738   12
     739   12
     740   12
     741   12
     742    6
     743    6
     744    3
     745    3
     746    3
     747    3
     748    3
     749    3
     750    1
     751    3
     752    3
     753    1
     754    1
     755    1
     756    1
     757    1
     758    5
     759    1
     760    1
     761    1
     762    1
     763    1
     764    1
     765    5
     766    1
     767    1
     768    5
     769    1
     770    1
     771    1
     772    5
     773    1
     774   12
     775   12
     776   12
     777   12
     778   12
     779    8
     780   12
     781   12
     782   12
     783   12
     784   12
     785    8
     786    8
     787   12
     788   12
     789   12
     790   12
     791   12
     792   12
     793   12
     794   12
     795    8
     796    8
     797    8
     798   12
     799    7
     800    6
     801    8
     802   12
     803   12
     804   12
     805   12
     806   12
     807   12
     808   12
     809   12
     810   10
     811   10
     812   10
     813    9
     814   10
     815   12
     816   12
     817   12
     818   12
     819    7
     820   11
     821    9
     822    8
     823    8
     824   12
     825   12
     826   12
     827   12
     828   12
     829    8
     830   15
     831   15
     832   15
     833   15
     834   15
     835   15
     836   15
     837   15
     838   15
     839   15
     840   15
     841   15
     842    7
     843    7
     844    1
     845    5
     846    6
     847    5
     848    5
     849    5
     850    1
     851   12
     852   12
     853   12
     854    1
     855    1
     856    7
     857    1
     858    6
     859   12
     860   12
     861   12
     862   12
     863   12
     864   12
     865    8
     866   12
     867   12
     868   12
     869   12
     870   12
     871   12
     872   12
     873   10
     874   10
     875   10
     876   10
     877   10
     878   10
     879   10
     880   10
     881   10
     882   10
     883   10
     884   10
     885   10
     886   10
     887    8
     888   12
     889   13
     890   13
     891   13
     892   13
     893   13
     894   13
     895   13
     896   13
     897   13
     898   13
     899   13
     900   13
     901   13
     902   13
     903   13
     904   13
     905   13
     906   13
     907   13
     908   13
     909   10
     910   10
     911   10
     912   13
     913   13
     914   13
     915   13
     916   13
     917   13
     918   13
     919   13
     920   13
     921   13
     922   13
     923   13
     924   13
     925   13
     926   13
     927   13
     928   13
     929   13
     930   12
     931   12
     932   12
     933   12
     934   12
     935   12
     936   12
     937   12
     938   12
     939    7
     940    7
     941   12
     942   12
     943   12
     944   12
     945   12
     946   12
     947    8
     948   15
     949   15
     950   15
     951   15
     952   15
     953   15
     954    8
     955   13
     956   13
     957   13
     958   13
     959   13
     960   13
     961   13
     962   13
     963   13
     964   13
     965   13
     966   13
     967   13
     968   13
     969   13
     970   13
     971   13
     972   13
     973   13
     974   13
     975   13
     976   13
     977   13
     978   13
     979   13
     980   13
     981   13
     982   13
     983   13
     984   13
     985   13
     986   13
     987   13
     988   13
     989   13
     990   13
     991   13
     992   13
     993   13
     994   13
     995   13
     996   13
     997   13
     998   13
     999   13
    1000   10
    1001   10
    1002   10
    1003   10
    1004   10
    1005   10
    1006   10
    1007   10
    1008   10
    1009   10
    1010   10
    1011   11
    1012   11
    1013   11
    1014   11
    1015    2
    1016    2
    1017    2
    1018    2
    1019    2
    1020    2
    1021    2
    1022    3
    1023    5
    1024    3
    1025    3
    1026    3
    1027    3
    1028    3
    1029    3
    1030    3
    1031    5
    1032    5
    1033    6
    1034    8
    1035   10
    1036   10
    1037   10
    1038   10
    1039   10
    1040   10
    1041   10
    1042   12
    1043   12
    1044   12
    1045   12
    1046   12
    1047   12
    1048   12
    1049   10
    1050   10
    1051   10
    1052   10
    1053   10
    1054   10
    1055   10
    1056   10
    1057   10
    1058   10
    1059   10
    1060   10
    1061    9
    1062   12
    1063   12
    1064   12
    1065   12
    1066    8
    1067   12
    1068    1
    1069    1
    1070    1
    1071    4
    1072    4
    1073    4
    1074    4
    1075    4
    1076    4
    1077    4
    1078    6
    1079    4
    1080    4
    1081    4
    1082    4
    1083    5
    1084    6
    1085    8
    1086   10
    1087   10
    1088   10
    1089   10
    1090   10
    1091   10
    1092   10
    1093   10
    1094   10
    1095   10
    1096    8
    1097   12
    1098   12
    1099    8
    1100   12
    1101    8
    1102    8
    1103   10
    1104   10
    1105   10
    1106   10
    1107   10
    1108   10
    1109   10
    1110   10
    1111   10
    1112   10
    1113   10
    1114   10
    1115   10
    1116   10
    1117   10
    1118   10
    1119   10
    1120   10
    1121   10
    1122   10
    1123   10
    1124    8
    1125   10
    1126   10
    1127   10
    1128   10
    1129   10
    1130   10
    1131   10
    1132   10
    1133   10
    1134   10
    1135   10
    1136   10
    1137    7
    1138    8
    1139    8
    1140   12
    1141   12
    1142   12
    1143    7
    1144    7
    1145   12
    1146    7
    1147   12
    1148   12
    1149   12
    1150   12
    1151   12
    1152   12
    1153    7
    1154   12
    1155    1
    1156    1
    1157    1
    1158    1
    1159    1
    1160    1
    1161    1
    1162    1
    1163   12
    1164   12
    1165    8
    1166    8
    1167   12
    1168   12
    1169    1
    1170    1
    1171    1
    1172    1
    1173    4
    1174    4
    1175    6
    1176    6
    1177    8
    1178   12
    1179   12
    1180   12
    1181   12
    1182   12
    1183   12
    1184   12
    1185   12
    1186   12
    1187   12
    1188    1
    1189    6
    1190    7
    1191   12
    1192   12
    1193    7
    1194    8
    1195   12
    1196    8
    1197    8
    1198    8
    1199    7
    1200    7
    1201    7
    1202   12
    1203    7
    1204    7
    1205   12
    1206    3
    1207    6
    1208    7
    1209   12
    1210    8
    1211   12
    1212   12
    1213   12
    1214    8
    1215    8
    1216   12
    1217   12
    1218   12
    1219   12
    1220    8
    1221   12
    1222   12
    1223   12
    1224   12
    1225   12
    1226   12
    1227   12
    1228    8
    1229    8
    1230    8
    1231   12
    1232   12
    1233   12
    1234   12
    1235   12
    1236    7
    1237    6
    1238    6
    1239    5
    1240    5
    1241    5
    1242    3
    1243    3
    1244    3
    1245    1
    1246    1
    1247    8
    1248   12
    1249    9
    1250   10
    1251   10
    1252   10
    1253   10
    1254    9
    1255   11
    1256   11
    1257   11
    1258    9
    1259    9
    1260   12
    1261    7
    1262    6
    1263    9
    1264   11
    1265   12
    1266   12
    1267   12
    1268    8
    1269   12
    1270   12
    1271   12
    1272   12
    1273   12
    1274    8
    1275   12
    1276   12
    1277   12
    1278   10
    1279   10
    1280   10
    1281   12
    1282   12
    1283    8
    1284    8
    1285    8
    1286   10
    1287   10
    1288   10
    1289   10
    1290   10
    1291   10
    1292   10
    1293   10
    1294   10
    1295   10
    1296   10
    1297   10
    1298   10
    1299   10
    1300   10
    1301   10
    1302   10
    1303   10
    1304   10
    1305   10
    1306   10
    1307   10
    1308   10
    1309   10
    1310   10
    1311    8
    1312   10
    1313   10
    1314   10
    1315   10
    1316   10
    1317    8
    1318   10
    1319   10
    1320   10
    1321   10
    1322    8
    1323    8
    1324   12
    1325   12
    1326   12
    1327   12
    1328   12
    1329    7
    1330    8
    1331   10
    1332   10
    1333   10
    1334   10
    1335   10
    1336   10
    1337   10
    1338   10
    1339   10
    1340   12
    1341    1
    1342    1
    1343    3
    1344    3
    1345    5
    1346    6
    1347    6
    1348    9
    1349   10
    1350   10
    1351   10
    1352   10
    1353   10
    1354    9
    1355    9
    1356   12
    1357    9
    1358   13
    1359   13
    1360   13
    1361   13
    1362   13
    1363   13
    1364   13
    1365   13
    1366   13
    1367   13
    1368   13
    1369   13
    1370   13
    1371   13
    1372   13
    1373   13
    1374   13
    1375   13
    1376   13
    1377   13
    1378   13
    1379   13
    1380   13
    1381   13
    1382   13
    1383   13
    1384   13
    1385   13
    1386   13
    1387   13
    1388   13
    1389   13
    1390   13
    1391   13
    1392   13
    1393   13
    1394   13
    1395   13
    1396   13
    1397   13
    1398   13
    1399   13
    1400   13
    1401   13
    1402   13
    1403   13
    1404   13
    1405   13
    1406   13
    1407   13
    1408   13
    1409   13
    1410   13
    1411   13
    1412   13
    1413   13
    1414   13
    1415   13
    1416   13
    1417   13
    1418   13
    1419   13
    1420   13
    1421   13
    1422   13
    1423   13
    1424   13
    1425   13
    1426   13
    1427   13
    1428   13
    1429   13
    1430   13
    1431   13
    1432   13
    1433   13
    1434   13
    1435   13
    1436   13
    1437   13
    1438   13
    1439   13
    1440   13
    1441   13
    1442   13
    1443   13
    1444   13
    1445   13
    1446   13
    1447   13
    1448   13
    1449   13
    1450   13
    1451   13
    1452   13
    1453   13
    1454   13
    1455   10
    1456   10
    1457   10
    1458   13
    1459   13
    1460   13
    1461   13
    1462   13
    1463   13
    1464   13
    1465   10
    1466   10
    1467   10
    1468   10
    1469   10
    1470   10
    1471   10
    1472   10
    1473   10
    1474   10
    1475   12
    1476   12
    1477   12
    1478   12
    1479   12
    1480   12
    1481   12
    1482   10
    1483   10
    1484    9
    1485   10
    1486   10
    1487   10
    1488   10
    1489   10
    1490    8
    1491    8
    1492   12
    1493    8
    1494    8
    1495   12
    1496    8
    1497    8
    1498    8
    1499   12
    1500    8
    1501    8
    1502   12
    1503   12
    1504    8
    1505    7
    1506   12
    1507    8
    1508    8
    1509   12
    1510   12
    1511   12
    1512   12
    1513   12
    1514   12
    1515   12
    1516   12
    1517   12
    1518   12
    1519   12
    1520   10
    1521    9
    1522    8
    1523    8
    1524    8
    1525   13
    1526   13
    1527   13
    1528   13
    1529   13
    1530   13
    1531   13
    1532   13
    1533   13
    1534   13
    1535   13
    1536   13
    1537   13
    1538   13
    1539   13
    1540   13
    1541   13
    1542   13
    1543   13
    1544   13
    1545   13
    1546   13
    1547   13
    1548   13
    1549   13
    1550   13
    1551   13
    1552   13
    1553   13
    1554   13
    1555   13
    1556   13
    1557   13
    1558   13
    1559   13
    1560   12
    1561   12
    1562   12
    1563   12
    1564    7
    1565   12
    1566   10
    1567   12
    1568   12
    1569   12
    1570   12
    1571   10
    1572   10
    1573   10
    1574   10
    1575   10
    1576    8
    1577    7
    1578    6
    1579    3
    1580    1
    1581    1
    1582    1
    1583    1
    1584    1
    1585    1
    1586    1
    1587    1
    1588    1
    1589    1
    1590    1
    1591    1
    1592    7
    1593    1
    1594    1
    1595    1
    1596    5
    1597    1
    1598    1
    1599    5
    1600    6
    1601   12
    1602   12
    1603    7
    1604    8
    1605   12
    1606   12
    1607   12
    1608   12
    1609    7
    1610   12
    1611   12
    1612   12
    1613   12
    1614    1
    1615    1
    1616    1
    1617    1
    1618    1
    1619    3
    1620    5
    1621    5
    1622    6
    1623   12
    1624   12
    1625    8
    1626   12
    1627   12
    1628   12
    1629   12
    1630   12
    1631    9
    1632    6
    1633    4
    1634    4
    1635    4
    1636    4
    1637    3
    1638    3
    1639    4
    1640    4
    1641    4
    1642    4
    1643    6
    1644    5
    1645    3
    1646    3
    1647    1
    1648    1
    1649    1
    1650    1
    1651    1
    1652    1
    1653    1
    1654    1
    1655    1
    1656    1
    1657    1
    1658    1
    1659    1
    1660    3
    1661    3
    1662    6
    1663    1
    1664    1
    1665    1
    1666    1
    1667    1
    1668    1
    1669    1
    1670    1
    1671    1
    1672    1
    1673    8
    1674   12
    1675   12
    1676   12
    1677    7
    1678   12
    1679   12
    1680    8
    1681   12
    1682    7
    1683    8
    1684   12
    1685   12
    1686   12
    1687   12
    1688   12
    1689   12
    1690   12
    1691   12
    1692   12
    1693   12
    1694   12
    1695    8
    1696    8
    1697   15
    1698   15
    1699   15
    1700   15
    1701   15
    1702   15
    1703   15
    1704   15
    1705   15
    1706   15
    1707   15
    1708    8
    1709   12
    1710   12
    1711   12
    1712    8
    1713   12
    1714   12
    1715   12
    1716   12
    1717    8
    1718    7
    1719   12
    1720   12
    1721    7
    1722   15
    1723   15
    1724   15
    1725    7
    1726   15
    1727   15
    1728   15
    1729   15
    1730   15
    1731   15
    1732    8
    1733   12
    1734    8
    1735    8
    1736    6
    1737    5
    1738    1
    1739    1
    1740    1
    1741    5
    1742    2
    1743    5
    1744    6
    1745    5
    1746    3
    1747    1
    1748    1
    1749    3
    1750    3
    1751    6
    1752    6
    1753    6
    1754    6
    1755    6
    1756    7
    1757    8
    1758   15
    1759   15
    1760    8
    1761   12
    1762   12
    1763   12
    1764   12
    1765    8
    1766   12
    1767   12
    1768   12
    1769   12
    1770   12
    1771    7
    1772    7
    1773   12
    1774   12
    1775   12
    1776   12
    1777   12
    1778   12
    1779   12
    1780   12
    1781   12
    1782   12
    1783   12
    1784    8
    1785    8
    1786   12
    1787   12
    1788    8
    1789    8
    1790    8
    1791   15
    1792   15
    1793   15
    1794   15
    1795   15
    1796   15
    1797   15
    1798   15
    1799   15
    1800   15
    1801   15
    1802   15
    1803   15
    1804   15
    1805   15
    1806   15
    1807   15
    1808   15
    1809   15
    1810   15
    1811   15
    1812   15
    1813   15
    1814   15
    1815   15
    1816   15
    1817   15
    1818    8
    1819   15
    1820   15
    1821    7
    1822    7
    1823    6
    1824    8
    1825    7
    1826   15
    1827   15
    1828   15
    1829   15
    1830   15
    1831   15
    1832   15
    1833   15
    1834   15
    1835   15
    1836   15
    1837    8
    1838   12
    1839   12
    1840   12
    1841   12
    1842    8
    1843    8
    1844   12
    1845   12
    1846   12
    1847   12
    1848   12
    1849   12
    1850    6
    1851    4
    1852   12
    1853   12
    1854   12
    1855   12
    1856   12
    1857   12
    1858   12
    1859    7
    1860    7
    1861    8
    1862    8
    1863    7
    1864    7
    1865   12
    1866    8
    1867   12
    1868   12
    1869   12
    1870   15
    1871   15
    1872    7
    1873    8
    1874    8
    1875   12
    1876    8
    1877   12
    1878    6
    1879    6
    1880    6
    1881    1
    1882    1
    1883    1
    1884    1
    1885    1
    1886    1
    1887    1
    1888    1
    1889    1
    1890    1
    1891    1
    1892    1
    1893   12
    1894   12
    1895   12
    1896   12
    1897   12
    1898   12
    1899   12
    1900   12
    1901    8
    1902   12
    1903   12
    1904   12
    1905   12
    1906   12
    1907   12
    1908   12
    1909   12
    1910   12
    1911   12
    1912   12
    1913   12
    1914   12
    1915   12
    1916   12
    1917   12
    1918   12
    1919   12
    1920   12
    1921   12
    1922    8
    1923   12
    1924   12
    1925   12
    1926   12
    1927   12
    1928   12
    1929   12
    1930   12
    1931   12
    1932   12
    1933   12
    1934   12
    1935   12
    1936   12
    1937   12
    1938   10
    1939   10
    1940   10
    1941   10
    1942   10
    1943   10
    1944   10
    1945   10
    1946    9
    1947   10
    1948   13
    1949   13
    1950   13
    1951   13
    1952   13
    1953   13
    1954   13
    1955   13
    1956   13
    1957   13
    1958   13
    1959   13
    1960   13
    1961   13
    1962   13
    1963   13
    1964   13
    1965   13
    1966   13
    1967   13
    1968   13
    1969   13
    1970   13
    1971   13
    1972   13
    1973   13
    1974   13
    1975   13
    1976   13
    1977   13
    1978   13
    1979   13
    1980   13
    1981   13
    1982   13
    1983   13
    1984   13
    1985   13
    1986   13
    1987   13
    1988   13
    1989   13
    1990   13
    1991   13
    1992   13
    1993   13
    1994   13
    1995   13
    1996   13
    1997   13
    1998   13
    1999   13
    2000   13
    2001   13
    2002   13
    2003   13
    2004   13
    2005   13
    2006   13
    2007   13
    2008   13
    2009   13
    2010   13
    2011   13
    2012   13
    2013   13
    2014   13
    2015   13
    2016   13
    2017   13
    2018   13
    2019   13
    2020   13
    2021   13
    2022   13
    2023   13
    2024   13
    2025   13
    2026   13
    2027   13
    2028   13
    2029   13
    2030   13
    2031   13
    2032   13
    2033   13
    2034   13
    2035   13
    2036   13
    2037   13
    2038   13
    2039   13
    2040   13
    2041   13
    2042   13
    2043   13
    2044   13
    2045   13
    2046   13
    2047   13
    2048   13
    2049   13
    2050   13
    2051   13
    2052   13
    2053   13
    2054   13
    2055   13
    2056   13
    2057   13
    2058   13
    2059   13
    2060   13
    2061   13
    2062   13
    2063   15
    2064   15
    2065   15
    2066   15
    2067   15
    2068    8
    2069   13
    2070   13
    2071   13
    2072   13
    2073   13
    2074   13
    2075   13
    2076   13
    2077   13
    2078   13
    2079   13
    2080   13
    2081   13
    2082   13
    2083   13
    2084   13
    2085   13
    2086   13
    2087   13
    2088   13
    2089   13
    2090   13
    2091   13
    2092   13
    2093   13
    2094   13
    2095   13
    2096   13
    2097   13
    2098   13
    2099   13
    2100   13
    2101   13
    2102   10
    2103    9
    2104   13
    2105   13
    2106   13
    2107   13
    2108   13
    2109   13
    2110   13
    2111   13
    2112   13
    2113   13
    2114   13
    2115   13
    2116   13
    2117   13
    2118   13
    2119   13
    2120   13
    2121   13
    2122   13
    2123   13
    2124   13
    2125   13
    2126   13
    2127   13
    2128   13
    2129   13
    2130   13
    2131   13
    2132   13
    2133   13
    2134   13
    2135   13
    2136   13
    2137   13
    2138   13
    2139   13
    2140   13
    2141   13
    2142   13
    2143   13
    2144   13
    2145   12
    2146   12
    2147    7
    2148    8
    2149   13
    2150   13
    2151   13
    2152   13
    2153   13
    2154   13
    2155   13
    2156   13
    2157   13
    2158   13
    2159   13
    2160   13
    2161   13
    2162   13
    2163   13
    2164   13
    2165   13
    2166   13
    2167   13
    2168   13
    2169   13
    2170   13
    2171   13
    2172   13
    2173   13
    2174   13
    2175   13
    2176   13
    2177   13
    2178   13
    2179   13
    2180   13
    2181   13
    2182   13
    2183   13
    2184    8
    2185   13
    2186   13
    2187   13
    2188   13
    2189   13
    2190   13
    2191   13
    2192   13
    2193   13
    2194   13
    2195   13
    2196   13
    2197   13
    2198   13
    2199   13
    2200   13
    2201   13
    2202   13
    2203   13
    2204   13
    2205   13
    2206   13
    2207   13
    2208   10
    2209    9
    2210    9
    2211   13
    2212   13
    2213   13
    2214   13
    2215   13
    2216   13
    2217   13
    2218   13
    2219   13
    2220   13
    2221   13
    2222   13
    2223   13
    2224   13
    2225   13
    2226   13
    2227   13
    2228   13
    2229   13
    2230   13
    2231   13
    2232   13
    2233   13
    2234   13
    2235   13
    2236   13
    2237   13
    2238   13
    2239   13
    2240   13
    2241   13
    2242   13
    2243   13
    2244   13
    2245   13
    2246   13
    2247   13
    2248   13
    2249   13
    2250   13
    2251   13
    2252   13
    2253    8
    2254   12
    2255   12
    2256   12
    2257   12
    2258   12
    2259    8
    2260    8
    2261   13
    2262   13
    2263   13
    2264   13
    2265   13
    2266   13
    2267   13
    2268   13
    2269   13
    2270   13
    2271   13
    2272   13
    2273   13
    2274   13
    2275   13
    2276   13
    2277   13
    2278   13
    2279   13
    2280   13
    2281   13
    2282   13
    2283   13
    2284   13
    2285   13
    2286   13
    2287   13
    2288   13
    2289   13
    2290   13
    2291   13
    2292   13
    2293   13
    2294   13
    2295   13
    2296   13
    2297   13
    2298   13
    2299   13
    2300   13
    2301   13
    2302   13
    2303   13
    2304   13
    2305   13
    2306   13
    2307   13
    2308   13
    2309   13
    2310   13
    2311   13
    2312   13
    2313   13
    2314   13
    2315   13
    2316   13
    2317   13
    2318   13
    2319   13
    2320   13
    2321   13
    2322   13
    2323   13
    2324   13
    2325   13
    2326   13
    2327   13
    2328   13
    2329   13
    2330   13
    2331   13
    2332   13
    2333   13
    2334   13
    2335   13
    2336   13
    2337   13
    2338   13
    2339   13
    2340   13
    2341   13
    2342   13
    2343   13
    2344   13
    2345   13
    2346   13
    2347   13
    2348   13
    2349   13
    2350   13
    2351   13
    2352   13
    2353   13
    2354   13
    2355   13
    2356   13
    2357   13
    2358   13
    2359   13
    2360   13
    2361   13
    2362   13
    2363   13
    2364   13
    2365   13
    2366   13
    2367   13
    2368   13
    2369   13
    2370   13
    2371   13
    2372   13
    2373   13
    2374    9
    2375   12
    2376   12
    2377    1
    2378   12
    2379   12
    2380    1
    2381    1
    2382    4
    2383    6
    2384    7
    2385   12
    2386   12
    2387   12
    2388   12
    2389   12
    2390   12
    2391   10
    2392   10
    2393   10
    2394   10
    2395   10
    2396   10
    2397   10
    2398    8
    2399   10
    2400   10
    2401   10
    2402   10
    2403   10
    2404   10
    2405   10
    2406   13
    2407   13
    2408   13
    2409   13
    2410   13
    2411   13
    2412   13
    2413   13
    2414   13
    2415   13
    2416   13
    2417   13
    2418   13
    2419   13
    2420   13
    2421   13
    2422   13
    2423   13
    2424   13
    2425   13
    2426   13
    2427   13
    2428   13
    2429   13
    2430   13
    2431   13
    2432   13
    2433   13
    2434   13
    2435   13
    2436   13
    2437   13
    2438   13
    2439   13
    2440   13
    2441   13
    2442   13
    2443   13
    2444   13
    2445   13
    2446   13
    2447   13
    2448   13
    2449   10
    2450   10
    2451   10
    2452   10
    2453   10
    2454   10
    2455   10
    2456   10
    2457   10
    2458   10
    2459   10
    2460   10
    2461   10
    2462   12
    2463   12
    2464   12
    2465   12
    2466   12
    2467   12
    2468   12
    2469   12
    2470   10
    2471   10
    2472   10
    2473   10
    2474   10
    2475   10
    2476   10
    2477   10
    2478    6
    2479    6
    2480    1
    2481    1
    2482   12
    2483   12
    2484   12
    2485   12
    2486   12
    2487   10
    2488   10
    2489   10
    2490   10
    2491   10
    2492   10
    2493   10
    2494   10
    2495   10
    2496   10
    2497   10
    2498    9
    2499   10
    2500   10
    2501   10
    2502   10
    2503   12
    2504    1
    2505    1
    2506    1
    2507    1
    2508    1
    2509    1
    2510    1
    2511    1
    2512    1
    2513    3
    2514    6
    2515    6
    2516    1
    2517    1
    2518    1
    2519    1
    2520    1
    2521    1
    2522    1
    2523    1
    2524    3
    2525    3
    2526    6
    2527   10
    2528   10
    2529   10
    2530   10
    2531   10
    2532   13
    2533   13
    2534   13
    2535   13
    2536   13
    2537   13
    2538   13
    2539   13
    2540   13
    2541   13
    2542   13
    2543   13
    2544   13
    2545   13
    2546   13
    2547   13
    2548   13
    2549   13
    2550   13
    2551   13
    2552   13
    2553   13
    2554   13
    2555   13
    2556   13
    2557   13
    2558   13
    2559   13
    2560   13
    2561   13
    2562   13
    2563   13
    2564   13
    2565   13
    2566   13
    2567   13
    2568   13
    2569   13
    2570   13
    2571   13
    2572   13
    2573   13
    2574   13
    2575   13
    2576   13
    2577   13
    2578   13
    2579   13
    2580   13
    2581   13
    2582   13
    2583   13
    2584   13
    2585   13
    2586   13
    2587   13
    2588   13
    2589   13
    2590   13
    2591   13
    2592   13
    2593   13
    2594   13
    2595   13
    2596   13
    2597   13
    2598   13
    2599   13
    2600   13
    2601   13
    2602   13
    2603   13
    2604   13
    2605   13
    2606   13
    2607   13
    2608   13
    2609   13
    2610   13
    2611   13
    2612   13
    2613   13
    2614   13
    2615   13
    2616   13
    2617   13
    2618   13
    2619   13
    2620   13
    2621   13
    2622   13
    2623   13
    2624   13
    2625   13
    2626   13
    2627   13
    2628   13
    2629   13
    2630   13
    2631   13
    2632   13
    2633   13
    2634   13
    2635   13
    2636   13
    2637   13
    2638   13
    2639   13
    2640   13
    2641   13
    2642   13
    2643   13
    2644   13
    2645   13
    2646   13
    2647   13
    2648   13
    2649   13
    2650   13
    2651   13
    2652   13
    2653   13
    2654   13
    2655   13
    2656   13
    2657   13
    2658   13
    2659   13
    2660   13
    2661   13
    2662   13
    2663   13
    2664   13
    2665   13
    2666   13
    2667   13
    2668   13
    2669   13
    2670   13
    2671   13
    2672   13
    2673   13
    2674   13
    2675   13
    2676   13
    2677   13
    2678   13
    2679   13
    2680   13
    2681   13
    2682   13
    2683   13
    2684   13
    2685   13
    2686   13
    2687   13
    2688   13
    2689   13
    2690   13
    2691   13
    2692   13
    2693   13
    2694   13
    2695   13
    2696   13
    2697   13
    2698   13
    2699   13
    2700   13
    2701   13
    2702   13
    2703   13
    2704   13
    2705   13
    2706   13
    2707   13
    2708   13
    2709   13
    2710   13
    2711   13
    2712   13
    2713   13
    2714   13
    2715   13
    2716   13
    2717   13
    2718   13
    2719   13
    2720   13
    2721   13
    2722   13
    2723   13
    2724   13
    2725   13
    2726   13
    2727   13
    2728   13
    2729   13
    2730   13
    2731   13
    2732   13
    2733   13
    2734   13
    2735   13
    2736   13
    2737   13
    2738   13
    2739   13
    2740   13
    2741   13
    2742   13
    2743   13
    2744   13
    2745   13
    2746   13
    2747   13
    2748    8
    2749   15
    2750   15
    2751   15
    2752   15
    2753   13
    2754   13
    2755   13
    2756   13
    2757   13
    2758   13
    2759   13
    2760   13
    2761   13
    2762   13
    2763   13
    2764   13
    2765   13
    2766   13
    2767   13
    2768   13
    2769   13
    2770   13
    2771   13
    2772   13
    2773   13
    2774   13
    2775   13
    2776   13
    2777   13
    2778   13
    2779   13
    2780   13
    2781   13
    2782   13
    2783   12
    2784    6
    2785    5
    2786    3
    2787    1
    2788   12
    2789   12
    2790   12
    2791   12
    2792   12
    2793   12
    2794   12
    2795   12
    2796   12
    2797    8
    2798    8
    2799   13
    2800   13
    2801   13
    2802   13
    2803   13
    2804   13
    2805   13
    2806   13
    2807   13
    2808   13
    2809   13
    2810   13
    2811   13
    2812   13
    2813   13
    2814   13
    2815   13
    2816   13
    2817   13
    2818   13
    2819   13
    2820   13
    2821   13
    2822   13
    2823   13
    2824   13
    2825   13
    2826   13
    2827   13
    2828   13
    2829   13
    2830   13
    2831   13
    2832   13
    2833   13
    2834   13
    2835   13
    2836   13
    2837   13
    2838   13
    2839   13
    2840   13
    2841   13
    2842   13
    2843   13
    2844   13
    2845   13
    2846   13
    2847   13
    2848   13
    2849   13
    2850   13
    2851   10
    2852   10
    2853   13
    2854   13
    2855   13
    2856   13
    2857   13
    2858   13
    2859   13
    2860   13
    2861   13
    2862   13
    2863   13
    2864   13
    2865   13
    2866   13
    2867   13
    2868   13
    2869   13
    2870   13
    2871   13
    2872   13
    2873   13
    2874   13
    2875   13
    2876   13
    2877   12
    2878   12
    2879    8
    2880   15
    2881   15
    2882   15
    2883   15
    2884   15
    2885   15
    2886   15
    2887    8
    2888   15
    2889   12
    2890   12
    2891   10
    2892   10
    2893   10
    2894   10
    2895   10
    2896   10
    2897   10
    2898   10
    2899   10
    2900   10
    2901   12
    2902   12
    2903   12
    2904   12
    2905   12
    2906   12
    2907   12
    2908   12
    2909   12
    2910   12
    2911   12
    2912   12
    2913   12
    2914   12
    2915   12
    2916    1
    2917    1
    2918    5
    2919    1
    2920    3
    2921    6
    2922    6
    2923    5
    2924    1
    2925    1
    2926   12
    2927   12
    2928   12
    2929   12
    2930   10
    2931   10
    2932   10
    2933   10
    2934   10
    2935   10
    2936   10
    2937   10
    2938   10
    2939   10
    2940   10
    2941   10
    2942   10
    2943   10
    2944   10
    2945   10
    2946   10
    2947   10
    2948   10
    2949   10
    2950   10
    2951   10
    2952   10
    2953   10
    2954    8
    2955   10
    2956   10
    2957   10
    2958   10
    2959   10
    2960   10
    2961   10
    2962   10
    2963   10
    2964   10
    2965   10
    2966    8
    2967   12
    2968   12
    2969   12
    2970   12
    2971    8
    2972   12
    2973   12
    2974   12
    2975    8
    2976    8
    2977   10
    2978   10
    2979   10
    2980   10
    2981   10
    2982   10
    2983   10
    2984   10
    2985   10
    2986   10
    2987   10
    2988   10
    2989   12
    2990   12
    2991   12
    2992   12
    2993   12
    2994   12
    2995   12
    2996   12
    2997    8
    2998   10
    2999   12
    3000   13
    3001   13
    3002   13
    3003   13
    3004   13
    3005   13
    3006   13
    3007   13
    3008   13
    3009   13
    3010   13
    3011   13
    3012   10
    3013   10
    3014   13
    3015   13
    3016   13
    3017   13
    3018   13
    3019   13
    3020   13
    3021   13
    3022   13
    3023   13
    3024   13
    3025   12
    3026   12
    3027   12
    3028   12
    3029   12
    3030   12
    3031   12
    3032   12
    3033   12
    3034    9
    3035    9
    3036   10
    3037   10
    3038   10
    3039   10
    3040   10
    3041   10
    3042   10
    3043   10
    3044   12
    3045    8
    3046    6
    3047    1
    3048    1
    3049    1
    3050    1
    3051    1
    3052    1
    3053    1
    3054    1
    3055    1
    3056    1
    3057    1
    3058    1
    3059    1
    3060    1
    3061    1
    3062    1
    3063    1
    3064   12
    3065    1
    3066   12
    3067   12
    3068   12
    3069   12
    3070   12
    3071   12
    3072   12
    3073   12
    3074   12
    3075   12
    3076   12
    3077   12
    3078   12
    3079    8
    3080   12
    3081   12
    3082   12
    3083   12
    3084   12
    3085   10
    3086   10
    3087   10
    3088   10
    3089   10
    3090   10
    3091   10
    3092   10
    3093   10
    3094   10
    3095   10
    3096   10
    3097   10
    3098   10
    3099   10
    3100   10
    3101   10
    3102   10
    3103   10
    3104   10
    3105   10
    3106    8
    3107   10
    3108   10
    3109   10
    3110   10
    3111   10
    3112   10
    3113   10
    3114   10
    3115   10
    3116   10
    3117   10
    3118   10
    3119   11
    3120    9
    3121   10
    3122   10
    3123   10
    3124    8
    3125    8
    3126    7
    3127    8
    3128    8
    3129   10
    3130   10
    3131   10
    3132   10
    3133   11
    3134   11
    3135    9
    3136   11
    3137   11
    3138   11
    3139   11
    3140   10
    3141   10
    3142   10
    3143   10
    3144   10
    3145   10
    3146   10
    3147   10
    3148   10
    3149   10
    3150   10
    3151   10
    3152   10
    3153   10
    3154   10
    3155    8
    3156    7
    3157   12
    3158   10
    3159   10
    3160   10
    3161   10
    3162   10
    3163   10
    3164   10
    3165   10
    3166   10
    3167   10
    3168   10
    3169   10
    3170   10
    3171   10
    3172   10
    3173   10
    3174   10
    3175   10
    3176   10
    3177   10
    3178   10
    3179   10
    3180   10
    3181   10
    3182   10
    3183   10
    3184   10
    3185   10
    3186   10
    3187   10
    3188   10
    3189   11
    3190   11
    3191   12
    3192    7
    3193   12
    3194   12
    3195    9
    3196   10
    3197   10
    3198   10
    3199   10
    3200   10
    3201    8
    3202    8
    3203    8
    3204    8
    3205   12
    3206   10
    3207   10
    3208   10
    3209   10
    3210   10
    3211    9
    3212   11
    3213   11
    3214   10
    3215   10
    3216   10
    3217    8
    3218    7
    3219    8
    3220   12
    3221   12
    3222   12
    3223   12
    3224   12
    3225   12
    3226    1
    3227    5
    3228    4
    3229    4
    3230    4
    3231    4
    3232    5
    3233    4
    3234    5
    3235    4
    3236    4
    3237    6
    3238    3
    3239    3
    3240    6
    3241    5
    3242    4
    3243    4
    3244    5
    3245    6
    3246    5
    3247    6
    3248    6
    3249    8
    3250   12
    3251   12
    3252   12
    3253    8
    3254    8
    3255   12
    3256   12
    3257    1
    3258    1
    3259    1
    3260    1
    3261    1
    3262    1
    3263    1
    3264    1
    3265    5
    3266    6
    3267    5
    3268    6
    3269    6
    3270    7
    3271   12
    3272    6
    3273    5
    3274    1
    3275    1
    3276    1
    3277    7
    3278    7
    3279   12
    3280   12
    3281   12
    3282   12
    3283   12
    3284   12
    3285   12
    3286   12
    3287   12
    3288   12
    3289   14
    3290   14
    3291   14
    3292   12
    3293   12
    3294   12
    3295   12
    3296   12
    3297   12
    3298    7
    3299    7
    3300    1
    3301    5
    3302    3
    3303    3
    3304    3
    3305    3
    3306    3
    3307    5
    3308    6
    3309    6
    3310    5
    3311    6
    3312    5
    3313    6
    3314    5
    3315    6
    3316    6
    3317    6
    3318    6
    3319    4
    3320    4
    3321    4
    3322    4
    3323    4
    3324    4
    3325    6
    3326    6
    3327    6
    3328    1
    3329    1
    3330    1
    3331    1
    3332   12
    3333   12
    3334   12
    3335   12
    3336   12
    3337   12
    3338   12
    3339   12
    3340    6
    3341    6
    3342    8
    3343   12
    3344   12
    3345   12
    3346   12
    3347   12
    3348   12
    3349   12
    3350   12
    3351   12
    3352   12
    3353    6
    3354    8
    3355   12
    3356   12
    3357   12
    3358    1
    3359    1
    3360    1
    3361    5
    3362    1
    3363    1
    3364    1
    3365    1
    3366    5
    3367    6
    3368   12
    3369    8
    3370   12
    3371   12
    3372   12
    3373   12
    3374    8
    3375   12
    3376   12
    3377    6
    3378    5
    3379    3
    3380    3
    3381    3
    3382    1
    3383    1
    3384    1
    3385    1
    3386    1
    3387    1
    3388    1
    3389    1
    3390   12
    3391   12
    3392   12
    3393   12
    3394   12
    3395   12
    3396   12
    3397   12
    3398   12
    3399   12
    3400    8
    3401   12
    3402   12
    3403   12
    3404   12
    3405   12
    3406    6
    3407    6
    3408    7
    3409   12
    3410   12
    3411   12
    3412    8
    3413    7
    3414    7
    3415    7
    3416   12
    3417   12
    3418   12
    3419   12
    3420   12
    3421   12
    3422   12
    3423   12
    3424   12
    3425    9
    3426   12
    3427   12
    3428    1
    3429    1
    3430    1
    3431    1
    3432    1
    3433    1
    3434    1
    3435    1
    3436    1
    3437    1
    3438   12
    3439   12
    3440   12
    3441   12
    3442   12
    3443   12
    3444   12
    3445   12
    3446   12
    3447    1
    3448    1
    3449    1
    3450    1
    3451    1
    3452    1
    3453    1
    3454    1
    3455    1
    3456    1
    3457    1
    3458    1
    3459    1
    3460    1
    3461    1
    3462    1
    3463    1
    3464    1
    3465    1
    3466    1
    3467    1
    3468   12
    3469   12
    3470   12
    3471    1
    3472    1
    3473    1
    3474    1
    3475    1
    3476    1
    3477    5
    3478    1
    3479    1
    3480    1
    3481    1
    3482    1
    3483    1
    3484    1
    3485    1
    3486    1
    3487    1
    3488    1
    3489    1
    3490    1
    3491    1
    3492    1
    3493    1
    3494    1
    3495    1
    3496    1
    3497    5
    3498    6
    3499    4
    3500    5
    3501    4
    3502    4
    3503    3
    3504    3
    3505    5
    3506    6
    3507    6
    3508   12
    3509   12
    3510    8
    3511   12
    3512   12
    3513   12
    3514   12
    3515   12
    3516   12
    3517   12
    3518   12
    3519   12
    3520   12
    3521   12
    3522    7
    3523    6
    3524    6
    3525    5
    3526    5
    3527    3
    3528    1
    3529    1
    3530    1
    3531    5
    3532    4
    3533    4
    3534    4
    3535    4
    3536    4
    3537    4
    3538    4
    3539    4
    3540    1
    3541    1
    3542    1
    3543    1
    3544    1
    3545    1
    3546    1
    3547    1
    3548    1
    3549    1
    3550    1
    3551    1
    3552    1
    3553    1
    3554    1
    3555    1
    3556    1
    3557    1
    3558    1
    3559    1
    3560    1
    3561    1
    3562   12
    3563   12
    3564   12
    3565   12
    3566   12
    3567   12
    3568   12
    3569    6
    3570    6
    3571    5
    3572    3
    3573    3
    3574    1
    3575    3
    3576    3
    3577    1
    3578    1
    3579    1
    3580    7
    3581    8
    3582    8
    3583    8
    3584    8
    3585    7
    3586   15
    3587   15
    3588    7
    3589    8
    3590    6
    3591    7
    3592    8
    3593    7
    3594    7
    3595    6
    3596    6
    3597    6
    3598    8
    3599   12
    3600   12
    3601   12
    3602    8
    3603   15
    3604   15
    3605   15
    3606   15
    3607   15
    3608   15
    3609   15
    3610    8
    3611   12
    3612   12
    3613    8
    3614    7
    3615   12
    3616   12
    3617   12
    3618   12
    3619    8
    3620   12
    3621    7
    3622   15
    3623   15
    3624    7
    3625   12
    3626   12
    3627    8
    3628   12
    3629    6
    3630    6
    3631    4
    3632    1
    3633    3
    3634    3
    3635    6
    3636   12
    3637   12
    3638   12
    3639   12
    3640   12
    3641   10
    3642   10
    3643   10
    3644   10
    3645   10
    3646    9
    3647   10
    3648   10
    3649   10
    3650   10
    3651   10
    3652   10
    3653   10
    3654   10
    3655   10
    3656   10
    3657   10
    3658   10
    3659   10
    3660   10
    3661   10
    3662   10
    3663   10
    3664   10
    3665   10
    3666   10
    3667   10
    3668   10
    3669   10
    3670   10
    3671   10
    3672   10
    3673   10
    3674   10
    3675    9
    3676   12
    3677   12
    3678   10
    3679   10
    3680   10
    3681   10
    3682   10
    3683   10
    3684   10
    3685   10
    3686   10
    3687   12
    3688   12
    3689   12
    3690    7
    3691   12
    3692    1
    3693    1
    3694    1
    3695    1
    3696    1
    3697    1
    3698    1
    3699    1
    3700    1
    3701    1
    3702    1
    3703    1
    3704    1
    3705    1
    3706    1
    3707    1
    3708    1
    3709    5
    3710    3
    3711    5
    3712    6
    3713    6
    3714    8
    3715   12
    3716   12
    3717   12
    3718   12
    3719    6
    3720    5
    3721    3
    3722    3
    3723    6
    3724    5
    3725    5
    3726    5
    3727    3
    3728    1
    3729    5
    3730    5
    3731    1
    3732    6
    3733    5
    3734    3
    3735    3
    3736    1
    3737   12
    3738   12
    3739   12
    3740    8
    3741   10
    3742   10
    3743   10
    3744   10
    3745   10
    3746   10
    3747   10
    3748   10
    3749   10
    3750   10
    3751   10
    3752   10
    3753   10
    3754   10
    3755   10
    3756   10
    3757   10
    3758   10
    3759   10
    3760   10
    3761   12
    3762    8
    3763    8
    3764   12
    3765   12
    3766   12
    3767   12
    3768    8
    3769   10
    3770   10
    3771   10
    3772   10
    3773   10
    3774   10
    3775   10
    3776    7
    3777   12
    3778   10
    3779   10
    3780   10
    3781   10
    3782   10
    3783   10
    3784   10
    3785   10
    3786    8
    3787   12
    3788    8
    3789   12
    3790   12
    3791   12
    3792    8
    3793    8
    3794   10
    3795   10
    3796   10
    3797   10
    3798   10
    3799   10
    3800   10
    3801   10
    3802   10
    3803   10
    3804   10
    3805   10
    3806   10
    3807   10
    3808   10
    3809   10
    3810   10
    3811   10
    3812   10
    3813   10
    3814   10
    3815   10
    3816   10
    3817   10
    3818   10
    3819   10
    3820   10
    3821   10
    3822   12
    3823   12
    3824    8
    3825   12
    3826   12
    3827   10
    3828   10
    3829   10
    3830   10
    3831   10
    3832   10
    3833   13
    3834   12
    3835   12
    3836   12
    3837   12
    3838   12
    3839   12
    3840   13
    3841   10
    3842   10
    3843   10
    3844   10
    3845   10
    3846   10
    3847   10
    3848   10
    3849    8
    3850    8
    3851   12
    3852   12
    3853   12
    3854    8
    3855   12
    3856   12
    3857   12
    3858   10
    3859   10
    3860   10
    3861   10
    3862   10
    3863   10
    3864   10
    3865   10
    3866    8
    3867   10
    3868   10
    3869   10
    3870   10
    3871   10
    3872    9
    3873   10
    3874   10
    3875   10
    3876   10
    3877   10
    3878   12
    3879   12
    3880   12
    3881   12
    3882   12
    3883   12
    3884   12
    3885   12
    3886   12
    3887   12
    3888   12
    3889   12
    3890    6
    3891   12
    3892   12
    3893   12
    3894   12
    3895   10
    3896   10
    3897   10
    3898   10
    3899   10
    3900   10
    3901   11
    3902   10
    3903   10
    3904   10
    3905   10
    3906   10
    3907   10
    3908   10
    3909   10
    3910   10
    3911   10
    3912   10
    3913   10
    3914   10
    3915   10
    3916   10
    3917   10
    3918   10
    3919   10
    3920   10
    3921   10
    3922   10
    3923   10
    3924   10
    3925   10
    3926   10
    3927   10
    3928   10
    3929   10
    3930   10
    3931   10
    3932    8
    3933   10
    3934   10
    3935   10
    3936   10
    3937   10
    3938   10
    3939   10
    3940   10
    3941   10
    3942   10
    3943    9
    3944   11
    3945   11
    3946   11
    3947   10
    3948   10
    3949   10
    3950   10
    3951   10
    3952   10
    3953   10
    3954   10
    3955   10
    3956   10
    3957   10
    3958   10
    3959   10
    3960   10
    3961   10
    3962    8
    3963    8
    3964   12
    3965   12
    3966    7
    3967   12
    3968   12
    3969    8
    3970   10
    3971   10
    3972   10
    3973   10
    3974   12
    3975    7
    3976   10
    3977   10
    3978   10
    3979   10
    3980   10
    3981   10
    3982   10
    3983   10
    3984   10
    3985   10
    3986   10
    3987   10
    3988   10
    3989   10
    3990   10
    3991   10
    3992   10
    3993   10
    3994   10
    3995   10
    3996   10
    3997   10
    3998   10
    3999   10
    4000   10
    4001    9
    4002    9
    4003   12
    4004   12
    4005   12
    4006   12
    4007   12
    4008   12
    4009   12
    4010   12
    4011    7
    4012    8
    4013   12
    4014   12
    4015   12
    4016   12
    4017   12
    4018   12
    4019    7
    4020   12
    4021   12
    4022   12
    4023   12
    4024   12
    4025   12
    4026   12
    4027   12
    4028   12
    4029    6
    4030    7
    4031   12
    4032   12
    4033   12
    4034   12
    4035   12
    4036   10
    4037   10
    4038   10
    4039   10
    4040   10
    4041   10
    4042   10
    4043   10
    4044   10
    4045   10
    4046   10
    4047   10
    4048    7
    4049   12
    4050   12
    4051    8
    4052    8
    4053   12
    4054   12
    4055   10
    4056   10
    4057   10
    4058   10
    4059   10
    4060   10
    4061   12
    4062   12
    4063   12
    4064   12
    4065   12
    4066   10
    4067    8
    4068    8
    4069   12
    4070   12
    4071   12
    4072   12
    4073   12
    4074   12
    4075   12
    4076   10
    4077   10
    4078   10
    4079   10
    4080   10
    4081   10
    4082   10
    4083   10
    4084   10
    4085   10
    4086   10
    4087   10
    4088    8
    4089   12
    4090   12
    4091   12
    4092   12
    4093   12
    4094   12
    4095   12
    4096   12
    4097   12
    4098    7
    4099   12
    4100   12
    4101   12
    4102   12
    4103    1
    4104    1
    4105    1
    4106    1
    4107    1
    4108    3
    4109    6
    4110    1
    4111    3
    4112    6
    4113    5
    4114    1
    4115    1
    4116    1
    4117    1
    4118    1
    4119    1
    4120    1
    4121    1
    4122    1
    4123   12
    4124    9
    4125   11
    4126    9
    4127   10
    4128   10
    4129   10
    4130   10
    4131   10
    4132   10
    4133   10
    4134   10
    4135   10
    4136    9
    4137   12
    4138    6
    4139    6
    4140    4
    4141    5
    4142    3
    4143    3
    4144    3
    4145    1
    4146    1
    4147    1
    4148    1
    4149    3
    4150    3
    4151    1
    4152   12
    4153   12
    4154    8
    4155    8
    4156    8
    4157   12
    4158    8
    4159    1
    4160    1
    4161    1
    4162    1
    4163    1
    4164    1
    4165    1
    4166    1
    4167    1
    4168    1
    4169    1
    4170    1
    4171    1
    4172   12
    4173   12
    4174   12
    4175   12
    4176   12
    4177    8
    4178   12
    4179   12
    4180    8
    4181    6
    4182    6
    4183    6
    4184    1
    4185    1
    4186    1
    4187    1
    4188    5
    4189    1
    4190    1
    4191    1
    4192    1
    4193    2
    4194    2
    4195    1
    4196    1
    4197    5
    4198    6
    4199   12
    4200   12
    4201   12
    4202    8
    4203    8
    4204   12
    4205   12
    4206   12
    4207    6
    4208    5
    4209    5
    4210    3
    4211    3
    4212    1
    4213    1
    4214    1
    4215    1
    4216    1
    4217    1
    4218    1
    4219    1
    4220    1
    4221    1
    4222   12
    4223   12
    4224   10
    4225   10
    4226   10
    4227   10
    4228   10
    4229   10
    4230   10
    4231   10
    4232   10
    4233   10
    4234   10
    4235   10
    4236   10
    4237   10
    4238   10
    4239    8
    4240    8
    4241   12
    4242   12
    4243   12
    4244   12
    4245   12
    4246   12
    4247   12
    4248   12
    4249   12
    4250   12
    4251    1
    4252    4
    4253    5
    4254    6
    4255    6
    4256    7
    4257   12
    4258   15
    4259   15
    4260   10
    4261   10
    4262   10
    4263   10
    4264   10
    4265   10
    4266   10
    4267   10
    4268   10
    4269   10
    4270   10
    4271   11
    4272   10
    4273   10
    4274   10
    4275   10
    4276   10
    4277   10
    4278   10
    4279   10
    4280   10
    4281   10
    4282   10
    4283   10
    4284   10
    4285   10
    4286   10
    4287   10
    4288   10
    4289   10
    4290   10
    4291   10
    4292   10
    4293   10
    4294   10
    4295   10
    4296   10
    4297   10
    4298   10
    4299   10
    4300   10
    4301   10
    4302   10
    4303   10
    4304   12
    4305   12
    4306    1
    4307    1
    4308    1
    4309    1
    4310    1
    4311    1
    4312    1
    4313    1
    4314    1
    4315    1
    4316    1
    4317    1
    4318    1
    4319    1
    4320    3
    4321    3
    4322    3
    4323    5
    4324    5
    4325    6
    4326   12
    4327   12
    4328    8
    4329    7
    4330    8
    4331   12
    4332   12
    4333   12
    4334    8
    4335    8
    4336   12
    4337   12
    4338   12
    4339   12
    4340    2
    4341    3
    4342    3
    4343    3
    4344    3
    4345    3
    4346    5
    4347    6
    4348    6
    4349    6
    4350    6
    4351    6
    4352   12
    4353   12
    4354    8
    4355    8
    4356   12
    4357    7
    4358   12
    4359   12
    4360   14
    4361   14
    4362   14
    4363   13
    4364   13
    4365   13
    4366   13
    4367   10
    4368   10
    4369   10
    4370   10
    4371   12
    4372    8
    4373    8
    4374    8
    4375   12
    4376   12
    4377   12
    4378   12
    4379   12
    4380   12
    4381    8
    4382    5
    4383    5
    4384    1
    4385    1
    4386    1
    4387    1
    4388    5
    4389    6
    4390    6
    4391    6
    4392    6
    4393    8
    4394   12
    4395    8
    4396   12
    4397   12
    4398   12
    4399   12
    4400   12
    4401   12
    4402   12
    4403   12
    4404    8
    4405   12
    4406   12
    4407   12
    4408   12
    4409   10
    4410   10
    4411   10
    4412    8
    4413   12
    4414   12
    4415   12
    4416   10
    4417   10
    4418   10
    4419   10
    4420    7
    4421   12
    4422   12
    4423    8
    4424   12
    4425    6
    4426    6
    4427    5
    4428    5
    4429    6
    4430    6
    4431    6
    4432    6
    4433    6
    4434    6
    4435    5
    4436    6
    4437    5
    4438    5
    4439    6
    4440    5
    4441    5
    4442    5
    4443    5
    4444    5
    4445    5
    4446    5
    4447    6
    4448    6
    4449    5
    4450    6
    4451    5
    4452    5
    4453    1
    4454    1
    4455    1
    4456    1
    4457    1
    4458    1
    4459    1
    4460    1
    4461    1
    4462    1
    4463    1
    4464    1
    4465    1
    4466    1
    4467    1
    4468    1
    4469    1
    4470    1
    4471    1
    4472    3
    4473    5
    4474    6
    4475   12
    4476   12
    4477   12
    4478   10
    4479   10
    4480   10
    4481   10
    4482   10
    4483   12
    4484    8
    4485    8
    4486   12
    4487   10
    4488   10
    4489   10
    4490   10
    4491   10
    4492   10
    4493    9
    4494   10
    4495   10
    4496   10
    4497   10
    4498   10
    4499   12
    4500    8
    4501    8
    4502   12
    4503   12
    4504   12
    4505   12
    4506   12
    4507    8
    4508   12
    4509   12
    4510   12
    4511    7
    4512   12
    4513   12
    4514    8
    4515   12
    4516   12
    4517   12
    4518   12
    4519   12
    4520   12
    4521    8
    4522    8
    4523   12
    4524    8
    4525   12
    4526   12
    4527   12
    4528   12
    4529   12
    4530   12
    4531   12
    4532   12
    4533    8
    4534    8
    4535    8
    4536   12
    4537   12
    4538   12
    4539   12
    4540   12
    4541   12
    4542   12
    4543   12
    4544    9
    4545   10
    4546   10
    4547   10
    4548   10
    4549   10
    4550   10
    4551   10
    4552   10
    4553   13
    4554   13
    4555   13
    4556   13
    4557   13
    4558   13
    4559   13
    4560   13
    4561   13
    4562   13
    4563   13
    4564   13
    4565   13
    4566   13
    4567   13
    4568   13
    4569   13
    4570   13
    4571   13
    4572   13
    4573   13
    4574   13
    4575   13
    4576   13
    4577   13
    4578   13
    4579   13
    4580   13
    4581   13
    4582   13
    4583   13
    4584   13
    4585   13
    4586   13
    4587   13
    4588   13
    4589   13
    4590   13
    4591   13
    4592   13
    4593   13
    4594   13
    4595   13
    4596   13
    4597   13
    4598   13
    4599   13
    4600   13
    4601   13
    4602   13
    4603   13
    4604   13
    4605   13
    4606   13
    4607   13
    4608   13
    4609   13
    4610   13
    4611   13
    4612   13
    4613   13
    4614   13
    4615   13
    4616   13
    4617   13
    4618   13
    4619   13
    4620   13
    4621   13
    4622   13
    4623   13
    4624   13
    4625   13
    4626   13
    4627   13
    4628   13
    4629   13
    4630   13
    4631   13
    4632   13
    4633   13
    4634   13
    4635   13
    4636   13
    4637   13
    4638   13
    4639   13
    4640   13
    4641   13
    4642   13
    4643   13
    4644   13
    4645   13
    4646   13
    4647   13
    4648   13
    4649   13
    4650   13
    4651   13
    4652   13
    4653   13
    4654   13
    4655   13
    4656   13
    4657   13
    4658   13
    4659   13
    4660   13
    4661   13
    4662   13
    4663   13
    4664   13
    4665   13
    4666   13
    4667   13
    4668   13
    4669   13
    4670   13
    4671   13
    4672   13
    4673   13
    4674   13
    4675   13
    4676   13
    4677   13
    4678   13
    4679   13
    4680   13
    4681   13
    4682   13
    4683   13
    4684   13
    4685   13
    4686   13
    4687   13
    4688   13
    4689   13
    4690   13
    4691   13
    4692   13
    4693   12
    4694   12
    4695   12
    4696   12
    4697   12
    4698   12
    4699   12
    4700   12
    4701   12
    4702    1
    4703    1
    4704    1
    4705    1
    4706    1
    4707    1
    4708    1
    4709    1
    4710    1
    4711    1
    4712    1
    4713    3
    4714    6
    4715    6
    4716   12
    4717   12
    4718   12
    4719   12
    4720   12
    4721    1
    4722    6
    4723    5
    4724    1
    4725    1
    4726    1
    4727    1
    4728    2
    4729    2
    4730    5
    4731    3
    4732    5
    4733    6
    4734   10
    4735   10
    4736   10
    4737   10
    4738   10
    4739   10
    4740   10
    4741   10
    4742   10
    4743   10
    4744   10
    4745   10
    4746    9
    4747   10
    4748   10
    4749   10
    4750   10
    4751   11
    4752   11
    4753   11
    4754   11
    4755   10
    4756   10
    4757   10
    4758   10
    4759   10
    4760   10
    4761    9
    4762   10
    4763   10
    4764   10
    4765   10
    4766   10
    4767    9
    4768   11
    4769   11
    4770   11
    4771   11
    4772    9
    4773   11
    4774   11
    4775    6
    4776    5
    4777    3
    4778    3
    4779    3
    4780    3
    4781    3
    4782    1
    4783    1
    4784    1
    4785    1
    4786    1
    4787    1
    4788    1
    4789    1
    4790    1
    4791    1
    4792    1
    4793    1
    4794    1
    4795    6
    4796    6
    4797    6
    4798   12
    4799   12
    4800    8
    4801    8
    4802    8
    4803    1
    4804    3
    4805    3
    4806    1
    4807    1
    4808    1
    4809    1
    4810    5
    4811    5
    4812    5
    4813    6
    4814    5
    4815    6
    4816    6
    4817    1
    4818    1
    4819    3
    4820    6
    4821    6
    4822   12
    4823   15
    4824   12
    4825   12
    4826    8
    4827    7
    4828    8
    4829    7
    4830    7
    4831    8
    4832    7
    4833    8
    4834   12
    4835   12
    4836   12
    4837   12
    4838   12
    4839   12
    4840   12
    4841   12
    4842   10
    4843   10
    4844   10
    4845    9
    4846    8
    4847    8
    4848   12
    4849   12
    4850   10
    4851   10
    4852   10
    4853   10
    4854   10
    4855   10
    4856   10
    4857   12
    4858   12
    4859   12
    4860   12
    4861   11
    4862   11
    4863   11
    4864    9
    4865   10
    4866   10
    4867   10
    4868   10
    4869   10
    4870   10
    4871   10
    4872   10
    4873   10
    4874   10
    4875   10
    4876   10
    4877   10
    4878   10
    4879   10
    4880   10
    4881   10
    4882   10
    4883   10
    4884   10
    4885   10
    4886   10
    4887   10
    4888   10
    4889   10
    4890   10
    4891   10
    4892   10
    4893   10
    4894   10
    4895   10
    4896   10
    4897   10
    4898   10
    4899   10
    4900   10
    4901   10
    4902   10
    4903   10
    4904   10
    4905   10
    4906   12
    4907   12
    4908   12
    4909    7
    4910    6
    4911    5
    4912    3
    4913    3
    4914    3
    4915    3
    4916    3
    4917    3
    4918    1
    4919    3
    4920    3
    4921    3
    4922    3
    4923    3
    4924    3
    4925    3
    4926    5
    4927    3
    4928    3
    4929    3
    4930    5
    4931    5
    4932    3
    4933    3
    4934    5
    4935    3
    4936    6
    4937    5
    4938    1
    4939    3
    4940    3
    4941    3
    4942    3
    4943    3
    4944    3
    4945    1
    4946    1
    4947    1
    4948    1
    4949    1
    4950    1
    4951    1
    4952    1
    4953    1
    4954    1
    4955    1
    4956    1
    4957    8
    4958    9
    4959   10
    4960   12
    4961   12
    4962   12
    4963   12
    4964    6
    4965    1
    4966    5
    4967    1
    4968    1
    4969   12
    4970   12
    4971   12
    4972   12
    4973   12
    4974   12
    4975    7
    4976   12
    4977   12
    4978   12
    4979   12
    4980   12
    4981   12
    4982   12
    4983   12
    4984   12
    4985   12
    4986   12
    4987   12
    4988   12
    4989    8
    4990    8
    4991   12
    4992   12
    4993   12
    4994   12
    4995    8
    4996    8
    4997   12
    4998   12
    4999   12
    5000   12
