       1   13
       2   10
       3   10
       4   10
       5   10
       6   10
       7   10
       8   12
       9    8
      10    8
      11   12
      12   12
      13    8
      14    8
      15   12
      16   12
      17   12
      18   10
      19   10
      20   10
      21   10
      22   10
      23   10
      24   10
      25   10
      26   10
      27    9
      28   10
      29   12
      30   12
      31   12
      32   12
      33   12
      34   12
      35   12
      36   12
      37   12
      38   12
      39   12
      40   12
      41   12
      42   12
      43   12
      44   12
      45   12
      46   12
      47   12
      48   12
      49   12
      50   12
      51   12
      52   10
      53   12
      54   10
      55   10
      56   12
      57   12
      58    8
      59   12
      60   12
      61   12
      62   12
      63   12
      64   12
      65   12
      66   12
      67   12
      68   12
      69   12
      70   12
      71   12
      72    8
      73   12
      74   12
      75   12
      76   12
      77   12
      78   12
      79    8
      80   12
      81   12
      82   12
      83   12
      84   12
      85   12
      86   12
      87   12
      88   12
      89   12
      90    8
      91   12
      92   12
      93   12
      94   12
      95   12
      96   12
      97   12
      98   12
      99   12
     100   12
     101   12
     102    6
     103    5
     104    3
     105    1
     106    1
     107    1
     108    1
     109    1
     110    1
     111    1
     112    1
     113    1
     114    1
     115    1
     116    1
     117   12
     118   12
     119   12
     120    1
     121    1
     122   12
     123   12
     124   10
     125   10
     126   10
     127   10
     128    8
     129    8
     130    8
     131    7
     132   12
     133    8
     134    8
     135    8
     136    8
     137    9
     138    9
     139    9
     140    8
     141    8
     142    7
     143    6
     144    6
     145    5
     146    3
     147    5
     148    5
     149    3
     150    3
     151    3
     152    3
     153    3
     154    3
     155    1
     156    1
     157    1
     158    1
     159    1
     160    1
     161    1
     162    1
     163    1
     164    2
     165    1
     166    1
     167    5
     168    6
     169    8
     170   12
     171   12
     172   12
     173   12
     174   12
     175   12
     176   12
     177   12
     178    8
     179   12
     180   12
     181   12
     182    1
     183   12
     184    1
     185    1
     186    1
     187    6
     188   12
     189   12
     190    8
     191    8
     192    8
     193    7
     194   12
     195    1
     196    7
     197    8
     198   12
     199   12
     200    8
     201   12
     202   12
     203    7
     204   12
     205   10
     206    6
     207    5
     208    5
     209    1
     210    1
     211    1
     212    1
     213    7
     214   12
     215    8
     216    6
     217    3
     218    1
     219    5
     220    1
     221    1
     222    2
     223    5
     224    5
     225    5
     226    5
     227    6
     228    3
     229    5
     230    5
     231    5
     232    6
     233    6
     234   12
     235   12
     236   12
     237    8
     238    8
     239    9
     240   11
     241   11
     242   11
     243   11
     244   11
     245   11
     246   11
     247   11
     248    9
     249   10
     250   10
     251   10
     252   10
     253    9
     254   10
     255   10
     256   10
     257   10
     258   10
     259   10
     260   10
     261   10
     262   10
     263   10
     264   10
     265   10
     266   10
     267   10
     268   10
     269   10
     270   10
     271   10
     272   10
     273   10
     274   10
     275   10
     276   10
     277   10
     278   10
     279   10
     280   10
     281   10
     282   10
     283   10
     284   10
     285    9
     286   12
     287    8
     288    8
     289   12
     290    9
     291   12
     292    7
     293   12
     294   12
     295   12
     296   12
     297   12
     298   12
     299   12
     300   12
     301    8
     302   12
     303   12
     304   12
     305   12
     306   12
     307   12
     308   12
     309   10
     310   10
     311   10
     312    9
     313   10
     314   10
     315   11
     316    9
     317   11
     318    9
     319    6
     320    4
     321    4
     322    4
     323    4
     324    4
     325    4
     326    7
     327   12
     328    8
     329   12
     330   12
     331   12
     332   12
     333   12
     334   12
     335   12
     336    8
     337    8
     338    6
     339    8
     340    1
     341    1
     342    1
     343    9
     344   10
     345   10
     346   10
     347   10
     348   10
     349   10
     350   10
     351   10
     352   10
     353   10
     354   10
     355   10
     356   10
     357   10
     358    8
     359    8
     360   12
     361   12
     362   12
     363   10
     364   10
     365   10
     366   10
     367   10
     368   10
     369   10
     370    9
     371   10
     372   10
     373   10
     374   10
     375   13
     376   13
     377   13
     378   13
     379   13
     380   13
     381   13
     382   13
     383   13
     384   13
     385   13
     386   13
     387   13
     388   10
     389   10
     390   10
     391   12
     392   12
     393   12
     394   12
     395    9
     396   10
     397   10
     398   10
     399   10
     400   10
     401    9
     402   12
     403   12
     404   12
     405   12
     406   12
     407   12
     408   12
     409   12
     410   10
     411   10
     412   10
     413   10
     414   10
     415   10
     416   10
     417   10
     418   10
     419   10
     420   10
     421   10
     422   10
     423   10
     424   10
     425   10
     426   10
     427   10
     428   10
     429   10
     430   10
     431   10
     432   10
     433   10
     434   10
     435   10
     436   10
     437   10
     438   10
     439   10
     440   10
     441   10
     442   10
     443   10
     444   10
     445   10
     446   10
     447   10
     448   10
     449   13
     450   13
     451   13
     452   13
     453   13
     454   14
     455   14
     456   14
     457   13
     458   13
     459   10
     460   10
     461   11
     462   11
     463   10
     464   10
     465   10
     466   10
     467   13
     468   14
     469   14
     470   14
     471   14
     472   13
     473   13
     474   13
     475   13
     476   13
     477   10
     478   10
     479   10
     480   10
     481   10
     482   10
     483   10
     484   10
     485   10
     486   10
     487   10
     488   10
     489   10
     490   10
     491   10
     492   10
     493   10
     494   10
     495   10
     496   10
     497   10
     498   10
     499   10
     500   10
     501   10
     502   10
     503   13
     504   13
     505   13
     506   13
     507   13
     508   13
     509   13
     510   13
     511   13
     512   13
     513   13
     514   13
     515   13
     516   13
     517   13
     518   13
     519   13
     520   13
     521   13
     522   13
     523   13
     524   13
     525   13
     526   13
     527   13
     528   13
     529   13
     530   13
     531    8
     532   12
     533   12
     534   12
     535   12
     536   12
     537   12
     538   12
     539   12
     540   12
     541   13
     542   13
     543   12
     544   12
     545   12
     546   12
     547   10
     548   10
     549   10
     550   10
     551   10
     552   10
     553   10
     554   10
     555   12
     556   12
     557   12
     558   12
     559   12
     560   12
     561   10
     562   12
     563   12
     564   12
     565   12
     566   12
     567   12
     568   12
     569   12
     570   10
     571   10
     572   10
     573   10
     574   10
     575   12
     576   12
     577   12
     578   12
     579   12
     580   12
     581   12
     582   10
     583   10
     584   10
     585   10
     586    9
     587   10
     588   10
     589   10
     590   10
     591   10
     592   10
     593   10
     594   10
     595   10
     596   10
     597   10
     598   10
     599   10
     600   10
     601   13
     602   13
     603   13
     604   13
     605   13
     606   13
     607   13
     608   13
     609   13
     610   13
     611   13
     612   13
     613   13
     614   13
     615   13
     616   13
     617   13
     618   13
     619   13
     620   13
     621   13
     622   13
     623   13
     624   13
     625   13
     626   13
     627   13
     628   13
     629   13
     630   13
     631   13
     632   13
     633   13
     634   13
     635   13
     636   13
     637   13
     638   13
     639   13
     640   13
     641   13
     642   13
     643   13
     644   13
     645   13
     646   13
     647   13
     648   13
     649   13
     650   13
     651   13
     652   13
     653   13
     654   13
     655   13
     656   13
     657   10
     658   10
     659   10
     660   10
     661   10
     662   10
     663   10
     664   10
     665   12
     666   12
     667   12
     668   12
     669   12
     670   12
     671   12
     672   12
     673   12
     674   12
     675   12
     676   12
     677   12
     678   11
     679   11
     680   11
     681    9
     682   10
     683   10
     684   10
     685   10
     686   10
     687   10
     688   10
     689   10
     690   10
     691   10
     692   10
     693   10
     694   10
     695   10
     696   10
     697   10
     698   10
     699   10
     700   10
     701   10
     702   10
     703   10
     704   10
     705   10
     706    9
     707   10
     708   10
     709   10
     710   10
     711   10
     712   10
     713   10
     714   10
     715   12
     716   12
     717   12
     718   12
     719    1
     720    1
     721    1
     722    1
     723    1
     724    1
     725    1
     726    1
     727    1
     728    1
     729    1
     730    3
     731    3
     732    3
     733    5
     734    6
     735   12
     736   12
     737   12
     738   12
     739   12
     740   12
     741   12
     742   12
     743   12
     744   12
     745   12
     746   12
     747   12
     748   12
     749   10
     750   10
     751   10
     752   10
     753   10
     754   10
     755   10
     756   10
     757   10
     758   10
     759   10
     760   10
     761    6
     762    4
     763   12
     764   12
     765   12
     766    4
     767    4
     768    1
     769    1
     770    1
     771   12
     772   12
     773   12
     774   12
     775   12
     776   12
     777   12
     778   12
     779   13
     780   13
     781   13
     782   13
     783   13
     784   13
     785   13
     786   13
     787   13
     788   13
     789   12
     790   12
     791   12
     792   12
     793   12
     794   10
     795   10
     796   10
     797   10
     798   10
     799   10
     800   10
     801   10
     802   10
     803   10
     804   10
     805   10
     806   12
     807   12
     808   12
     809   12
     810   12
     811   12
     812    8
     813    8
     814    7
     815   12
     816   12
     817   12
     818   12
     819   12
     820   12
     821   12
     822    4
     823    3
     824    5
     825    6
     826    9
     827   11
     828   11
     829   11
     830   11
     831    9
     832   10
     833   10
     834   10
     835   10
     836   10
     837   10
     838   10
     839   10
     840   10
     841   10
     842   10
     843   10
     844   10
     845   10
     846   10
     847    9
     848   10
     849   10
     850   10
     851   10
     852   10
     853   10
     854   10
     855   10
     856   10
     857   10
     858   10
     859   10
     860   10
     861   10
     862   12
     863   12
     864    8
     865    8
     866    8
     867    8
     868   10
     869   10
     870   10
     871   10
     872   10
     873   10
     874   10
     875   10
     876   10
     877   10
     878   10
     879   10
     880   10
     881   10
     882   10
     883   10
     884   10
     885   10
     886   10
     887   10
     888    9
     889   10
     890   10
     891    8
     892   12
     893   10
     894   12
     895   12
     896   12
     897   12
     898   12
     899   12
     900   13
     901   13
     902   13
     903   13
     904   13
     905   13
     906   13
     907   13
     908   13
     909   13
     910   13
     911   13
     912   13
     913   13
     914   13
     915   13
     916   13
     917   13
     918   13
     919   13
     920   13
     921   13
     922   13
     923   13
     924    8
     925   12
     926   12
     927    8
     928    8
     929   12
     930   12
     931   12
     932   12
     933   12
     934   12
     935   12
     936   12
     937   12
     938   12
     939   12
     940   12
     941   12
     942    4
     943    5
     944    5
     945   12
     946   12
     947   12
     948   12
     949   12
     950   12
     951   12
     952   10
     953   10
     954   10
     955    8
     956   12
     957   12
     958   10
     959   13
     960   13
     961   13
     962   13
     963   13
     964   13
     965   13
     966   13
     967   13
     968   13
     969   13
     970   13
     971   13
     972   13
     973   13
     974   13
     975   13
     976   13
     977   13
     978   13
     979   13
     980   13
     981   13
     982   13
     983   13
     984   13
     985   13
     986   13
     987   13
     988   13
     989   13
     990   13
     991   13
     992   13
     993   13
     994   13
     995   13
     996   13
     997   13
     998   13
     999   13
    1000   13
    1001   13
    1002   13
    1003   13
    1004   13
    1005   13
    1006   13
    1007   13
    1008   13
    1009   13
    1010   13
    1011   13
    1012   13
    1013   13
    1014   13
    1015   13
    1016   13
    1017   13
    1018   13
    1019   13
    1020   13
    1021   13
    1022   13
    1023   13
    1024   13
    1025   13
    1026   13
    1027   13
    1028   13
    1029   13
    1030   13
    1031   13
    1032   13
    1033   13
    1034   13
    1035   13
    1036   13
    1037   13
    1038   13
    1039   13
    1040   13
    1041   10
    1042   10
    1043   13
    1044   13
    1045   13
    1046   13
    1047   13
    1048   13
    1049   13
    1050   13
    1051   13
    1052   13
    1053   13
    1054   13
    1055   13
    1056   13
    1057   13
    1058   13
    1059   13
    1060   13
    1061   13
    1062   13
    1063   13
    1064   13
    1065   13
    1066   13
    1067   13
    1068   13
    1069   13
    1070   13
    1071   13
    1072   13
    1073   13
    1074   13
    1075   13
    1076   13
    1077   13
    1078   13
    1079   13
    1080   13
    1081   13
    1082   13
    1083   13
    1084   13
    1085   13
    1086   13
    1087   13
    1088    8
    1089   12
    1090   12
    1091   12
    1092   12
    1093   12
    1094   12
    1095   12
    1096   12
    1097   12
    1098   12
    1099   12
    1100   12
    1101   12
    1102   12
    1103   12
    1104   12
    1105   12
    1106   12
    1107   12
    1108    1
    1109    1
    1110    1
    1111    1
    1112    1
    1113    1
    1114    1
    1115    1
    1116    1
    1117    1
    1118    1
    1119   12
    1120   12
    1121   12
    1122    4
    1123    4
    1124    4
    1125    4
    1126    4
    1127    4
    1128    4
    1129    4
    1130    4
    1131    4
    1132    4
    1133    5
    1134    5
    1135    4
    1136    4
    1137    4
    1138    4
    1139    4
    1140    4
    1141    5
    1142    4
    1143    4
    1144    4
    1145    4
    1146    4
    1147    4
    1148    4
    1149    5
    1150    5
    1151    6
    1152    8
    1153   12
    1154   12
    1155   12
    1156   10
    1157   13
    1158   13
    1159   13
    1160   13
    1161   13
    1162   13
    1163   13
    1164   13
    1165   13
    1166   13
    1167   13
    1168   13
    1169   13
    1170   13
    1171   13
    1172   13
    1173   13
    1174   13
    1175   13
    1176   13
    1177   13
    1178   13
    1179   13
    1180   13
    1181   13
    1182   13
    1183   13
    1184   13
    1185   13
    1186   13
    1187   13
    1188   13
    1189   13
    1190   13
    1191   13
    1192   13
    1193   13
    1194   13
    1195   13
    1196   13
    1197   13
    1198   13
    1199   13
    1200   13
    1201   13
    1202   13
    1203   13
    1204   13
    1205   13
    1206   13
    1207   13
    1208   13
    1209   13
    1210   13
    1211   13
    1212   13
    1213   13
    1214   13
    1215   13
    1216   13
    1217   13
    1218   13
    1219   13
    1220   13
    1221   13
    1222   13
    1223   13
    1224   13
    1225   13
    1226   13
    1227   13
    1228   13
    1229   13
    1230   13
    1231   13
    1232   13
    1233   13
    1234   13
    1235   13
    1236   13
    1237   13
    1238   13
    1239   13
    1240   13
    1241   13
    1242   13
    1243   13
    1244   13
    1245   13
    1246   13
    1247   13
    1248   13
    1249   13
    1250   13
    1251   13
    1252   13
    1253   13
    1254   13
    1255   13
    1256   15
    1257   15
    1258   15
    1259   15
    1260   15
    1261   13
    1262   13
    1263   13
    1264   13
    1265   13
    1266   13
    1267   13
    1268   13
    1269   13
    1270   13
    1271   13
    1272   13
    1273   13
    1274   13
    1275   13
    1276   13
    1277   13
    1278   13
    1279   13
    1280   13
    1281   13
    1282   13
    1283   13
    1284   13
    1285   13
    1286   13
    1287   13
    1288   13
    1289   13
    1290   13
    1291   13
    1292   13
    1293   13
    1294   13
    1295   13
    1296   13
    1297   13
    1298   13
    1299   13
    1300   13
    1301   13
    1302   13
    1303   13
    1304   13
    1305   13
    1306   13
    1307   13
    1308   13
    1309   13
    1310   13
    1311   13
    1312   13
    1313   13
    1314   13
    1315   13
    1316   13
    1317   13
    1318   13
    1319   13
    1320   13
    1321   13
    1322   13
    1323   13
    1324   13
    1325   13
    1326   13
    1327   13
    1328   13
    1329   13
    1330   13
    1331   13
    1332   13
    1333   13
    1334   13
    1335   13
    1336   13
    1337   13
    1338   13
    1339   13
    1340   13
    1341   13
    1342   13
    1343   13
    1344   13
    1345   13
    1346   13
    1347   13
    1348   13
    1349   13
    1350   13
    1351   13
    1352   13
    1353   13
    1354   13
    1355   13
    1356   13
    1357   13
    1358   13
    1359   13
    1360   13
    1361   13
    1362   13
    1363   13
    1364   13
    1365   13
    1366   13
    1367   13
    1368   13
    1369   13
    1370   13
    1371   13
    1372   13
    1373   13
    1374   13
    1375   13
    1376   13
    1377   13
    1378   13
    1379   13
    1380   13
    1381   13
    1382   13
    1383   13
    1384   13
    1385   13
    1386   13
    1387   13
    1388   13
    1389   13
    1390   13
    1391   13
    1392   13
    1393   13
    1394   13
    1395   13
    1396   13
    1397   13
    1398   13
    1399   14
    1400   14
    1401   14
    1402   14
    1403   13
    1404   13
    1405   13
    1406   13
    1407   13
    1408   13
    1409   13
    1410   13
    1411   13
    1412   13
    1413   13
    1414   13
    1415   13
    1416   13
    1417   13
    1418   13
    1419   13
    1420   13
    1421   13
    1422   13
    1423   13
    1424   13
    1425   13
    1426   13
    1427   13
    1428   13
    1429   13
    1430   13
    1431   13
    1432   13
    1433   13
    1434   13
    1435   13
    1436   13
    1437   13
    1438   13
    1439   13
    1440   13
    1441   13
    1442   13
    1443   13
    1444   13
    1445   13
    1446   13
    1447   13
    1448   13
    1449   13
    1450   13
    1451   13
    1452   13
    1453   13
    1454   13
    1455   13
    1456   13
    1457   13
    1458   13
    1459   13
    1460   13
    1461   13
    1462   13
    1463   13
    1464   13
    1465   13
    1466   13
    1467   13
    1468   13
    1469   13
    1470   13
    1471   13
    1472   13
    1473   13
    1474   13
    1475   13
    1476   13
    1477   13
    1478   13
    1479   13
    1480   13
    1481   13
    1482   13
    1483   13
    1484   13
    1485   13
    1486   13
    1487   13
    1488   13
    1489   13
    1490   13
    1491   13
    1492   13
    1493   13
    1494   13
    1495   13
    1496   13
    1497   13
    1498   13
    1499   13
    1500   13
    1501   13
    1502   13
    1503   13
    1504   13
    1505   13
    1506   13
    1507   13
    1508   13
    1509   13
    1510   13
    1511   13
    1512   13
    1513   13
    1514   13
    1515   13
    1516   13
    1517   13
    1518   13
    1519   13
    1520   13
    1521   13
    1522   13
    1523   13
    1524   13
    1525   13
    1526   13
    1527   13
    1528   13
    1529   13
    1530   13
    1531   13
    1532   13
    1533   13
    1534   13
    1535   13
    1536   13
    1537   13
    1538   13
    1539   13
    1540   13
    1541   13
    1542   13
    1543   13
    1544   13
    1545   13
    1546   13
    1547   13
    1548   13
    1549   13
    1550   13
    1551   13
    1552   13
    1553   13
    1554   13
    1555   13
    1556   13
    1557   13
    1558   13
    1559   13
    1560   13
    1561   13
    1562   13
    1563   13
    1564   13
    1565   13
    1566   13
    1567   13
    1568   13
    1569   13
    1570   13
    1571   13
    1572   13
    1573   13
    1574   13
    1575   13
    1576   13
    1577   13
    1578   13
    1579   13
    1580   13
    1581   13
    1582   13
    1583   13
    1584   13
    1585   13
    1586   13
    1587   13
    1588   13
    1589   13
    1590   13
    1591   13
    1592   13
    1593   13
    1594   13
    1595   13
    1596   13
    1597   13
    1598   13
    1599   13
    1600   13
    1601   13
    1602   13
    1603   13
    1604   13
    1605   13
    1606   13
    1607   13
    1608   13
    1609   13
    1610   13
    1611   13
    1612   13
    1613   13
    1614   13
    1615   13
    1616   13
    1617   13
    1618   13
    1619   13
    1620   13
    1621   13
    1622   13
    1623   13
    1624   13
    1625   13
    1626   13
    1627   13
    1628   13
    1629   13
    1630   13
    1631   13
    1632   13
    1633   13
    1634   13
    1635   13
    1636   13
    1637   13
    1638   13
    1639   13
    1640   13
    1641   13
    1642   13
    1643   13
    1644   13
    1645   13
    1646   13
    1647   13
    1648   13
    1649   13
    1650   13
    1651   13
    1652   13
    1653   13
    1654   13
    1655   13
    1656   13
    1657   13
    1658   13
    1659   13
    1660   13
    1661   13
    1662   13
    1663   13
    1664   13
    1665   13
    1666   13
    1667   13
    1668   13
    1669   13
    1670   13
    1671   13
    1672   13
    1673   13
    1674   13
    1675   13
    1676   13
    1677   13
    1678   13
    1679   13
    1680   13
    1681   13
    1682   13
    1683   13
    1684   13
    1685   13
    1686   13
    1687   13
    1688   13
    1689   13
    1690   13
    1691   13
    1692   13
    1693   13
    1694   13
    1695   13
    1696   13
    1697   13
    1698   13
    1699   13
    1700   13
    1701   13
    1702   13
    1703   13
    1704   13
    1705   13
    1706   13
    1707   13
    1708   13
    1709   13
    1710   13
    1711   13
    1712   13
    1713   13
    1714   13
    1715   13
    1716   13
    1717   13
    1718   13
    1719   13
    1720   13
    1721   13
    1722   13
    1723   13
    1724    9
    1725   12
    1726   12
    1727    8
    1728   12
    1729    1
    1730    1
    1731    1
    1732    1
    1733    1
    1734    3
    1735    5
    1736    6
    1737   12
    1738   12
    1739   12
    1740   12
    1741   12
    1742   12
    1743   12
    1744   12
    1745   12
    1746   12
    1747   12
    1748   12
    1749   12
    1750   12
    1751   12
    1752   12
    1753   12
    1754   12
    1755    8
    1756    7
    1757    7
    1758    8
    1759    8
    1760   12
    1761    8
    1762    7
    1763   12
    1764    7
    1765    7
    1766   12
    1767   12
    1768    8
    1769    8
    1770    8
    1771    7
    1772    8
    1773   12
    1774   12
    1775   12
    1776   15
    1777   12
    1778   12
    1779   12
    1780   12
    1781   12
    1782   12
    1783   12
    1784   12
    1785   12
    1786   12
    1787   15
    1788   12
    1789   12
    1790    8
    1791    8
    1792   12
    1793    8
    1794    8
    1795    7
    1796    7
    1797   12
    1798   15
    1799   12
    1800   15
    1801   12
    1802   12
    1803   10
    1804   10
    1805   10
    1806   10
    1807   10
    1808   10
    1809   10
    1810   10
    1811   10
    1812   10
    1813   10
    1814   10
    1815    6
    1816    5
    1817    5
    1818    6
    1819    3
    1820    1
    1821    1
    1822    1
    1823    1
    1824    1
    1825    1
    1826    8
    1827    8
    1828    8
    1829    8
    1830    8
    1831    8
    1832    8
    1833    8
    1834    6
    1835    5
    1836   12
    1837    7
    1838    8
    1839    8
    1840   12
    1841   12
    1842   12
    1843   12
    1844   12
    1845    8
    1846   12
    1847   12
    1848   12
    1849   12
    1850   12
    1851    4
    1852    6
    1853    9
    1854   12
    1855   12
    1856   12
    1857   12
    1858   12
    1859   10
    1860   10
    1861   10
    1862   10
    1863   10
    1864   10
    1865   10
    1866   10
    1867   10
    1868   10
    1869   10
    1870    7
    1871    8
    1872   12
    1873   12
    1874   12
    1875   12
    1876   12
    1877   12
    1878   12
    1879   12
    1880    8
    1881   12
    1882    8
    1883    1
    1884    1
    1885    1
    1886    1
    1887    1
    1888    1
    1889    1
    1890    1
    1891    1
    1892    1
    1893    1
    1894    1
    1895    1
    1896    1
    1897    1
    1898    3
    1899    3
    1900    3
    1901    3
    1902    3
    1903    3
    1904    6
    1905    8
    1906    8
    1907   12
    1908   12
    1909   12
    1910   12
    1911    8
    1912    8
    1913   10
    1914   10
    1915   10
    1916   10
    1917   10
    1918   10
    1919    7
    1920    8
    1921   12
    1922   12
    1923   12
    1924   12
    1925    7
    1926   12
    1927   12
    1928   12
    1929   12
    1930   12
    1931   12
    1932   10
    1933   10
    1934    6
    1935    5
    1936    3
    1937    3
    1938    3
    1939    3
    1940    1
    1941    1
    1942    1
    1943   12
    1944   12
    1945   12
    1946   12
    1947    8
    1948   12
    1949   12
    1950   12
    1951   12
    1952   12
    1953   12
    1954   12
    1955   12
    1956   12
    1957    8
    1958    8
    1959   12
    1960   12
    1961   12
    1962   12
    1963   12
    1964   12
    1965   12
    1966   12
    1967   12
    1968   12
    1969   12
    1970   12
    1971   12
    1972   12
    1973   12
    1974   12
    1975   12
    1976   12
    1977   12
    1978   12
    1979    8
    1980   12
    1981   12
    1982   12
    1983   12
    1984   12
    1985    8
    1986    8
    1987   12
    1988   12
    1989   12
    1990    7
    1991    8
    1992    8
    1993   12
    1994   12
    1995   12
    1996   12
    1997   12
    1998   12
    1999   12
    2000   12
    2001   12
    2002   12
    2003    8
    2004   12
    2005   12
    2006   12
    2007    4
    2008    4
    2009    5
    2010    9
    2011   12
    2012   12
    2013   12
    2014   12
    2015   12
    2016   12
    2017   12
    2018   10
    2019   10
    2020   10
    2021   10
    2022   10
    2023   10
    2024   10
    2025   10
    2026   10
    2027   10
    2028   10
    2029   10
    2030   10
    2031   10
    2032   10
    2033   10
    2034   10
    2035   10
    2036   10
    2037   10
    2038   10
    2039   10
    2040   10
    2041   10
    2042   10
    2043   10
    2044   10
    2045   10
    2046   10
    2047   10
    2048   12
    2049   12
    2050    1
    2051    1
    2052    1
    2053    1
    2054    1
    2055    3
    2056    3
    2057    3
    2058    3
    2059    3
    2060    3
    2061    3
    2062    3
    2063    3
    2064    3
    2065    3
    2066    3
    2067    3
    2068    5
    2069    6
    2070    6
    2071    8
    2072   12
    2073   12
    2074   12
    2075    8
    2076    7
    2077    8
    2078   12
    2079    8
    2080   12
    2081   12
    2082   12
    2083   10
    2084   10
    2085   10
    2086   10
    2087   10
    2088   10
    2089   10
    2090   10
    2091   10
    2092   10
    2093    8
    2094    8
    2095   11
    2096   11
    2097   11
    2098    8
    2099    8
    2100    8
    2101   12
    2102   12
    2103   13
    2104   13
    2105   13
    2106   13
    2107   13
    2108   13
    2109   13
    2110   13
    2111   13
    2112   13
    2113   13
    2114   13
    2115   13
    2116   13
    2117   13
    2118   13
    2119   13
    2120   13
    2121   13
    2122   13
    2123   13
    2124   13
    2125   13
    2126   13
    2127   13
    2128   13
    2129   13
    2130   13
    2131   13
    2132   13
    2133   13
    2134   13
    2135   13
    2136   13
    2137   13
    2138   13
    2139   13
    2140   13
    2141   13
    2142   13
    2143   13
    2144   13
    2145   13
    2146   13
    2147   13
    2148   13
    2149   13
    2150   13
    2151   13
    2152   13
    2153   13
    2154   13
    2155   13
    2156   13
    2157   13
    2158   13
    2159   13
    2160   13
    2161   13
    2162   13
    2163   13
    2164   13
    2165   13
    2166   13
    2167   13
    2168   13
    2169   13
    2170   13
    2171   13
    2172   13
    2173   13
    2174   13
    2175   13
    2176   13
    2177   13
    2178   13
    2179   13
    2180   13
    2181   13
    2182   13
    2183   13
    2184   13
    2185   13
    2186   13
    2187   13
    2188   13
    2189   13
    2190   13
    2191   13
    2192   13
    2193   13
    2194   13
    2195   13
    2196   13
    2197   13
    2198   13
    2199   13
    2200   13
    2201   13
    2202   13
    2203   10
    2204   10
    2205   13
    2206   13
    2207   13
    2208   13
    2209   13
    2210   13
    2211   13
    2212   13
    2213   13
    2214   13
    2215   13
    2216   13
    2217   13
    2218   13
    2219   13
    2220   13
    2221   13
    2222   13
    2223   13
    2224   13
    2225   13
    2226   13
    2227   13
    2228   13
    2229   13
    2230   13
    2231    9
    2232   13
    2233   13
    2234   13
    2235   13
    2236   13
    2237   13
    2238   13
    2239   13
    2240   13
    2241   13
    2242   13
    2243   13
    2244   13
    2245   13
    2246   13
    2247   13
    2248   13
    2249   13
    2250   13
    2251   13
    2252   13
    2253   13
    2254   13
    2255   13
    2256   13
    2257   13
    2258   13
    2259   13
    2260   13
    2261   13
    2262   13
    2263   13
    2264   10
    2265   10
    2266   10
    2267   13
    2268   13
    2269   13
    2270   13
    2271   13
    2272   13
    2273   13
    2274   13
    2275   13
    2276   13
    2277   13
    2278   13
    2279   13
    2280   13
    2281   13
    2282   13
    2283   13
    2284   13
    2285   13
    2286   13
    2287   14
    2288   14
    2289   14
    2290   14
    2291   14
    2292   14
    2293   14
    2294   14
    2295   14
    2296   14
    2297   14
    2298   14
    2299   13
    2300   13
    2301   13
    2302   13
    2303   13
    2304   13
    2305   13
    2306   13
    2307   13
    2308   13
    2309   13
    2310   13
    2311   13
    2312   13
    2313   13
    2314   13
    2315   13
    2316   13
    2317   13
    2318   13
    2319   13
    2320   13
    2321   13
    2322   13
    2323   13
    2324   13
    2325   13
    2326   13
    2327   13
    2328   13
    2329   13
    2330   13
    2331   13
    2332   13
    2333   13
    2334   13
    2335   13
    2336   13
    2337   13
    2338   13
    2339    8
    2340    8
    2341   12
    2342   12
    2343   12
    2344   12
    2345   12
    2346    8
    2347    8
    2348   12
    2349   12
    2350   12
    2351   12
    2352   12
    2353   12
    2354   12
    2355   12
    2356   12
    2357   12
    2358   12
    2359   12
    2360    9
    2361    8
    2362   13
    2363   13
    2364   13
    2365   13
    2366   13
    2367   13
    2368   13
    2369   13
    2370   13
    2371   13
    2372   13
    2373   13
    2374   13
    2375   13
    2376   13
    2377   13
    2378   13
    2379   13
    2380   13
    2381   13
    2382   13
    2383   13
    2384   13
    2385   13
    2386   13
    2387   13
    2388   13
    2389   13
    2390   13
    2391   13
    2392   13
    2393   13
    2394    8
    2395    8
    2396   12
    2397   12
    2398   12
    2399   12
    2400   12
    2401   12
    2402   12
    2403   12
    2404   12
    2405   12
    2406   12
    2407   12
    2408   12
    2409   12
    2410   12
    2411   12
    2412   12
    2413   12
    2414    7
    2415   12
    2416   12
    2417   12
    2418   12
    2419   13
    2420   13
    2421   13
    2422   13
    2423   13
    2424   13
    2425   13
    2426   13
    2427   13
    2428   13
    2429   13
    2430   13
    2431   13
    2432   13
    2433   13
    2434   13
    2435   13
    2436   13
    2437   13
    2438   13
    2439   12
    2440   12
    2441   12
    2442   12
    2443   12
    2444   12
    2445   12
    2446   12
    2447   12
    2448   12
    2449   12
    2450   12
    2451   12
    2452   12
    2453   12
    2454   12
    2455   12
    2456   12
    2457   12
    2458   12
    2459   12
    2460   12
    2461   12
    2462   12
    2463   12
    2464   12
    2465   12
    2466   12
    2467   12
    2468   12
    2469   12
    2470   12
    2471   12
    2472   12
    2473   12
    2474   12
    2475   12
    2476   12
    2477   12
    2478   12
    2479   12
    2480   12
    2481   12
    2482   12
    2483   12
    2484   12
    2485   12
    2486   12
    2487   12
    2488   12
    2489   12
    2490   12
    2491   12
    2492    8
    2493   12
    2494   12
    2495   12
    2496   12
    2497   12
    2498    7
    2499    7
    2500    8
    2501    6
    2502    8
    2503    8
    2504    8
    2505    8
    2506   12
    2507    7
    2508    8
    2509    8
    2510   12
    2511    6
    2512    4
    2513    4
    2514    4
    2515    4
    2516    4
    2517    4
    2518    4
    2519    4
    2520   12
    2521    1
    2522   12
    2523   12
    2524    6
    2525    5
    2526    4
    2527    4
    2528    5
    2529    3
    2530    3
    2531    3
    2532    5
    2533    5
    2534    3
    2535    3
    2536    1
    2537    3
    2538    3
    2539    3
    2540    3
    2541    1
    2542    1
    2543    1
    2544    1
    2545   12
    2546   12
    2547    8
    2548    8
    2549    8
    2550    7
    2551    8
    2552    9
    2553   10
    2554   10
    2555   10
    2556   10
    2557   10
    2558   10
    2559   10
    2560   10
    2561   10
    2562    8
    2563    8
    2564    6
    2565    1
    2566    1
    2567    1
    2568    1
    2569   12
    2570   12
    2571    1
    2572    3
    2573    6
    2574    6
    2575    3
    2576    3
    2577    1
    2578   12
    2579   12
    2580   12
    2581   12
    2582    1
    2583    3
    2584    6
    2585    7
    2586   12
    2587    8
    2588    8
    2589    8
    2590   12
    2591    9
    2592   11
    2593   11
    2594   11
    2595   11
    2596   10
    2597    9
    2598   10
    2599   10
    2600   10
    2601   10
    2602   10
    2603   10
    2604    9
    2605   12
    2606   12
    2607    8
    2608   12
    2609    5
    2610    5
    2611    6
    2612    5
    2613    4
    2614    4
    2615    6
    2616    9
    2617    9
    2618   11
    2619    9
    2620    9
    2621    9
    2622   12
    2623   12
    2624   12
    2625   12
    2626    8
    2627   12
    2628   12
    2629   12
    2630   12
    2631   10
    2632    6
    2633    4
    2634    4
    2635    4
    2636    4
    2637    4
    2638    4
    2639    4
    2640    4
    2641    4
    2642    4
    2643    4
    2644    4
    2645    4
    2646    4
    2647    3
    2648    3
    2649    1
    2650    1
    2651    1
    2652    1
    2653    1
    2654    1
    2655    1
    2656    7
    2657    8
    2658    8
    2659    7
    2660    7
    2661    8
    2662    9
    2663   10
    2664   10
    2665   10
    2666   10
    2667   10
    2668   10
    2669   10
    2670   10
    2671   10
    2672   10
    2673   10
    2674   10
    2675   10
    2676   10
    2677   10
    2678   10
    2679   10
    2680   10
    2681   10
    2682   10
    2683   10
    2684   10
    2685   10
    2686   10
    2687   10
    2688   10
    2689   10
    2690   10
    2691   10
    2692   10
    2693   12
    2694   12
    2695   12
    2696   12
    2697   12
    2698   12
    2699   12
    2700   12
    2701   12
    2702   12
    2703   12
    2704   12
    2705    9
    2706    9
    2707   12
    2708   12
    2709   12
    2710    6
    2711    3
    2712    1
    2713    1
    2714    1
    2715   12
    2716   12
    2717   12
    2718   12
    2719   12
    2720    1
    2721    1
    2722    3
    2723    3
    2724    4
    2725    4
    2726    4
    2727    4
    2728    5
    2729    6
    2730   12
    2731    8
    2732   12
    2733   12
    2734   12
    2735   12
    2736   12
    2737   12
    2738    1
    2739    1
    2740    1
    2741    6
    2742    6
    2743    3
    2744    1
    2745    1
    2746    1
    2747    3
    2748    3
    2749    5
    2750    3
    2751    5
    2752    5
    2753    6
    2754    3
    2755    1
    2756    1
    2757    1
    2758    1
    2759    1
    2760    1
    2761    1
    2762    1
    2763    1
    2764    1
    2765    1
    2766    1
    2767    5
    2768    1
    2769    1
    2770   12
    2771   12
    2772   12
    2773   12
    2774   10
    2775    9
    2776   11
    2777   11
    2778   11
    2779   11
    2780   11
    2781   11
    2782   11
    2783   11
    2784   10
    2785   10
    2786   10
    2787   10
    2788   10
    2789   10
    2790   10
    2791   10
    2792   10
    2793   10
    2794   10
    2795   10
    2796   10
    2797   10
    2798   10
    2799   10
    2800   10
    2801   10
    2802   10
    2803   10
    2804   10
    2805   10
    2806   10
    2807   10
    2808   10
    2809   10
    2810   10
    2811   10
    2812   10
    2813   10
    2814   11
    2815   11
    2816   11
    2817   11
    2818   11
    2819   11
    2820   11
    2821   11
    2822   11
    2823   11
    2824   10
    2825   10
    2826   10
    2827   10
    2828   10
    2829   10
    2830   10
    2831   10
    2832   10
    2833   10
    2834   10
    2835   10
    2836   10
    2837   10
    2838   10
    2839   10
    2840   10
    2841   10
    2842   10
    2843   10
    2844   10
    2845   10
    2846   10
    2847   10
    2848   10
    2849   10
    2850   10
    2851   10
    2852   10
    2853   10
    2854   10
    2855   10
    2856   10
    2857   10
    2858   10
    2859   10
    2860   10
    2861   10
    2862   10
    2863   10
    2864   10
    2865   10
    2866   10
    2867   10
    2868   10
    2869   10
    2870   10
    2871   12
    2872    1
    2873    1
    2874    1
    2875    1
    2876    1
    2877    1
    2878    1
    2879    1
    2880    1
    2881    6
    2882    5
    2883    1
    2884    1
    2885   12
    2886   12
    2887   12
    2888   12
    2889   13
    2890   13
    2891   13
    2892   13
    2893   13
    2894   13
    2895   13
    2896   13
    2897   13
    2898   13
    2899   13
    2900   13
    2901   13
    2902   13
    2903   13
    2904   13
    2905   13
    2906   13
    2907   13
    2908   13
    2909   13
    2910   13
    2911   13
    2912   13
    2913   13
    2914   13
    2915   13
    2916   13
    2917   13
    2918   13
    2919   13
    2920   13
    2921   13
    2922   13
    2923   13
    2924   13
    2925   13
    2926   13
    2927   13
    2928   13
    2929   13
    2930   13
    2931   13
    2932   13
    2933   13
    2934   13
    2935   13
    2936   13
    2937   13
    2938   13
    2939   12
    2940   12
    2941   12
    2942   12
    2943   12
    2944   12
    2945   12
    2946   12
    2947   12
    2948    8
    2949   12
    2950   12
    2951   12
    2952   12
    2953   12
    2954   12
    2955   12
    2956   12
    2957   12
    2958   12
    2959   12
    2960   12
    2961   12
    2962   11
    2963   11
    2964   11
    2965   11
    2966    9
    2967   11
    2968   11
    2969   11
    2970   11
    2971   11
    2972   11
    2973   11
    2974   11
    2975    9
    2976   11
    2977   11
    2978   11
    2979   11
    2980   11
    2981   11
    2982   11
    2983   11
    2984   11
    2985   11
    2986   11
    2987   11
    2988   11
    2989   11
    2990   11
    2991   11
    2992   11
    2993   11
    2994   11
    2995   11
    2996   11
    2997   11
    2998   11
    2999   11
    3000   11
    3001   11
    3002   11
    3003   11
    3004   11
    3005   11
    3006   11
    3007   11
    3008   11
    3009   11
    3010   11
    3011   11
    3012   11
    3013   11
    3014   11
    3015   11
    3016   11
    3017   11
    3018   11
    3019   11
    3020   11
    3021   11
    3022   11
    3023   11
    3024   11
    3025   11
    3026   11
    3027   11
    3028   11
    3029   11
    3030   11
    3031   11
    3032   11
    3033   10
    3034   10
    3035   10
    3036   10
    3037   10
    3038   10
    3039   10
    3040   10
    3041   10
    3042   10
    3043   10
    3044   10
    3045   10
    3046   10
    3047   10
    3048   10
    3049   10
    3050   10
    3051   10
    3052   10
    3053   10
    3054   10
    3055   10
    3056   10
    3057   10
    3058   10
    3059   10
    3060   10
    3061   10
    3062   10
    3063   13
    3064   13
    3065   13
    3066   13
    3067   13
    3068   13
    3069   13
    3070   13
    3071   13
    3072   13
    3073   13
    3074   13
    3075   13
    3076   13
    3077   13
    3078   13
    3079   13
    3080   13
    3081   13
    3082   13
    3083   13
    3084   13
    3085   13
    3086   13
    3087   13
    3088   13
    3089   13
    3090   13
    3091   13
    3092   13
    3093   13
    3094   13
    3095   13
    3096   13
    3097   13
    3098   13
    3099   13
    3100   13
    3101   13
    3102   13
    3103   13
    3104   13
    3105   13
    3106   14
    3107   14
    3108   14
    3109   14
    3110   13
    3111   13
    3112   13
    3113   13
    3114   13
    3115   13
    3116   13
    3117   13
    3118   13
    3119   13
    3120   10
    3121   10
    3122   10
    3123   10
    3124   10
    3125   10
    3126   13
    3127   13
    3128   13
    3129   13
    3130   13
    3131   13
    3132   13
    3133   13
    3134   13
    3135   13
    3136   13
    3137   13
    3138   13
    3139   13
    3140   13
    3141   13
    3142   13
    3143   13
    3144   13
    3145   13
    3146   13
    3147   13
    3148   13
    3149   13
    3150   13
    3151   13
    3152   13
    3153   13
    3154   13
    3155   13
    3156   13
    3157   13
    3158   13
    3159   13
    3160   13
    3161   13
    3162   13
    3163   13
    3164   13
    3165   13
    3166   13
    3167   13
    3168   14
    3169   14
    3170   14
    3171   14
    3172   13
    3173   13
    3174   13
    3175   13
    3176   13
    3177   13
    3178   13
    3179   13
    3180   13
    3181   13
    3182   13
    3183   13
    3184   13
    3185   13
    3186   13
    3187   13
    3188   13
    3189   13
    3190   13
    3191   13
    3192   13
    3193   13
    3194   13
    3195   13
    3196   13
    3197   13
    3198   13
    3199   13
    3200   13
    3201   13
    3202   13
    3203   13
    3204   13
    3205   13
    3206   13
    3207   13
    3208   13
    3209   13
    3210   13
    3211   13
    3212   13
    3213   13
    3214   13
    3215   13
    3216   13
    3217   13
    3218   13
    3219   13
    3220   13
    3221   13
    3222   13
    3223   13
    3224   13
    3225   13
    3226   13
    3227   13
    3228   13
    3229   13
    3230   13
    3231   13
    3232   13
    3233   13
    3234   13
    3235   13
    3236   13
    3237   13
    3238   13
    3239   13
    3240   13
    3241   13
    3242   13
    3243   13
    3244   13
    3245   13
    3246   13
    3247   13
    3248   13
    3249   13
    3250   13
    3251   13
    3252   13
    3253   13
    3254   13
    3255   13
    3256   13
    3257   13
    3258   13
    3259   13
    3260   13
    3261   13
    3262   13
    3263   13
    3264   13
    3265   13
    3266   13
    3267   13
    3268   13
    3269   13
    3270   13
    3271   13
    3272   13
    3273   13
    3274   13
    3275   13
    3276   13
    3277   13
    3278   13
    3279   13
    3280   13
    3281   13
    3282   13
    3283   13
    3284   13
    3285   13
    3286   13
    3287   13
    3288   13
    3289   13
    3290   13
    3291   13
    3292   13
    3293   13
    3294   13
    3295   13
    3296   13
    3297   13
    3298   13
    3299   13
    3300   13
    3301   13
    3302   13
    3303   13
    3304    9
    3305   13
    3306   13
    3307   13
    3308   13
    3309   13
    3310   13
    3311   13
    3312   13
    3313   13
    3314   13
    3315   13
    3316   13
    3317   13
    3318   13
    3319   13
    3320   13
    3321   13
    3322   13
    3323   13
    3324   13
    3325   13
    3326   13
    3327   13
    3328   13
    3329   13
    3330   13
    3331   13
    3332   13
    3333   13
    3334   13
    3335   13
    3336   13
    3337   13
    3338   13
    3339   13
    3340   13
    3341   13
    3342   13
    3343   13
    3344   13
    3345   13
    3346   13
    3347   13
    3348   13
    3349   13
    3350   13
    3351   13
    3352   13
    3353   13
    3354   13
    3355   13
    3356   13
    3357    8
    3358   12
    3359   12
    3360   12
    3361   12
    3362    8
    3363   12
    3364    7
    3365   12
    3366   12
    3367   12
    3368   12
    3369   12
    3370   12
    3371   12
    3372   12
    3373   12
    3374   12
    3375   12
    3376   12
    3377   12
    3378   12
    3379   12
    3380   12
    3381   12
    3382   12
    3383   12
    3384    8
    3385    8
    3386   12
    3387   12
    3388   12
    3389   12
    3390   12
    3391   12
    3392   12
    3393   12
    3394   12
    3395   12
    3396   12
    3397   12
    3398   12
    3399    8
    3400   12
    3401   12
    3402   12
    3403   12
    3404   12
    3405   12
    3406   12
    3407   12
    3408   12
    3409   12
    3410   12
    3411   12
    3412   12
    3413   12
    3414    8
    3415   12
    3416   12
    3417   12
    3418   12
    3419   12
    3420   12
    3421   12
    3422   12
    3423   12
    3424   12
    3425   12
    3426   12
    3427   12
    3428   12
    3429   12
    3430   12
    3431   12
    3432   12
    3433   12
    3434   12
    3435   12
    3436   12
    3437   12
    3438   12
    3439   12
    3440    8
    3441   12
    3442   12
    3443    8
    3444   12
    3445   12
    3446   12
    3447   12
    3448   12
    3449   12
    3450   12
    3451   12
    3452   12
    3453   12
    3454   12
    3455   12
    3456    8
    3457   12
    3458   12
    3459   12
    3460   12
    3461   12
    3462   12
    3463   12
    3464   12
    3465   12
    3466   12
    3467   12
    3468    4
    3469    4
    3470    4
    3471    4
    3472    4
    3473    4
    3474    4
    3475    6
    3476    7
    3477   12
    3478   10
    3479   10
    3480   10
    3481   10
    3482   10
    3483   10
    3484    9
    3485   10
    3486   10
    3487   13
    3488   13
    3489   13
    3490   13
    3491   13
    3492   13
    3493   13
    3494   13
    3495   13
    3496   13
    3497   13
    3498   13
    3499   13
    3500   13
    3501   13
    3502   13
    3503   13
    3504   13
    3505   13
    3506   13
    3507   13
    3508   13
    3509   13
    3510   13
    3511   13
    3512   13
    3513   13
    3514   13
    3515   13
    3516   13
    3517   13
    3518   13
    3519   13
    3520   13
    3521   13
    3522   13
    3523   13
    3524   13
    3525   13
    3526   13
    3527   13
    3528   13
    3529   13
    3530   13
    3531   13
    3532   13
    3533   13
    3534   13
    3535   13
    3536   13
    3537   13
    3538   13
    3539   13
    3540   13
    3541   13
    3542   13
    3543   13
    3544   13
    3545   13
    3546   13
    3547   13
    3548   13
    3549   13
    3550   13
    3551   13
    3552   13
    3553   13
    3554   13
    3555   13
    3556   13
    3557   13
    3558   13
    3559   13
    3560   13
    3561   13
    3562   13
    3563   13
    3564   13
    3565   13
    3566   13
    3567   13
    3568   13
    3569   13
    3570   13
    3571   13
    3572   13
    3573   13
    3574   13
    3575   13
    3576   13
    3577   13
    3578   13
    3579   13
    3580   13
    3581   13
    3582   13
    3583   13
    3584   13
    3585   13
    3586   13
    3587   13
    3588   13
    3589   13
    3590   13
    3591   13
    3592   13
    3593   13
    3594   13
    3595   13
    3596   13
    3597   13
    3598   13
    3599   13
    3600   13
    3601   13
    3602   13
    3603   13
    3604   13
    3605   13
    3606   13
    3607   13
    3608   13
    3609   13
    3610   13
    3611   13
    3612   13
    3613   13
    3614   13
    3615   13
    3616   13
    3617   13
    3618   13
    3619   13
    3620   13
    3621   13
    3622   13
    3623   13
    3624   13
    3625   13
    3626   13
    3627   13
    3628   13
    3629   13
    3630   13
    3631   13
    3632   13
    3633   13
    3634   13
    3635   13
    3636   13
    3637   13
    3638   13
    3639   13
    3640   13
    3641   13
    3642   13
    3643   13
    3644   13
    3645   13
    3646   13
    3647   13
    3648   13
    3649   13
    3650   13
    3651   13
    3652   13
    3653   13
    3654   13
    3655   13
    3656   13
    3657   13
    3658   13
    3659   13
    3660   13
    3661   13
    3662   13
    3663   13
    3664   13
    3665   13
    3666   13
    3667   13
    3668   13
    3669   13
    3670   13
    3671   13
    3672   13
    3673   13
    3674   13
    3675   13
    3676   13
    3677   13
    3678   13
    3679   13
    3680   13
    3681   13
    3682   13
    3683   13
    3684   13
    3685   13
    3686   13
    3687   13
    3688   13
    3689   13
    3690   13
    3691   13
    3692   13
    3693   13
    3694   13
    3695   13
    3696   13
    3697   13
    3698   13
    3699   13
    3700   13
    3701   13
    3702   13
    3703   13
    3704   13
    3705   13
    3706   13
    3707   13
    3708   13
    3709   13
    3710   13
    3711   13
    3712   13
    3713   13
    3714   13
    3715   13
    3716   13
    3717   13
    3718   13
    3719   13
    3720   13
    3721   13
    3722   13
    3723   13
    3724   13
    3725   13
    3726   13
    3727   13
    3728   13
    3729   13
    3730   13
    3731   14
    3732   14
    3733   14
    3734   14
    3735   14
    3736   14
    3737   14
    3738   14
    3739   13
    3740   13
    3741   13
    3742   13
    3743   13
    3744   13
    3745   13
    3746   13
    3747   13
    3748   13
    3749   13
    3750   13
    3751   13
    3752   13
    3753   13
    3754   13
    3755   13
    3756   13
    3757   13
    3758   13
    3759   13
    3760   13
    3761   13
    3762   13
    3763   13
    3764   13
    3765   13
    3766   13
    3767   13
    3768   13
    3769   13
    3770   13
    3771   13
    3772   13
    3773   13
    3774   13
    3775   13
    3776   13
    3777   13
    3778   13
    3779   13
    3780   13
    3781   13
    3782   13
    3783   13
    3784   13
    3785   13
    3786   13
    3787   13
    3788   13
    3789   13
    3790   13
    3791   13
    3792   13
    3793   13
    3794   13
    3795   13
    3796   13
    3797   13
    3798   13
    3799   13
    3800   13
    3801   13
    3802   13
    3803   13
    3804   13
    3805   13
    3806   13
    3807   13
    3808   13
    3809   13
    3810   13
    3811   13
    3812   13
    3813   13
    3814   13
    3815   13
    3816   13
    3817   13
    3818   13
    3819   13
    3820   13
    3821   13
    3822   13
    3823   13
    3824   13
    3825   13
    3826   13
    3827   13
    3828   13
    3829   13
    3830   13
    3831   13
    3832   13
    3833   13
    3834   13
    3835   13
    3836   13
    3837   13
    3838   13
    3839   13
    3840   13
    3841   13
    3842   13
    3843   13
    3844   13
    3845   13
    3846   13
    3847   13
    3848   13
    3849   13
    3850   13
    3851   13
    3852   13
    3853   13
    3854   13
    3855   13
    3856   13
    3857   13
    3858   13
    3859   13
    3860   13
    3861   13
    3862   13
    3863   13
    3864   13
    3865   13
    3866   10
    3867   10
    3868   10
    3869   10
    3870   13
    3871   13
    3872   13
    3873   13
    3874   13
    3875   13
    3876   13
    3877   13
    3878   13
    3879   13
    3880   13
    3881   13
    3882   13
    3883   13
    3884   13
    3885   13
    3886   13
    3887   13
    3888   13
    3889   13
    3890   13
    3891   13
    3892   13
    3893   13
    3894   13
    3895   13
    3896   13
    3897   13
    3898   13
    3899   13
    3900   13
    3901   13
    3902   13
    3903   13
    3904   13
    3905   10
    3906    8
    3907    6
    3908    3
    3909    3
    3910    1
    3911    1
    3912    1
    3913    1
    3914    1
    3915    1
    3916    1
    3917    1
    3918    1
    3919    1
    3920    1
    3921    1
    3922    1
    3923    1
    3924    1
    3925    1
    3926    1
    3927    1
    3928    1
    3929    1
    3930    1
    3931    1
    3932    1
    3933   12
    3934   12
    3935   12
    3936    8
    3937    8
    3938    7
    3939   15
    3940   15
    3941   15
    3942   15
    3943   15
    3944   15
    3945   15
    3946   12
    3947    7
    3948    8
    3949    7
    3950    8
    3951   12
    3952   12
    3953   12
    3954   12
    3955   12
    3956   12
    3957   12
    3958   12
    3959   12
    3960   12
    3961   12
    3962   12
    3963   12
    3964    7
    3965    8
    3966   12
    3967   12
    3968   12
    3969   12
    3970   12
    3971   12
    3972   12
    3973   12
    3974   12
    3975   12
    3976   12
    3977   12
    3978   12
    3979   12
    3980   12
    3981   12
    3982   12
    3983    8
    3984    8
    3985   12
    3986   14
    3987   14
    3988   14
    3989   14
    3990   14
    3991   14
    3992   14
    3993   14
    3994   14
    3995   14
    3996   14
    3997   14
    3998   14
    3999   14
    4000   14
    4001   14
    4002   14
    4003   12
    4004    8
    4005    8
    4006   12
    4007   13
    4008   13
    4009   13
    4010   13
    4011   13
    4012   14
    4013   14
    4014   14
    4015   14
    4016   14
    4017   14
    4018   14
    4019   14
    4020   14
    4021   14
    4022   14
    4023   13
    4024   13
    4025   13
    4026   13
    4027   13
    4028   13
    4029   13
    4030   13
    4031   13
    4032   13
    4033   13
    4034   13
    4035   13
    4036   13
    4037   13
    4038   13
    4039   13
    4040   13
    4041   13
    4042   13
    4043   13
    4044   13
    4045   13
    4046   13
    4047   13
    4048   13
    4049   13
    4050   14
    4051   14
    4052   14
    4053   13
    4054   13
    4055   13
    4056   13
    4057   13
    4058   13
    4059   13
    4060   13
    4061   13
    4062   13
    4063   13
    4064   13
    4065   13
    4066   13
    4067   13
    4068   13
    4069   13
    4070   13
    4071   13
    4072   13
    4073   13
    4074   13
    4075   13
    4076   13
    4077   13
    4078   13
    4079   13
    4080   13
    4081   13
    4082   13
    4083   13
    4084   13
    4085   13
    4086   13
    4087   13
    4088   13
    4089   13
    4090   13
    4091   13
    4092   13
    4093   13
    4094   13
    4095   13
    4096   13
    4097   13
    4098   13
    4099   13
    4100   13
    4101   13
    4102   13
    4103   13
    4104   13
    4105   13
    4106   13
    4107   13
    4108   13
    4109   13
    4110   13
    4111   13
    4112   13
    4113   13
    4114   13
    4115   13
    4116   13
    4117   13
    4118   13
    4119   13
    4120   13
    4121   13
    4122   13
    4123   13
    4124   13
    4125   13
    4126   13
    4127   13
    4128   13
    4129   13
    4130   13
    4131   13
    4132   13
    4133   13
    4134   13
    4135   13
    4136   13
    4137   13
    4138   13
    4139   13
    4140   13
    4141    8
    4142    9
    4143   13
    4144   13
    4145   13
    4146   13
    4147   13
    4148   13
    4149   13
    4150   13
    4151   13
    4152   13
    4153   13
    4154   13
    4155   13
    4156   13
    4157   13
    4158   13
    4159   13
    4160   13
    4161   13
    4162   13
    4163   13
    4164   13
    4165   13
    4166   13
    4167   13
    4168   13
    4169   13
    4170   13
    4171   13
    4172   13
    4173   13
    4174   13
    4175   13
    4176   13
    4177   13
    4178   13
    4179   13
    4180   13
    4181   13
    4182   14
    4183   14
    4184   14
    4185   14
    4186   14
    4187   14
    4188   14
    4189   14
    4190   14
    4191   14
    4192   14
    4193   13
    4194   13
    4195   13
    4196   13
    4197   13
    4198   13
    4199   13
    4200   13
    4201   13
    4202   13
    4203   13
    4204   14
    4205   14
    4206   14
    4207   14
    4208   14
    4209   14
    4210   14
    4211   14
    4212   14
    4213   14
    4214   14
    4215   14
    4216   14
    4217   14
    4218   14
    4219   14
    4220   14
    4221   14
    4222   14
    4223   14
    4224   14
    4225   14
    4226   14
    4227   14
    4228   13
    4229   13
    4230   13
    4231   13
    4232   13
    4233   13
    4234   13
    4235   13
    4236   13
    4237   13
    4238   13
    4239   13
    4240   13
    4241   13
    4242   13
    4243   14
    4244   14
    4245   14
    4246   14
    4247   14
    4248   14
    4249   14
    4250   14
    4251   14
    4252   14
    4253   14
    4254   14
    4255   14
    4256   14
    4257   14
    4258   14
    4259   14
    4260   14
    4261   14
    4262   14
    4263   14
    4264   14
    4265   14
    4266   14
    4267   14
    4268   14
    4269   14
    4270   14
    4271   14
    4272   14
    4273   14
    4274   14
    4275   14
    4276   14
    4277   14
    4278   14
    4279   14
    4280   14
    4281   14
    4282   14
    4283   14
    4284   14
    4285   14
    4286   14
    4287   14
    4288   14
    4289   14
    4290   14
    4291   14
    4292   14
    4293   14
    4294   14
    4295   14
    4296   14
    4297   14
    4298   14
    4299   14
    4300   14
    4301   14
    4302   14
    4303   14
    4304   14
    4305   14
    4306   14
    4307   14
    4308   14
    4309   14
    4310   14
    4311   14
    4312   14
    4313   14
    4314   14
    4315   14
    4316   14
    4317   14
    4318   14
    4319   14
    4320   14
    4321   14
    4322   14
    4323   14
    4324   14
    4325   14
    4326   14
    4327   14
    4328   14
    4329   14
    4330   14
    4331   14
    4332   14
    4333   14
    4334   14
    4335   14
    4336   14
    4337   14
    4338   14
    4339   14
    4340   13
    4341   13
    4342   13
    4343   13
    4344   13
    4345   13
    4346   14
    4347   14
    4348   14
    4349   14
    4350   14
    4351   14
    4352   14
    4353   14
    4354   14
    4355   14
    4356   14
    4357   14
    4358   14
    4359   14
    4360   14
    4361   14
    4362   14
    4363   14
    4364   14
    4365   14
    4366   14
    4367   14
    4368   14
    4369   14
    4370   14
    4371   14
    4372   14
    4373   14
    4374   14
    4375   14
    4376   14
    4377   14
    4378   14
    4379   14
    4380   14
    4381   14
    4382   14
    4383   14
    4384   14
    4385   14
    4386   14
    4387   14
    4388   14
    4389   14
    4390   14
    4391   14
    4392   14
    4393   14
    4394   14
    4395   14
    4396   14
    4397   14
    4398   14
    4399   14
    4400   14
    4401   14
    4402   14
    4403   14
    4404   14
    4405   14
    4406   14
    4407   14
    4408   14
    4409   14
    4410   14
    4411   14
    4412   14
    4413   14
    4414   14
    4415   14
    4416   14
    4417   14
    4418   14
    4419   14
    4420   14
    4421   14
    4422   14
    4423   13
    4424   13
    4425   13
    4426   13
    4427   13
    4428   13
    4429   13
    4430   13
    4431   13
    4432   13
    4433   13
    4434   13
    4435   13
    4436   13
    4437   13
    4438   13
    4439   13
    4440   13
    4441   13
    4442   13
    4443   13
    4444   13
    4445   13
    4446   13
    4447   13
    4448   13
    4449   13
    4450   13
    4451    9
    4452    9
    4453   11
    4454   11
    4455   11
    4456   11
    4457   11
    4458   11
    4459   11
    4460   11
    4461   11
    4462   11
    4463   12
    4464   12
    4465   12
    4466   12
    4467   12
    4468   12
    4469   10
    4470    9
    4471    8
    4472   12
    4473   12
    4474    8
    4475    8
    4476    8
    4477    8
    4478   12
    4479   12
    4480   12
    4481   12
    4482   12
    4483   12
    4484   12
    4485   12
    4486   12
    4487   12
    4488   12
    4489   12
    4490   13
    4491   13
    4492   13
    4493   13
    4494   13
    4495   13
    4496   13
    4497   13
    4498   13
    4499   13
    4500   13
    4501   13
    4502   13
    4503   13
    4504   13
    4505   13
    4506   13
    4507   13
    4508   13
    4509   13
    4510   13
    4511   13
    4512   13
    4513   13
    4514   13
    4515   13
    4516   14
    4517   14
    4518   13
    4519   13
    4520   13
    4521   14
    4522   14
    4523   14
    4524   14
    4525   14
    4526   14
    4527   13
    4528   13
    4529   13
    4530   13
    4531   13
    4532   13
    4533   13
    4534   13
    4535   13
    4536   13
    4537   13
    4538   13
    4539   13
    4540   13
    4541   13
    4542   13
    4543   13
    4544   13
    4545   14
    4546   14
    4547   14
    4548   14
    4549   14
    4550   14
    4551   13
    4552   13
    4553   13
    4554   13
    4555   13
    4556   13
    4557   13
    4558   13
    4559   13
    4560   13
    4561   13
    4562   13
    4563   13
    4564   13
    4565   13
    4566   13
    4567   13
    4568   13
    4569   13
    4570   14
    4571   10
    4572   10
    4573   10
    4574   10
    4575   10
    4576   10
    4577   10
    4578   10
    4579   10
    4580   10
    4581   12
    4582   12
    4583   12
    4584   12
    4585   12
    4586   12
    4587   12
    4588   10
    4589   10
    4590   10
    4591   10
    4592   10
    4593   10
    4594   10
    4595   10
    4596   10
    4597   10
    4598   10
    4599   10
    4600   10
    4601   10
    4602   10
    4603   10
    4604   10
    4605   10
    4606   10
    4607   10
    4608   10
    4609   10
    4610   10
    4611   10
    4612   10
    4613   10
    4614   10
    4615   10
    4616   10
    4617   10
    4618   10
    4619   10
    4620   10
    4621   10
    4622   10
    4623   10
    4624   10
    4625    8
    4626   12
    4627   12
    4628   12
    4629   12
    4630   12
    4631   12
    4632   12
    4633   10
    4634   10
    4635   10
    4636   10
    4637   10
    4638   10
    4639   10
    4640   10
    4641   10
    4642   10
    4643   10
    4644   10
    4645   10
    4646   10
    4647   10
    4648   10
    4649    9
    4650   11
    4651   11
    4652   11
    4653   10
    4654   10
    4655   10
    4656   10
    4657   10
    4658   10
    4659   10
    4660   10
    4661   10
    4662   10
    4663   10
    4664   10
    4665   10
    4666   10
    4667   10
    4668   10
    4669   10
    4670   10
    4671   10
    4672   12
    4673   12
    4674   12
    4675   12
    4676   12
    4677   12
    4678   12
    4679   12
    4680   10
    4681   10
    4682   11
    4683   11
    4684    9
    4685    2
    4686    2
    4687    1
    4688    1
    4689    1
    4690    1
    4691    1
    4692    1
    4693    1
    4694    1
    4695    1
    4696    1
    4697    1
    4698    1
    4699    1
    4700    1
    4701    1
    4702    1
    4703    1
    4704    1
    4705    1
    4706    1
    4707    3
    4708    5
    4709    6
    4710    8
    4711   12
    4712   12
    4713   12
    4714   10
    4715   10
    4716   10
    4717   10
    4718   10
    4719   10
    4720   10
    4721    9
    4722   11
    4723   11
    4724   11
    4725   11
    4726   11
    4727   11
    4728   11
    4729   11
    4730    9
    4731   12
    4732    1
    4733    1
    4734    3
    4735    6
    4736    6
    4737    5
    4738    1
    4739    1
    4740    1
    4741    1
    4742    1
    4743   12
    4744   12
    4745   12
    4746   12
    4747   12
    4748    8
    4749    9
    4750    6
    4751    5
    4752    4
    4753    4
    4754    5
    4755    4
    4756    4
    4757    4
    4758    4
    4759    4
    4760    4
    4761    4
    4762    4
    4763    4
    4764    4
    4765    1
    4766    1
    4767    1
    4768    1
    4769    1
    4770   12
    4771   11
    4772   11
    4773   11
    4774   11
    4775   11
    4776   11
    4777   11
    4778   11
    4779   11
    4780   11
    4781   11
    4782   11
    4783   11
    4784   11
    4785   11
    4786   11
    4787   11
    4788   11
    4789   11
    4790   11
    4791   11
    4792   11
    4793   11
    4794   11
    4795   11
    4796   11
    4797   11
    4798   11
    4799   11
    4800   11
    4801   11
    4802   11
    4803   11
    4804   11
    4805   11
    4806   11
    4807   11
    4808   11
    4809   11
    4810   11
    4811   11
    4812   11
    4813   11
    4814   11
    4815   11
    4816   11
    4817   11
    4818   11
    4819   11
    4820   11
    4821   11
    4822   11
    4823   11
    4824   11
    4825   11
    4826   10
    4827   10
    4828   10
    4829   10
    4830   10
    4831   10
    4832   10
    4833   10
    4834   10
    4835   10
    4836   10
    4837   10
    4838   10
    4839   10
    4840   10
    4841   10
    4842   10
    4843   10
    4844   10
    4845   10
    4846   10
    4847   11
    4848   11
    4849   11
    4850   11
    4851   11
    4852   11
    4853   11
    4854   11
    4855   11
    4856   11
    4857   11
    4858   11
    4859   11
    4860   11
    4861   11
    4862   11
    4863   11
    4864   10
    4865   10
    4866   10
    4867   11
    4868   11
    4869   11
    4870   10
    4871   12
    4872   12
    4873   12
    4874   12
    4875   12
    4876   12
    4877   12
    4878   12
    4879    1
    4880    1
    4881    1
    4882    1
    4883    1
    4884    1
    4885    1
    4886    1
    4887    1
    4888    1
    4889    3
    4890    3
    4891    3
    4892    3
    4893    3
    4894    3
    4895    3
    4896    3
    4897    4
    4898    4
    4899    6
    4900   12
    4901   12
    4902   12
    4903   12
    4904   12
    4905   10
    4906   10
    4907   10
    4908   11
    4909    9
    4910    9
    4911   11
    4912   10
    4913   10
    4914   10
    4915   10
    4916   10
    4917   10
    4918   10
    4919   10
    4920   12
    4921   12
    4922   12
    4923   12
    4924    8
    4925   12
    4926    1
    4927    1
    4928    1
    4929    1
    4930    1
    4931    1
    4932    1
    4933    4
    4934    5
    4935    6
    4936    3
    4937    3
    4938    3
    4939    3
    4940    6
    4941   10
    4942   10
    4943   10
    4944   10
    4945   10
    4946   10
    4947   10
    4948   10
    4949   10
    4950   10
    4951   10
    4952   10
    4953   10
    4954   11
    4955   11
    4956   11
    4957   11
    4958   11
    4959   11
    4960   10
    4961   10
    4962   10
    4963   10
    4964   10
    4965   10
    4966   10
    4967   10
    4968   10
    4969   11
    4970   11
    4971   11
    4972   10
    4973   10
    4974   10
    4975   10
    4976   10
    4977   10
    4978   10
    4979   10
    4980   10
    4981   10
    4982   10
    4983   10
    4984   10
    4985   11
    4986   11
    4987   11
    4988   11
    4989   11
    4990   11
    4991   11
    4992   10
    4993   10
    4994   10
    4995   10
    4996   10
    4997   10
    4998   10
    4999   10
    5000   10
