       1   13
       2   13
       3   13
       4   13
       5   13
       6   13
       7   13
       8   13
       9   13
      10   13
      11   13
      12   13
      13   13
      14   13
      15   13
      16   13
      17   13
      18   13
      19   13
      20   13
      21   13
      22   13
      23   13
      24   13
      25   13
      26   13
      27   13
      28   13
      29   13
      30   13
      31   13
      32   13
      33   13
      34   13
      35   13
      36   13
      37   13
      38   13
      39   13
      40   13
      41   13
      42   13
      43   13
      44   13
      45   13
      46   13
      47   13
      48   13
      49   13
      50   13
      51   13
      52   13
      53   10
      54   10
      55   13
      56   13
      57   13
      58   13
      59   13
      60   13
      61   13
      62   13
      63   13
      64   13
      65   13
      66   13
      67   13
      68   13
      69   13
      70   13
      71   13
      72   13
      73   13
      74   13
      75   13
      76   13
      77   13
      78   13
      79   13
      80   13
      81   13
      82   13
      83   13
      84   13
      85   10
      86   10
      87   10
      88   10
      89   10
      90   10
      91   10
      92   13
      93   13
      94   13
      95   13
      96   13
      97   13
      98   13
      99   13
     100   13
     101   13
     102   13
     103   13
     104   13
     105   13
     106   13
     107   10
     108   10
     109   10
     110   10
     111   10
     112   10
     113   12
     114   12
     115   12
     116    8
     117    8
     118    8
     119    8
     120    8
     121    7
     122    6
     123    3
     124    3
     125    6
     126    4
     127    4
     128    4
     129    4
     130    6
     131    4
     132    4
     133    4
     134    4
     135    4
     136    4
     137    4
     138    4
     139    3
     140    1
     141    1
     142   12
     143   12
     144   12
     145    1
     146    1
     147    1
     148    1
     149    1
     150    1
     151    1
     152    1
     153    1
     154    1
     155    1
     156    1
     157    1
     158    1
     159    1
     160    1
     161    1
     162    1
     163    1
     164    1
     165    1
     166   12
     167   12
     168   12
     169   12
     170   12
     171   12
     172    9
     173   10
     174   10
     175   10
     176   10
     177   10
     178   10
     179   10
     180   10
     181   10
     182   10
     183   10
     184   10
     185   10
     186   10
     187   10
     188   10
     189   10
     190   10
     191   10
     192   10
     193   10
     194   10
     195   10
     196   10
     197   10
     198   10
     199   10
     200   10
     201   10
     202   10
     203   10
     204   10
     205   10
     206   10
     207   10
     208   10
     209   10
     210   10
     211   10
     212   10
     213   10
     214   10
     215   10
     216   10
     217   10
     218   10
     219   10
     220   12
     221   12
     222    8
     223    5
     224    6
     225    5
     226    3
     227    3
     228    3
     229    3
     230    3
     231    5
     232    4
     233    4
     234    4
     235    4
     236    4
     237    4
     238    4
     239    4
     240    4
     241    1
     242    1
     243    1
     244    1
     245    1
     246    1
     247    1
     248    1
     249    1
     250    1
     251    1
     252    1
     253    1
     254    1
     255    1
     256    1
     257    1
     258    1
     259    1
     260   12
     261   12
     262   12
     263    1
     264    1
     265    1
     266    1
     267    1
     268    1
     269    1
     270    3
     271    3
     272    3
     273    3
     274    3
     275    3
     276    6
     277    6
     278   12
     279   12
     280   12
     281   12
     282   12
     283   12
     284   12
     285   12
     286   12
     287   12
     288   12
     289   12
     290   12
     291   12
     292   12
     293    9
     294   12
     295   12
     296   12
     297   12
     298   12
     299   12
     300    8
     301    8
     302   12
     303    9
     304   10
     305   10
     306   10
     307   10
     308   10
     309   12
     310   12
     311   12
     312   12
     313   12
     314   12
     315   12
     316   12
     317   12
     318    1
     319    1
     320    1
     321    1
     322    3
     323    3
     324    3
     325    3
     326    3
     327    3
     328    3
     329    3
     330    3
     331    5
     332    6
     333   12
     334   10
     335   10
     336   10
     337   10
     338   10
     339   12
     340   12
     341   12
     342   12
     343   12
     344   12
     345   12
     346   12
     347    8
     348   12
     349    8
     350    8
     351    5
     352    6
     353    6
     354    4
     355    6
     356    6
     357    5
     358   12
     359    8
     360    8
     361    8
     362   12
     363   12
     364    7
     365    8
     366   12
     367    8
     368    8
     369    8
     370    8
     371    8
     372    8
     373    7
     374    8
     375    6
     376    5
     377    6
     378   14
     379   14
     380   14
     381    8
     382    5
     383    6
     384    8
     385    8
     386    8
     387   12
     388    8
     389    8
     390    8
     391    8
     392   12
     393    8
     394    7
     395    8
     396    8
     397   12
     398   12
     399   12
     400   12
     401   12
     402   12
     403   12
     404   12
     405   12
     406   12
     407   12
     408   12
     409   12
     410    8
     411    7
     412    8
     413   12
     414    8
     415   12
     416   12
     417   12
     418   12
     419   12
     420   12
     421   12
     422   12
     423   12
     424   12
     425   12
     426   12
     427   12
     428   12
     429   12
     430   12
     431   12
     432    8
     433    8
     434    8
     435    8
     436    8
     437    8
     438    8
     439    8
     440    8
     441    8
     442   12
     443    9
     444   11
     445   10
     446   10
     447   10
     448   13
     449   14
     450   14
     451   13
     452   13
     453   13
     454   13
     455   13
     456   13
     457   13
     458   13
     459   10
     460   12
     461   12
     462    8
     463    8
     464   12
     465    8
     466    8
     467   12
     468   12
     469   12
     470   10
     471   10
     472   10
     473   10
     474   10
     475    8
     476   12
     477   12
     478   12
     479   12
     480   12
     481   10
     482   10
     483   10
     484   10
     485   10
     486   10
     487   10
     488   10
     489   10
     490   10
     491   10
     492   10
     493   10
     494    9
     495   10
     496   10
     497   10
     498   10
     499   10
     500   10
     501   10
     502   12
     503   12
     504   12
     505   12
     506   12
     507   12
     508   12
     509   12
     510   12
     511   12
     512   12
     513   12
     514   12
     515   12
     516   12
     517   12
     518   12
     519   12
     520   12
     521   12
     522    8
     523    7
     524    8
     525   12
     526   10
     527   10
     528   10
     529   10
     530   10
     531   10
     532   10
     533   10
     534   10
     535   10
     536   10
     537   10
     538   10
     539   10
     540   12
     541   12
     542   12
     543   12
     544   12
     545   12
     546   12
     547   12
     548    8
     549   12
     550   12
     551   13
     552   10
     553   13
     554   13
     555   13
     556   13
     557   13
     558   13
     559   13
     560   13
     561   13
     562   13
     563   13
     564   13
     565   13
     566   13
     567   13
     568   13
     569   13
     570   13
     571   13
     572   13
     573   13
     574   13
     575   13
     576   13
     577   13
     578   13
     579   13
     580   13
     581   14
     582   14
     583   14
     584   14
     585   14
     586   11
     587   11
     588   11
     589   11
     590   11
     591   10
     592   10
     593   10
     594   10
     595   10
     596   10
     597   12
     598   12
     599   12
     600   12
     601   12
     602   12
     603   12
     604   12
     605   12
     606   12
     607   12
     608   12
     609    7
     610   12
     611    1
     612    1
     613    1
     614    1
     615    1
     616    1
     617    1
     618    3
     619    6
     620    7
     621   12
     622    9
     623   12
     624   12
     625   11
     626    9
     627   11
     628   11
     629   11
     630    9
     631   11
     632    9
     633    9
     634    2
     635    2
     636    2
     637    2
     638    2
     639    2
     640    2
     641    6
     642    6
     643    9
     644    9
     645   11
     646   11
     647   11
     648    9
     649    7
     650    8
     651    8
     652    8
     653    9
     654   11
     655    9
     656   11
     657   11
     658   11
     659    9
     660    9
     661   11
     662   11
     663   11
     664   11
     665   11
     666   11
     667    9
     668    9
     669   11
     670   11
     671    9
     672    2
     673    2
     674    2
     675    9
     676   11
     677    2
     678   11
     679    9
     680   11
     681   11
     682    9
     683    9
     684    9
     685   11
     686    9
     687    1
     688    1
     689    1
     690    1
     691    1
     692    1
     693    1
     694    1
     695    1
     696    1
     697    1
     698    3
     699    6
     700    9
     701   11
     702   11
     703    9
     704   12
     705   12
     706   12
     707    1
     708    1
     709    1
     710    6
     711    8
     712   10
     713   10
     714   10
     715   10
     716   10
     717   10
     718   10
     719   10
     720   10
     721   10
     722   10
     723   13
     724   13
     725   13
     726   13
     727   13
     728   13
     729   13
     730   13
     731   13
     732   13
     733   13
     734   13
     735   13
     736   13
     737   10
     738   10
     739   10
     740   10
     741   10
     742   10
     743   10
     744   10
     745   12
     746   12
     747   12
     748    7
     749    7
     750    7
     751   12
     752   12
     753   12
     754   12
     755   12
     756   10
     757   10
     758   10
     759   10
     760   10
     761   10
     762   10
     763   10
     764   10
     765   10
     766   10
     767   10
     768   10
     769   10
     770   10
     771   10
     772   10
     773   10
     774   10
     775   10
     776   10
     777   10
     778   10
     779   10
     780   10
     781   10
     782   10
     783   10
     784   10
     785   10
     786   10
     787   10
     788   10
     789   10
     790   10
     791   10
     792   10
     793   10
     794   10
     795   10
     796   10
     797   10
     798   10
     799   10
     800   10
     801   10
     802   10
     803   10
     804   10
     805   10
     806   10
     807   12
     808   12
     809    1
     810    3
     811    3
     812    3
     813    3
     814    5
     815    6
     816    3
     817    3
     818    3
     819    3
     820    5
     821    6
     822    9
     823   10
     824   10
     825   10
     826   10
     827   10
     828   10
     829   10
     830   10
     831   12
     832    1
     833    1
     834    1
     835    1
     836    6
     837    8
     838    8
     839    8
     840    9
     841    9
     842    9
     843   11
     844    2
     845    2
     846    2
     847    2
     848    5
     849    6
     850    1
     851    6
     852    9
     853   11
     854    9
     855    9
     856    9
     857   11
     858   11
     859    9
     860    9
     861    2
     862    2
     863    5
     864    2
     865    2
     866    2
     867    5
     868    3
     869    5
     870    6
     871   10
     872    9
     873    9
     874    9
     875   11
     876   11
     877    9
     878    6
     879    2
     880    5
     881    3
     882    6
     883    2
     884    2
     885    2
     886    2
     887    2
     888    3
     889    5
     890    6
     891    7
     892    7
     893   11
     894   11
     895   11
     896    9
     897    9
     898    2
     899    2
     900    6
     901    9
     902   10
     903    8
     904    6
     905    6
     906   12
     907   12
     908   12
     909   12
     910   10
     911   10
     912   10
     913   10
     914   10
     915   10
     916    9
     917   10
     918   10
     919   10
     920   10
     921   10
     922   10
     923   10
     924   10
     925    9
     926   10
     927   10
     928    8
     929    8
     930    7
     931    6
     932    6
     933    2
     934    9
     935    9
     936   11
     937    9
     938    9
     939    9
     940    8
     941    8
     942   10
     943    6
     944    2
     945    9
     946    9
     947    9
     948    6
     949    1
     950    7
     951    8
     952    6
     953    3
     954    4
     955    4
     956    4
     957    4
     958    4
     959    4
     960    4
     961    4
     962    4
     963    5
     964    4
     965    4
     966    4
     967    4
     968    4
     969    4
     970    4
     971    1
     972    1
     973    3
     974    1
     975    3
     976    1
     977    1
     978    1
     979    1
     980    1
     981    1
     982    1
     983    1
     984    1
     985   11
     986    9
     987    9
     988    9
     989    9
     990    2
     991    2
     992    6
     993    3
     994    5
     995    5
     996    2
     997   12
     998   12
     999    8
    1000    8
    1001    8
    1002    8
    1003    7
    1004   12
    1005    2
    1006    2
    1007    6
    1008    8
    1009   10
    1010   10
    1011    9
    1012   11
    1013    9
    1014   11
    1015   11
    1016   11
    1017   11
    1018   11
    1019   11
    1020    9
    1021   10
    1022    8
    1023   12
    1024   12
    1025    7
    1026    8
    1027    6
    1028    5
    1029    3
    1030    3
    1031    1
    1032   12
    1033   12
    1034    9
    1035   11
    1036   12
    1037    2
    1038    2
    1039    2
    1040    3
    1041    3
    1042    3
    1043    5
    1044    6
    1045    8
    1046    8
    1047    6
    1048   11
    1049   11
    1050   11
    1051   11
    1052    9
    1053   11
    1054   11
    1055    9
    1056    9
    1057   11
    1058   11
    1059   11
    1060   11
    1061   11
    1062   11
    1063   11
    1064   11
    1065   11
    1066   11
    1067    9
    1068   11
    1069   11
    1070   11
    1071    9
    1072    9
    1073    9
    1074    9
    1075    7
    1076    1
    1077    1
    1078    1
    1079    1
    1080    3
    1081    3
    1082    3
    1083    6
    1084    8
    1085    8
    1086   11
    1087   11
    1088    9
    1089    9
    1090    9
    1091   11
    1092   11
    1093    9
    1094    8
    1095    6
    1096    5
    1097    1
    1098    1
    1099    6
    1100    6
    1101    6
    1102    3
    1103    1
    1104    1
    1105    1
    1106    1
    1107    3
    1108    3
    1109    4
    1110    4
    1111    5
    1112    6
    1113    1
    1114    1
    1115    1
    1116    7
    1117    1
    1118    1
    1119    1
    1120    1
    1121    1
    1122    1
    1123    1
    1124    1
    1125    1
    1126    5
    1127    5
    1128    5
    1129    5
    1130    5
    1131    5
    1132    8
    1133    7
    1134    8
    1135    6
    1136   12
    1137   12
    1138   12
    1139   12
    1140   12
    1141   12
    1142   12
    1143   12
    1144   12
    1145   12
    1146   12
    1147   12
    1148   12
    1149    9
    1150   12
    1151   12
    1152   12
    1153   12
    1154   12
    1155   12
    1156    7
    1157    8
    1158    7
    1159    6
    1160    3
    1161    3
    1162    3
    1163    3
    1164    3
    1165    3
    1166    3
    1167    3
    1168    3
    1169    1
    1170    1
    1171    1
    1172    1
    1173    1
    1174    1
    1175   12
    1176   12
    1177   12
    1178   12
    1179    6
    1180    6
    1181    5
    1182    5
    1183    5
    1184    6
    1185    5
    1186    5
    1187    5
    1188    5
    1189    5
    1190    3
    1191    3
    1192    5
    1193    5
    1194    4
    1195    4
    1196    4
    1197    4
    1198    4
    1199    4
    1200    4
    1201    3
    1202    3
    1203    3
    1204    3
    1205    3
    1206    3
    1207    3
    1208    3
    1209    3
    1210    3
    1211    3
    1212    3
    1213    3
    1214    1
    1215    1
    1216    1
    1217    1
    1218    1
    1219    1
    1220    1
    1221    1
    1222    1
    1223    1
    1224    1
    1225    1
    1226    1
    1227    1
    1228    1
    1229   12
    1230   12
    1231    6
    1232    4
    1233    4
    1234    3
    1235    3
    1236    5
    1237    3
    1238    1
    1239    1
    1240    1
    1241    1
    1242    1
    1243    8
    1244   12
    1245   12
    1246   12
    1247   12
    1248   10
    1249   10
    1250   10
    1251   12
    1252   12
    1253   12
    1254   12
    1255   12
    1256   12
    1257   12
    1258   10
    1259   10
    1260   10
    1261   10
    1262   10
    1263    6
    1264    6
    1265    7
    1266    8
    1267   12
    1268   12
    1269   12
    1270   12
    1271   12
    1272   12
    1273    8
    1274    7
    1275    7
    1276    1
    1277    1
    1278    1
    1279    1
    1280    3
    1281    3
    1282    3
    1283    6
    1284    7
    1285    8
    1286    8
    1287   12
    1288    6
    1289    1
    1290    1
    1291    1
    1292    1
    1293    1
    1294    4
    1295    6
    1296    1
    1297    1
    1298    1
    1299    1
    1300    1
    1301    1
    1302    1
    1303    3
    1304    1
    1305    1
    1306    3
    1307    3
    1308    4
    1309    4
    1310    4
    1311    4
    1312    5
    1313    6
    1314   12
    1315    9
    1316    9
    1317   11
    1318    9
    1319    9
    1320   12
    1321   12
    1322    7
    1323   12
    1324   12
    1325   12
    1326    6
    1327    2
    1328    5
    1329    1
    1330   12
    1331   12
    1332    7
    1333   12
    1334   10
    1335   10
    1336   10
    1337   10
    1338   10
    1339   10
    1340   10
    1341   10
    1342   10
    1343   10
    1344    9
    1345   11
    1346   11
    1347    9
    1348   10
    1349   10
    1350    8
    1351    7
    1352    8
    1353    7
    1354   12
    1355   12
    1356    9
    1357    9
    1358    8
    1359   10
    1360   10
    1361   10
    1362   10
    1363    9
    1364   11
    1365   11
    1366   11
    1367   11
    1368   11
    1369   11
    1370   11
    1371   11
    1372   11
    1373   11
    1374   11
    1375   11
    1376   11
    1377   10
    1378   10
    1379   10
    1380   10
    1381   10
    1382   10
    1383   10
    1384   10
    1385   10
    1386   10
    1387   10
    1388   10
    1389   10
    1390   12
    1391   12
    1392   12
    1393   12
    1394   12
    1395   12
    1396    9
    1397    9
    1398   12
    1399   12
    1400   12
    1401   12
    1402   12
    1403   12
    1404   12
    1405   12
    1406   12
    1407   12
    1408   12
    1409   12
    1410   12
    1411    8
    1412   12
    1413   12
    1414   12
    1415   12
    1416   12
    1417   12
    1418   12
    1419   12
    1420   12
    1421   12
    1422   12
    1423   12
    1424   12
    1425   12
    1426   12
    1427   12
    1428   12
    1429   12
    1430   12
    1431   12
    1432   12
    1433   12
    1434    8
    1435   12
    1436   12
    1437   12
    1438   12
    1439   12
    1440   11
    1441    9
    1442    2
    1443    2
    1444    9
    1445   11
    1446    9
    1447    6
    1448    9
    1449    9
    1450    9
    1451    9
    1452    9
    1453    8
    1454    8
    1455    8
    1456    9
    1457   11
    1458   11
    1459   11
    1460   11
    1461   11
    1462   11
    1463    9
    1464   11
    1465   11
    1466   11
    1467   11
    1468    9
    1469    6
    1470    5
    1471    3
    1472    5
    1473    5
    1474    5
    1475    1
    1476    1
    1477    2
    1478    2
    1479    2
    1480    6
    1481    6
    1482    9
    1483    9
    1484    9
    1485    9
    1486    9
    1487    9
    1488    6
    1489    6
    1490    5
    1491    6
    1492    6
    1493    5
    1494    5
    1495    6
    1496    8
    1497    8
    1498   12
    1499   12
    1500   12
    1501   12
    1502    9
    1503    9
    1504   11
    1505   11
    1506   11
    1507   11
    1508    9
    1509   11
    1510   11
    1511   11
    1512   11
    1513    9
    1514   11
    1515   11
    1516   11
    1517   11
    1518   11
    1519   11
    1520   11
    1521   11
    1522   11
    1523   11
    1524   11
    1525   11
    1526   11
    1527   11
    1528    9
    1529   11
    1530   11
    1531   11
    1532   11
    1533   11
    1534    9
    1535   11
    1536   11
    1537   11
    1538   11
    1539   11
    1540    9
    1541   11
    1542   11
    1543   11
    1544   11
    1545   11
    1546   11
    1547   11
    1548   11
    1549   11
    1550   11
    1551   11
    1552   11
    1553   11
    1554   11
    1555   11
    1556   11
    1557   11
    1558   11
    1559   11
    1560   11
    1561   11
    1562   11
    1563   11
    1564   11
    1565   11
    1566   11
    1567   11
    1568   11
    1569   10
    1570   10
    1571   10
    1572   10
    1573   10
    1574   10
    1575   10
    1576   10
    1577   10
    1578   10
    1579   10
    1580   10
    1581   11
    1582   11
    1583   11
    1584   11
    1585   11
    1586   11
    1587   11
    1588   11
    1589   11
    1590   11
    1591   11
    1592   11
    1593   11
    1594   11
    1595   11
    1596   11
    1597   11
    1598   11
    1599   11
    1600   11
    1601   11
    1602   11
    1603   11
    1604   11
    1605   11
    1606   11
    1607   11
    1608   11
    1609   11
    1610   11
    1611   11
    1612   11
    1613   11
    1614   11
    1615   11
    1616   11
    1617   11
    1618   11
    1619   11
    1620   11
    1621   11
    1622   11
    1623   11
    1624   11
    1625   11
    1626   11
    1627   11
    1628   11
    1629   11
    1630   11
    1631   11
    1632   11
    1633   11
    1634   11
    1635   11
    1636   11
    1637   11
    1638   11
    1639   11
    1640   11
    1641   11
    1642   11
    1643   11
    1644   11
    1645   11
    1646   11
    1647   11
    1648   11
    1649   10
    1650   10
    1651   10
    1652    9
    1653    9
    1654    9
    1655    7
    1656    8
    1657    5
    1658    6
    1659    6
    1660    6
    1661    7
    1662    7
    1663    6
    1664    7
    1665   12
    1666   12
    1667    6
    1668    6
    1669    6
    1670    8
    1671    8
    1672    7
    1673    7
    1674    8
    1675   12
    1676    8
    1677    7
    1678    7
    1679    7
    1680    6
    1681    5
    1682    3
    1683    3
    1684    3
    1685    3
    1686    3
    1687    6
    1688    6
    1689    6
    1690    1
    1691    5
    1692    5
    1693    5
    1694    6
    1695   12
    1696   10
    1697    9
    1698    9
    1699    6
    1700    1
    1701    1
    1702    1
    1703    1
    1704   12
    1705   12
    1706   12
    1707    8
    1708   12
    1709   12
    1710    7
    1711    8
    1712   12
    1713    7
    1714    7
    1715    6
    1716    2
    1717    9
    1718    9
    1719   11
    1720    9
    1721    9
    1722    9
    1723    9
    1724   11
    1725    9
    1726   11
    1727    9
    1728    8
    1729    6
    1730   12
    1731   12
    1732    6
    1733    2
    1734    2
    1735    2
    1736    2
    1737    6
    1738    6
    1739    5
    1740    1
    1741    1
    1742    5
    1743    6
    1744    9
    1745   11
    1746   11
    1747    9
    1748   12
    1749    8
    1750   12
    1751    8
    1752    7
    1753    7
    1754    7
    1755    5
    1756    5
    1757    3
    1758    3
    1759    3
    1760    1
    1761    1
    1762    9
    1763    9
    1764    9
    1765   11
    1766    7
    1767    6
    1768    1
    1769    6
    1770    3
    1771    3
    1772    3
    1773    3
    1774    3
    1775    2
    1776    1
    1777    6
    1778    6
    1779    6
    1780    1
    1781    1
    1782    1
    1783    1
    1784    1
    1785    1
    1786    5
    1787    5
    1788    1
    1789    1
    1790    1
    1791    1
    1792    1
    1793    1
    1794    1
    1795    1
    1796    3
    1797    5
    1798    3
    1799    3
    1800    3
    1801    3
    1802    3
    1803    6
    1804    7
    1805   12
    1806   12
    1807   12
    1808   12
    1809   12
    1810    7
    1811    1
    1812    3
    1813    6
    1814    9
    1815   10
    1816   10
    1817   10
    1818   11
    1819   11
    1820   11
    1821    1
    1822    1
    1823    1
    1824    6
    1825   10
    1826   10
    1827    9
    1828    9
    1829    9
    1830   11
    1831   10
    1832   10
    1833   10
    1834   10
    1835   10
    1836   10
    1837   10
    1838    7
    1839    8
    1840    8
    1841   10
    1842   10
    1843    7
    1844    8
    1845   10
    1846   10
    1847   10
    1848   10
    1849   10
    1850   10
    1851   10
    1852   10
    1853   10
    1854   10
    1855   10
    1856   10
    1857   10
    1858   10
    1859   10
    1860   10
    1861   10
    1862   10
    1863   11
    1864   11
    1865   11
    1866   11
    1867   11
    1868   11
    1869   11
    1870   11
    1871    9
    1872   11
    1873    9
    1874    9
    1875   11
    1876    9
    1877    9
    1878    9
    1879    9
    1880    9
    1881    9
    1882    9
    1883   11
    1884   11
    1885    9
    1886   11
    1887   11
    1888   11
    1889   11
    1890   11
    1891   11
    1892   11
    1893   11
    1894   11
    1895    9
    1896   11
    1897   11
    1898   11
    1899   11
    1900   11
    1901   11
    1902   11
    1903   11
    1904    9
    1905    9
    1906    9
    1907   11
    1908   11
    1909    9
    1910    9
    1911   11
    1912   11
    1913    9
    1914    2
    1915    2
    1916    6
    1917    9
    1918   11
    1919   11
    1920   11
    1921    9
    1922    9
    1923   10
    1924   12
    1925   12
    1926    1
    1927    1
    1928    1
    1929    1
    1930    1
    1931    1
    1932    1
    1933    3
    1934    6
    1935    6
    1936    5
    1937    6
    1938    6
    1939    7
    1940    8
    1941    8
    1942   12
    1943    6
    1944    6
    1945    4
    1946    5
    1947    1
    1948    1
    1949    5
    1950    6
    1951   11
    1952    9
    1953   11
    1954    9
    1955    9
    1956   11
    1957   11
    1958   11
    1959   11
    1960   11
    1961   11
    1962    9
    1963   11
    1964    9
    1965   11
    1966   11
    1967   11
    1968   10
    1969   10
    1970   10
    1971   10
    1972   10
    1973   10
    1974   10
    1975   10
    1976   10
    1977   10
    1978   10
    1979   10
    1980   10
    1981   10
    1982   10
    1983   10
    1984   10
    1985   10
    1986   11
    1987   11
    1988   11
    1989   11
    1990   11
    1991   11
    1992   11
    1993   11
    1994   11
    1995   11
    1996    9
    1997   11
    1998   11
    1999   11
    2000   11
    2001   11
    2002   11
    2003   11
    2004   10
    2005   10
    2006   10
    2007   10
    2008   10
    2009   10
    2010   10
    2011   10
    2012   10
    2013   10
    2014   10
    2015   10
    2016   10
    2017   13
    2018   13
    2019   13
    2020   13
    2021   13
    2022   13
    2023   13
    2024   13
    2025   13
    2026   13
    2027   13
    2028   13
    2029   13
    2030   13
    2031   13
    2032   13
    2033   13
    2034   13
    2035   13
    2036   13
    2037   13
    2038   13
    2039   13
    2040   13
    2041   13
    2042   13
    2043   13
    2044   13
    2045   13
    2046   13
    2047   13
    2048   13
    2049   13
    2050   10
    2051   10
    2052   10
    2053   10
    2054   10
    2055   10
    2056   10
    2057   10
    2058   10
    2059   10
    2060   10
    2061   10
    2062   10
    2063   10
    2064   10
    2065   10
    2066   10
    2067   10
    2068   10
    2069   10
    2070   10
    2071   10
    2072   10
    2073   10
    2074   10
    2075   10
    2076   10
    2077   10
    2078   10
    2079   10
    2080   10
    2081   10
    2082   10
    2083   10
    2084   10
    2085   10
    2086   10
    2087   10
    2088   10
    2089   10
    2090   10
    2091   10
    2092   13
    2093   13
    2094   13
    2095   13
    2096   13
    2097   13
    2098   13
    2099   13
    2100   13
    2101   13
    2102   13
    2103   13
    2104   13
    2105   13
    2106   13
    2107   13
    2108   13
    2109   13
    2110   13
    2111   13
    2112   13
    2113   13
    2114   13
    2115   13
    2116   13
    2117   13
    2118   13
    2119   13
    2120   13
    2121   13
    2122   13
    2123   13
    2124   13
    2125   13
    2126   13
    2127   13
    2128   13
    2129   13
    2130   13
    2131   13
    2132   13
    2133   13
    2134   13
    2135   13
    2136   13
    2137   13
    2138   13
    2139   13
    2140   13
    2141   13
    2142   13
    2143   13
    2144   13
    2145   13
    2146   13
    2147   13
    2148   13
    2149   13
    2150   13
    2151   13
    2152   13
    2153   13
    2154   13
    2155   13
    2156   13
    2157   13
    2158   13
    2159   13
    2160   13
    2161    9
    2162   12
    2163   12
    2164   12
    2165   12
    2166   12
    2167   12
    2168   12
    2169   12
    2170   12
    2171   12
    2172   12
    2173   12
    2174   12
    2175   12
    2176   12
    2177   12
    2178    7
    2179    8
    2180   12
    2181   12
    2182   12
    2183   12
    2184   12
    2185   12
    2186   12
    2187   12
    2188   12
    2189   12
    2190   12
    2191   12
    2192   12
    2193   12
    2194   12
    2195   12
    2196   12
    2197   12
    2198   12
    2199   12
    2200   12
    2201   12
    2202   12
    2203   10
    2204   10
    2205   10
    2206   10
    2207   10
    2208   11
    2209   11
    2210   11
    2211   11
    2212   10
    2213   10
    2214   10
    2215    6
    2216   12
    2217   12
    2218    9
    2219    9
    2220    9
    2221    9
    2222    6
    2223    5
    2224    6
    2225   12
    2226    9
    2227    9
    2228    2
    2229    2
    2230    2
    2231    2
    2232    2
    2233    3
    2234    1
    2235    1
    2236    1
    2237    1
    2238    3
    2239    3
    2240    3
    2241    5
    2242    6
    2243    5
    2244    6
    2245    6
    2246   11
    2247    9
    2248    9
    2249   10
    2250   10
    2251   10
    2252   10
    2253   10
    2254   10
    2255    8
    2256    8
    2257   12
    2258    8
    2259    1
    2260    5
    2261    3
    2262    3
    2263    5
    2264    6
    2265    9
    2266    7
    2267   12
    2268   12
    2269   12
    2270    8
    2271    9
    2272    6
    2273    6
    2274    5
    2275    3
    2276    1
    2277    5
    2278    6
    2279    5
    2280    6
    2281    7
    2282    7
    2283    5
    2284    1
    2285    1
    2286    5
    2287    6
    2288    8
    2289   12
    2290   12
    2291   12
    2292   12
    2293    8
    2294    6
    2295    6
    2296    5
    2297    3
    2298    3
    2299    6
    2300    5
    2301    5
    2302    6
    2303    7
    2304    6
    2305    1
    2306    1
    2307    1
    2308    1
    2309    6
    2310    6
    2311    5
    2312    1
    2313    1
    2314    1
    2315    3
    2316    6
    2317    8
    2318   12
    2319   12
    2320    1
    2321    1
    2322    5
    2323    6
    2324    6
    2325    5
    2326    2
    2327    2
    2328    2
    2329    5
    2330    6
    2331    8
    2332    6
    2333    1
    2334    1
    2335    3
    2336    5
    2337    3
    2338    6
    2339    7
    2340    1
    2341    6
    2342    6
    2343    1
    2344    1
    2345    6
    2346    1
    2347    1
    2348    1
    2349    1
    2350    6
    2351    6
    2352    8
    2353    8
    2354    7
    2355    8
    2356    9
    2357   12
    2358    8
    2359    8
    2360    8
    2361   12
    2362    1
    2363    1
    2364    1
    2365    3
    2366    4
    2367    4
    2368    6
    2369    9
    2370    8
    2371    7
    2372    6
    2373    3
    2374    5
    2375    4
    2376    6
    2377   12
    2378    9
    2379   11
    2380   11
    2381    8
    2382    8
    2383    7
    2384    8
    2385   12
    2386   12
    2387   12
    2388   12
    2389   12
    2390   12
    2391    7
    2392    8
    2393   12
    2394   12
    2395   12
    2396    2
    2397    2
    2398    2
    2399    2
    2400    2
    2401    2
    2402    3
    2403    5
    2404    6
    2405    6
    2406    6
    2407    6
    2408    7
    2409   12
    2410   12
    2411    1
    2412    3
    2413    5
    2414    5
    2415    6
    2416    6
    2417   12
    2418   12
    2419   12
    2420   12
    2421    3
    2422    5
    2423    6
    2424    1
    2425    1
    2426    1
    2427    1
    2428    5
    2429    6
    2430    7
    2431    8
    2432    8
    2433   10
    2434   12
    2435   12
    2436   12
    2437   12
    2438   12
    2439    9
    2440   10
    2441   10
    2442   10
    2443   10
    2444   10
    2445   10
    2446    8
    2447   12
    2448   12
    2449   12
    2450   12
    2451   12
    2452   12
    2453   12
    2454    8
    2455   12
    2456   12
    2457   12
    2458   10
    2459   11
    2460   11
    2461   11
    2462   11
    2463   11
    2464   11
    2465    9
    2466   11
    2467    7
    2468   11
    2469   11
    2470    9
    2471   10
    2472   10
    2473   10
    2474   10
    2475   11
    2476   11
    2477    8
    2478    2
    2479    6
    2480    9
    2481    9
    2482    9
    2483   12
    2484   12
    2485    8
    2486   12
    2487   12
    2488    7
    2489   12
    2490    1
    2491    1
    2492    2
    2493    2
    2494    6
    2495    8
    2496    6
    2497    5
    2498    5
    2499    6
    2500    6
    2501    6
    2502   10
    2503    8
    2504    6
    2505    5
    2506    6
    2507    5
    2508    6
    2509    5
    2510    2
    2511    2
    2512    2
    2513    2
    2514    2
    2515    2
    2516    2
    2517    2
    2518    2
    2519    2
    2520    2
    2521    9
    2522    9
    2523    9
    2524    6
    2525    6
    2526    9
    2527    9
    2528   12
    2529    1
    2530    1
    2531    1
    2532    1
    2533    1
    2534    5
    2535    1
    2536    1
    2537    1
    2538    1
    2539    1
    2540    1
    2541   12
    2542   12
    2543   12
    2544   12
    2545   12
    2546   12
    2547   12
    2548   12
    2549   12
    2550   12
    2551    1
    2552    7
    2553    8
    2554    1
    2555    1
    2556    1
    2557    1
    2558    1
    2559    1
    2560    3
    2561    3
    2562    3
    2563    3
    2564    6
    2565    6
    2566    8
    2567   12
    2568    7
    2569    6
    2570    6
    2571    9
    2572    9
    2573    9
    2574    9
    2575    9
    2576    6
    2577    3
    2578    3
    2579    1
    2580    1
    2581    3
    2582    6
    2583    6
    2584    2
    2585    1
    2586    3
    2587    5
    2588    6
    2589    8
    2590   12
    2591   12
    2592   12
    2593    7
    2594    6
    2595    5
    2596    7
    2597    6
    2598    1
    2599    6
    2600    9
    2601    9
    2602    9
    2603    9
    2604    2
    2605    9
    2606   11
    2607   11
    2608   10
    2609   10
    2610   10
    2611   10
    2612   10
    2613   10
    2614   10
    2615   10
    2616   10
    2617    6
    2618    1
    2619    1
    2620    1
    2621    1
    2622    1
    2623    9
    2624    9
    2625    9
    2626    9
    2627    6
    2628    5
    2629    6
    2630    5
    2631    6
    2632    5
    2633    6
    2634    1
    2635    6
    2636    1
    2637    1
    2638    1
    2639    1
    2640    1
    2641    5
    2642    5
    2643    3
    2644    3
    2645    3
    2646    5
    2647    6
    2648    6
    2649    9
    2650   11
    2651    9
    2652   11
    2653    9
    2654   11
    2655   11
    2656    9
    2657    9
    2658    9
    2659    9
    2660   10
    2661   10
    2662   10
    2663   10
    2664   10
    2665    7
    2666    7
    2667    7
    2668   12
    2669   12
    2670   12
    2671    8
    2672   13
    2673   13
    2674   13
    2675   13
    2676   13
    2677   13
    2678   13
    2679   13
    2680   13
    2681   13
    2682   13
    2683   13
    2684   13
    2685   13
    2686   13
    2687   13
    2688   13
    2689   13
    2690   13
    2691   13
    2692   13
    2693   13
    2694   13
    2695   13
    2696   13
    2697   13
    2698   13
    2699   13
    2700   13
    2701   13
    2702   13
    2703   13
    2704   13
    2705   13
    2706   13
    2707   13
    2708   13
    2709   13
    2710   10
    2711   10
    2712   10
    2713   10
    2714   10
    2715   10
    2716   10
    2717   10
    2718   10
    2719   10
    2720   10
    2721   10
    2722   12
    2723    8
    2724    8
    2725   10
    2726   10
    2727   10
    2728   13
    2729   13
    2730   13
    2731   13
    2732   13
    2733   13
    2734   13
    2735   13
    2736   13
    2737   13
    2738   13
    2739   13
    2740   13
    2741   13
    2742   13
    2743   13
    2744   13
    2745   13
    2746   13
    2747   13
    2748   13
    2749   10
    2750   10
    2751   10
    2752   13
    2753   12
    2754   12
    2755   12
    2756   12
    2757   12
    2758   12
    2759   12
    2760   12
    2761   12
    2762   10
    2763    8
    2764   12
    2765   12
    2766   12
    2767   12
    2768   13
    2769   13
    2770   13
    2771   13
    2772   13
    2773   13
    2774   13
    2775   13
    2776   13
    2777   13
    2778   13
    2779   13
    2780   13
    2781   13
    2782   13
    2783   13
    2784   13
    2785   13
    2786   13
    2787   13
    2788   13
    2789   13
    2790   13
    2791   13
    2792   13
    2793   13
    2794   10
    2795   10
    2796   10
    2797   10
    2798   10
    2799   10
    2800   10
    2801   10
    2802   13
    2803   13
    2804   13
    2805   13
    2806   13
    2807   13
    2808   13
    2809   13
    2810   13
    2811   13
    2812   13
    2813   13
    2814   13
    2815   13
    2816   13
    2817   13
    2818   13
    2819   13
    2820   13
    2821   13
    2822   13
    2823   13
    2824   13
    2825   13
    2826   13
    2827   13
    2828   13
    2829   13
    2830    8
    2831    7
    2832    7
    2833   12
    2834   12
    2835   12
    2836   12
    2837   12
    2838   12
    2839   12
    2840   12
    2841   12
    2842   12
    2843   12
    2844   12
    2845   12
    2846   12
    2847   12
    2848   12
    2849   12
    2850   12
    2851   12
    2852   12
    2853    1
    2854    1
    2855    1
    2856    1
    2857    1
    2858    1
    2859    1
    2860    3
    2861    5
    2862    6
    2863    8
    2864   13
    2865   13
    2866   13
    2867   13
    2868   13
    2869   13
    2870   13
    2871   13
    2872   13
    2873   13
    2874   13
    2875   13
    2876   13
    2877   13
    2878   13
    2879   13
    2880   13
    2881   13
    2882   13
    2883   13
    2884   13
    2885   13
    2886   13
    2887   13
    2888   13
    2889   13
    2890   13
    2891   13
    2892   13
    2893   13
    2894   13
    2895   13
    2896   13
    2897   13
    2898   13
    2899   13
    2900   13
    2901   13
    2902   13
    2903   13
    2904   13
    2905   13
    2906   13
    2907   13
    2908   13
    2909   13
    2910   13
    2911   13
    2912   13
    2913   13
    2914   13
    2915   13
    2916   13
    2917   13
    2918   13
    2919   13
    2920   13
    2921   13
    2922   13
    2923   13
    2924   13
    2925   13
    2926   13
    2927   14
    2928   14
    2929   14
    2930   14
    2931   14
    2932   14
    2933   13
    2934   13
    2935   13
    2936   13
    2937   13
    2938   13
    2939   13
    2940   13
    2941   13
    2942   13
    2943   13
    2944   13
    2945   13
    2946   13
    2947   13
    2948   13
    2949   13
    2950   13
    2951   13
    2952   13
    2953   13
    2954   13
    2955   13
    2956   13
    2957   13
    2958   13
    2959   13
    2960   13
    2961   13
    2962   13
    2963   13
    2964   13
    2965   13
    2966   13
    2967   13
    2968   13
    2969   13
    2970   13
    2971   13
    2972   13
    2973   13
    2974   13
    2975   13
    2976   13
    2977   13
    2978   13
    2979   13
    2980   13
    2981   13
    2982   13
    2983   13
    2984   13
    2985   13
    2986   13
    2987   13
    2988   13
    2989   13
    2990   13
    2991   13
    2992   13
    2993   13
    2994   13
    2995   13
    2996   13
    2997    9
    2998    9
    2999   13
    3000   13
    3001   13
    3002   13
    3003   13
    3004   13
    3005   13
    3006   13
    3007   14
    3008   14
    3009   14
    3010   14
    3011   14
    3012   14
    3013   14
    3014   14
    3015   13
    3016   13
    3017   13
    3018   13
    3019   13
    3020   13
    3021   13
    3022   13
    3023   13
    3024   13
    3025   13
    3026   13
    3027   13
    3028   13
    3029   13
    3030   13
    3031   13
    3032   13
    3033   13
    3034   13
    3035   13
    3036   13
    3037   13
    3038   13
    3039    8
    3040   13
    3041   13
    3042   13
    3043   13
    3044   13
    3045   13
    3046   13
    3047   13
    3048   13
    3049   13
    3050   13
    3051   13
    3052   13
    3053   13
    3054   13
    3055   13
    3056   13
    3057   13
    3058   14
    3059   14
    3060   14
    3061   14
    3062   14
    3063   14
    3064   14
    3065   14
    3066   14
    3067   14
    3068   14
    3069   14
    3070   14
    3071   14
    3072   13
    3073   13
    3074   13
    3075   13
    3076   13
    3077   13
    3078   14
    3079   14
    3080   14
    3081   14
    3082   14
    3083   14
    3084   14
    3085   14
    3086   14
    3087   13
    3088   13
    3089   13
    3090   13
    3091   13
    3092   13
    3093   13
    3094   13
    3095   13
    3096   13
    3097   13
    3098   13
    3099   13
    3100   13
    3101   13
    3102   13
    3103   13
    3104   13
    3105   13
    3106   13
    3107   13
    3108   13
    3109   13
    3110   13
    3111   13
    3112   13
    3113   13
    3114   13
    3115   13
    3116   13
    3117   13
    3118   13
    3119   13
    3120   13
    3121   13
    3122   13
    3123   13
    3124   13
    3125   13
    3126   13
    3127   13
    3128   13
    3129   13
    3130   13
    3131   13
    3132   13
    3133   13
    3134   13
    3135   14
    3136   14
    3137   14
    3138   14
    3139   14
    3140   13
    3141   13
    3142   13
    3143   13
    3144   13
    3145   13
    3146   13
    3147   13
    3148   13
    3149   13
    3150   13
    3151   13
    3152   13
    3153   14
    3154   14
    3155   14
    3156   14
    3157   14
    3158   14
    3159   14
    3160   14
    3161   14
    3162   14
    3163   14
    3164   14
    3165   14
    3166   14
    3167   14
    3168   13
    3169   13
    3170   13
    3171   13
    3172   13
    3173   13
    3174   13
    3175   13
    3176   13
    3177   13
    3178   13
    3179   13
    3180   14
    3181   14
    3182   14
    3183   14
    3184   14
    3185   14
    3186   14
    3187   14
    3188   14
    3189   14
    3190   14
    3191   14
    3192   14
    3193   14
    3194   14
    3195   14
    3196   14
    3197   14
    3198   14
    3199   14
    3200   14
    3201   14
    3202   14
    3203   14
    3204   14
    3205   14
    3206   14
    3207   14
    3208   14
    3209   14
    3210   14
    3211   14
    3212   14
    3213   14
    3214   14
    3215   14
    3216   14
    3217   14
    3218   14
    3219   14
    3220   14
    3221   14
    3222   14
    3223   14
    3224   14
    3225   14
    3226   14
    3227   14
    3228   14
    3229   14
    3230   14
    3231   14
    3232   14
    3233   14
    3234   14
    3235   14
    3236   14
    3237   14
    3238   14
    3239   14
    3240   14
    3241   14
    3242   14
    3243   14
    3244   13
    3245   13
    3246   13
    3247   13
    3248   13
    3249   13
    3250   13
    3251   13
    3252   13
    3253   14
    3254   14
    3255   14
    3256   14
    3257   14
    3258   14
    3259   14
    3260   13
    3261   13
    3262   13
    3263   13
    3264   13
    3265   13
    3266   13
    3267   13
    3268   13
    3269   13
    3270   13
    3271   13
    3272   13
    3273   13
    3274   13
    3275   14
    3276   14
    3277   14
    3278   14
    3279   14
    3280   14
    3281   14
    3282   14
    3283   14
    3284   14
    3285   14
    3286   14
    3287   14
    3288   14
    3289   14
    3290   14
    3291   14
    3292   14
    3293   14
    3294   14
    3295   14
    3296   14
    3297   14
    3298   14
    3299   14
    3300   14
    3301   14
    3302   14
    3303   14
    3304   14
    3305   14
    3306   14
    3307   14
    3308   14
    3309   14
    3310   14
    3311   14
    3312   14
    3313   13
    3314   13
    3315   13
    3316   13
    3317   13
    3318   13
    3319   13
    3320   13
    3321   14
    3322   14
    3323   14
    3324   14
    3325   14
    3326   14
    3327   14
    3328   14
    3329   14
    3330   14
    3331   14
    3332   14
    3333   14
    3334   14
    3335   14
    3336   14
    3337   14
    3338   14
    3339   14
    3340   14
    3341   14
    3342   14
    3343   14
    3344   14
    3345   14
    3346   13
    3347   13
    3348   13
    3349   13
    3350   13
    3351   13
    3352   13
    3353   13
    3354   14
    3355   14
    3356   14
    3357   14
    3358   14
    3359   14
    3360   14
    3361   14
    3362   14
    3363   14
    3364   14
    3365   14
    3366   14
    3367   14
    3368   14
    3369   14
    3370   14
    3371   14
    3372   14
    3373   14
    3374   14
    3375   14
    3376   13
    3377   13
    3378   13
    3379   13
    3380   13
    3381   13
    3382   13
    3383   13
    3384   13
    3385   13
    3386   13
    3387   13
    3388   13
    3389   13
    3390   13
    3391   13
    3392   13
    3393   13
    3394   14
    3395   14
    3396   14
    3397   14
    3398   14
    3399   14
    3400   14
    3401   14
    3402   14
    3403   14
    3404   14
    3405   14
    3406   14
    3407   14
    3408   14
    3409   14
    3410   14
    3411   14
    3412   14
    3413   14
    3414   14
    3415   14
    3416   14
    3417   14
    3418   14
    3419   14
    3420   14
    3421   14
    3422   14
    3423   14
    3424   14
    3425   14
    3426   14
    3427   14
    3428   14
    3429   14
    3430   14
    3431   14
    3432   14
    3433   13
    3434   13
    3435   13
    3436   13
    3437   13
    3438   13
    3439   13
    3440   13
    3441   13
    3442   13
    3443   13
    3444   13
    3445   13
    3446   13
    3447   13
    3448   13
    3449   13
    3450   13
    3451   13
    3452   13
    3453   13
    3454   13
    3455   13
    3456   13
    3457   13
    3458   14
    3459   14
    3460   14
    3461   13
    3462   13
    3463   13
    3464   13
    3465   13
    3466   13
    3467   13
    3468   13
    3469   13
    3470   13
    3471   13
    3472   13
    3473   13
    3474   13
    3475   13
    3476   13
    3477   13
    3478   13
    3479   13
    3480   13
    3481   13
    3482   13
    3483   13
    3484   13
    3485   13
    3486   13
    3487   13
    3488   13
    3489   13
    3490   13
    3491   13
    3492   13
    3493   13
    3494   13
    3495   13
    3496   13
    3497   13
    3498   13
    3499   13
    3500   13
    3501   13
    3502   13
    3503   13
    3504   13
    3505   13
    3506   13
    3507   13
    3508   13
    3509   13
    3510   13
    3511   13
    3512   13
    3513   13
    3514   13
    3515   13
    3516   10
    3517    9
    3518   12
    3519   12
    3520   12
    3521   12
    3522   12
    3523   12
    3524   12
    3525   12
    3526   12
    3527   12
    3528   12
    3529   12
    3530    6
    3531    5
    3532    4
    3533    4
    3534    4
    3535    4
    3536    4
    3537    3
    3538    3
    3539    3
    3540    1
    3541    1
    3542    1
    3543    1
    3544    1
    3545    1
    3546    1
    3547    1
    3548    1
    3549    1
    3550    1
    3551    1
    3552   12
    3553   12
    3554   12
    3555    1
    3556    1
    3557    1
    3558    1
    3559    1
    3560   12
    3561   12
    3562   12
    3563   12
    3564   12
    3565    9
    3566    9
    3567   10
    3568   10
    3569   10
    3570   10
    3571    8
    3572    6
    3573    3
    3574    3
    3575    4
    3576    4
    3577    1
    3578    1
    3579    1
    3580    1
    3581    1
    3582    1
    3583    1
    3584    1
    3585    1
    3586    1
    3587    1
    3588    1
    3589    1
    3590    1
    3591    1
    3592    1
    3593    1
    3594    1
    3595    1
    3596    1
    3597    1
    3598    1
    3599    6
    3600    4
    3601   12
    3602    8
    3603    8
    3604    8
    3605    7
    3606    8
    3607    1
    3608    1
    3609    1
    3610    1
    3611    1
    3612    1
    3613    1
    3614    1
    3615    1
    3616    1
    3617    1
    3618    2
    3619    2
    3620    2
    3621    2
    3622    2
    3623    3
    3624    3
    3625    3
    3626    3
    3627    3
    3628    3
    3629    3
    3630    5
    3631    3
    3632    3
    3633    3
    3634    3
    3635    1
    3636    1
    3637    3
    3638    3
    3639    3
    3640    3
    3641    3
    3642    3
    3643    1
    3644    3
    3645    3
    3646    3
    3647    5
    3648    3
    3649    3
    3650    3
    3651    3
    3652    5
    3653    3
    3654    3
    3655    3
    3656    5
    3657    5
    3658    6
    3659    5
    3660    3
    3661    3
    3662    3
    3663    3
    3664    5
    3665    6
    3666   12
    3667   12
    3668   12
    3669    8
    3670    8
    3671    7
    3672    7
    3673    8
    3674    8
    3675    8
    3676   12
    3677   10
    3678   10
    3679   10
    3680   10
    3681   10
    3682   10
    3683   10
    3684   10
    3685   10
    3686   10
    3687   10
    3688   10
    3689   10
    3690   10
    3691   10
    3692   10
    3693   10
    3694   10
    3695   10
    3696   10
    3697    8
    3698   10
    3699   10
    3700   10
    3701   10
    3702   10
    3703   10
    3704   10
    3705   10
    3706   10
    3707   10
    3708   10
    3709    9
    3710   11
    3711   11
    3712   14
    3713   14
    3714   14
    3715   13
    3716   13
    3717   13
    3718   13
    3719   13
    3720   13
    3721   13
    3722   13
    3723   13
    3724   13
    3725   13
    3726   13
    3727   13
    3728   13
    3729   13
    3730   13
    3731   13
    3732   13
    3733   13
    3734   13
    3735   13
    3736   13
    3737    8
    3738   12
    3739   12
    3740   12
    3741   12
    3742   10
    3743   13
    3744   13
    3745   13
    3746   13
    3747   13
    3748   13
    3749   13
    3750   13
    3751   13
    3752   13
    3753   13
    3754   13
    3755   13
    3756   13
    3757   13
    3758   13
    3759   13
    3760   13
    3761   13
    3762   13
    3763   13
    3764   13
    3765   13
    3766   13
    3767   13
    3768   13
    3769   13
    3770   13
    3771   13
    3772   13
    3773   13
    3774   13
    3775   13
    3776   13
    3777   13
    3778   13
    3779   13
    3780   13
    3781   13
    3782   13
    3783   13
    3784   13
    3785   13
    3786   13
    3787   13
    3788   13
    3789   13
    3790   13
    3791   13
    3792   13
    3793   13
    3794   13
    3795   13
    3796   13
    3797   13
    3798   13
    3799   13
    3800   13
    3801   13
    3802   13
    3803   13
    3804   13
    3805   13
    3806   13
    3807   13
    3808   13
    3809   13
    3810   13
    3811   13
    3812    9
    3813   12
    3814   12
    3815   12
    3816   12
    3817   12
    3818   12
    3819   12
    3820   12
    3821   12
    3822   12
    3823   12
    3824   12
    3825   10
    3826   10
    3827   10
    3828   10
    3829   10
    3830   10
    3831   10
    3832   10
    3833   10
    3834    7
    3835   12
    3836   12
    3837   12
    3838    8
    3839    8
    3840    8
    3841    8
    3842   12
    3843    8
    3844   12
    3845   12
    3846   12
    3847    6
    3848    4
    3849    4
    3850    4
    3851    4
    3852    4
    3853    4
    3854    4
    3855    4
    3856    5
    3857    4
    3858    4
    3859    4
    3860    4
    3861    4
    3862    6
    3863   12
    3864   12
    3865   12
    3866    8
    3867    7
    3868    8
    3869   12
    3870   12
    3871   12
    3872   12
    3873   12
    3874   12
    3875   12
    3876   12
    3877   12
    3878   12
    3879   12
    3880   12
    3881   12
    3882   12
    3883   12
    3884   12
    3885   12
    3886   12
    3887   12
    3888   12
    3889   12
    3890   12
    3891   12
    3892   12
    3893   12
    3894   12
    3895   12
    3896   12
    3897   12
    3898   12
    3899   12
    3900   12
    3901   12
    3902   12
    3903   12
    3904   12
    3905   12
    3906   12
    3907   12
    3908   12
    3909   12
    3910   12
    3911   12
    3912   12
    3913   12
    3914   12
    3915   12
    3916   12
    3917    1
    3918   12
    3919    1
    3920    1
    3921    1
    3922    8
    3923    9
    3924   10
    3925   10
    3926   10
    3927   10
    3928   10
    3929   10
    3930   10
    3931   10
    3932   10
    3933   10
    3934   10
    3935   10
    3936   10
    3937   10
    3938   10
    3939   10
    3940   10
    3941   10
    3942    8
    3943   10
    3944   10
    3945   10
    3946   10
    3947   10
    3948   10
    3949   10
    3950   10
    3951   12
    3952   12
    3953   12
    3954   12
    3955   12
    3956    9
    3957   10
    3958   10
    3959    6
    3960    5
    3961    3
    3962    3
    3963    2
    3964    2
    3965    2
    3966    1
    3967    1
    3968    5
    3969    6
    3970    3
    3971    3
    3972    1
    3973    1
    3974    1
    3975    1
    3976    1
    3977    1
    3978    1
    3979   12
    3980   12
    3981   12
    3982   12
    3983   12
    3984   11
    3985   11
    3986   11
    3987   11
    3988   11
    3989   11
    3990   11
    3991   11
    3992    9
    3993   12
    3994   12
    3995    8
    3996   12
    3997    8
    3998    8
    3999   12
    4000    6
    4001    6
    4002    4
    4003    6
    4004    4
    4005    5
    4006    4
    4007    4
    4008    4
    4009    4
    4010    4
    4011    4
    4012    5
    4013    5
    4014    3
    4015    3
    4016    1
    4017    1
    4018   12
    4019   12
    4020   12
    4021    1
    4022    1
    4023    1
    4024    1
    4025    1
    4026    1
    4027    1
    4028    1
    4029    1
    4030    6
    4031    8
    4032   12
    4033   12
    4034    9
    4035    9
    4036   12
    4037    8
    4038    8
    4039   12
    4040   12
    4041   12
    4042   12
    4043    9
    4044   11
    4045   12
    4046   12
    4047   12
    4048   12
    4049   12
    4050   12
    4051   12
    4052   12
    4053   12
    4054   12
    4055   12
    4056   12
    4057   12
    4058   12
    4059   12
    4060   12
    4061   12
    4062   12
    4063   12
    4064   12
    4065   12
    4066   10
    4067   10
    4068   10
    4069   12
    4070   12
    4071   12
    4072   12
    4073   12
    4074   12
    4075   12
    4076   12
    4077    8
    4078    7
    4079    8
    4080    8
    4081    8
    4082    8
    4083    8
    4084   12
    4085   12
    4086   12
    4087   12
    4088   12
    4089   12
    4090   12
    4091   12
    4092   12
    4093   12
    4094   12
    4095   12
    4096   12
    4097   12
    4098   12
    4099   12
    4100   12
    4101    8
    4102   12
    4103   12
    4104   12
    4105   12
    4106   12
    4107   12
    4108   10
    4109   10
    4110   10
    4111   10
    4112    6
    4113    5
    4114    4
    4115    4
    4116    4
    4117    4
    4118    4
    4119    4
    4120    4
    4121    1
    4122    1
    4123    1
    4124    1
    4125    1
    4126    1
    4127    1
    4128   12
    4129   12
    4130   12
    4131   12
    4132   12
    4133   12
    4134    9
    4135   12
    4136   12
    4137   12
    4138   12
    4139   12
    4140   12
    4141   12
    4142    8
    4143    8
    4144    7
    4145    7
    4146   12
    4147   12
    4148   12
    4149   13
    4150   13
    4151   13
    4152   13
    4153   13
    4154   13
    4155   13
    4156   13
    4157   13
    4158   13
    4159   13
    4160   13
    4161   13
    4162   13
    4163   13
    4164   13
    4165   13
    4166   13
    4167   13
    4168   13
    4169   13
    4170   13
    4171   13
    4172   13
    4173   13
    4174   13
    4175   13
    4176   13
    4177    8
    4178   11
    4179   11
    4180    9
    4181   10
    4182   10
    4183   10
    4184   10
    4185    9
    4186   11
    4187   10
    4188   10
    4189   10
    4190    9
    4191   10
    4192   10
    4193   10
    4194   10
    4195   10
    4196   10
    4197   10
    4198   10
    4199    9
    4200   10
    4201   10
    4202   10
    4203   10
    4204   10
    4205    8
    4206   10
    4207   10
    4208   10
    4209   10
    4210   10
    4211   10
    4212   10
    4213   10
    4214   10
    4215   10
    4216   10
    4217   10
    4218   10
    4219   10
    4220   10
    4221   10
    4222   10
    4223   10
    4224    9
    4225   11
    4226   11
    4227    9
    4228   10
    4229   10
    4230   10
    4231   10
    4232   10
    4233   10
    4234   10
    4235   12
    4236   12
    4237   12
    4238   12
    4239   12
    4240   12
    4241   12
    4242   12
    4243    6
    4244    6
    4245    4
    4246    5
    4247    3
    4248    3
    4249    3
    4250    3
    4251    3
    4252    3
    4253    3
    4254    3
    4255    3
    4256    5
    4257    5
    4258    5
    4259    5
    4260    3
    4261    3
    4262    3
    4263    5
    4264    5
    4265    5
    4266    5
    4267    5
    4268    3
    4269    3
    4270    5
    4271    5
    4272   12
    4273   12
    4274   12
    4275   12
    4276   12
    4277   12
    4278   12
    4279    8
    4280   12
    4281    8
    4282    8
    4283   12
    4284   12
    4285   12
    4286    8
    4287    8
    4288    7
    4289    8
    4290    8
    4291    8
    4292    8
    4293    8
    4294    8
    4295   12
    4296    8
    4297   12
    4298   12
    4299   10
    4300    9
    4301   12
    4302   12
    4303    1
    4304    6
    4305    5
    4306    1
    4307    1
    4308    1
    4309    1
    4310    1
    4311    4
    4312    6
    4313   12
    4314   12
    4315   10
    4316   10
    4317   10
    4318   10
    4319   10
    4320   10
    4321   10
    4322   10
    4323   10
    4324   10
    4325    9
    4326   10
    4327   10
    4328   10
    4329   10
    4330   10
    4331   10
    4332   10
    4333   10
    4334   10
    4335   10
    4336   10
    4337   10
    4338   10
    4339    7
    4340    1
    4341    1
    4342   12
    4343   12
    4344   12
    4345   12
    4346   12
    4347   12
    4348   12
    4349   10
    4350   10
    4351   10
    4352   10
    4353   10
    4354   10
    4355   10
    4356   10
    4357   10
    4358   10
    4359   10
    4360   10
    4361   10
    4362   10
    4363   10
    4364   10
    4365   10
    4366   10
    4367   10
    4368   10
    4369   10
    4370   10
    4371   10
    4372   13
    4373   13
    4374   13
    4375   13
    4376   13
    4377   13
    4378   13
    4379   13
    4380   13
    4381   13
    4382   13
    4383   13
    4384   13
    4385   13
    4386   13
    4387   10
    4388   10
    4389   10
    4390   10
    4391   10
    4392   10
    4393   10
    4394   10
    4395   10
    4396   10
    4397   10
    4398   10
    4399   10
    4400   10
    4401   12
    4402   12
    4403   12
    4404    8
    4405   12
    4406   10
    4407   10
    4408   10
    4409   10
    4410   10
    4411   10
    4412   10
    4413   10
    4414   10
    4415   10
    4416   13
    4417   13
    4418   13
    4419   13
    4420   13
    4421   13
    4422   13
    4423   13
    4424   13
    4425   13
    4426   13
    4427   13
    4428   13
    4429   13
    4430   13
    4431   13
    4432   13
    4433   13
    4434   13
    4435   13
    4436   13
    4437   13
    4438   13
    4439   13
    4440   13
    4441   13
    4442   13
    4443   13
    4444   13
    4445   13
    4446   13
    4447   13
    4448   13
    4449   13
    4450   13
    4451   13
    4452   13
    4453   13
    4454   13
    4455   13
    4456   13
    4457   13
    4458   13
    4459   13
    4460   13
    4461   13
    4462   13
    4463   13
    4464   13
    4465   13
    4466   13
    4467   13
    4468   13
    4469   13
    4470   13
    4471   13
    4472   13
    4473   13
    4474   13
    4475   13
    4476   13
    4477   13
    4478   13
    4479   13
    4480   13
    4481   13
    4482   13
    4483   13
    4484   13
    4485   13
    4486   13
    4487   13
    4488   13
    4489   13
    4490   13
    4491   10
    4492    9
    4493   10
    4494   13
    4495   13
    4496   13
    4497   13
    4498   13
    4499   13
    4500   13
    4501   13
    4502   13
    4503   13
    4504   13
    4505   13
    4506   13
    4507   13
    4508   13
    4509   13
    4510   13
    4511   13
    4512   13
    4513   13
    4514   13
    4515   13
    4516   13
    4517   13
    4518   13
    4519   13
    4520   13
    4521   13
    4522   13
    4523   13
    4524   13
    4525   13
    4526   13
    4527   13
    4528   13
    4529   13
    4530   13
    4531   12
    4532    6
    4533    5
    4534    3
    4535    3
    4536    3
    4537    3
    4538    1
    4539    1
    4540    1
    4541    1
    4542   12
    4543   12
    4544   12
    4545   12
    4546   12
    4547   12
    4548   12
    4549   12
    4550   12
    4551   12
    4552   12
    4553   12
    4554   12
    4555   12
    4556   12
    4557   10
    4558   10
    4559   10
    4560   10
    4561   10
    4562   10
    4563   10
    4564    9
    4565    8
    4566   12
    4567    9
    4568   10
    4569   12
    4570   13
    4571   13
    4572   13
    4573   13
    4574   13
    4575   13
    4576   13
    4577   13
    4578   13
    4579   10
    4580   10
    4581   10
    4582   10
    4583   10
    4584   10
    4585   10
    4586   10
    4587   10
    4588   10
    4589   13
    4590   13
    4591   13
    4592   13
    4593   13
    4594   13
    4595   13
    4596   13
    4597   13
    4598   13
    4599   13
    4600   12
    4601   12
    4602   12
    4603   12
    4604   10
    4605   12
    4606   12
    4607   12
    4608    6
    4609    5
    4610    3
    4611   12
    4612   12
    4613   12
    4614   12
    4615   12
    4616   12
    4617   12
    4618   12
    4619   12
    4620    8
    4621   12
    4622   12
    4623   12
    4624   12
    4625   12
    4626   12
    4627   12
    4628    8
    4629   10
    4630   10
    4631   10
    4632   10
    4633   10
    4634   10
    4635   12
    4636   12
    4637   12
    4638   12
    4639   12
    4640   12
    4641   12
    4642   12
    4643   12
    4644    8
    4645   12
    4646   12
    4647   12
    4648   12
    4649   12
    4650   12
    4651   12
    4652   12
    4653   12
    4654   10
    4655   10
    4656   10
    4657   10
    4658   10
    4659   10
    4660   10
    4661   10
    4662   10
    4663   10
    4664   10
    4665   10
    4666   10
    4667   10
    4668   10
    4669   10
    4670   10
    4671   10
    4672   10
    4673   10
    4674   10
    4675   10
    4676   10
    4677   12
    4678   12
    4679   12
    4680   12
    4681   12
    4682   12
    4683   12
    4684   10
    4685   10
    4686   10
    4687   10
    4688   10
    4689   10
    4690   12
    4691   10
    4692   10
    4693   10
    4694   10
    4695   13
    4696   13
    4697   13
    4698   13
    4699   13
    4700   13
    4701   13
    4702   13
    4703   13
    4704   13
    4705   13
    4706   13
    4707   10
    4708   10
    4709   10
    4710   10
    4711   10
    4712   10
    4713   10
    4714   10
    4715   10
    4716   10
    4717   10
    4718   10
    4719   10
    4720   10
    4721   10
    4722   10
    4723   10
    4724   10
    4725   11
    4726    9
    4727   10
    4728   10
    4729   10
    4730   10
    4731   10
    4732   10
    4733   10
    4734   10
    4735   12
    4736   12
    4737   12
    4738   12
    4739   12
    4740    1
    4741    1
    4742    1
    4743    1
    4744    1
    4745    7
    4746    8
    4747    8
    4748   12
    4749   12
    4750    8
    4751    7
    4752   12
    4753   12
    4754   10
    4755   12
    4756   12
    4757   12
    4758   12
    4759   10
    4760   12
    4761   12
    4762   12
    4763   12
    4764   12
    4765   12
    4766   12
    4767   12
    4768   12
    4769    8
    4770   12
    4771    8
    4772   12
    4773   12
    4774   12
    4775   12
    4776   12
    4777   12
    4778   12
    4779   12
    4780   12
    4781   12
    4782   12
    4783   12
    4784   12
    4785   12
    4786   12
    4787   12
    4788   12
    4789   12
    4790   12
    4791   12
    4792   12
    4793   12
    4794   12
    4795   12
    4796   12
    4797   12
    4798   12
    4799   12
    4800    7
    4801    6
    4802    3
    4803    3
    4804    3
    4805    4
    4806    4
    4807    4
    4808    3
    4809    3
    4810    1
    4811   12
    4812   12
    4813   12
    4814    8
    4815    8
    4816    6
    4817    1
    4818    1
    4819    1
    4820    1
    4821    1
    4822    1
    4823    1
    4824    1
    4825    1
    4826    1
    4827    6
    4828    6
    4829    1
    4830    1
    4831    1
    4832    1
    4833    1
    4834    1
    4835    5
    4836    6
    4837    8
    4838    8
    4839    6
    4840    6
    4841    5
    4842    5
    4843    5
    4844    3
    4845    3
    4846    3
    4847    2
    4848    2
    4849    8
    4850   12
    4851   10
    4852   10
    4853   10
    4854   10
    4855   10
    4856    8
    4857   11
    4858    9
    4859   10
    4860   10
    4861   10
    4862   10
    4863   10
    4864   10
    4865   10
    4866   10
    4867   10
    4868   10
    4869   10
    4870   10
    4871   10
    4872   12
    4873    8
    4874    8
    4875   12
    4876   12
    4877   12
    4878   12
    4879   11
    4880   11
    4881   11
    4882   11
    4883   11
    4884   11
    4885   11
    4886    8
    4887    8
    4888    8
    4889    7
    4890    8
    4891   12
    4892    8
    4893   12
    4894   12
    4895   12
    4896   11
    4897   11
    4898   11
    4899   11
    4900   11
    4901   11
    4902   11
    4903   10
    4904   10
    4905   10
    4906   10
    4907   10
    4908   10
    4909    9
    4910    9
    4911   11
    4912   11
    4913   11
    4914   11
    4915   11
    4916   14
    4917   14
    4918   14
    4919   11
    4920   12
    4921   12
    4922   12
    4923   12
    4924   12
    4925   12
    4926    6
    4927    5
    4928    3
    4929    3
    4930    3
    4931    1
    4932    1
    4933   12
    4934   12
    4935    8
    4936   12
    4937   12
    4938   12
    4939   12
    4940   12
    4941   12
    4942   12
    4943    8
    4944    6
    4945    6
    4946    5
    4947    5
    4948    6
    4949    5
    4950    6
    4951    3
    4952    1
    4953    1
    4954    1
    4955    1
    4956    1
    4957    1
    4958   12
    4959   12
    4960   12
    4961    7
    4962    7
    4963    8
    4964    8
    4965    8
    4966   12
    4967   12
    4968   12
    4969   12
    4970   12
    4971   12
    4972    6
    4973    5
    4974    4
    4975    4
    4976    4
    4977    4
    4978    4
    4979    4
    4980    4
    4981    4
    4982    4
    4983    4
    4984    4
    4985    4
    4986    4
    4987    4
    4988    4
    4989    4
    4990    4
    4991    3
    4992    1
    4993    1
    4994    1
    4995    6
    4996    5
    4997    3
    4998    1
    4999   12
    5000   10
