       1    1
       2    1
       3    1
       4    1
       5    1
       6    1
       7    1
       8    1
       9    1
      10    1
      11    1
      12    1
      13    1
      14    1
      15    3
      16    5
      17    6
      18   10
      19   10
      20   10
      21   10
      22   10
      23    9
      24   10
      25   10
      26   10
      27   10
      28   10
      29   10
      30   10
      31   10
      32   10
      33   10
      34   10
      35   10
      36   10
      37   10
      38   10
      39   10
      40   10
      41   10
      42   10
      43   10
      44   10
      45   10
      46   10
      47   10
      48   10
      49   11
      50   11
      51    9
      52   11
      53   11
      54   11
      55   11
      56   11
      57   11
      58   11
      59   11
      60   11
      61   11
      62   11
      63   11
      64    9
      65   10
      66   10
      67   12
      68   12
      69   12
      70   12
      71   12
      72   12
      73   10
      74   10
      75   10
      76   10
      77   10
      78   10
      79   10
      80   10
      81   10
      82   10
      83   10
      84   10
      85   10
      86   10
      87   10
      88   10
      89   12
      90   12
      91    1
      92    1
      93    1
      94    1
      95    1
      96    1
      97    3
      98    3
      99    6
     100    9
     101   11
     102   14
     103   14
     104   14
     105   14
     106   14
     107   14
     108   14
     109   14
     110   14
     111   11
     112   11
     113   11
     114   11
     115    9
     116   10
     117   10
     118    9
     119   10
     120   10
     121   10
     122   10
     123   10
     124   10
     125   10
     126   10
     127   10
     128   10
     129   10
     130   10
     131   10
     132   10
     133   10
     134   10
     135   10
     136   10
     137   10
     138   10
     139   10
     140   10
     141   10
     142   10
     143   10
     144   10
     145   10
     146   10
     147   10
     148   10
     149   10
     150   10
     151   10
     152   10
     153   10
     154   10
     155   10
     156   10
     157   10
     158   10
     159   10
     160   10
     161   12
     162   12
     163   12
     164   12
     165   12
     166   12
     167    1
     168    1
     169    1
     170    4
     171    4
     172    6
     173   10
     174   10
     175    6
     176    3
     177    1
     178    1
     179    1
     180    1
     181    1
     182    1
     183   12
     184   12
     185   12
     186   12
     187   12
     188   10
     189    9
     190   10
     191   10
     192   10
     193   10
     194   10
     195   10
     196   10
     197   10
     198   10
     199   10
     200   10
     201   10
     202   10
     203   10
     204   10
     205   10
     206   10
     207   10
     208   10
     209   10
     210   10
     211   10
     212   10
     213   10
     214   10
     215   10
     216   10
     217   10
     218   10
     219   10
     220   10
     221   10
     222   10
     223   10
     224   10
     225   10
     226   10
     227   10
     228   10
     229   10
     230   10
     231   10
     232   10
     233   10
     234   10
     235   10
     236   10
     237   10
     238   10
     239   12
     240   12
     241   12
     242   12
     243   12
     244   12
     245   12
     246   12
     247   12
     248   12
     249   10
     250   10
     251   10
     252   10
     253   10
     254   10
     255   10
     256   10
     257   10
     258   10
     259   10
     260   10
     261   10
     262   10
     263   10
     264   10
     265   10
     266   10
     267   10
     268   10
     269   10
     270   10
     271   10
     272   10
     273   10
     274   10
     275   10
     276   10
     277   10
     278   10
     279   10
     280   10
     281   10
     282   10
     283   10
     284   10
     285   10
     286   10
     287   10
     288   10
     289   10
     290   10
     291   10
     292   10
     293   10
     294   10
     295   10
     296   10
     297   10
     298   10
     299   10
     300   10
     301   10
     302   10
     303   10
     304   10
     305   10
     306   10
     307   10
     308   10
     309   10
     310   10
     311   10
     312   10
     313   10
     314   10
     315   10
     316   10
     317   10
     318   10
     319   10
     320   10
     321   10
     322   10
     323   10
     324   10
     325    9
     326   11
     327   11
     328   11
     329    9
     330   10
     331   10
     332   10
     333   10
     334   10
     335   10
     336   10
     337   10
     338   10
     339   10
     340   10
     341   10
     342   10
     343   10
     344   10
     345   10
     346   10
     347   10
     348   10
     349   10
     350   10
     351   10
     352    7
     353   12
     354   12
     355   12
     356    1
     357    1
     358    3
     359    6
     360    8
     361   10
     362   10
     363   10
     364    9
     365    6
     366    5
     367    4
     368    4
     369    4
     370    4
     371    4
     372    4
     373    4
     374    4
     375    4
     376    4
     377    4
     378    4
     379    4
     380    4
     381    4
     382    4
     383    4
     384    1
     385    1
     386    1
     387    1
     388   12
     389   12
     390   12
     391   12
     392    1
     393    1
     394    1
     395    1
     396   12
     397   12
     398   12
     399   12
     400   12
     401   12
     402   12
     403   10
     404   10
     405   10
     406   10
     407   10
     408   10
     409   10
     410    9
     411   11
     412   11
     413   11
     414    9
     415   11
     416   11
     417   11
     418   11
     419   11
     420   11
     421   11
     422   11
     423    9
     424   10
     425   10
     426    6
     427    5
     428    4
     429    4
     430    4
     431    4
     432    4
     433    4
     434    4
     435    4
     436    4
     437    4
     438    3
     439    5
     440    4
     441    4
     442    4
     443    4
     444    4
     445    4
     446    4
     447    4
     448   12
     449    1
     450    2
     451    2
     452    2
     453   11
     454    9
     455   11
     456   11
     457   11
     458   11
     459    9
     460   10
     461   10
     462   10
     463   10
     464   11
     465   11
     466   11
     467   11
     468   11
     469   11
     470   11
     471   11
     472   11
     473   11
     474   11
     475   11
     476   10
     477   10
     478   10
     479   10
     480   10
     481   10
     482   10
     483   10
     484   10
     485   10
     486   10
     487   10
     488   10
     489   10
     490   10
     491   10
     492   10
     493   10
     494    9
     495   11
     496   11
     497   11
     498   11
     499   11
     500   11
     501   10
     502   10
     503   10
     504    8
     505    7
     506    7
     507    7
     508    7
     509    7
     510    8
     511    7
     512    7
     513    7
     514    8
     515    8
     516    9
     517    9
     518    9
     519    9
     520   11
     521   11
     522   11
     523   11
     524   11
     525   12
     526   12
     527   12
     528    1
     529    1
     530    1
     531    1
     532    1
     533    1
     534    1
     535    1
     536    1
     537    4
     538    4
     539    4
     540    4
     541    4
     542    4
     543    4
     544    4
     545    4
     546    4
     547    4
     548    6
     549    9
     550   11
     551    9
     552   10
     553   10
     554   10
     555   10
     556   12
     557   12
     558   12
     559   12
     560   12
     561   12
     562   12
     563   12
     564    5
     565    6
     566    3
     567    2
     568    9
     569    9
     570   10
     571   10
     572   10
     573   10
     574   10
     575   10
     576   10
     577   10
     578   11
     579   11
     580   11
     581   11
     582   11
     583   11
     584   11
     585    9
     586    9
     587    9
     588   11
     589    9
     590    9
     591    7
     592    8
     593    8
     594    7
     595    7
     596    8
     597    8
     598    8
     599    6
     600    5
     601    1
     602    1
     603    3
     604    6
     605    9
     606    9
     607   11
     608   11
     609   11
     610    9
     611   10
     612   10
     613   10
     614   10
     615    9
     616   10
     617   10
     618   10
     619   10
     620   10
     621    7
     622   12
     623   12
     624    1
     625    1
     626    1
     627    1
     628    1
     629    3
     630    3
     631    3
     632    4
     633    4
     634    4
     635    4
     636    5
     637    5
     638    6
     639    6
     640    5
     641    3
     642    5
     643    6
     644    3
     645    1
     646    1
     647    1
     648    1
     649   12
     650   12
     651   12
     652   12
     653   12
     654   10
     655   11
     656   11
     657   11
     658   10
     659   10
     660   10
     661   10
     662   10
     663   10
     664   10
     665   10
     666   10
     667   10
     668   10
     669   11
     670   11
     671   11
     672    9
     673    9
     674   11
     675   11
     676   11
     677   11
     678   11
     679   11
     680    9
     681   10
     682   10
     683   10
     684   10
     685   10
     686   10
     687   10
     688    8
     689   12
     690   12
     691   12
     692   12
     693   12
     694   12
     695   11
     696   11
     697   11
     698    9
     699    9
     700   10
     701   10
     702   10
     703   10
     704   10
     705    9
     706    9
     707    9
     708    9
     709   11
     710   11
     711   11
     712   10
     713   10
     714   10
     715   10
     716   10
     717   10
     718   10
     719    9
     720    9
     721   10
     722   10
     723   10
     724   10
     725   10
     726   10
     727   10
     728   10
     729   10
     730   10
     731   10
     732   10
     733   10
     734    9
     735   10
     736   10
     737   10
     738    9
     739   12
     740   12
     741   12
     742    6
     743    5
     744    4
     745    4
     746    4
     747    4
     748    4
     749    4
     750    1
     751    1
     752    1
     753    1
     754    1
     755    1
     756    1
     757   12
     758   12
     759   12
     760   12
     761   12
     762   12
     763    1
     764    1
     765    1
     766    1
     767    1
     768    1
     769    1
     770    1
     771    1
     772    1
     773    1
     774   12
     775   10
     776   10
     777   10
     778    9
     779   11
     780   11
     781   11
     782   11
     783   10
     784   10
     785   10
     786   10
     787   10
     788   12
     789   12
     790   12
     791   12
     792   10
     793   10
     794   10
     795   10
     796   10
     797   10
     798   10
     799   10
     800   10
     801   10
     802   10
     803   10
     804   10
     805   10
     806   10
     807   10
     808   10
     809   10
     810   10
     811   10
     812   10
     813   10
     814   10
     815   10
     816   10
     817   10
     818   10
     819   10
     820   10
     821    9
     822   10
     823   10
     824   10
     825   10
     826   10
     827   10
     828   10
     829   10
     830   10
     831   10
     832   10
     833   10
     834   10
     835   10
     836   10
     837   10
     838   10
     839   10
     840   10
     841   10
     842    8
     843    8
     844   12
     845   12
     846    6
     847    3
     848    3
     849    1
     850    1
     851   12
     852   12
     853    8
     854   10
     855   10
     856   10
     857   10
     858   10
     859   10
     860   10
     861   10
     862   10
     863   10
     864   10
     865   15
     866   15
     867   15
     868   15
     869   15
     870   15
     871   15
     872   15
     873   15
     874   15
     875   15
     876   15
     877   15
     878    9
     879   10
     880   13
     881   13
     882   13
     883   13
     884   13
     885   13
     886   13
     887   13
     888   14
     889   14
     890   14
     891   14
     892   14
     893   14
     894   14
     895   14
     896   14
     897   14
     898   14
     899   14
     900   14
     901   14
     902   14
     903   14
     904   14
     905   14
     906   14
     907   14
     908   14
     909   14
     910   14
     911   14
     912   14
     913   14
     914   14
     915   14
     916   14
     917   14
     918   14
     919   14
     920   14
     921   14
     922   14
     923   14
     924   14
     925   14
     926   14
     927   14
     928   14
     929   14
     930   14
     931   14
     932   14
     933   14
     934   14
     935   14
     936   14
     937   14
     938   14
     939   14
     940   14
     941   14
     942   14
     943   14
     944   14
     945   14
     946   14
     947   14
     948   14
     949   14
     950   14
     951   14
     952   14
     953   14
     954   14
     955   14
     956   14
     957   14
     958   14
     959   14
     960   14
     961   14
     962   14
     963   14
     964   14
     965   14
     966   14
     967   14
     968   14
     969   14
     970   14
     971   14
     972   14
     973   14
     974   14
     975   14
     976   14
     977   14
     978   13
     979   13
     980   13
     981   13
     982   13
     983   14
     984   14
     985   10
     986   10
     987   10
     988   10
     989   10
     990   10
     991   10
     992   10
     993   10
     994   10
     995   10
     996   10
     997   10
     998   10
     999   10
    1000   10
    1001   10
    1002   10
    1003   10
    1004   10
    1005   10
    1006   10
    1007   10
    1008   10
    1009   10
    1010   10
    1011   10
    1012   11
    1013   11
    1014   11
    1015   11
    1016    2
    1017    2
    1018    2
    1019    2
    1020    2
    1021    3
    1022    3
    1023    3
    1024    3
    1025    3
    1026    3
    1027    3
    1028    5
    1029    6
    1030    5
    1031    5
    1032    5
    1033    6
    1034    9
    1035   10
    1036   10
    1037   10
    1038   10
    1039   10
    1040   10
    1041   10
    1042   10
    1043   10
    1044   10
    1045   10
    1046   10
    1047   10
    1048   10
    1049   10
    1050   10
    1051   10
    1052   10
    1053   10
    1054   10
    1055   11
    1056   11
    1057   11
    1058   11
    1059   11
    1060   11
    1061   10
    1062   10
    1063   10
    1064   10
    1065   12
    1066   12
    1067   12
    1068   12
    1069   12
    1070   12
    1071    4
    1072    4
    1073    4
    1074    4
    1075    4
    1076    4
    1077    4
    1078    4
    1079    4
    1080    4
    1081    4
    1082    4
    1083    4
    1084    6
    1085    8
    1086    8
    1087   12
    1088   10
    1089   11
    1090   11
    1091   11
    1092   11
    1093   11
    1094   11
    1095   11
    1096   11
    1097   11
    1098    9
    1099    9
    1100   11
    1101   11
    1102   10
    1103   10
    1104   10
    1105   10
    1106   10
    1107   10
    1108   10
    1109   10
    1110   10
    1111   10
    1112   10
    1113   10
    1114   10
    1115   10
    1116   10
    1117   10
    1118   10
    1119   10
    1120   10
    1121   10
    1122   10
    1123   10
    1124   10
    1125   10
    1126   10
    1127   10
    1128   10
    1129   10
    1130   10
    1131   10
    1132   10
    1133   10
    1134   10
    1135   10
    1136    9
    1137    9
    1138    9
    1139   11
    1140   11
    1141    9
    1142   11
    1143   11
    1144   11
    1145   11
    1146   11
    1147   11
    1148   11
    1149   11
    1150   11
    1151   12
    1152   12
    1153   12
    1154   12
    1155    1
    1156   12
    1157    1
    1158    1
    1159    1
    1160    1
    1161   12
    1162   12
    1163   12
    1164   12
    1165   12
    1166   12
    1167   12
    1168   12
    1169    1
    1170    1
    1171    1
    1172    4
    1173    4
    1174    4
    1175    4
    1176    6
    1177   12
    1178   12
    1179   12
    1180   12
    1181    9
    1182   11
    1183   11
    1184   11
    1185    9
    1186   11
    1187   11
    1188   11
    1189    9
    1190   11
    1191   11
    1192    9
    1193    7
    1194    7
    1195    8
    1196    9
    1197   10
    1198   10
    1199    9
    1200   11
    1201   11
    1202   11
    1203    9
    1204    9
    1205   12
    1206   12
    1207    6
    1208    7
    1209   12
    1210    8
    1211   10
    1212   10
    1213   10
    1214   10
    1215   10
    1216   10
    1217   10
    1218   10
    1219   10
    1220    9
    1221   12
    1222   12
    1223   12
    1224   12
    1225   12
    1226   12
    1227   12
    1228    8
    1229    8
    1230   12
    1231   12
    1232   12
    1233   12
    1234   12
    1235   12
    1236   12
    1237    5
    1238    6
    1239    3
    1240    3
    1241    3
    1242    3
    1243    1
    1244    3
    1245    1
    1246    1
    1247    8
    1248    7
    1249    7
    1250   12
    1251   11
    1252    9
    1253   11
    1254   11
    1255   11
    1256   11
    1257   11
    1258    9
    1259   10
    1260   10
    1261   10
    1262    9
    1263    9
    1264    9
    1265   10
    1266   10
    1267   10
    1268   10
    1269   11
    1270   11
    1271   11
    1272   11
    1273    9
    1274    9
    1275    7
    1276    7
    1277   12
    1278    8
    1279    7
    1280    7
    1281    7
    1282    8
    1283    7
    1284    7
    1285    7
    1286    9
    1287    9
    1288    9
    1289    9
    1290   11
    1291   11
    1292   11
    1293   11
    1294    9
    1295   11
    1296    9
    1297   10
    1298   10
    1299   10
    1300   10
    1301   10
    1302   10
    1303   10
    1304   10
    1305   10
    1306   10
    1307   10
    1308   10
    1309   10
    1310   10
    1311   10
    1312   10
    1313   10
    1314   10
    1315   10
    1316   10
    1317   10
    1318   10
    1319   10
    1320   10
    1321   10
    1322   10
    1323    9
    1324    9
    1325   11
    1326   11
    1327   11
    1328   11
    1329   11
    1330   11
    1331   11
    1332   11
    1333   11
    1334   11
    1335   11
    1336   11
    1337   11
    1338   11
    1339   11
    1340   11
    1341   12
    1342    1
    1343    3
    1344    3
    1345    3
    1346    5
    1347    6
    1348    7
    1349    8
    1350   10
    1351   10
    1352   10
    1353    9
    1354    9
    1355    7
    1356    8
    1357   12
    1358   12
    1359   13
    1360   13
    1361   13
    1362   13
    1363   13
    1364   13
    1365   13
    1366   13
    1367   13
    1368   13
    1369   13
    1370   13
    1371   13
    1372   13
    1373   13
    1374   13
    1375   13
    1376   13
    1377   14
    1378   14
    1379   14
    1380   14
    1381   14
    1382   14
    1383   10
    1384   10
    1385   10
    1386   10
    1387   10
    1388   10
    1389   10
    1390   10
    1391   10
    1392   10
    1393   10
    1394   10
    1395   10
    1396   10
    1397   10
    1398   10
    1399   10
    1400   10
    1401   10
    1402   10
    1403   10
    1404   10
    1405   10
    1406   10
    1407   10
    1408   10
    1409   10
    1410   12
    1411   12
    1412   12
    1413   12
    1414   12
    1415   10
    1416   10
    1417   10
    1418   10
    1419   10
    1420   13
    1421   13
    1422   13
    1423   13
    1424   13
    1425   13
    1426   13
    1427   13
    1428   13
    1429   13
    1430   13
    1431   13
    1432   13
    1433   13
    1434   13
    1435   13
    1436   13
    1437   13
    1438   13
    1439   13
    1440   13
    1441   13
    1442   13
    1443   13
    1444   13
    1445   13
    1446   13
    1447   13
    1448   13
    1449   13
    1450   13
    1451   13
    1452   13
    1453   13
    1454   13
    1455   13
    1456   13
    1457   13
    1458   13
    1459   13
    1460   13
    1461   13
    1462   10
    1463   10
    1464   10
    1465   10
    1466   10
    1467   10
    1468   10
    1469   10
    1470   10
    1471   10
    1472   10
    1473   10
    1474   10
    1475   10
    1476   10
    1477   10
    1478   10
    1479   10
    1480   10
    1481   10
    1482   10
    1483   10
    1484    9
    1485   10
    1486   10
    1487   10
    1488   10
    1489   10
    1490   10
    1491   10
    1492   10
    1493   10
    1494   10
    1495   10
    1496   10
    1497   10
    1498   10
    1499   10
    1500    9
    1501   10
    1502   12
    1503   12
    1504   12
    1505   12
    1506   12
    1507   12
    1508   10
    1509   10
    1510   10
    1511   10
    1512   10
    1513   12
    1514   12
    1515    8
    1516    8
    1517   12
    1518    8
    1519   12
    1520    5
    1521    6
    1522    5
    1523    5
    1524    6
    1525   12
    1526    5
    1527    4
    1528    4
    1529    5
    1530    5
    1531    5
    1532    5
    1533    1
    1534    1
    1535    1
    1536    1
    1537    1
    1538    1
    1539    1
    1540    1
    1541    1
    1542    7
    1543    7
    1544    1
    1545    1
    1546    1
    1547    1
    1548    1
    1549    1
    1550    1
    1551    1
    1552    1
    1553    1
    1554    1
    1555    1
    1556    1
    1557    1
    1558    1
    1559    1
    1560    1
    1561    1
    1562    1
    1563    5
    1564    5
    1565    5
    1566    7
    1567    7
    1568    8
    1569    1
    1570    1
    1571    8
    1572   12
    1573   12
    1574    8
    1575    8
    1576    7
    1577    7
    1578    6
    1579    1
    1580    1
    1581    1
    1582    1
    1583    1
    1584    1
    1585    1
    1586    1
    1587    1
    1588    1
    1589    1
    1590    1
    1591    1
    1592    1
    1593    1
    1594    1
    1595    1
    1596    5
    1597    1
    1598    3
    1599    5
    1600    6
    1601    8
    1602   12
    1603    8
    1604    7
    1605    7
    1606   12
    1607   12
    1608   12
    1609   12
    1610   12
    1611   12
    1612   12
    1613   12
    1614    5
    1615    5
    1616    1
    1617    1
    1618    1
    1619    3
    1620    3
    1621    5
    1622    6
    1623   12
    1624    8
    1625   12
    1626   12
    1627   12
    1628   12
    1629   12
    1630   12
    1631    9
    1632    6
    1633    4
    1634    4
    1635    4
    1636    4
    1637    4
    1638    4
    1639    4
    1640    4
    1641    4
    1642    4
    1643    4
    1644    4
    1645    3
    1646    3
    1647    1
    1648    1
    1649    1
    1650    1
    1651    1
    1652    1
    1653    1
    1654    1
    1655    1
    1656    1
    1657    1
    1658   12
    1659   12
    1660   12
    1661    1
    1662    1
    1663    1
    1664    1
    1665    1
    1666    1
    1667    1
    1668    1
    1669    1
    1670    1
    1671   12
    1672   12
    1673    8
    1674   10
    1675   10
    1676   10
    1677   10
    1678   10
    1679   10
    1680   10
    1681   10
    1682   10
    1683   10
    1684   10
    1685   10
    1686   10
    1687   10
    1688   10
    1689   10
    1690   10
    1691   10
    1692   10
    1693   10
    1694   10
    1695   10
    1696   10
    1697   10
    1698   10
    1699   10
    1700   10
    1701   10
    1702   10
    1703   10
    1704   10
    1705   10
    1706   10
    1707   10
    1708   10
    1709   10
    1710   10
    1711   10
    1712   10
    1713   10
    1714   10
    1715   10
    1716   10
    1717   10
    1718   10
    1719   10
    1720   10
    1721   10
    1722   10
    1723   12
    1724   12
    1725    8
    1726    8
    1727   12
    1728   12
    1729   12
    1730   12
    1731   12
    1732    8
    1733    8
    1734   12
    1735    1
    1736    1
    1737    1
    1738    5
    1739    5
    1740    5
    1741    1
    1742    1
    1743    1
    1744    1
    1745    1
    1746    1
    1747    1
    1748    5
    1749    3
    1750    3
    1751    3
    1752    3
    1753    5
    1754    3
    1755    3
    1756    3
    1757    3
    1758    3
    1759    3
    1760    6
    1761    5
    1762    3
    1763    3
    1764    3
    1765    3
    1766    6
    1767    6
    1768    5
    1769    6
    1770    5
    1771    6
    1772    7
    1773   12
    1774   12
    1775   12
    1776   12
    1777   12
    1778   12
    1779   12
    1780   12
    1781   12
    1782   12
    1783   12
    1784   12
    1785   12
    1786   12
    1787   12
    1788    8
    1789   12
    1790    8
    1791   12
    1792   12
    1793   12
    1794   12
    1795   12
    1796   12
    1797   12
    1798    8
    1799   12
    1800   12
    1801   12
    1802   12
    1803   12
    1804   12
    1805   12
    1806   12
    1807    8
    1808   12
    1809   12
    1810   12
    1811   12
    1812   12
    1813   12
    1814   12
    1815   12
    1816   12
    1817   12
    1818   12
    1819   12
    1820   12
    1821   12
    1822    8
    1823    6
    1824    8
    1825   12
    1826   12
    1827   12
    1828   12
    1829   12
    1830   12
    1831   12
    1832   12
    1833   12
    1834   12
    1835   12
    1836    7
    1837    6
    1838    4
    1839   12
    1840    8
    1841    8
    1842    5
    1843    5
    1844    4
    1845    4
    1846    5
    1847    3
    1848    3
    1849    5
    1850    6
    1851    5
    1852   12
    1853   12
    1854   12
    1855   12
    1856   12
    1857   12
    1858   12
    1859    8
    1860    8
    1861   10
    1862   10
    1863   10
    1864   10
    1865   10
    1866   10
    1867    8
    1868   10
    1869   10
    1870   10
    1871   10
    1872    9
    1873   12
    1874    8
    1875   12
    1876   12
    1877    8
    1878    6
    1879    3
    1880    3
    1881    1
    1882    1
    1883    1
    1884    1
    1885    1
    1886    1
    1887    1
    1888    5
    1889    7
    1890    8
    1891    8
    1892   12
    1893   12
    1894   12
    1895   12
    1896   12
    1897   12
    1898   12
    1899   12
    1900   12
    1901    8
    1902    8
    1903   12
    1904   12
    1905   12
    1906    7
    1907    8
    1908    7
    1909   12
    1910   12
    1911   12
    1912   12
    1913    8
    1914    8
    1915    8
    1916    8
    1917    7
    1918    7
    1919    8
    1920   12
    1921    8
    1922    7
    1923   12
    1924   12
    1925   12
    1926   12
    1927   12
    1928   12
    1929    8
    1930    8
    1931   12
    1932   12
    1933   12
    1934   12
    1935    8
    1936   12
    1937   12
    1938   12
    1939   12
    1940   12
    1941   12
    1942   12
    1943   12
    1944   12
    1945   12
    1946    8
    1947    8
    1948   13
    1949   13
    1950   13
    1951   13
    1952   13
    1953   13
    1954   13
    1955   13
    1956   13
    1957   13
    1958   13
    1959   13
    1960   13
    1961   13
    1962   13
    1963   13
    1964   13
    1965   13
    1966   13
    1967   13
    1968   13
    1969   13
    1970   13
    1971   13
    1972   13
    1973   13
    1974   13
    1975   13
    1976   13
    1977   13
    1978   10
    1979   10
    1980   10
    1981   10
    1982   10
    1983   10
    1984   10
    1985   10
    1986   10
    1987   10
    1988   10
    1989   10
    1990   10
    1991   13
    1992   13
    1993   13
    1994   13
    1995   13
    1996   13
    1997   13
    1998   13
    1999   13
    2000   13
    2001   13
    2002   13
    2003   13
    2004   13
    2005   13
    2006   13
    2007   10
    2008   10
    2009   10
    2010   10
    2011   10
    2012   10
    2013   10
    2014   10
    2015   10
    2016   10
    2017   13
    2018   13
    2019   13
    2020   13
    2021   13
    2022   13
    2023   13
    2024   13
    2025   13
    2026   13
    2027   13
    2028   10
    2029   10
    2030   10
    2031   10
    2032   10
    2033   10
    2034   10
    2035   10
    2036   10
    2037   10
    2038   10
    2039   10
    2040   10
    2041   10
    2042   10
    2043   10
    2044   13
    2045   13
    2046   13
    2047   13
    2048   13
    2049   13
    2050   13
    2051   13
    2052   13
    2053   13
    2054   13
    2055   13
    2056   13
    2057   13
    2058   13
    2059   13
    2060   13
    2061   13
    2062   13
    2063   13
    2064   10
    2065   10
    2066   10
    2067   10
    2068   10
    2069   10
    2070   10
    2071   10
    2072   10
    2073   10
    2074   10
    2075   10
    2076   10
    2077   10
    2078   10
    2079   10
    2080   10
    2081   10
    2082   10
    2083   10
    2084   10
    2085   13
    2086   13
    2087   13
    2088   13
    2089   13
    2090   13
    2091   13
    2092   13
    2093   13
    2094   13
    2095   13
    2096   13
    2097   13
    2098   13
    2099   13
    2100   13
    2101   13
    2102   10
    2103    9
    2104   11
    2105   12
    2106   13
    2107   13
    2108   13
    2109   13
    2110   13
    2111   13
    2112   13
    2113   13
    2114   13
    2115   13
    2116   13
    2117   13
    2118   13
    2119   13
    2120   13
    2121   13
    2122   13
    2123   13
    2124   13
    2125   13
    2126   13
    2127   13
    2128   13
    2129   13
    2130   13
    2131   13
    2132   13
    2133   13
    2134   13
    2135   13
    2136   13
    2137   13
    2138   13
    2139   13
    2140   13
    2141   13
    2142   13
    2143   13
    2144   13
    2145   13
    2146   13
    2147   13
    2148   13
    2149   13
    2150   13
    2151   13
    2152   13
    2153   13
    2154   13
    2155   13
    2156   13
    2157   13
    2158   13
    2159   13
    2160   13
    2161   13
    2162   13
    2163   13
    2164   13
    2165   13
    2166   13
    2167   13
    2168   13
    2169   13
    2170    8
    2171    8
    2172   12
    2173   12
    2174   12
    2175   12
    2176   12
    2177   12
    2178   12
    2179   12
    2180   12
    2181   12
    2182   12
    2183   12
    2184    7
    2185    8
    2186   12
    2187   12
    2188   12
    2189   12
    2190   12
    2191   12
    2192   12
    2193   12
    2194   12
    2195   12
    2196    8
    2197    8
    2198   13
    2199   13
    2200   13
    2201   13
    2202   13
    2203   13
    2204   13
    2205   13
    2206   13
    2207   13
    2208   13
    2209   13
    2210   13
    2211   13
    2212   13
    2213   13
    2214   13
    2215   13
    2216   13
    2217   13
    2218   13
    2219   13
    2220   13
    2221   13
    2222   13
    2223   13
    2224   13
    2225   13
    2226   13
    2227   13
    2228   13
    2229   13
    2230   13
    2231   13
    2232   13
    2233   13
    2234   13
    2235   13
    2236   13
    2237   13
    2238   13
    2239   13
    2240   13
    2241   13
    2242   13
    2243   13
    2244   13
    2245   13
    2246   13
    2247   13
    2248   13
    2249   13
    2250   10
    2251   10
    2252   10
    2253   11
    2254   11
    2255   11
    2256   11
    2257   11
    2258   11
    2259   11
    2260   11
    2261   10
    2262   10
    2263   10
    2264   10
    2265   10
    2266   10
    2267   10
    2268   10
    2269   10
    2270   10
    2271   10
    2272   10
    2273   10
    2274   10
    2275   10
    2276   10
    2277   10
    2278   10
    2279   10
    2280   10
    2281   10
    2282   10
    2283   10
    2284   10
    2285   10
    2286   10
    2287   10
    2288   10
    2289   10
    2290   10
    2291   10
    2292   10
    2293   10
    2294   10
    2295   10
    2296   10
    2297   10
    2298   10
    2299   10
    2300   10
    2301   10
    2302   10
    2303   10
    2304   10
    2305   10
    2306   12
    2307   12
    2308   12
    2309   12
    2310   10
    2311   10
    2312   10
    2313   10
    2314   10
    2315   13
    2316   13
    2317   13
    2318   13
    2319   13
    2320   13
    2321   13
    2322   13
    2323   13
    2324   13
    2325   13
    2326   13
    2327   13
    2328   13
    2329   13
    2330   13
    2331   13
    2332   13
    2333   13
    2334   13
    2335   13
    2336   13
    2337   13
    2338   13
    2339   10
    2340   10
    2341   10
    2342   13
    2343   13
    2344   13
    2345   13
    2346   13
    2347   13
    2348   13
    2349   13
    2350   13
    2351   13
    2352   13
    2353   13
    2354   13
    2355   13
    2356   13
    2357   13
    2358   13
    2359   13
    2360   13
    2361   13
    2362   13
    2363   13
    2364   13
    2365   13
    2366   13
    2367   13
    2368   13
    2369   13
    2370   13
    2371   13
    2372   13
    2373   13
    2374    9
    2375   12
    2376   12
    2377    1
    2378    1
    2379    1
    2380    1
    2381    3
    2382    3
    2383    5
    2384    7
    2385    8
    2386    8
    2387   12
    2388   12
    2389   12
    2390   12
    2391   12
    2392   12
    2393   12
    2394   12
    2395   12
    2396   12
    2397   12
    2398   12
    2399   10
    2400   10
    2401   10
    2402   10
    2403   10
    2404   10
    2405   13
    2406   13
    2407   13
    2408   13
    2409   13
    2410   13
    2411   13
    2412   13
    2413   13
    2414   13
    2415   13
    2416   13
    2417   13
    2418   13
    2419   13
    2420   13
    2421   13
    2422   13
    2423   13
    2424   13
    2425   13
    2426   13
    2427   13
    2428   13
    2429   13
    2430   13
    2431   13
    2432   13
    2433   13
    2434   13
    2435   13
    2436   13
    2437   10
    2438   12
    2439   12
    2440   12
    2441   12
    2442   12
    2443   12
    2444   12
    2445   12
    2446   12
    2447   10
    2448   10
    2449   10
    2450   10
    2451   10
    2452   10
    2453   10
    2454   10
    2455   10
    2456   10
    2457   10
    2458   10
    2459   10
    2460   10
    2461   10
    2462   10
    2463   10
    2464   10
    2465   10
    2466   10
    2467   10
    2468   10
    2469   10
    2470   10
    2471   10
    2472   10
    2473   10
    2474   10
    2475   10
    2476   10
    2477   10
    2478    6
    2479    5
    2480    1
    2481    1
    2482    1
    2483    1
    2484    1
    2485    1
    2486    1
    2487    1
    2488    5
    2489    1
    2490    5
    2491    6
    2492    5
    2493    4
    2494    4
    2495    4
    2496    4
    2497    4
    2498    6
    2499    8
    2500   12
    2501   12
    2502   12
    2503   12
    2504    1
    2505    1
    2506    1
    2507    1
    2508    1
    2509    1
    2510    1
    2511    1
    2512    1
    2513    3
    2514    6
    2515    6
    2516    1
    2517    1
    2518    1
    2519    1
    2520    1
    2521    1
    2522    1
    2523    1
    2524    3
    2525    3
    2526    6
    2527   10
    2528    9
    2529   10
    2530   10
    2531   10
    2532   10
    2533   10
    2534   10
    2535   10
    2536   13
    2537   13
    2538   13
    2539   13
    2540   13
    2541   13
    2542   13
    2543   13
    2544   13
    2545   13
    2546   13
    2547   13
    2548   13
    2549   13
    2550   13
    2551   13
    2552   13
    2553   13
    2554   13
    2555   13
    2556   13
    2557   13
    2558   13
    2559   13
    2560   13
    2561   13
    2562   13
    2563   13
    2564   13
    2565   13
    2566   13
    2567   13
    2568   13
    2569   13
    2570   13
    2571   13
    2572   13
    2573   13
    2574   13
    2575   13
    2576   13
    2577   13
    2578   13
    2579   13
    2580   13
    2581   13
    2582   13
    2583   13
    2584   13
    2585   13
    2586   13
    2587   13
    2588   13
    2589   13
    2590   13
    2591   13
    2592   13
    2593   13
    2594   13
    2595   13
    2596   13
    2597   13
    2598   13
    2599   13
    2600   13
    2601   13
    2602   13
    2603   13
    2604   13
    2605   13
    2606   13
    2607   13
    2608   13
    2609   13
    2610   13
    2611   13
    2612   13
    2613   13
    2614   13
    2615   13
    2616   13
    2617   13
    2618   13
    2619   13
    2620   13
    2621   13
    2622   13
    2623   13
    2624   13
    2625   13
    2626   13
    2627   13
    2628   13
    2629   13
    2630   13
    2631   13
    2632   13
    2633   13
    2634   13
    2635   13
    2636   13
    2637   13
    2638   13
    2639   13
    2640   13
    2641   13
    2642   13
    2643   13
    2644   13
    2645   13
    2646   13
    2647   13
    2648   13
    2649   13
    2650   13
    2651   13
    2652   13
    2653   13
    2654   13
    2655   13
    2656   13
    2657   13
    2658   13
    2659   13
    2660   13
    2661   13
    2662   13
    2663   13
    2664   13
    2665   13
    2666   13
    2667   13
    2668   13
    2669   13
    2670   13
    2671   13
    2672   13
    2673   13
    2674   13
    2675   13
    2676   13
    2677   14
    2678   14
    2679   14
    2680   14
    2681   14
    2682   14
    2683   14
    2684   14
    2685   14
    2686   13
    2687   13
    2688   13
    2689   13
    2690   13
    2691   13
    2692   13
    2693   13
    2694   13
    2695   13
    2696   13
    2697   13
    2698   13
    2699   13
    2700   13
    2701   13
    2702   13
    2703   13
    2704   13
    2705   13
    2706   13
    2707   13
    2708   13
    2709   13
    2710   13
    2711   13
    2712   13
    2713   13
    2714   13
    2715   13
    2716   13
    2717   13
    2718   14
    2719   14
    2720   14
    2721   14
    2722   14
    2723   14
    2724   14
    2725   14
    2726   14
    2727   14
    2728   14
    2729   14
    2730   14
    2731   14
    2732   14
    2733   14
    2734   14
    2735   14
    2736   14
    2737   14
    2738   14
    2739   14
    2740   14
    2741   14
    2742   14
    2743   14
    2744   14
    2745   14
    2746   14
    2747   14
    2748   14
    2749   14
    2750   14
    2751   14
    2752   14
    2753   14
    2754   14
    2755   14
    2756   14
    2757   14
    2758   14
    2759   14
    2760   14
    2761   14
    2762   14
    2763   14
    2764   14
    2765   14
    2766   14
    2767   14
    2768   14
    2769   14
    2770   14
    2771   14
    2772   14
    2773   14
    2774   14
    2775   14
    2776   14
    2777   13
    2778   13
    2779   13
    2780   13
    2781   13
    2782   12
    2783   12
    2784    6
    2785    5
    2786    1
    2787    1
    2788   12
    2789   12
    2790   12
    2791   12
    2792   13
    2793   13
    2794   13
    2795   13
    2796   13
    2797   13
    2798   13
    2799   13
    2800   13
    2801   13
    2802   13
    2803   13
    2804   13
    2805   13
    2806   13
    2807   13
    2808   13
    2809   13
    2810   13
    2811   13
    2812   13
    2813   13
    2814   13
    2815   13
    2816   13
    2817   13
    2818   13
    2819   13
    2820   13
    2821   13
    2822   13
    2823   13
    2824   13
    2825   13
    2826   13
    2827   13
    2828   13
    2829   13
    2830   13
    2831   13
    2832   13
    2833   13
    2834   13
    2835   13
    2836   13
    2837   13
    2838   13
    2839   13
    2840   13
    2841   13
    2842   13
    2843   13
    2844   13
    2845   13
    2846   13
    2847   13
    2848   13
    2849   13
    2850   13
    2851   10
    2852   10
    2853   13
    2854   13
    2855   13
    2856   13
    2857   13
    2858   13
    2859   13
    2860   13
    2861   13
    2862   13
    2863   13
    2864   13
    2865   13
    2866   13
    2867   13
    2868   13
    2869   13
    2870   13
    2871   13
    2872   13
    2873   13
    2874   13
    2875   13
    2876   13
    2877   13
    2878   13
    2879   13
    2880   13
    2881   13
    2882   13
    2883   13
    2884   13
    2885   13
    2886   13
    2887   13
    2888   13
    2889   13
    2890   13
    2891   13
    2892   13
    2893   13
    2894   13
    2895   13
    2896   13
    2897    8
    2898   12
    2899   12
    2900   12
    2901   10
    2902   10
    2903   10
    2904   10
    2905   10
    2906   10
    2907   10
    2908   10
    2909   10
    2910   10
    2911   10
    2912   10
    2913   10
    2914   10
    2915   12
    2916    8
    2917    1
    2918    1
    2919    1
    2920    3
    2921    5
    2922    6
    2923    1
    2924   12
    2925   12
    2926   12
    2927   12
    2928   12
    2929   12
    2930   12
    2931   12
    2932   12
    2933   10
    2934   10
    2935   10
    2936   10
    2937   10
    2938   10
    2939   10
    2940   10
    2941   13
    2942   13
    2943   13
    2944   13
    2945   13
    2946   13
    2947   13
    2948   13
    2949   13
    2950   13
    2951   13
    2952   13
    2953   13
    2954   13
    2955   13
    2956   13
    2957   13
    2958   13
    2959   13
    2960   13
    2961   13
    2962   13
    2963   13
    2964   13
    2965   13
    2966   13
    2967   13
    2968   13
    2969   13
    2970   12
    2971   13
    2972   14
    2973   14
    2974   14
    2975   13
    2976   13
    2977   13
    2978   13
    2979   13
    2980   13
    2981   13
    2982   13
    2983   13
    2984   13
    2985   13
    2986   13
    2987   13
    2988   13
    2989   13
    2990   13
    2991   13
    2992   13
    2993   13
    2994   10
    2995   10
    2996   10
    2997   10
    2998   10
    2999   13
    3000   13
    3001   13
    3002   13
    3003   13
    3004   13
    3005   13
    3006   13
    3007   13
    3008   13
    3009   13
    3010   13
    3011   13
    3012   10
    3013   10
    3014   10
    3015   10
    3016   10
    3017   10
    3018   10
    3019   10
    3020   10
    3021   12
    3022   12
    3023   12
    3024   12
    3025   12
    3026   12
    3027   12
    3028   10
    3029   10
    3030   10
    3031   10
    3032   10
    3033   10
    3034   10
    3035    9
    3036   12
    3037   12
    3038   12
    3039   12
    3040   10
    3041   10
    3042   10
    3043   10
    3044   12
    3045    7
    3046    6
    3047    1
    3048    1
    3049    1
    3050    1
    3051    1
    3052    1
    3053    1
    3054    1
    3055   12
    3056   12
    3057   12
    3058   12
    3059    1
    3060    1
    3061    1
    3062    1
    3063   12
    3064   12
    3065   12
    3066   12
    3067   12
    3068   12
    3069   12
    3070   12
    3071   12
    3072   12
    3073   12
    3074   12
    3075   12
    3076   12
    3077   12
    3078   12
    3079   12
    3080   12
    3081   10
    3082   10
    3083   10
    3084   10
    3085   10
    3086   10
    3087   10
    3088   10
    3089   10
    3090   10
    3091   10
    3092   10
    3093   10
    3094   10
    3095   10
    3096   10
    3097   10
    3098   10
    3099   10
    3100   10
    3101   10
    3102   10
    3103   10
    3104   10
    3105   10
    3106   10
    3107   10
    3108   10
    3109   10
    3110   10
    3111   10
    3112   10
    3113   10
    3114   10
    3115   10
    3116   10
    3117   10
    3118   10
    3119   10
    3120   10
    3121   10
    3122   10
    3123   11
    3124   11
    3125   11
    3126    9
    3127    9
    3128    8
    3129    7
    3130    8
    3131    8
    3132    9
    3133   11
    3134   11
    3135   11
    3136   11
    3137   11
    3138    9
    3139   10
    3140   10
    3141   10
    3142   10
    3143   10
    3144   10
    3145   10
    3146   10
    3147   10
    3148   10
    3149   10
    3150   10
    3151   10
    3152   10
    3153   10
    3154   10
    3155   10
    3156   10
    3157   10
    3158   10
    3159   10
    3160   10
    3161   10
    3162   10
    3163   10
    3164   10
    3165   10
    3166   10
    3167   10
    3168   10
    3169   10
    3170   10
    3171   10
    3172   12
    3173   12
    3174   12
    3175   12
    3176    8
    3177    8
    3178    8
    3179   12
    3180    8
    3181    8
    3182    7
    3183    7
    3184    7
    3185    7
    3186   12
    3187   12
    3188    8
    3189   11
    3190   11
    3191    9
    3192    9
    3193    8
    3194   12
    3195    7
    3196    8
    3197   10
    3198   10
    3199   10
    3200   10
    3201    8
    3202    8
    3203    8
    3204    8
    3205    8
    3206   12
    3207   12
    3208    8
    3209    8
    3210    6
    3211    8
    3212    8
    3213    8
    3214    8
    3215    6
    3216    4
    3217    4
    3218    4
    3219    4
    3220    4
    3221    4
    3222    6
    3223    5
    3224    5
    3225    5
    3226    3
    3227    6
    3228    5
    3229    4
    3230    4
    3231    4
    3232    4
    3233    4
    3234    3
    3235    3
    3236    3
    3237    3
    3238    3
    3239    3
    3240    3
    3241    3
    3242    3
    3243    3
    3244    3
    3245    4
    3246    5
    3247    6
    3248    6
    3249    8
    3250   12
    3251    7
    3252   12
    3253   12
    3254   12
    3255   12
    3256   12
    3257   12
    3258   12
    3259   12
    3260    1
    3261    1
    3262    1
    3263    1
    3264    1
    3265    1
    3266    1
    3267    3
    3268    5
    3269    6
    3270    7
    3271    8
    3272    6
    3273    5
    3274    5
    3275    5
    3276    1
    3277    5
    3278   12
    3279   12
    3280   12
    3281   12
    3282   12
    3283   12
    3284   12
    3285   12
    3286   12
    3287   12
    3288   12
    3289    1
    3290    5
    3291    8
    3292   12
    3293    7
    3294    7
    3295   12
    3296   12
    3297   12
    3298    8
    3299    7
    3300    1
    3301    1
    3302    1
    3303    1
    3304    1
    3305    1
    3306    3
    3307    3
    3308    3
    3309    5
    3310    3
    3311    5
    3312    5
    3313    5
    3314    3
    3315    5
    3316    5
    3317    4
    3318    6
    3319    5
    3320    3
    3321    3
    3322    3
    3323    3
    3324    3
    3325    5
    3326    6
    3327    6
    3328    1
    3329    1
    3330    1
    3331    1
    3332   12
    3333   12
    3334   12
    3335   12
    3336    7
    3337   12
    3338   12
    3339   12
    3340    5
    3341    6
    3342   12
    3343   12
    3344   12
    3345   12
    3346   12
    3347   12
    3348   12
    3349   12
    3350   12
    3351   12
    3352    8
    3353    6
    3354   12
    3355   12
    3356   12
    3357   12
    3358    1
    3359    1
    3360    1
    3361    1
    3362    1
    3363    1
    3364    1
    3365    1
    3366    5
    3367    6
    3368   12
    3369    9
    3370   11
    3371    9
    3372    9
    3373   10
    3374   10
    3375   10
    3376    8
    3377    6
    3378    3
    3379    3
    3380    3
    3381    1
    3382    1
    3383    3
    3384    3
    3385    1
    3386    1
    3387    1
    3388    1
    3389    1
    3390   12
    3391   10
    3392   10
    3393   10
    3394   10
    3395    9
    3396   11
    3397    8
    3398    8
    3399   12
    3400   12
    3401   12
    3402   12
    3403   12
    3404   12
    3405   12
    3406    9
    3407    8
    3408   12
    3409   12
    3410   12
    3411   12
    3412    9
    3413    9
    3414   11
    3415   11
    3416   11
    3417   11
    3418   11
    3419   11
    3420   11
    3421    9
    3422   11
    3423   11
    3424    7
    3425    8
    3426    8
    3427    7
    3428    1
    3429    1
    3430    1
    3431    1
    3432    1
    3433    1
    3434    1
    3435    1
    3436    8
    3437    7
    3438   12
    3439   12
    3440   12
    3441   12
    3442    8
    3443    8
    3444    7
    3445    8
    3446   12
    3447    1
    3448    1
    3449    1
    3450    1
    3451    1
    3452    1
    3453    1
    3454    1
    3455   12
    3456   12
    3457   12
    3458    1
    3459    1
    3460    1
    3461   12
    3462   12
    3463   12
    3464   12
    3465   12
    3466   12
    3467   12
    3468   12
    3469   12
    3470   12
    3471   12
    3472   12
    3473   12
    3474   12
    3475    1
    3476    1
    3477    1
    3478    1
    3479    1
    3480    1
    3481    1
    3482    1
    3483    1
    3484    1
    3485    1
    3486    1
    3487    1
    3488   12
    3489   12
    3490   12
    3491    1
    3492    1
    3493   12
    3494   12
    3495   12
    3496    1
    3497   12
    3498    4
    3499    4
    3500    4
    3501    4
    3502    3
    3503    5
    3504    3
    3505    3
    3506    6
    3507    9
    3508    9
    3509    9
    3510   11
    3511   11
    3512   11
    3513   11
    3514   11
    3515   11
    3516   11
    3517    9
    3518   10
    3519   10
    3520    7
    3521   12
    3522    9
    3523    9
    3524    9
    3525   13
    3526   13
    3527   13
    3528   13
    3529   13
    3530   13
    3531   13
    3532   13
    3533   13
    3534   13
    3535   13
    3536   13
    3537   13
    3538   13
    3539   13
    3540   13
    3541   13
    3542   13
    3543   13
    3544   13
    3545   13
    3546   13
    3547   13
    3548   13
    3549   13
    3550   13
    3551   13
    3552   13
    3553   13
    3554   13
    3555   13
    3556   13
    3557   13
    3558   13
    3559   13
    3560   13
    3561   13
    3562   13
    3563   13
    3564   13
    3565   13
    3566   13
    3567   13
    3568    8
    3569    6
    3570    4
    3571    4
    3572    1
    3573    1
    3574    1
    3575    1
    3576    1
    3577    1
    3578    1
    3579   12
    3580   12
    3581    8
    3582   10
    3583   10
    3584   10
    3585   10
    3586   10
    3587   10
    3588   12
    3589   12
    3590   12
    3591   10
    3592   10
    3593   10
    3594   10
    3595   15
    3596   15
    3597   15
    3598   15
    3599   14
    3600   14
    3601   14
    3602   14
    3603   14
    3604   14
    3605   14
    3606   14
    3607   14
    3608   14
    3609   14
    3610   14
    3611   14
    3612   14
    3613   14
    3614   14
    3615   14
    3616   14
    3617   14
    3618   14
    3619   14
    3620   14
    3621   14
    3622   14
    3623   14
    3624   14
    3625   14
    3626   14
    3627   14
    3628   14
    3629   10
    3630   10
    3631   10
    3632   10
    3633   10
    3634   10
    3635   10
    3636   10
    3637   10
    3638   10
    3639   10
    3640   10
    3641   10
    3642   10
    3643   14
    3644   14
    3645   14
    3646   14
    3647   14
    3648   14
    3649   14
    3650   14
    3651   14
    3652   14
    3653   14
    3654   14
    3655   13
    3656   13
    3657   13
    3658   13
    3659   13
    3660   13
    3661   13
    3662   13
    3663   13
    3664   13
    3665   13
    3666   13
    3667   13
    3668   13
    3669   13
    3670   13
    3671   13
    3672   13
    3673   13
    3674   13
    3675   13
    3676   13
    3677   13
    3678   13
    3679   13
    3680   13
    3681   13
    3682   13
    3683   13
    3684   13
    3685   13
    3686   13
    3687   13
    3688   13
    3689   13
    3690   10
    3691   10
    3692   13
    3693   13
    3694   13
    3695   13
    3696   13
    3697   13
    3698   13
    3699   13
    3700   13
    3701   13
    3702   13
    3703   13
    3704   13
    3705   13
    3706   13
    3707   13
    3708   13
    3709   13
    3710   13
    3711    8
    3712    8
    3713    9
    3714   11
    3715    8
    3716    8
    3717   12
    3718   12
    3719    6
    3720    3
    3721    3
    3722    3
    3723    5
    3724    5
    3725    5
    3726    5
    3727    4
    3728    4
    3729    4
    3730    4
    3731   12
    3732   12
    3733   12
    3734    4
    3735    4
    3736   12
    3737   12
    3738   12
    3739   10
    3740   10
    3741   10
    3742   10
    3743   10
    3744   10
    3745   10
    3746   10
    3747   10
    3748   10
    3749   10
    3750   10
    3751   10
    3752   10
    3753   10
    3754   10
    3755   10
    3756   10
    3757   10
    3758   10
    3759   10
    3760   12
    3761   12
    3762   12
    3763   12
    3764   12
    3765   12
    3766   12
    3767   10
    3768   10
    3769   10
    3770   10
    3771   10
    3772   10
    3773   10
    3774   10
    3775   10
    3776    8
    3777   13
    3778   13
    3779   13
    3780   13
    3781   13
    3782   13
    3783   13
    3784   13
    3785   13
    3786   13
    3787   13
    3788   13
    3789   13
    3790   13
    3791   13
    3792   13
    3793   13
    3794   13
    3795   13
    3796   13
    3797   13
    3798   13
    3799   13
    3800   13
    3801   13
    3802   13
    3803   13
    3804   13
    3805   13
    3806   13
    3807   13
    3808   13
    3809   13
    3810   13
    3811   13
    3812   13
    3813   13
    3814   13
    3815   13
    3816   13
    3817   13
    3818   13
    3819   13
    3820   13
    3821   13
    3822   13
    3823   13
    3824   13
    3825   13
    3826   13
    3827   13
    3828   13
    3829   13
    3830   13
    3831   13
    3832   13
    3833   13
    3834   14
    3835   14
    3836   14
    3837   13
    3838   13
    3839   13
    3840   13
    3841   13
    3842   13
    3843   13
    3844   13
    3845   13
    3846   13
    3847   13
    3848   13
    3849   13
    3850   13
    3851   13
    3852   13
    3853   13
    3854   13
    3855   13
    3856   13
    3857   13
    3858   13
    3859   13
    3860   13
    3861   13
    3862   13
    3863   13
    3864   13
    3865   13
    3866   13
    3867   10
    3868   10
    3869   10
    3870   10
    3871   10
    3872    9
    3873   12
    3874   12
    3875   12
    3876   12
    3877   12
    3878   12
    3879   12
    3880   12
    3881   12
    3882   12
    3883   12
    3884   12
    3885   12
    3886   12
    3887   12
    3888   12
    3889   12
    3890    7
    3891   12
    3892   12
    3893   12
    3894   12
    3895   12
    3896   12
    3897   12
    3898   12
    3899   12
    3900   12
    3901   12
    3902   12
    3903   12
    3904   12
    3905   12
    3906   12
    3907   12
    3908   13
    3909   10
    3910   10
    3911   10
    3912   10
    3913   10
    3914   10
    3915   10
    3916   10
    3917   10
    3918   13
    3919   13
    3920   13
    3921   13
    3922   13
    3923   13
    3924   13
    3925   13
    3926   13
    3927   13
    3928   13
    3929   13
    3930   13
    3931   13
    3932   13
    3933   13
    3934   13
    3935   13
    3936    9
    3937   10
    3938   10
    3939   10
    3940   10
    3941   10
    3942   10
    3943    9
    3944   10
    3945   10
    3946   10
    3947   10
    3948   10
    3949   10
    3950   10
    3951   10
    3952   10
    3953   10
    3954   10
    3955   10
    3956   10
    3957   10
    3958   10
    3959   10
    3960   10
    3961   10
    3962   10
    3963   10
    3964   10
    3965   10
    3966   10
    3967   10
    3968   10
    3969    9
    3970    8
    3971    8
    3972   10
    3973   10
    3974   10
    3975   10
    3976    9
    3977   10
    3978   10
    3979   10
    3980   10
    3981   10
    3982   10
    3983   10
    3984   10
    3985   10
    3986   10
    3987    8
    3988    8
    3989   10
    3990   12
    3991    8
    3992   11
    3993   11
    3994    9
    3995    6
    3996    7
    3997    8
    3998    9
    3999    8
    4000    7
    4001    6
    4002    6
    4003   12
    4004    7
    4005    8
    4006   12
    4007   12
    4008   12
    4009   12
    4010   12
    4011   12
    4012   12
    4013   12
    4014   12
    4015   12
    4016   12
    4017   12
    4018   12
    4019    8
    4020    8
    4021   12
    4022   12
    4023   12
    4024   12
    4025   12
    4026   12
    4027    4
    4028    4
    4029    4
    4030    7
    4031   12
    4032    8
    4033   12
    4034   12
    4035   12
    4036   12
    4037   12
    4038   12
    4039   12
    4040   12
    4041   12
    4042   12
    4043   12
    4044   12
    4045   12
    4046   10
    4047   10
    4048   10
    4049   10
    4050   10
    4051   10
    4052   10
    4053   10
    4054   10
    4055   10
    4056   10
    4057   10
    4058   10
    4059   10
    4060   10
    4061    9
    4062   10
    4063   10
    4064   10
    4065   10
    4066   10
    4067    8
    4068   12
    4069   12
    4070   12
    4071   12
    4072   10
    4073   10
    4074   10
    4075   10
    4076   10
    4077    8
    4078    8
    4079   10
    4080   10
    4081   10
    4082   10
    4083   10
    4084    8
    4085    7
    4086   10
    4087   10
    4088   10
    4089   10
    4090   10
    4091   10
    4092    8
    4093    9
    4094   11
    4095   11
    4096   11
    4097   11
    4098    9
    4099    7
    4100   12
    4101   12
    4102   12
    4103    1
    4104    1
    4105    1
    4106    1
    4107    1
    4108    3
    4109    3
    4110    3
    4111    3
    4112    6
    4113    4
    4114    1
    4115    1
    4116    1
    4117    1
    4118    1
    4119    1
    4120    1
    4121   12
    4122   12
    4123   12
    4124    9
    4125    9
    4126    9
    4127   10
    4128   10
    4129   10
    4130   10
    4131   10
    4132   10
    4133   10
    4134   10
    4135   10
    4136    9
    4137   12
    4138    7
    4139    6
    4140    4
    4141    4
    4142    4
    4143    4
    4144    4
    4145    1
    4146    1
    4147    1
    4148    1
    4149    1
    4150    5
    4151    1
    4152    1
    4153    1
    4154    1
    4155    1
    4156    1
    4157    1
    4158    6
    4159    4
    4160   12
    4161   12
    4162   12
    4163   12
    4164   12
    4165    7
    4166    8
    4167   12
    4168    1
    4169    1
    4170    1
    4171    1
    4172    1
    4173   12
    4174   12
    4175    9
    4176    9
    4177    7
    4178    7
    4179    8
    4180    8
    4181    5
    4182    6
    4183    6
    4184    1
    4185    1
    4186    1
    4187    3
    4188    1
    4189    1
    4190    1
    4191    1
    4192    5
    4193    5
    4194    3
    4195    3
    4196    3
    4197    5
    4198    6
    4199   12
    4200    8
    4201    7
    4202    7
    4203    7
    4204    7
    4205    8
    4206    8
    4207    6
    4208    5
    4209    3
    4210    3
    4211    3
    4212    1
    4213    1
    4214    1
    4215    3
    4216    2
    4217    2
    4218    3
    4219    3
    4220    5
    4221    2
    4222   11
    4223   11
    4224   11
    4225   10
    4226   10
    4227   10
    4228   10
    4229   10
    4230   10
    4231   10
    4232   10
    4233   10
    4234   10
    4235   10
    4236   10
    4237   10
    4238   10
    4239   10
    4240   10
    4241   10
    4242   10
    4243   10
    4244   10
    4245   10
    4246   10
    4247   10
    4248   10
    4249   10
    4250   10
    4251   10
    4252   10
    4253   10
    4254   10
    4255   10
    4256   10
    4257   11
    4258   11
    4259   11
    4260    9
    4261   11
    4262   10
    4263   10
    4264   10
    4265   10
    4266   10
    4267   10
    4268   10
    4269   10
    4270   10
    4271   10
    4272   10
    4273   10
    4274   10
    4275   10
    4276   10
    4277   10
    4278   10
    4279   10
    4280   10
    4281   10
    4282   10
    4283   10
    4284   10
    4285   10
    4286   10
    4287   10
    4288   10
    4289   10
    4290   10
    4291   10
    4292   10
    4293   10
    4294   10
    4295   10
    4296   10
    4297   10
    4298   10
    4299   10
    4300   10
    4301   10
    4302   10
    4303   12
    4304   12
    4305   12
    4306    1
    4307    1
    4308    1
    4309    1
    4310    1
    4311    1
    4312    1
    4313    1
    4314    1
    4315    1
    4316    1
    4317    1
    4318    1
    4319    3
    4320    3
    4321    3
    4322    3
    4323    3
    4324    5
    4325    6
    4326    1
    4327    1
    4328    1
    4329    3
    4330    3
    4331    1
    4332    3
    4333    3
    4334    5
    4335    6
    4336    7
    4337    8
    4338   12
    4339    8
    4340    8
    4341    7
    4342    8
    4343    7
    4344    8
    4345    8
    4346    8
    4347   12
    4348   10
    4349   10
    4350   10
    4351    9
    4352   10
    4353   10
    4354   10
    4355   10
    4356   10
    4357    9
    4358   12
    4359   12
    4360   12
    4361   12
    4362   12
    4363   12
    4364   13
    4365   13
    4366   13
    4367   13
    4368   13
    4369   13
    4370   13
    4371   13
    4372   10
    4373   10
    4374   10
    4375   10
    4376   10
    4377   10
    4378   10
    4379   10
    4380   10
    4381   10
    4382   10
    4383   10
    4384   10
    4385    8
    4386   10
    4387   10
    4388   10
    4389   10
    4390   10
    4391   10
    4392    9
    4393   10
    4394   10
    4395   10
    4396   12
    4397   12
    4398   12
    4399   12
    4400   12
    4401   12
    4402   12
    4403   12
    4404   12
    4405   12
    4406   12
    4407   12
    4408   12
    4409   12
    4410   12
    4411   10
    4412   10
    4413   10
    4414   10
    4415   10
    4416   10
    4417   10
    4418   10
    4419   10
    4420   10
    4421   10
    4422   10
    4423   10
    4424   10
    4425    6
    4426    5
    4427    4
    4428    4
    4429    5
    4430    3
    4431    4
    4432    4
    4433    4
    4434    4
    4435    5
    4436    5
    4437    4
    4438    4
    4439    4
    4440    4
    4441    4
    4442    4
    4443    4
    4444    4
    4445    4
    4446    5
    4447    5
    4448    5
    4449    3
    4450    5
    4451    5
    4452    5
    4453    1
    4454    1
    4455    1
    4456    1
    4457    1
    4458    1
    4459    1
    4460    1
    4461    1
    4462    1
    4463    1
    4464    1
    4465   12
    4466   12
    4467   12
    4468   12
    4469    1
    4470    1
    4471    1
    4472    3
    4473    5
    4474    6
    4475   12
    4476   12
    4477   12
    4478   12
    4479   12
    4480   10
    4481   10
    4482   10
    4483   10
    4484   10
    4485   10
    4486   10
    4487   10
    4488   10
    4489   12
    4490   12
    4491   12
    4492   12
    4493    9
    4494   10
    4495   13
    4496   13
    4497   13
    4498   13
    4499   13
    4500   13
    4501   13
    4502   13
    4503   13
    4504   13
    4505   13
    4506   13
    4507   13
    4508   13
    4509   13
    4510   13
    4511   13
    4512   13
    4513   13
    4514   13
    4515   13
    4516   13
    4517   13
    4518   13
    4519   13
    4520   13
    4521   13
    4522   13
    4523   13
    4524   13
    4525   13
    4526   14
    4527   14
    4528   13
    4529   13
    4530   13
    4531   13
    4532   13
    4533   13
    4534   13
    4535   13
    4536   10
    4537   10
    4538   13
    4539   13
    4540   13
    4541   13
    4542   13
    4543   13
    4544   13
    4545   13
    4546   13
    4547   13
    4548   13
    4549   13
    4550   13
    4551   13
    4552   13
    4553   13
    4554   13
    4555   13
    4556   13
    4557   13
    4558   13
    4559   13
    4560   13
    4561   13
    4562   13
    4563   13
    4564   13
    4565   13
    4566   13
    4567   13
    4568   13
    4569   13
    4570   13
    4571   13
    4572   13
    4573   13
    4574   13
    4575   13
    4576   13
    4577   13
    4578   13
    4579   13
    4580   13
    4581   13
    4582   13
    4583   13
    4584   13
    4585   14
    4586   14
    4587   14
    4588   14
    4589   14
    4590   14
    4591   13
    4592   13
    4593   13
    4594   13
    4595   13
    4596   13
    4597   13
    4598   13
    4599   13
    4600   13
    4601   13
    4602   13
    4603   13
    4604   13
    4605   13
    4606   13
    4607   13
    4608   13
    4609   13
    4610   13
    4611   13
    4612   13
    4613   13
    4614   13
    4615   13
    4616   13
    4617   13
    4618   13
    4619   13
    4620   13
    4621   13
    4622   13
    4623   13
    4624   10
    4625   10
    4626   13
    4627   13
    4628   13
    4629   13
    4630   13
    4631   13
    4632   13
    4633   13
    4634   13
    4635   13
    4636   13
    4637   13
    4638   13
    4639   13
    4640   13
    4641   13
    4642   13
    4643   13
    4644   13
    4645   13
    4646   13
    4647   13
    4648   13
    4649   13
    4650   13
    4651   13
    4652   13
    4653   13
    4654   13
    4655   10
    4656   10
    4657   10
    4658   10
    4659   10
    4660   13
    4661   13
    4662   13
    4663   13
    4664   13
    4665   13
    4666   13
    4667   13
    4668   13
    4669   13
    4670   13
    4671   13
    4672   13
    4673   13
    4674   13
    4675   13
    4676   13
    4677   13
    4678   13
    4679   13
    4680   13
    4681   13
    4682   13
    4683   13
    4684   12
    4685   12
    4686    7
    4687   12
    4688   12
    4689   12
    4690   12
    4691   12
    4692   12
    4693   12
    4694   12
    4695   12
    4696    7
    4697   12
    4698   12
    4699   12
    4700   12
    4701    8
    4702   12
    4703    1
    4704    1
    4705    1
    4706    1
    4707    1
    4708    1
    4709    1
    4710    1
    4711    1
    4712    3
    4713    3
    4714    5
    4715    7
    4716   12
    4717   12
    4718   12
    4719   12
    4720   12
    4721   12
    4722    6
    4723    1
    4724    1
    4725    1
    4726    1
    4727    1
    4728    1
    4729    1
    4730    1
    4731    3
    4732    3
    4733    6
    4734    7
    4735   12
    4736    8
    4737    7
    4738    8
    4739    8
    4740    8
    4741    8
    4742    8
    4743    8
    4744   12
    4745    8
    4746    8
    4747   10
    4748   10
    4749   10
    4750   10
    4751   12
    4752    8
    4753    8
    4754    8
    4755    8
    4756   12
    4757   12
    4758   12
    4759    7
    4760    7
    4761    6
    4762    5
    4763    3
    4764    3
    4765    5
    4766    5
    4767    1
    4768   12
    4769   12
    4770   12
    4771   12
    4772    8
    4773    8
    4774    8
    4775    6
    4776    3
    4777    3
    4778    1
    4779    3
    4780    4
    4781    4
    4782   12
    4783   12
    4784   12
    4785   12
    4786   12
    4787   12
    4788    1
    4789    1
    4790    1
    4791   12
    4792   12
    4793    8
    4794    5
    4795    4
    4796    5
    4797    6
    4798   12
    4799   12
    4800    8
    4801    7
    4802   12
    4803   12
    4804   12
    4805   12
    4806    1
    4807    1
    4808    1
    4809   12
    4810    1
    4811   12
    4812   12
    4813   12
    4814   12
    4815   12
    4816   12
    4817   12
    4818   12
    4819   12
    4820   12
    4821    7
    4822   12
    4823    7
    4824    8
    4825   12
    4826   12
    4827    8
    4828    7
    4829    8
    4830    8
    4831    7
    4832    8
    4833    7
    4834    8
    4835    8
    4836   12
    4837   12
    4838    8
    4839    7
    4840    7
    4841    8
    4842   11
    4843   11
    4844   11
    4845   11
    4846    9
    4847   10
    4848   10
    4849   10
    4850   10
    4851   10
    4852   10
    4853   10
    4854   10
    4855   10
    4856   10
    4857   10
    4858   10
    4859   10
    4860   10
    4861   10
    4862   10
    4863   10
    4864    9
    4865   12
    4866   12
    4867   12
    4868   12
    4869   10
    4870   12
    4871    8
    4872   12
    4873   12
    4874   12
    4875   12
    4876   12
    4877   12
    4878    8
    4879   12
    4880   12
    4881   12
    4882   12
    4883   12
    4884   12
    4885   12
    4886   10
    4887   10
    4888   10
    4889   10
    4890   10
    4891   10
    4892   10
    4893   10
    4894   10
    4895   10
    4896   10
    4897   10
    4898   10
    4899   10
    4900   10
    4901   10
    4902   10
    4903   12
    4904   12
    4905   12
    4906   12
    4907   10
    4908   10
    4909    9
    4910    6
    4911    4
    4912    4
    4913    4
    4914    4
    4915    4
    4916    1
    4917   12
    4918   12
    4919   12
    4920    1
    4921   12
    4922   12
    4923   12
    4924   12
    4925   12
    4926   12
    4927   12
    4928   12
    4929   12
    4930   12
    4931   12
    4932   12
    4933   12
    4934   12
    4935   12
    4936    7
    4937    5
    4938    1
    4939    1
    4940    3
    4941    5
    4942    1
    4943    1
    4944    1
    4945    1
    4946    1
    4947    1
    4948    1
    4949    1
    4950    1
    4951    1
    4952    1
    4953    1
    4954    1
    4955    1
    4956    1
    4957    7
    4958    7
    4959    8
    4960   12
    4961   12
    4962   12
    4963   12
    4964    6
    4965    3
    4966    1
    4967    1
    4968    1
    4969   12
    4970   12
    4971   12
    4972   12
    4973    8
    4974    7
    4975    7
    4976    7
    4977    7
    4978   12
    4979   12
    4980   12
    4981   12
    4982   12
    4983   12
    4984   12
    4985   12
    4986   12
    4987   12
    4988   12
    4989    8
    4990   12
    4991   12
    4992   12
    4993   12
    4994   12
    4995   12
    4996   12
    4997   12
    4998    8
    4999    8
    5000   12
