12 2
19 4
26 2
55 2
59 4
81 1
106 4
113 4
176 1
205 2
267 1
273 2
318 4
469 2
566 4
813 2
842 2
855 2
857 2
873 4
887 4
900 1
903 1
905 2
906 1
910 1
917 4
934 2
940 1
954 4
972 1
983 2
987 4
999 4
1004 4
1006 4
1011 2
1015 2
1028 1
1045 1
1054 4
1056 1
1099 2
1112 4
1121 4
1144 4
1145 2
1158 4
1189 4
1193 2
1199 4
1201 2
1206 4
1213 4
1214 4
1221 1
1236 4
1251 2
1255 2
1269 1
1285 2
1299 2
1305 2
1309 2
1314 2
1315 2
1320 4
1322 1
1385 0
1410 1
1419 1
1426 4
1430 1
1432 1
1444 1
1457 1
1498 1
1507 2
1516 0
1532 1
1545 2
1549 4
1553 4
1558 2
1573 2
1615 1
1621 1
1637 1
1665 2
1671 2
1674 2
1693 1
1703 1
1731 4
1762 2
1782 2
1790 2
1792 2
1798 2
1912 2
1920 2
1924 4
1925 4
1933 1
1935 4
1938 2
1942 1
1945 1
1961 4
1964 4
1988 1
1989 1
1997 2
2002 2
2015 1
2020 4
2028 2
2038 2
2042 1
2046 1
2066 2
2073 4
2076 2
2091 1
2093 1
2101 2
2102 1
2103 1
2114 2
2129 4
2130 4
2139 4
2140 1
2141 2
2143 1
2158 4
2160 1
2170 4
2177 2
2203 2
2208 2
2210 2
2211 2
2212 4
2220 4
2222 1
2233 4
2248 1
2267 4
2273 1
2274 2
2282 1
2283 2
2292 1
2293 2
2303 1
2304 1
2309 1
2310 1
2311 2
2313 2
2314 4
2330 1
2332 2
2340 4
2348 4
2349 2
2353 2
2360 2
2367 2
2372 4
2379 2
2385 4
2404 4
2412 1
2417 1
2418 1
2425 2
2433 2
2441 2
2443 4
2445 4
2477 4
2480 1
2490 1
2519 1
2532 4
2534 1
2551 1
2553 4
2559 2
2562 4
2565 1
2568 4
2571 4
2581 4
2584 0
2585 4
2588 1
2591 4
2594 4
2597 4
2604 1
2609 2
2611 4
2612 1
2618 1
2619 4
2624 2
2626 4
2629 1
2634 4
2635 1
2644 2
2650 1
2654 2
2663 2
2672 4
2676 2
2677 1
2679 2
2680 1
2710 4
2711 1
2712 1
2716 2
2721 2
2729 2
2734 4
2735 2
2736 1
2743 1
2747 1
2748 1
2764 4
2788 1
2800 4
2805 4
2808 2
2825 2
2827 4
2832 1
2833 4
2842 1
2843 1
2844 2
2873 2
2877 4
2886 4
2900 2
2916 4
2922 4
2945 1
2989 1
2991 4
3004 2
3022 2
3023 1
3030 2
3035 4
3042 4
3053 2
3054 2
3060 2
3063 1
3075 2
3084 2
3088 4
3099 4
3105 2
3111 1
3141 2
3142 2
3146 2
3185 1
3200 2
3213 4
3219 4
3222 1
3233 2
3243 1
3255 4
3262 1
3266 4
3279 1
3303 2
3310 2
3317 1
3319 1
3334 2
3339 2
3346 4
3347 4
3351 2
3364 4
3369 2
3371 2
3390 4
3398 4
3400 1
3404 4
3428 2
3429 2
3436 4
3455 1
3457 2
3459 4
3470 2
3491 1
3501 1
3502 1
3507 2
3510 2
3516 1
3524 0
3525 2
3532 2
3535 1
3542 1
3552 1
3566 2
3570 1
3597 2
3599 1
3601 1
3641 2
3650 2
3693 4
3708 2
3728 2
3738 2
3749 4
3768 1
3789 2
3794 1
3795 2
3800 1
3813 1
3827 4
3832 1
3855 2
3856 4
3864 1
3866 1
3870 4
3884 2
3967 4
3973 2
3990 1
4056 2
4104 1
4128 1
4129 2
4149 2
4159 1
4163 4
4177 2
4195 1
4200 2
4202 4
4207 2
4213 1
4231 2
4232 1
4240 2
4250 1
4255 4
4258 2
4261 1
4268 4
4279 4
4285 2
4287 2
4312 2
4315 4
4331 4
4335 4
4341 1
4349 4
4350 4
4351 2
4354 1
4363 1
4375 1
4381 2
4403 4
4409 4
4415 4
4421 1
4427 1
4437 4
4440 2
4446 1
4456 2
4473 1
4478 2
4501 2
4504 4
4507 2
4526 4
4539 4
4569 4
4574 4
4587 2
4596 2
4608 1
4620 2
4623 4
4628 4
4636 1
4640 4
4647 1
4661 1
4665 2
4671 4
4674 1
4685 1
4693 2
4695 4
4716 4
4728 1
4739 4
4746 2
4748 4
4749 4
4762 4
4784 2
4785 4
4790 1
4794 1
4807 4
4809 1
4810 2
4813 4
4814 1
4824 4
4829 4
4838 1
4841 2
4842 4
4846 4
4847 2
4848 1
4855 2
4862 2
4880 2
4885 4
4889 4
4913 1
4920 4
4925 4
4928 1
