53 4
54 4
107 4
118 4
123 1
128 4
143 4
147 2
166 2
168 4
185 1
199 4
227 4
231 2
241 2
266 4
293 4
301 2
308 1
310 1
312 4
317 2
322 1
326 4
327 2
329 1
338 1
342 1
348 2
360 1
364 1
369 1
383 1
391 2
392 2
398 2
401 4
409 4
410 2
417 1
437 1
442 4
446 2
447 1
457 2
475 2
485 2
488 1
494 2
499 0
511 1
524 4
533 4
537 2
574 1
597 2
744 1
761 1
843 2
878 1
879 4
883 0
894 1
896 2
905 2
908 2
918 1
926 4
927 1
944 4
945 4
947 4
966 2
979 4
987 1
994 4
1002 1
1008 2
1010 1
1026 1
1045 1
1053 1
1073 1
1076 4
1085 0
1089 2
1091 1
1109 1
1121 1
1123 1
1136 2
1141 1
1164 4
1169 2
1178 2
1181 4
1187 2
1193 2
1198 1
1199 2
1205 1
1207 1
1209 1
1224 1
1233 2
1234 1
1252 4
1257 4
1267 2
1275 2
1278 2
1281 2
1296 4
1330 1
1333 2
1335 4
1340 1
1346 4
1363 4
1386 4
1391 2
1395 2
1406 4
1408 4
1410 1
1412 1
1416 4
1421 4
1423 2
1429 4
1434 4
1451 1
1461 1
1463 4
1466 4
1484 2
1497 4
1527 4
1531 4
1543 4
1554 4
1561 2
1563 4
1566 2
1572 2
1573 4
1575 2
1577 2
1583 2
1588 1
1590 1
1592 4
1605 1
1609 2
1610 4
1614 2
1616 4
1621 2
1630 1
1640 2
1642 2
1651 2
1652 4
1658 2
1660 4
1666 2
1669 2
1676 2
1679 2
1688 4
1692 4
1693 4
1701 1
1706 2
1708 2
1718 1
1720 2
1723 4
1728 1
1738 4
1741 1
1750 1
1757 2
1760 2
1761 2
1766 4
1782 2
1785 1
1788 2
1789 4
1791 1
1795 1
1807 2
1810 2
1814 1
1815 4
1821 4
1823 4
1828 4
1840 4
1850 2
1857 2
1878 2
1986 1
1988 1
1991 4
2005 4
2012 2
2020 2
2032 2
2035 2
2046 1
2050 4
2058 2
2063 2
2120 1
2212 2
2215 1
2217 1
2218 4
2232 1
2233 2
2240 2
2246 4
2255 4
2258 1
2261 1
2263 4
2270 4
2282 4
2283 1
2291 4
2299 4
2305 2
2311 2
2313 4
2326 4
2329 1
2339 2
2351 1
2369 4
2382 4
2387 1
2389 4
2390 2
2397 4
2398 2
2400 4
2401 2
2402 1
2406 1
2413 4
2415 4
2419 1
2423 4
2430 4
2437 4
2440 1
2447 1
2455 1
2457 1
2461 4
2465 4
2474 1
2478 4
2484 1
2503 4
2505 2
2507 4
2517 4
2518 1
2539 2
2554 2
2557 2
2571 4
2580 2
2582 4
2599 4
2604 4
2607 4
2610 4
2624 1
2625 2
2629 1
2634 2
2642 1
2647 4
2651 4
2652 4
2653 1
2655 2
2666 1
2669 4
2672 1
2699 4
2704 1
2708 4
2717 1
2726 2
2727 2
2731 4
2743 4
2747 4
2750 2
2751 4
2758 4
2760 4
2779 4
2787 2
2789 4
2798 1
2804 2
2809 1
2841 4
2843 2
2844 4
2850 4
2854 4
2859 2
2864 2
2874 4
2875 4
2894 4
2922 2
2923 1
2932 2
2940 2
2953 1
2955 4
2959 4
2964 2
2965 1
2968 4
2971 1
2979 0
2990 2
2999 1
3002 1
3018 1
3019 1
3023 2
3030 2
3036 4
3049 2
3059 4
3060 0
3068 4
3070 2
3092 2
3095 2
3097 1
3100 4
3101 4
3105 4
3116 1
3121 4
3130 4
3141 2
3143 2
3146 2
3154 2
3161 4
3163 1
3167 1
3180 4
3187 2
3190 4
3195 2
3196 4
3202 1
3203 4
3211 4
3215 4
3236 2
3237 4
3239 4
3245 0
3274 1
3279 2
3289 4
3298 4
3303 1
3311 2
3331 1
3349 2
3352 4
3373 4
3375 4
3384 2
3393 2
3399 4
3409 4
3412 4
3435 2
3442 1
3458 2
3460 1
3469 2
3475 4
3478 2
3481 2
3482 2
3486 1
3487 4
3505 4
3520 4
3521 4
3533 4
3540 2
3553 2
3560 4
3569 1
3580 2
3581 1
3583 2
3586 4
3589 4
3596 4
3603 1
3604 2
3614 2
3622 1
3623 1
3629 2
3633 4
3636 2
3644 2
3657 4
3729 2
3749 2
3751 4
3770 1
3807 2
3821 2
3851 2
3940 2
3974 4
3986 4
4050 2
4056 1
4060 1
4083 1
4106 4
4120 1
4135 1
4139 1
4148 2
4155 2
4162 1
4168 2
4174 2
4181 4
4191 2
4199 4
4232 2
4233 4
4238 4
4279 1
4321 4
4329 2
4330 2
4331 1
4332 1
4335 2
4345 1
4361 1
4363 4
4386 4
4394 2
4396 4
4404 4
4406 4
4410 4
4424 1
4429 4
4434 4
4437 1
4438 1
4444 4
4458 1
4465 2
4516 1
4517 2
4518 2
4519 4
4524 4
4537 4
4553 1
4554 1
4565 4
4570 2
4573 4
4723 4
4724 4
4759 4
4784 2
4796 1
4798 1
4863 2
4883 1
4886 1
4892 4
4907 1
4934 4
4939 2
4949 1
4969 4
4984 4
