-1	0
-1	0
-1	0
-1	0
-1	0
-1	0
-1	0
-1	0
-1	0
-1	0
-1	0
-1	0
-1	0
-1	0
-1	0
-1	0
-1	0
-1	0
-1	0
-1	0
-1	0
-1	0
-1	0
-1	0
-1	0
-1	0
-1	0
-1	0
-1	0
-1	0
0	0
0	0
0	0
0	0
0	0
0	0
0	0
0	0
0	0
0	0
1	0
1	1
1	1
1	1
1	1
1	1
1	1
1	1
1	1
2	1
2	2
3	2
3	3
4	3
4	4
4	4
4	4
4	4
4	4
4	4
5	4
5	5
5	5
6	5
7	5
7	5
7	5
7	5
7	5
7	5
7	5
7	5
7	5
7	5
7	5
7	5
7	5
7	5
7	5
7	5
7	5
7	5
7	5
7	5
7	5
7	5
7	5
7	5
7	5
7	5
7	5
7	5
7	5
7	5
7	5
7	5
7	5
7	5
7	5
7	5
7	5
7	5
7	5
7	5
7	5
7	5
7	5
7	5
7	5
7	6
7	6
7	6
7	7
8	7
9	7
10	7
10	7
10	7
10	7
10	7
10	7
10	7
10	7
10	8
10	8
10	8
10	8
10	8
10	8
10	8
10	8
11	8
11	8
11	8
11	8
11	8
11	8
11	8
11	9
11	9
11	9
11	9
11	9
11	9
11	9
11	9
11	9
11	9
11	9
11	9
11	9
11	9
11	9
11	9
11	9
11	9
11	9
11	9
11	9
11	9
11	9
12	9
12	9
12	9
12	9
12	10
12	10
12	10
13	10
13	10
13	10
13	10
13	10
13	10
13	10
13	10
13	10
13	10
13	10
13	10
13	10
13	10
13	10
13	10
13	10
13	10
13	10
13	10
13	10
13	10
13	10
13	11
13	11
13	11
13	11
13	11
13	11
13	11
13	11
13	11
13	11
13	11
13	11
13	11
13	11
13	11
13	11
13	11
13	11
13	11
13	11
13	11
13	11
13	11
13	11
13	11
14	11
14	12
14	12
14	12
14	12
14	12
14	12
14	12
14	12
14	12
14	12
14	12
14	12
15	12
15	13
15	13
15	13
15	13
15	13
15	13
15	13
15	13
15	13
15	13
15	13
15	13
15	13
15	13
15	13
15	13
15	13
15	13
15	13
15	13
15	13
15	13
15	13
15	13
15	13
15	13
15	13
15	13
15	13
15	13
15	13
15	13
15	13
15	13
15	13
15	13
15	13
15	13
15	13
15	13
15	13
15	13
15	13
15	13
15	13
15	13
15	13
15	13
15	13
15	13
15	13
15	14
15	14
15	14
15	14
15	14
15	14
15	14
15	14
15	14
15	14
15	14
15	14
15	14
15	14
15	14
15	14
15	14
15	14
15	14
15	14
15	14
15	14
15	14
15	14
15	14
15	14
15	14
15	14
15	14
15	14
15	14
15	14
15	14
15	14
15	14
15	14
15	14
15	14
15	14
15	14
15	14
15	14
15	14
15	14
15	14
15	14
15	14
15	15
15	15
15	15
15	15
15	15
15	15
15	15
15	15
15	15
15	15
15	15
15	15
15	15
15	15
15	15
15	15
15	15
15	15
15	15
15	15
15	15
15	15
15	15
16	15
17	16
17	16
17	16
17	16
17	16
17	16
17	16
17	16
17	16
17	16
17	16
17	16
17	16
17	16
17	16
17	16
17	16
17	16
17	16
17	16
17	16
17	16
17	16
17	16
17	16
17	16
17	16
17	16
17	16
17	16
17	16
17	16
17	16
17	16
17	16
17	16
17	16
17	16
17	16
17	16
17	16
17	16
17	16
17	16
17	16
17	16
17	16
17	16
17	16
17	16
17	16
17	16
17	16
17	16
17	16
17	16
17	16
17	16
17	16
18	16
18	16
18	16
18	16
18	17
18	17
18	17
18	17
18	17
18	17
18	17
18	17
18	17
18	17
18	17
18	17
18	17
18	17
18	17
18	17
18	17
18	17
18	17
18	17
18	17
18	17
18	17
18	17
18	17
18	17
18	17
18	17
18	17
18	17
18	17
18	17
18	17
18	17
18	17
18	17
18	17
18	17
18	17
19	17
19	18
20	18
20	18
20	18
20	18
20	18
20	18
20	18
20	18
20	18
20	18
20	18
20	18
20	18
20	18
20	18
20	18
20	18
20	18
20	18
20	18
20	18
20	18
20	18
20	18
20	18
20	18
20	18
20	18
20	18
20	18
20	18
20	18
20	18
21	18
21	19
21	19
21	19
21	19
21	19
21	19
21	19
21	19
21	19
21	19
22	19
22	20
22	20
22	20
23	20
23	20
23	20
23	20
23	20
23	20
23	20
24	20
24	20
24	20
24	20
24	20
24	20
24	20
24	20
24	20
24	20
24	20
24	20
24	20
24	20
24	20
24	20
24	20
24	20
24	20
24	20
24	20
24	20
24	20
24	20
24	20
24	20
24	20
24	20
24	20
24	20
24	20
24	20
24	20
24	20
24	20
24	20
24	20
24	20
24	20
25	20
25	20
25	20
25	20
25	20
25	20
25	20
25	20
25	20
25	20
25	20
25	20
25	20
25	20
25	20
25	20
25	20
25	20
25	20
25	20
25	20
25	20
25	21
25	21
25	21
25	21
25	21
25	21
25	21
25	21
25	21
25	21
26	21
26	21
26	21
26	21
27	21
28	22
28	23
29	23
30	23
30	24
30	24
30	24
30	24
30	24
31	24
31	24
31	24
31	24
31	24
31	24
31	24
31	24
31	24
31	24
31	24
31	24
31	24
31	24
31	24
32	24
32	24
32	24
32	24
32	24
32	24
32	24
32	24
32	24
32	24
33	24
33	25
33	25
33	25
33	25
33	25
33	25
33	25
33	25
33	25
33	25
33	25
33	25
33	25
33	25
33	25
33	25
33	25
33	25
33	25
33	25
33	25
33	25
33	25
33	25
33	25
33	25
33	25
33	25
33	25
33	25
33	25
33	25
33	25
33	25
33	25
34	25
34	26
34	26
34	26
34	26
34	26
34	26
34	26
34	26
34	26
34	26
34	26
34	26
34	27
35	27
35	28
35	28
35	28
35	28
35	28
35	28
35	28
35	28
36	28
36	29
36	29
36	29
36	29
36	29
36	29
36	29
36	29
36	30
36	30
36	30
36	30
36	30
36	30
36	30
36	30
36	30
36	30
36	30
36	30
36	30
36	30
36	30
36	30
36	30
36	31
36	32
36	32
36	32
36	32
37	32
37	33
37	33
37	33
37	34
37	34
37	34
37	34
37	34
37	34
37	34
37	34
37	34
37	34
37	34
38	34
38	34
38	34
38	34
38	34
38	34
38	34
38	34
38	34
38	34
38	34
38	34
38	34
38	34
38	34
38	34
38	34
38	35
38	35
38	35
38	35
38	35
38	35
38	35
38	35
38	35
38	35
38	35
38	35
38	35
38	35
38	35
38	35
38	35
38	35
38	35
38	35
38	35
38	35
38	35
38	35
38	35
38	35
38	35
38	36
38	36
38	36
38	36
38	36
38	36
38	36
38	36
38	36
39	36
39	37
39	37
39	37
39	37
39	37
39	37
39	37
39	37
39	37
39	37
40	37
40	37
40	37
40	37
40	37
41	37
41	37
41	37
41	37
41	37
41	37
41	37
41	37
41	37
41	37
41	37
41	37
41	37
41	37
41	37
41	37
41	37
41	37
41	37
41	37
41	37
41	37
41	37
41	37
41	37
41	37
41	37
41	37
41	37
41	37
41	37
41	37
41	37
41	37
41	37
41	37
41	37
41	37
41	37
41	37
41	37
41	37
41	37
41	37
41	37
41	37
41	37
42	37
42	37
42	37
42	37
42	37
42	37
42	37
42	37
43	37
43	38
43	38
43	38
43	38
43	38
43	38
43	38
43	38
43	38
43	38
43	38
43	38
43	38
43	38
43	38
43	38
43	38
43	38
43	38
43	38
43	38
43	38
43	38
43	38
44	39
44	39
44	39
45	39
45	40
45	40
45	40
45	40
45	40
45	40
45	40
45	40
45	40
45	40
45	40
45	40
45	40
45	40
45	40
45	40
45	40
45	40
45	40
45	40
45	40
45	40
45	40
45	40
45	40
45	40
45	40
45	40
45	40
45	40
45	40
45	40
45	40
45	40
45	40
45	40
45	40
45	40
45	40
45	40
45	40
45	40
45	40
45	40
45	40
45	40
45	40
45	40
45	40
45	40
45	40
45	40
46	40
46	40
46	40
46	40
46	40
46	40
46	40
46	40
46	40
46	40
46	40
46	40
46	40
46	40
46	40
46	40
46	40
46	40
46	40
46	40
46	40
46	40
46	40
46	40
46	40
46	40
46	40
46	40
46	40
46	40
46	40
46	40
46	40
46	40
46	40
46	40
46	40
46	41
46	41
46	41
46	41
46	41
46	41
46	41
46	41
46	41
46	41
46	41
46	41
46	41
46	41
46	41
46	41
46	41
46	41
46	41
46	41
46	42
46	43
46	43
46	43
46	43
46	43
46	43
46	43
46	43
46	43
46	43
46	43
46	43
46	43
46	43
46	43
46	43
46	43
46	44
46	44
46	44
47	44
47	45
47	45
47	45
47	45
47	45
47	45
48	45
48	46
48	46
48	46
48	46
48	46
48	46
49	46
49	46
49	46
49	46
49	46
49	46
49	46
49	46
49	46
49	46
49	46
49	46
49	46
49	46
49	46
49	46
49	46
49	46
49	46
49	46
49	46
49	46
49	46
49	46
49	46
49	46
49	46
49	46
49	46
49	46
49	46
49	46
49	46
50	46
51	47
51	47
51	47
51	47
51	47
51	47
51	47
51	47
51	47
51	47
51	47
51	47
51	47
51	48
51	48
51	48
51	48
51	48
51	48
51	49
51	49
51	49
51	49
51	49
51	49
51	49
51	49
51	49
51	49
51	49
51	49
51	49
51	49
51	49
51	49
51	49
51	49
51	49
51	49
51	49
51	49
51	49
52	49
52	50
52	50
52	50
52	50
52	50
52	50
52	50
52	50
52	50
52	50
52	50
52	50
52	50
52	50
52	50
52	50
52	50
52	50
52	50
52	50
52	50
52	50
52	50
52	50
52	50
52	50
52	50
52	50
52	50
52	50
52	50
52	50
52	50
52	50
52	50
52	50
52	50
53	50
53	51
53	51
53	51
54	51
54	52
54	52
54	52
54	52
54	52
54	53
54	53
54	53
54	53
54	53
54	53
54	53
54	53
54	53
54	53
54	53
54	53
54	53
54	53
54	53
54	53
54	53
54	53
54	53
54	53
54	53
54	53
54	53
54	53
54	53
54	53
54	53
54	53
54	53
54	53
54	53
54	53
54	53
54	53
55	53
55	54
55	54
55	54
55	54
55	55
55	55
55	55
55	55
55	55
55	55
55	55
55	55
55	55
55	55
56	55
56	55
56	55
56	55
56	55
56	55
56	55
56	55
56	55
57	55
57	56
57	56
57	57
57	57
57	57
57	57
57	57
57	57
57	57
57	57
57	57
57	57
57	57
57	57
57	57
57	57
57	57
57	57
57	57
58	57
58	57
58	57
58	57
58	57
58	58
58	58
58	59
58	59
58	59
58	59
58	59
58	59
58	59
58	59
58	59
58	59
58	59
58	59
58	59
58	59
58	59
58	59
58	59
58	59
59	60
59	60
59	60
59	60
59	60
59	60
59	60
59	60
59	60
59	60
59	60
59	60
59	60
59	60
59	60
59	60
59	60
59	60
59	60
59	60
59	60
59	60
59	60
59	60
59	60
60	60
60	61
60	61
60	61
60	61
60	61
60	61
60	61
60	61
60	61
60	61
60	61
60	61
60	62
60	62
60	62
60	62
60	62
60	62
60	62
60	62
60	62
60	62
60	62
60	62
60	62
60	62
60	62
60	62
60	62
60	62
60	62
60	62
60	62
60	62
60	62
60	63
60	63
60	63
60	63
60	63
60	63
60	63
60	63
60	63
60	63
60	63
60	63
61	63
61	64
61	64
61	64
61	64
61	64
61	64
61	64
61	64
61	64
61	64
61	64
61	64
61	64
61	64
61	64
61	64
61	64
61	64
61	64
61	64
61	64
61	64
61	64
61	64
61	64
61	64
61	65
61	65
61	65
61	65
62	65
62	65
62	65
62	65
62	65
62	65
62	65
62	65
63	65
63	66
63	66
63	66
63	66
63	66
63	66
63	66
63	66
63	66
63	66
63	66
63	66
63	66
63	66
63	66
63	66
63	66
63	66
63	66
63	66
63	66
63	66
63	66
63	66
63	66
63	66
63	66
63	66
63	66
63	66
63	66
63	66
63	66
63	66
63	66
63	66
64	66
64	67
65	67
65	68
65	68
65	68
65	68
65	68
65	68
65	68
65	68
65	68
65	68
65	68
65	68
65	68
65	68
65	68
65	68
65	68
65	68
65	68
65	68
65	68
65	68
65	68
65	68
65	68
65	68
65	68
65	68
65	68
65	68
65	68
65	68
65	68
65	68
65	68
65	68
65	68
65	68
65	68
65	68
65	68
65	68
65	68
65	68
65	68
65	68
65	68
65	68
65	68
65	68
65	68
65	68
65	68
65	68
65	68
65	68
65	68
65	68
65	68
65	68
65	68
66	68
66	69
66	69
66	69
66	69
66	69
66	69
66	69
66	69
66	69
66	69
66	69
66	69
66	69
66	69
66	69
67	69
67	69
67	69
67	69
67	69
67	69
67	69
67	69
67	69
67	69
67	69
67	69
67	69
67	69
67	69
67	69
67	69
68	69
68	70
68	70
68	70
68	70
68	70
68	70
68	70
69	70
69	70
69	70
69	70
69	70
69	70
69	70
69	70
69	70
69	71
69	71
70	71
70	72
70	72
71	72
71	73
71	73
71	73
71	73
71	73
71	73
71	73
71	73
71	73
71	73
71	73
71	73
71	73
71	73
71	73
71	73
71	73
71	73
71	73
71	73
71	73
71	73
71	73
71	73
71	73
71	73
71	73
71	73
72	73
72	74
72	74
72	74
72	74
72	74
72	74
72	74
72	74
72	74
72	74
72	74
72	74
72	74
72	74
72	74
72	74
73	74
73	74
73	74
73	74
74	74
74	74
74	74
74	74
74	74
74	74
74	74
74	74
74	74
74	75
74	75
74	75
74	75
74	75
74	75
74	75
74	75
74	75
74	75
74	75
74	75
74	75
74	75
75	75
75	75
75	75
75	75
75	75
75	75
75	75
75	76
75	76
75	76
75	76
75	76
75	76
75	77
75	77
75	77
75	77
75	77
75	78
75	78
75	78
75	78
75	78
75	78
75	78
75	78
75	78
75	78
75	78
75	78
75	78
76	78
76	78
76	78
76	78
76	78
76	78
76	78
76	78
76	78
77	78
78	79
78	80
78	80
78	80
78	80
78	80
78	80
78	80
78	80
78	80
78	80
78	81
78	81
79	81
79	82
79	82
80	82
80	83
80	83
80	83
80	83
80	83
80	83
80	83
80	83
80	83
80	83
80	83
80	83
80	83
80	83
80	83
80	83
80	83
80	83
80	83
80	83
80	83
80	83
80	83
80	83
80	83
80	83
80	83
80	83
80	83
80	83
80	83
80	83
80	83
80	83
80	83
80	83
80	83
80	83
80	83
80	83
80	83
80	83
80	83
80	83
80	83
80	83
80	83
80	83
81	83
81	83
81	83
81	83
81	83
81	83
81	83
81	83
81	83
81	83
81	83
81	83
81	83
81	83
81	83
81	83
81	83
81	83
81	83
81	83
81	83
81	83
81	84
81	84
81	84
81	84
81	84
81	84
81	84
81	84
81	85
82	85
82	85
82	85
82	85
82	85
82	85
82	85
82	85
83	85
83	85
83	85
83	85
83	85
83	85
83	85
83	85
83	85
83	85
83	85
83	85
83	85
83	85
83	85
83	85
83	85
83	85
83	85
83	85
83	85
83	85
83	85
83	85
84	85
84	85
84	85
84	85
84	85
84	85
84	85
84	85
84	85
84	85
84	85
84	85
84	85
84	85
84	85
84	85
84	85
84	85
84	86
84	86
84	86
84	86
84	86
84	86
84	86
84	86
84	86
84	86
84	86
84	86
84	86
84	86
84	86
84	86
84	86
84	86
84	86
84	86
84	86
84	86
84	86
84	86
84	86
84	86
84	86
84	86
84	86
84	86
84	86
84	86
84	86
84	86
84	86
84	87
84	87
84	87
84	87
84	87
84	87
84	87
84	87
84	87
84	87
85	87
85	88
85	88
85	88
85	88
85	88
85	88
85	88
85	88
85	88
85	88
85	88
85	88
85	88
85	88
85	88
85	88
85	88
85	88
85	88
85	88
85	88
85	88
85	88
85	88
85	88
85	88
85	88
85	88
85	88
85	88
85	88
85	88
85	88
85	88
85	88
86	88
86	88
86	88
86	88
86	88
86	88
86	88
86	88
86	88
86	88
86	88
86	88
86	88
86	88
86	88
87	88
87	88
87	88
87	88
87	88
87	88
87	88
87	88
87	88
87	88
87	88
87	88
87	88
87	88
87	88
87	88
87	88
87	88
87	88
87	88
87	88
87	88
87	88
87	88
87	88
87	88
87	88
88	88
88	88
88	88
88	88
88	88
88	88
88	88
88	88
88	88
88	88
88	88
88	88
88	88
88	88
88	88
88	88
88	88
88	88
88	88
88	88
88	88
88	88
88	88
88	88
88	88
88	88
88	88
88	88
88	88
89	88
89	89
89	89
89	89
89	89
89	89
89	89
89	89
89	89
89	89
89	89
89	89
89	89
89	89
89	89
89	89
89	89
89	89
89	89
89	89
89	89
89	89
89	89
89	89
89	89
89	89
89	89
89	89
89	89
89	89
89	89
89	89
89	89
89	89
89	89
89	89
89	89
89	89
89	89
89	89
89	89
89	89
89	89
89	89
89	89
89	89
89	89
89	89
89	89
89	89
89	89
89	89
89	89
89	89
89	89
89	89
89	89
89	89
89	89
89	89
89	89
89	89
89	89
89	89
89	89
89	89
89	89
89	89
89	89
89	89
89	89
89	89
89	89
89	89
89	89
89	89
89	89
89	89
89	89
89	89
89	89
89	89
89	89
89	89
89	89
89	89
89	89
89	89
89	89
89	89
89	89
89	89
89	89
89	89
89	89
89	89
89	89
89	89
89	89
89	89
89	89
89	89
89	89
89	89
89	89
89	89
89	89
89	89
89	89
89	89
89	89
89	89
89	89
89	89
89	89
89	89
89	89
89	89
89	89
89	89
89	89
89	89
89	89
89	89
89	89
89	89
89	89
89	89
89	89
89	89
89	89
89	89
89	89
89	89
89	89
89	89
89	89
89	89
89	89
89	89
89	89
89	89
89	89
89	89
89	89
89	89
89	89
89	89
89	89
89	89
89	89
89	89
89	89
89	89
89	89
89	89
89	89
89	89
89	89
89	89
89	89
89	89
89	89
89	89
89	89
89	89
89	89
89	89
89	89
89	89
89	89
89	89
89	89
89	89
89	89
89	89
89	89
89	89
89	89
89	89
89	89
89	89
89	89
89	89
89	89
89	89
89	89
89	89
89	89
89	89
89	89
89	89
89	89
89	89
89	89
89	89
89	89
89	89
89	89
89	89
89	89
89	89
89	89
89	89
89	89
89	89
89	89
89	89
89	89
89	89
89	89
89	89
89	89
89	89
89	89
89	89
90	89
91	90
91	91
91	91
91	91
91	91
91	91
91	91
91	91
91	91
91	91
91	91
91	91
91	91
91	91
91	91
91	91
91	91
91	91
91	91
91	91
91	91
91	91
91	91
91	91
91	91
91	91
91	91
91	91
91	91
91	91
91	91
91	91
91	91
91	91
91	91
91	91
91	91
91	91
91	91
91	91
91	91
91	91
91	91
91	91
91	91
91	91
91	91
91	91
91	91
91	91
91	91
91	91
91	91
91	91
91	91
91	91
91	91
91	91
91	91
91	91
91	91
91	91
91	91
91	91
91	91
91	91
91	91
91	91
91	91
91	91
91	91
91	91
91	91
91	91
91	91
91	91
91	91
91	91
91	91
91	91
91	91
91	91
91	91
91	91
91	91
91	91
91	91
91	91
91	91
91	91
91	91
91	91
91	91
91	91
92	91
92	91
92	91
92	91
92	91
92	91
92	91
92	91
92	91
92	91
92	91
92	91
92	91
92	91
92	91
92	91
92	91
92	91
93	91
93	92
93	92
93	92
93	92
93	92
93	92
93	92
93	92
93	92
93	92
93	92
93	92
93	92
93	93
93	93
93	93
93	93
93	93
94	93
94	94
94	94
94	94
94	94
94	94
94	94
94	94
94	94
94	94
94	94
94	94
94	94
94	94
94	94
94	94
94	94
94	94
94	94
94	94
94	94
94	94
94	94
94	94
94	94
94	94
94	94
95	94
95	94
95	94
95	94
95	94
96	94
96	94
96	94
96	94
96	94
96	94
96	94
96	94
96	94
96	94
96	94
96	94
96	94
96	94
96	94
96	94
96	94
96	94
96	94
96	94
96	94
96	94
96	94
96	94
96	94
96	94
96	94
96	94
96	94
96	94
96	94
96	94
96	94
96	94
96	94
96	94
96	94
96	94
96	94
96	94
96	94
96	94
96	94
96	94
96	94
96	94
96	94
96	94
96	94
96	94
96	94
96	94
96	94
96	94
96	94
96	94
96	94
96	94
96	94
97	94
97	95
98	95
98	95
98	95
98	95
98	95
98	95
98	95
98	95
98	95
98	95
98	95
98	95
98	95
99	95
99	96
99	96
99	96
99	96
99	96
99	96
99	96
99	96
100	96
100	97
100	97
100	97
100	97
101	97
101	97
101	97
101	97
101	97
101	97
101	97
102	97
102	97
102	97
102	97
102	97
102	97
102	97
102	97
102	97
102	97
102	97
102	97
102	97
102	97
102	97
102	97
102	97
102	97
102	97
102	97
102	97
102	97
102	97
102	97
102	97
102	97
102	97
102	97
102	97
102	97
102	97
102	97
102	97
102	97
102	97
102	97
102	97
102	97
102	97
102	97
102	97
102	97
102	97
102	97
102	97
102	97
102	97
102	97
102	97
102	97
102	97
102	97
102	97
102	97
102	97
102	97
102	97
103	97
103	98
103	98
103	98
103	98
103	98
103	98
103	98
103	98
103	98
103	98
103	98
103	98
103	98
103	98
103	98
103	99
103	99
103	99
103	99
103	99
103	99
103	99
103	99
104	100
104	100
104	100
104	100
104	100
104	100
104	100
104	100
104	100
104	100
104	100
104	100
104	100
104	100
104	100
104	100
104	100
104	100
104	100
104	100
104	100
104	100
104	100
104	100
104	100
105	100
105	101
105	101
105	101
105	101
105	101
105	101
105	101
105	101
105	101
105	101
105	101
105	101
105	101
105	101
105	101
105	101
106	101
107	102
107	102
107	102
107	102
107	102
107	102
107	102
107	102
107	103
107	103
107	103
107	103
107	103
107	103
107	103
107	103
107	103
107	103
107	103
107	103
107	103
107	103
107	103
107	103
107	103
107	103
107	103
107	103
107	103
107	103
107	103
107	103
107	103
107	103
107	103
107	103
107	103
107	103
107	103
107	103
107	103
107	103
107	103
107	103
107	103
107	103
107	103
107	103
107	103
107	103
107	103
107	103
107	103
107	103
107	103
107	103
107	103
107	103
107	103
107	103
107	103
107	103
107	103
107	103
107	103
107	103
107	103
107	103
107	103
107	103
107	103
107	103
107	103
107	103
107	103
107	103
107	103
107	103
107	103
107	103
107	103
107	103
107	103
107	103
107	103
107	103
107	103
107	103
107	103
107	103
107	103
107	103
107	103
107	103
107	103
107	103
107	103
107	103
107	103
107	103
107	103
107	103
107	103
107	103
107	103
107	103
107	103
107	104
107	104
107	104
107	104
107	104
107	104
107	104
107	104
107	104
107	104
107	104
107	104
107	104
107	104
107	104
107	104
107	104
107	104
107	104
107	104
107	104
107	104
107	104
107	104
107	104
107	104
107	104
107	104
107	104
107	104
107	104
107	104
107	104
107	104
107	104
107	104
107	104
107	104
107	104
107	104
107	104
107	104
107	104
107	104
107	104
107	104
107	104
107	104
107	104
107	104
107	104
107	104
107	104
107	104
107	104
107	104
107	104
107	104
107	104
107	104
107	104
107	104
107	104
107	104
107	104
107	104
107	104
107	104
107	104
107	104
107	104
107	104
107	104
107	104
107	104
107	104
107	104
107	104
107	104
107	104
107	104
107	104
107	104
107	104
107	104
107	104
107	104
107	104
107	104
107	105
107	105
107	105
107	105
107	105
107	105
107	105
107	105
107	105
107	105
107	105
107	105
107	105
107	105
107	105
107	105
107	105
107	105
107	105
107	105
107	105
107	105
107	105
107	105
107	105
107	105
107	105
107	105
107	105
107	105
107	105
107	105
107	105
107	105
107	105
107	105
107	105
107	105
107	105
107	105
107	105
107	105
107	105
107	105
107	105
107	105
107	105
107	105
107	105
107	105
107	105
107	105
107	105
107	105
107	105
107	105
107	105
107	105
107	105
107	105
107	105
107	105
107	105
107	105
107	105
107	105
107	105
107	105
107	105
107	105
107	105
107	105
107	105
107	105
107	106
107	106
107	106
107	106
107	106
107	106
107	106
107	106
107	106
107	106
107	106
107	106
107	106
107	106
107	106
107	106
107	106
107	106
107	106
107	106
107	106
107	106
107	107
107	107
107	107
107	107
107	107
107	107
107	107
107	107
107	107
107	107
108	107
108	108
108	108
108	108
108	108
108	108
108	108
108	108
108	108
108	108
108	108
108	108
108	108
108	108
108	108
108	108
108	108
108	108
108	108
108	108
108	108
108	108
108	108
108	108
108	108
108	108
108	108
108	108
108	108
108	108
108	108
108	108
108	108
108	108
108	108
108	108
108	108
108	109
108	109
108	109
108	109
108	109
108	109
108	109
108	109
108	109
108	109
108	109
108	109
108	109
108	109
108	109
108	109
108	109
108	109
108	109
108	109
108	109
108	109
108	110
108	110
108	110
108	110
108	110
108	110
108	110
109	110
109	111
109	111
109	111
109	111
109	111
109	111
109	111
109	111
109	111
109	111
109	111
109	111
109	111
109	111
109	111
109	111
109	111
109	111
109	111
109	111
109	111
109	112
109	112
109	112
109	112
109	112
109	112
109	112
109	113
109	113
109	113
109	113
109	113
109	113
109	113
109	113
109	113
109	113
109	113
109	113
109	113
109	113
109	113
109	113
109	113
110	113
110	113
110	113
110	113
110	113
110	113
110	113
110	113
110	113
110	113
110	113
110	113
110	113
110	113
111	113
111	113
111	113
111	113
111	113
111	113
111	113
111	113
111	113
111	113
111	113
111	114
112	114
112	114
112	114
112	114
112	114
112	114
112	114
112	114
112	114
112	114
112	114
112	114
112	114
112	114
112	114
112	114
112	114
112	114
112	114
112	114
112	114
112	114
112	114
112	114
112	114
112	114
112	114
112	114
113	114
113	114
113	114
113	114
113	114
113	114
113	114
113	114
113	114
113	114
113	114
113	114
113	114
113	114
113	114
113	114
113	114
113	114
113	114
113	114
113	114
113	114
113	114
113	114
113	114
113	114
113	114
113	114
113	114
113	114
113	114
113	114
113	114
113	114
113	114
113	114
113	114
113	114
113	114
113	114
114	114
115	115
115	116
115	116
115	116
115	116
115	116
115	116
115	116
115	116
115	116
115	116
115	116
115	116
115	117
115	117
115	117
115	117
115	117
115	117
115	117
115	117
115	117
115	117
115	117
115	117
115	117
115	117
115	117
115	117
115	117
116	117
116	117
116	117
116	117
116	117
116	117
116	117
116	117
116	117
116	117
116	117
116	117
116	117
116	117
116	117
116	117
116	117
116	117
116	117
116	117
116	117
116	117
116	117
116	117
116	117
116	117
116	117
116	117
116	117
116	117
116	117
116	117
116	117
116	117
116	117
116	117
116	118
116	118
116	118
116	118
116	118
116	118
116	118
116	118
116	118
116	118
116	118
116	118
116	118
116	118
116	118
116	118
116	118
116	118
116	118
116	118
116	118
116	118
116	118
116	118
117	118
117	118
117	118
117	118
117	118
117	118
117	118
117	118
117	118
117	118
117	118
117	118
117	118
117	118
117	118
117	118
117	118
117	118
117	118
117	118
117	118
117	118
117	118
117	118
117	118
117	118
117	118
117	118
117	118
117	118
117	118
117	118
117	118
117	118
117	118
117	118
117	118
117	118
117	118
117	118
117	118
117	118
117	118
117	118
117	118
117	118
117	118
117	118
117	118
117	118
117	118
117	118
117	118
117	118
117	118
117	118
117	118
117	118
117	118
117	118
117	118
117	118
117	118
117	118
117	118
117	118
117	118
117	118
117	118
117	118
117	118
117	118
117	118
117	118
117	118
117	118
117	118
117	118
117	118
117	118
117	118
117	118
117	118
117	118
117	118
117	118
117	118
117	118
117	118
117	118
117	118
117	118
117	118
117	118
117	118
117	118
117	118
117	118
117	118
117	118
117	118
117	118
117	118
117	118
117	118
117	118
117	118
117	118
117	118
117	118
117	118
117	118
117	118
117	118
117	118
117	118
117	118
117	118
117	118
117	118
118	118
118	118
118	118
119	118
119	119
119	119
119	119
119	119
119	119
119	119
119	119
119	119
119	119
119	119
119	119
119	119
119	119
119	119
119	119
119	119
119	119
119	119
120	119
120	120
121	120
121	120
121	120
121	120
121	120
121	120
121	121
121	121
121	121
121	121
121	121
121	121
121	121
121	121
121	121
121	121
121	121
121	121
121	121
121	121
121	121
121	121
121	121
121	121
121	121
121	121
121	121
121	121
121	122
121	122
121	122
121	122
121	122
121	122
121	122
121	122
121	122
121	122
121	123
121	123
121	123
121	123
121	124
121	124
121	124
121	124
121	124
121	124
121	124
121	125
121	125
121	125
121	125
122	125
122	126
122	126
122	126
123	126
123	126
123	126
123	126
123	126
123	126
123	126
123	126
123	126
123	126
123	126
123	126
123	126
123	126
123	126
123	126
123	126
123	126
123	126
123	126
123	126
123	126
123	126
123	126
123	126
124	126
124	126
124	126
124	126
124	126
124	126
124	127
124	127
124	127
124	127
124	127
124	127
124	127
124	127
124	127
124	127
124	127
124	127
124	127
124	127
124	127
124	127
124	127
124	127
124	127
124	127
124	127
124	127
124	127
124	127
124	127
125	127
125	128
125	128
125	128
125	128
125	128
125	128
125	129
125	129
125	129
125	129
125	129
126	129
126	129
126	129
126	129
126	130
126	130
126	130
126	130
126	130
127	130
127	130
127	130
127	130
127	130
127	130
127	130
127	130
127	130
127	130
127	130
127	130
127	130
127	130
127	130
127	130
127	130
127	130
127	130
128	130
128	131
128	131
128	131
128	131
128	131
128	131
128	131
128	131
128	131
128	131
128	131
128	131
128	131
128	131
128	131
128	131
128	131
128	131
128	131
128	131
128	132
128	132
129	132
129	133
129	133
129	133
129	133
129	133
129	133
129	133
129	133
129	133
129	133
129	133
129	133
129	133
129	133
129	133
129	133
129	133
129	133
129	133
129	133
129	133
129	133
129	133
129	133
129	133
129	133
129	133
129	133
129	133
129	133
129	133
129	133
129	133
129	133
129	133
129	133
129	133
129	133
129	133
129	133
129	133
129	133
129	133
129	133
129	133
129	133
130	133
130	133
130	133
130	133
130	133
130	133
130	133
130	133
130	133
130	134
130	134
130	134
130	134
130	134
130	134
130	134
130	134
130	134
130	134
130	134
130	134
130	134
130	134
130	134
130	134
130	134
130	134
130	134
130	134
130	135
130	135
130	135
130	135
130	135
130	135
130	135
130	135
130	135
130	135
130	135
130	135
131	135
131	136
131	136
131	136
131	136
131	136
131	136
131	136
131	136
131	136
131	136
131	136
131	136
131	136
131	136
131	136
131	136
131	136
131	136
131	136
131	136
131	136
132	136
132	137
132	137
132	137
132	137
132	137
132	137
132	137
132	137
132	137
132	137
132	137
132	137
132	137
132	137
132	137
132	137
132	137
132	137
132	137
132	137
132	137
132	137
132	137
132	138
132	138
132	138
133	138
133	138
133	138
133	138
133	138
133	138
133	138
133	138
133	138
133	138
133	138
133	138
133	138
133	138
133	138
133	138
133	138
133	138
133	138
133	138
133	138
133	138
133	138
133	138
133	138
133	138
133	139
133	139
133	139
133	139
133	140
133	140
133	140
133	140
133	140
133	140
133	140
133	140
133	140
133	140
133	140
133	140
133	140
133	140
133	140
133	140
133	140
133	140
134	140
134	141
134	141
134	141
134	141
134	141
134	141
134	141
134	141
134	141
134	141
134	141
134	141
134	141
134	141
134	141
134	141
134	141
134	141
134	141
134	141
134	141
134	141
134	141
134	141
134	141
134	141
134	141
134	141
134	141
134	141
134	141
134	141
134	141
134	141
134	141
134	141
134	141
134	141
134	141
134	141
134	141
134	141
134	141
134	141
134	142
134	142
134	142
134	142
134	142
134	142
134	142
134	142
134	142
134	142
134	142
134	142
134	142
135	142
135	142
135	142
135	142
135	142
135	142
135	142
135	142
135	142
135	142
135	142
135	142
135	142
135	142
135	142
135	142
135	142
136	142
137	143
137	143
137	143
137	143
137	143
137	143
137	143
137	143
137	143
137	143
138	143
138	143
138	143
138	143
138	143
138	143
138	143
138	143
138	143
138	143
138	143
138	143
139	143
139	143
139	143
139	143
139	143
139	143
139	143
140	143
140	143
140	143
140	143
140	144
140	144
140	144
140	144
140	144
140	144
140	144
140	144
140	144
140	144
140	144
140	144
140	145
140	145
140	145
140	145
140	145
140	145
140	145
140	145
140	145
140	145
140	145
140	145
140	145
140	145
140	145
140	145
140	145
140	145
140	145
140	145
140	145
140	145
140	146
140	146
140	146
140	146
140	146
140	146
140	146
140	146
140	146
140	146
140	146
140	146
140	146
140	146
140	146
140	146
140	146
140	146
140	146
140	146
140	146
140	146
140	146
140	146
140	146
140	146
140	146
140	146
140	146
140	146
140	146
140	146
140	146
140	146
140	146
140	146
140	146
140	146
140	146
140	146
140	146
140	146
140	146
140	146
140	146
140	146
140	146
140	146
140	146
140	146
140	146
140	146
140	146
140	146
140	146
140	146
140	146
140	146
140	146
140	146
140	146
140	146
140	146
140	146
140	146
140	146
140	146
140	146
140	146
140	146
140	146
140	146
140	146
140	146
140	146
140	146
140	146
140	146
140	146
140	146
140	146
140	146
140	146
140	146
140	146
140	146
140	146
140	146
140	146
140	146
140	146
140	146
140	146
140	146
140	146
140	146
140	146
140	147
140	147
140	147
140	147
140	147
140	147
140	147
140	147
140	147
140	147
140	147
140	147
140	147
140	147
140	147
140	147
140	147
140	148
140	148
140	148
140	148
140	148
141	148
142	148
142	149
142	149
142	149
142	149
142	149
142	149
142	149
142	149
142	149
142	149
142	149
142	150
142	150
142	150
143	150
143	150
143	150
143	150
143	150
143	150
143	150
143	150
143	150
143	150
143	150
143	150
143	150
144	150
144	151
144	151
144	151
144	151
144	151
144	151
144	151
144	151
144	151
144	151
144	151
144	151
144	151
144	151
144	151
144	151
144	151
144	151
144	151
144	151
144	151
144	151
144	151
144	151
144	151
144	151
144	151
144	151
144	151
144	152
144	152
144	152
144	152
144	152
144	152
144	152
144	152
144	152
145	152
145	152
145	152
145	152
145	152
145	152
145	152
145	152
145	152
145	152
145	152
145	152
145	152
145	152
145	152
145	152
145	152
145	152
145	152
145	152
145	152
145	152
145	152
145	152
145	152
145	152
145	152
145	152
145	152
145	152
145	152
145	152
145	152
145	152
145	152
145	152
145	152
145	152
145	152
145	152
145	153
145	153
145	153
145	153
145	153
145	153
146	153
146	154
147	154
147	155
147	155
147	155
147	155
147	155
147	155
147	155
147	155
147	155
147	155
147	155
147	155
147	155
147	155
147	155
147	155
147	155
147	155
147	156
147	156
147	156
147	156
147	156
147	156
147	156
147	156
147	156
147	156
147	156
147	156
147	156
147	156
148	156
148	156
148	156
148	156
148	156
148	156
148	156
148	156
148	156
148	156
148	156
148	156
148	156
148	156
148	156
148	156
148	156
148	156
148	156
148	156
148	156
148	156
148	156
148	156
148	156
148	156
148	156
148	156
148	156
148	156
148	156
148	156
148	156
148	156
148	156
148	156
148	156
148	156
148	156
148	156
148	156
148	156
148	156
148	156
148	156
148	156
148	156
148	157
148	157
148	157
148	157
148	157
148	157
148	157
149	157
149	157
149	157
149	157
149	157
149	157
149	157
149	157
149	157
149	157
150	157
151	157
151	158
151	158
151	158
151	158
151	158
151	158
151	158
151	158
151	158
151	158
151	158
151	158
151	158
151	158
152	158
152	159
152	159
152	159
152	159
152	159
152	159
152	159
152	159
152	159
152	159
152	159
152	159
152	159
152	159
152	159
152	160
152	160
152	160
152	160
152	160
152	160
152	160
152	160
152	160
152	160
152	160
152	160
152	160
152	160
152	160
152	160
152	160
152	160
152	160
152	160
152	160
152	160
152	160
152	160
152	160
152	160
152	160
152	160
152	160
152	160
152	160
152	160
152	161
152	161
152	161
152	161
153	161
154	162
154	163
154	163
154	163
154	163
154	163
154	164
154	164
154	164
154	164
154	164
154	164
155	164
155	165
155	165
155	165
156	165
156	165
156	165
156	165
156	165
156	165
156	165
156	165
156	165
156	165
156	165
156	166
156	166
156	166
157	166
157	166
157	166
157	167
157	167
157	167
157	168
157	168
157	168
157	168
158	168
158	168
158	168
158	168
158	168
158	168
158	168
158	168
158	168
158	168
158	168
158	168
158	168
158	168
158	168
158	168
158	168
158	168
158	168
158	168
158	168
158	168
159	168
159	169
159	169
159	169
159	169
159	169
159	169
159	169
159	169
159	169
159	169
159	169
159	169
159	169
159	169
159	169
160	169
160	170
160	170
160	170
160	171
161	171
161	171
161	171
161	172
161	172
161	172
161	172
161	172
161	172
161	172
161	172
161	172
161	172
161	172
161	172
161	172
162	172
162	172
162	172
162	172
162	172
162	172
162	172
162	172
162	172
162	172
162	172
162	172
162	172
162	172
162	172
162	172
162	172
162	172
162	172
162	172
162	172
162	172
162	172
162	172
162	172
162	172
162	172
162	172
162	172
162	172
162	172
162	172
162	172
162	172
162	172
162	172
162	172
162	172
162	172
162	172
162	172
162	172
162	172
162	172
162	172
162	172
162	172
162	172
162	172
162	172
162	172
162	172
162	172
163	172
163	172
163	172
163	172
163	172
163	172
163	172
163	172
163	172
163	172
163	172
163	172
163	173
163	173
163	173
163	173
163	173
163	173
163	174
163	174
163	174
163	174
163	174
163	175
163	175
163	175
163	175
163	175
163	175
163	175
163	175
163	175
163	175
163	175
163	175
163	175
163	175
163	175
163	175
163	175
163	175
163	175
163	175
164	175
164	175
164	175
164	175
164	175
164	175
164	175
164	175
164	176
164	176
164	176
164	176
164	176
164	176
164	176
164	176
164	176
164	176
164	176
164	176
164	176
164	177
164	177
164	177
164	177
164	177
164	177
164	177
164	177
164	177
164	177
164	177
164	177
164	177
164	177
164	178
164	178
164	178
164	178
164	178
164	178
165	178
165	179
165	179
165	179
165	179
165	179
165	179
165	179
165	179
165	179
165	179
165	179
166	179
166	180
166	180
166	180
166	180
166	180
166	180
166	180
166	180
166	180
167	180
167	180
167	180
167	180
167	180
167	180
167	180
167	180
167	180
167	180
167	180
167	180
167	180
167	180
167	180
167	180
167	181
167	181
168	181
168	181
168	181
168	181
168	181
168	181
169	181
169	181
169	181
169	181
169	181
169	181
170	181
170	181
170	181
170	182
170	182
170	182
170	182
170	182
170	182
170	182
170	182
170	182
170	182
170	182
170	182
170	182
171	182
171	183
171	183
171	183
171	183
171	183
171	183
171	183
171	183
171	183
171	183
171	183
172	183
172	184
173	184
173	184
173	184
173	184
173	184
173	184
173	184
173	184
173	184
173	184
173	184
173	184
174	184
174	184
175	184
175	184
175	184
175	184
176	184
176	184
176	184
176	184
176	184
176	184
176	184
176	184
176	184
176	184
176	184
176	184
176	184
176	184
176	184
176	184
176	184
176	184
176	184
176	184
176	184
176	184
176	184
176	184
176	184
176	184
176	184
176	184
176	184
176	184
176	184
176	184
176	184
176	184
176	184
176	184
176	184
176	184
176	184
176	184
176	184
176	184
176	184
176	184
176	184
176	184
176	184
176	184
176	184
176	184
176	184
176	184
176	184
176	184
176	184
176	184
176	184
176	184
176	184
176	184
176	184
176	184
176	184
176	184
176	184
176	184
176	184
176	184
176	184
176	184
176	184
176	184
176	184
176	184
176	184
176	184
176	184
176	184
176	184
176	184
176	184
176	184
176	184
176	184
176	184
176	184
176	184
176	184
176	184
176	184
176	184
176	184
177	184
177	184
177	185
177	185
177	185
177	185
177	185
177	185
177	185
177	185
177	185
177	185
177	185
177	185
177	185
177	185
177	185
177	185
177	185
177	185
177	185
177	185
177	185
177	185
177	185
177	185
177	185
178	185
178	186
179	186
179	187
179	187
179	187
179	187
179	187
179	187
179	187
179	187
179	187
179	187
179	187
179	187
179	187
179	187
179	187
179	187
179	187
179	187
179	187
179	187
179	187
179	187
179	187
179	187
179	187
179	187
179	187
179	187
179	187
179	187
179	187
179	187
179	187
179	187
180	187
180	187
180	187
180	187
180	187
180	187
180	187
180	187
180	187
180	187
180	187
180	187
180	187
180	187
180	187
180	187
180	187
180	187
180	187
180	187
180	187
180	187
180	187
180	187
180	187
180	187
180	187
180	187
180	187
180	187
180	187
180	187
180	187
180	187
180	187
180	187
180	187
180	187
180	187
180	187
180	187
180	187
180	187
180	187
180	187
180	187
180	187
180	187
180	187
180	187
180	187
180	187
180	187
181	187
181	188
181	188
181	188
181	188
181	188
181	188
181	188
181	188
181	189
181	189
182	189
182	190
182	190
182	190
182	190
182	190
182	190
183	190
183	191
183	191
183	191
183	191
183	191
183	191
183	191
183	191
183	191
183	191
183	191
183	191
183	191
183	191
183	191
183	191
183	191
183	191
183	191
183	191
184	191
184	191
184	191
184	191
184	191
184	191
184	191
184	191
184	191
184	191
184	191
184	191
184	191
184	191
184	191
184	191
184	191
184	191
184	191
184	191
185	191
185	191
185	191
185	191
185	191
185	191
185	191
185	191
185	191
185	191
185	191
185	191
185	191
185	191
185	191
185	191
185	191
185	191
185	191
185	191
185	191
185	191
185	191
185	191
185	191
185	191
185	191
185	191
185	191
185	191
185	191
185	191
185	191
185	191
185	191
185	191
185	191
185	191
185	191
185	191
185	191
185	191
185	191
185	191
185	191
185	191
185	191
185	191
185	191
185	191
185	192
185	192
186	192
186	192
186	192
186	192
186	192
186	192
186	192
186	192
186	192
186	192
186	192
186	192
186	193
186	193
186	193
186	193
186	193
186	193
186	193
186	193
186	193
186	193
186	193
186	193
186	193
186	193
186	193
186	193
187	193
187	194
187	194
188	194
188	194
188	194
188	194
189	194
189	194
189	194
189	194
189	194
189	194
189	194
189	194
189	194
189	194
189	194
189	194
189	194
189	194
189	194
189	194
189	194
189	194
189	194
189	194
189	194
189	194
189	194
189	194
189	194
189	194
189	194
189	194
189	194
189	194
189	194
189	194
189	194
189	194
189	194
189	194
189	194
189	194
189	194
189	194
189	194
189	194
189	194
189	194
189	194
189	194
189	194
189	194
189	194
189	194
189	194
189	194
189	194
189	194
189	194
189	194
189	194
189	194
189	194
189	194
189	194
189	194
189	194
189	194
189	194
189	194
190	194
190	194
190	194
190	194
190	194
190	194
190	194
190	194
190	194
190	194
190	194
190	194
190	194
190	194
190	194
190	194
190	194
190	194
190	194
190	194
190	194
190	194
190	194
190	194
190	194
190	194
190	194
190	194
191	194
191	194
191	194
191	194
191	194
191	194
191	194
191	194
191	194
192	194
192	-1
192	-1
192	-1
193	-1
193	-1
193	-1
193	-1
193	-1
193	-1
193	-1
193	-1
193	-1
193	-1
193	-1
193	-1
193	-1
193	-1
193	-1
193	-1
193	-1
193	-1
193	-1
193	-1
193	-1
193	-1
193	-1
193	-1
194	-1
