-1	0
-1	0
-1	0
-1	0
-1	0
-1	0
-1	0
-1	0
-1	0
-1	0
-1	0
0	0
0	1
0	1
0	1
0	1
0	1
0	1
0	1
0	1
1	1
1	1
1	1
1	1
1	1
1	1
1	1
1	1
1	1
1	1
1	1
1	1
1	1
1	1
1	1
1	2
1	2
1	2
1	2
1	2
1	2
1	2
1	2
1	2
1	2
1	2
1	2
1	2
1	2
2	3
2	3
2	3
2	3
2	3
2	3
2	3
2	3
2	3
2	3
3	3
3	4
3	4
3	4
3	4
3	4
3	4
3	4
3	4
3	4
3	4
3	4
3	4
4	4
4	4
4	4
4	4
4	4
5	4
5	4
5	4
5	4
6	5
6	5
6	5
6	5
6	5
6	5
6	5
6	5
6	5
6	5
6	5
6	5
6	5
6	5
6	5
6	5
6	5
6	5
6	5
6	5
6	5
6	5
6	5
6	5
6	5
6	5
6	5
6	5
6	6
6	6
6	6
6	6
6	6
6	6
6	6
6	6
6	6
6	6
6	6
6	6
6	6
6	6
6	6
6	6
6	6
6	6
6	6
6	6
6	6
6	6
6	6
6	6
6	7
6	7
6	7
6	8
6	8
6	8
7	8
8	9
9	9
9	9
9	9
9	9
9	9
9	9
9	9
9	9
9	9
9	9
9	9
9	9
9	9
9	9
9	9
10	9
10	10
10	10
10	10
10	10
10	10
10	10
10	10
10	10
10	10
10	10
10	10
11	10
11	11
11	11
11	11
11	11
11	11
11	11
11	11
11	11
11	11
11	11
11	11
11	11
11	11
11	11
12	11
12	11
12	11
12	11
12	11
12	11
12	11
12	11
12	11
12	11
12	11
12	11
12	11
12	11
12	11
12	11
12	11
12	11
12	11
12	11
12	11
12	11
12	11
12	11
12	11
12	11
12	11
12	11
12	11
12	11
12	11
12	11
12	11
12	11
12	11
12	11
12	11
12	11
12	11
12	11
12	11
12	11
12	11
12	11
12	11
12	11
12	11
12	11
12	11
12	11
12	11
12	11
12	11
12	11
12	11
12	11
12	11
12	11
12	11
12	11
12	11
12	11
12	11
12	11
12	11
12	11
12	11
12	11
12	11
12	11
12	11
12	11
12	11
12	11
12	11
12	11
12	11
12	11
12	11
12	11
12	11
12	11
12	11
12	11
12	11
12	11
12	11
12	11
12	11
12	11
12	11
12	11
12	11
12	11
12	11
12	11
12	11
12	11
12	11
12	11
12	11
12	11
12	11
12	11
12	11
12	11
12	11
12	11
12	11
12	11
12	11
12	11
12	11
12	11
12	11
12	11
12	11
12	11
12	11
12	11
12	11
12	11
12	11
12	11
12	11
12	11
12	11
12	11
12	11
12	11
12	11
12	11
12	11
12	11
12	11
12	11
12	11
12	11
12	11
12	11
12	11
12	11
12	11
12	11
12	11
12	11
12	11
12	11
12	11
12	11
12	11
12	11
12	11
12	11
12	11
12	11
12	11
12	11
12	11
12	11
12	11
12	11
12	11
12	11
12	11
12	11
12	11
12	11
12	11
12	11
12	11
12	11
12	11
12	11
12	11
12	11
13	11
13	12
13	12
13	12
13	12
13	12
13	12
13	12
13	12
13	12
13	12
14	12
14	13
14	13
14	13
14	13
14	13
14	13
14	13
14	13
14	13
14	13
14	13
14	13
14	13
14	13
14	13
14	13
14	13
14	13
14	13
14	13
14	13
14	13
14	13
14	13
14	13
14	13
14	13
14	13
14	13
14	13
14	13
14	13
15	13
15	14
15	14
15	14
15	14
15	14
15	14
15	14
15	14
15	14
15	14
15	14
15	14
15	14
15	14
15	14
15	14
15	14
15	14
15	14
15	14
15	14
15	14
15	14
15	14
15	14
15	14
15	14
15	14
15	14
15	14
15	14
15	14
15	14
15	14
15	14
15	14
15	14
15	14
15	14
15	14
15	14
16	14
16	15
16	15
16	15
16	15
16	15
16	15
16	15
16	15
16	15
16	15
16	15
16	15
16	15
16	15
16	15
16	15
16	15
16	15
16	15
16	15
16	15
16	15
16	15
16	15
16	15
16	15
16	15
16	15
16	15
16	15
16	15
16	15
16	15
16	15
16	15
16	15
16	15
16	15
16	15
16	15
16	15
16	15
16	15
16	15
16	15
16	15
16	15
16	15
16	15
16	15
16	15
16	15
16	15
16	15
16	15
16	15
16	15
16	15
16	15
16	15
16	15
16	15
16	15
16	15
16	15
16	15
16	15
16	15
16	15
16	15
16	15
16	15
16	15
16	15
16	15
16	15
16	15
16	15
16	15
16	15
16	15
16	15
16	15
16	15
16	15
16	15
16	15
16	15
16	15
16	15
16	15
16	15
16	15
16	15
16	15
16	15
16	15
16	15
16	15
16	15
16	15
16	15
16	15
16	15
16	15
16	15
16	15
16	15
16	15
16	15
16	15
16	15
16	15
16	15
16	15
16	15
16	15
16	15
16	15
16	15
16	15
16	15
16	15
16	15
16	15
16	15
16	15
16	15
16	15
16	15
16	15
16	15
16	15
16	15
16	15
16	15
16	15
16	15
16	15
16	15
16	15
16	15
16	15
17	15
17	16
17	16
17	16
17	16
17	16
17	16
17	16
17	16
17	16
17	16
17	16
17	16
18	16
18	16
18	16
18	16
18	16
18	16
18	16
18	16
18	16
18	16
18	17
18	17
18	17
18	17
18	17
19	17
19	18
20	18
20	18
20	18
20	18
20	18
20	18
20	18
20	18
20	18
20	18
20	18
20	18
20	18
21	18
21	19
21	19
21	19
21	19
21	19
22	19
22	20
22	20
22	20
22	20
22	20
22	20
22	20
22	20
22	20
23	20
23	21
23	21
23	22
23	22
23	22
23	22
23	22
23	22
23	22
23	22
23	22
23	22
23	22
23	22
23	22
23	22
23	22
23	22
23	22
23	22
23	22
23	22
23	22
23	22
23	22
23	22
23	22
23	22
23	22
23	22
23	22
23	22
23	22
23	22
23	22
23	22
23	22
23	22
23	22
23	22
23	22
23	22
23	22
23	22
23	22
23	22
23	22
23	22
23	22
23	22
23	23
23	23
23	23
23	23
23	23
23	23
23	23
23	23
23	23
24	23
24	24
24	24
24	24
24	24
24	24
24	24
24	24
25	24
25	25
25	25
25	25
25	25
25	25
25	25
25	25
25	25
25	25
25	25
25	25
25	25
25	25
25	25
25	25
25	25
25	25
25	25
25	25
25	25
25	25
25	25
25	25
25	25
25	25
25	25
25	25
25	25
25	25
25	25
25	25
25	25
25	25
25	25
25	25
25	25
25	25
25	25
26	25
26	26
26	26
26	26
26	26
26	26
27	26
27	27
27	27
27	27
27	27
27	27
27	27
27	27
27	27
27	27
27	27
27	27
27	27
27	27
27	27
27	27
27	27
27	27
27	27
27	27
27	27
27	27
27	27
27	27
28	27
28	27
28	27
28	27
28	27
28	27
28	27
28	27
28	27
28	27
28	27
29	27
29	27
29	27
29	27
29	27
29	27
29	27
29	27
29	27
29	27
29	27
29	27
29	27
29	27
29	27
29	27
29	27
29	27
29	27
29	27
29	27
29	27
29	27
29	27
29	27
29	27
29	27
29	27
29	27
29	27
29	27
29	27
29	27
29	27
29	27
29	27
29	27
29	27
29	27
29	27
29	27
29	27
29	27
29	27
29	27
29	27
29	27
29	27
29	27
30	27
30	28
30	28
30	28
30	28
30	28
30	28
30	28
30	28
30	28
30	28
30	28
30	28
30	28
30	28
30	28
30	28
30	28
30	28
30	28
30	28
30	28
30	28
30	28
30	28
30	28
30	28
30	28
30	28
30	28
30	28
30	28
30	28
30	28
30	28
30	28
30	28
30	28
30	28
30	28
30	28
30	28
30	28
30	28
30	28
30	28
30	28
30	28
30	28
30	28
30	28
30	28
30	28
30	28
30	28
30	28
30	28
30	28
30	28
30	28
30	28
30	28
30	28
30	28
30	28
30	28
30	28
30	28
30	28
30	28
30	28
30	28
30	28
30	28
30	28
30	28
30	28
30	28
30	28
30	28
30	28
30	28
30	28
30	28
30	28
30	28
30	28
30	28
30	28
30	28
30	28
30	28
30	28
30	28
30	28
30	28
30	28
30	28
30	28
30	28
30	28
30	28
30	28
30	28
30	28
30	28
30	28
30	28
30	28
30	28
30	28
30	28
30	28
30	28
30	28
30	28
30	28
30	28
30	28
30	28
30	28
30	28
30	28
30	28
30	28
30	28
30	28
30	28
30	28
30	28
30	28
30	28
30	28
30	28
30	28
30	28
30	28
30	28
30	28
30	28
30	28
30	28
30	28
30	28
30	28
30	28
30	28
30	28
30	28
30	28
30	28
30	28
30	28
30	28
30	29
30	29
30	29
30	29
30	29
30	29
30	29
30	29
30	29
30	29
30	29
30	29
30	29
30	29
30	29
30	30
30	30
30	30
30	30
30	30
30	30
30	30
30	30
30	30
30	30
30	30
30	30
30	30
30	30
30	30
30	30
30	30
30	30
30	30
30	30
30	30
30	30
30	30
30	30
30	30
30	30
30	30
30	30
30	30
30	30
30	30
30	30
30	30
30	30
30	30
30	30
30	30
30	30
30	30
30	30
30	30
30	30
30	30
30	30
31	30
31	31
31	31
31	31
31	31
31	31
31	31
31	31
31	31
31	31
31	31
31	31
31	31
31	31
31	31
31	31
31	31
31	31
31	31
31	31
31	31
31	31
31	31
31	31
31	31
31	31
31	31
31	31
31	31
31	31
31	31
31	31
31	31
31	31
31	31
31	31
31	31
31	31
31	31
31	31
31	31
32	31
32	32
32	32
32	32
32	32
32	32
32	32
32	32
32	32
32	32
32	32
32	32
32	32
32	32
32	32
32	32
32	32
32	32
32	32
32	32
32	32
32	32
32	32
32	32
32	32
32	32
32	32
32	32
32	32
32	32
32	32
32	32
32	32
32	32
32	32
32	32
32	32
32	32
32	32
32	32
32	32
32	32
32	32
32	32
32	32
32	32
32	32
32	32
32	32
32	33
33	33
33	34
33	34
33	34
33	34
33	34
33	34
33	34
33	34
33	34
33	34
33	34
33	34
33	34
33	34
33	34
33	34
33	34
33	34
33	34
33	34
33	34
33	34
33	34
33	34
33	34
34	34
34	35
34	35
34	35
34	35
34	35
34	35
34	35
34	35
34	35
34	35
34	35
34	35
34	35
34	35
34	35
34	35
34	35
34	35
34	35
35	35
35	36
35	36
35	36
35	36
35	36
35	36
35	36
35	36
35	36
35	36
35	36
35	36
35	36
35	36
35	36
35	36
35	36
35	36
35	36
36	36
36	36
36	36
36	36
36	36
36	36
36	36
36	36
36	36
36	36
36	36
36	36
36	36
36	36
36	36
36	36
36	36
36	36
36	36
36	36
36	36
36	36
36	36
36	36
36	36
36	36
36	36
36	36
36	36
36	36
36	36
36	36
36	36
36	37
36	37
36	37
36	37
36	37
36	37
36	37
36	37
36	37
36	37
36	37
36	37
36	37
36	37
36	37
36	37
36	37
36	37
36	37
36	37
36	37
36	37
36	37
36	38
36	38
36	38
36	38
36	38
36	38
36	38
36	38
36	39
36	39
36	39
36	39
36	39
36	39
36	39
36	39
36	39
36	40
36	40
36	40
36	40
36	40
36	40
36	40
36	40
36	40
36	40
36	40
36	40
36	40
36	40
36	40
36	40
36	40
36	40
36	40
36	40
36	40
37	40
37	40
37	40
37	40
37	40
37	40
37	40
37	40
37	40
37	40
37	40
37	40
37	40
38	40
38	41
38	41
38	41
38	41
38	42
38	43
38	43
38	43
38	43
38	43
38	43
38	43
38	43
38	43
38	43
38	43
38	43
38	43
39	43
39	43
39	43
39	43
39	43
39	43
39	43
39	44
39	44
39	44
39	44
39	44
39	44
39	44
39	44
39	44
39	44
39	44
39	44
39	44
39	44
39	44
39	44
39	44
40	45
40	46
40	46
40	46
40	46
40	46
40	46
40	46
40	46
40	46
40	46
40	46
40	46
40	47
40	47
41	47
41	48
41	48
41	48
41	48
41	49
41	49
41	49
41	49
41	49
41	49
41	49
41	49
41	49
41	49
41	49
41	49
42	49
42	50
43	51
43	52
43	52
43	52
43	52
43	52
43	52
43	52
43	52
43	52
43	52
43	52
43	52
43	52
43	52
43	52
43	52
43	53
43	53
43	53
43	53
43	53
43	53
43	53
43	53
43	54
44	54
44	54
44	54
44	54
44	54
44	54
44	54
44	54
44	54
44	54
44	54
44	54
44	54
44	54
44	54
45	54
45	55
45	55
45	55
45	55
45	55
45	55
45	55
45	55
45	55
45	55
45	55
45	55
45	55
45	55
45	55
45	55
45	55
45	55
45	55
45	55
45	55
45	55
45	55
45	55
45	55
46	55
47	55
47	55
47	55
47	55
47	55
47	55
47	55
47	55
47	55
47	55
47	55
47	55
47	55
47	55
47	55
48	55
48	55
48	55
48	55
48	55
48	55
48	55
48	55
49	55
49	56
49	57
49	57
49	57
49	57
49	57
49	57
49	57
50	57
50	58
51	58
51	58
51	58
51	58
51	58
51	58
51	58
51	58
51	58
52	58
52	59
52	59
52	59
52	59
52	59
52	59
52	59
52	59
52	59
52	59
52	59
53	59
53	59
53	59
54	59
55	59
55	59
56	59
56	59
56	59
56	59
56	59
56	59
56	59
56	59
57	59
57	60
57	60
57	60
57	60
57	60
57	60
57	60
57	60
57	60
57	60
57	60
57	60
57	60
58	60
58	61
58	61
58	61
58	61
58	61
58	61
58	61
59	61
59	61
59	61
59	61
59	61
59	61
59	61
60	61
60	62
60	62
60	62
60	62
60	62
60	62
60	62
60	62
60	62
60	62
60	62
60	62
60	62
61	62
61	63
61	63
61	63
61	63
61	63
61	63
62	63
62	64
63	64
63	64
63	64
63	64
63	64
63	64
63	64
63	64
63	64
63	64
63	64
63	64
63	64
63	64
63	64
63	64
63	64
64	64
64	64
65	65
65	65
65	65
66	65
66	65
66	65
66	65
66	65
66	65
66	65
66	65
66	65
66	65
66	65
66	65
66	65
66	65
66	65
66	65
67	65
67	65
67	65
67	65
67	65
67	65
68	66
68	67
68	67
68	67
68	67
68	67
68	67
68	67
68	67
68	67
68	67
68	67
68	67
68	67
68	67
68	67
68	67
68	67
68	67
68	67
68	67
68	67
68	67
69	67
69	67
69	67
69	67
69	67
69	67
69	67
69	67
69	67
69	67
69	67
69	67
69	67
70	67
70	67
70	67
70	67
70	67
70	67
71	67
71	68
71	68
71	68
71	68
71	68
71	68
71	68
71	68
71	68
71	68
71	68
71	68
71	68
71	68
71	68
71	68
71	68
71	68
71	68
71	68
71	68
71	68
71	68
71	68
71	68
71	68
71	68
71	68
71	68
72	68
72	69
72	69
72	69
72	69
73	69
73	69
73	69
73	69
73	69
73	69
73	69
73	69
73	69
73	69
73	69
73	69
73	69
73	69
73	69
73	69
73	69
73	69
73	69
73	69
73	69
73	69
73	69
73	69
73	69
73	69
73	69
73	69
73	69
73	69
73	69
73	70
73	70
73	70
73	70
73	70
73	70
73	70
73	70
73	70
73	70
73	70
73	70
73	70
74	70
74	70
74	70
74	70
74	70
74	70
74	71
74	71
74	71
74	71
74	71
74	71
74	71
74	71
74	71
74	71
75	71
75	71
75	71
75	71
75	71
75	71
75	71
75	72
75	72
75	72
75	72
75	72
75	72
75	72
75	72
75	72
75	72
75	72
75	72
75	72
75	72
75	72
75	72
75	72
75	72
75	72
75	72
75	72
75	72
75	72
75	72
75	72
75	72
75	72
75	72
75	72
75	72
75	72
75	72
75	72
75	72
75	72
75	72
75	72
75	72
75	72
75	72
75	72
75	72
75	72
75	72
75	72
75	72
75	72
75	72
75	72
75	72
75	72
75	72
75	72
75	72
75	72
75	72
75	72
75	72
75	72
75	72
75	72
75	72
75	72
75	72
75	72
75	72
75	72
75	72
75	72
76	72
76	72
76	72
76	72
76	72
76	72
76	72
76	72
76	72
76	72
76	72
76	72
76	72
76	72
76	72
76	72
76	72
76	72
76	72
76	72
76	72
76	72
76	72
76	72
76	72
76	72
76	72
76	72
76	72
76	72
76	72
76	72
76	72
76	72
76	72
76	72
76	72
76	72
76	72
76	72
76	72
76	72
76	72
76	72
76	72
76	72
76	72
76	72
76	72
76	72
76	72
76	72
76	72
76	72
76	72
76	72
76	72
76	72
76	72
76	72
76	72
76	72
76	72
76	72
76	72
76	72
76	72
76	72
76	72
76	72
76	72
76	72
76	72
76	72
76	72
76	72
76	72
76	72
76	72
76	72
76	72
76	72
76	72
76	72
76	72
76	72
76	72
76	72
76	72
76	72
76	72
76	72
76	72
76	72
76	72
76	72
76	72
76	72
76	72
76	72
76	72
76	72
76	72
76	72
76	72
76	72
76	72
76	72
76	72
76	72
76	72
76	72
76	72
76	72
76	72
76	72
76	72
76	72
76	72
76	72
76	72
76	72
76	72
76	72
76	72
76	72
76	72
76	72
76	72
76	72
76	72
76	72
76	72
76	72
76	72
76	72
76	72
76	72
76	72
76	72
76	72
76	72
76	72
76	72
76	72
76	72
76	72
76	72
76	72
76	72
76	72
76	72
76	72
76	72
76	72
76	72
76	72
76	72
76	72
76	72
76	72
76	72
76	72
76	72
76	72
76	72
76	72
76	72
76	72
76	72
76	72
76	72
76	72
76	72
76	72
76	72
76	72
76	72
76	72
76	72
76	72
76	72
76	72
76	72
76	72
76	72
76	72
76	72
76	72
76	72
76	72
76	72
76	72
76	72
76	72
76	72
76	72
76	72
76	72
76	72
76	72
76	72
76	72
76	72
76	72
76	72
76	72
76	72
76	72
76	72
76	72
76	72
76	72
76	72
76	72
76	72
76	72
76	72
76	72
76	72
76	72
76	72
76	72
76	72
76	72
76	72
76	72
76	72
76	72
76	72
76	72
76	72
76	72
76	72
76	72
76	72
76	72
76	72
76	72
76	72
76	72
76	72
76	72
76	72
76	72
76	72
76	72
76	72
76	72
76	72
76	72
76	72
76	72
76	72
76	72
76	72
76	72
76	72
76	72
76	72
76	72
76	72
76	72
76	72
76	72
76	72
76	72
76	72
76	72
76	72
76	72
76	72
76	72
76	72
76	72
76	72
76	72
76	72
76	72
76	72
76	72
76	72
76	72
76	72
76	72
76	72
76	72
76	72
76	72
76	72
76	72
76	72
76	72
76	72
76	72
76	72
76	72
76	72
76	72
76	72
76	72
76	72
76	72
76	72
76	72
76	72
76	72
76	72
76	72
76	72
76	72
76	72
76	72
76	72
76	72
76	72
76	72
76	72
76	72
76	72
76	72
76	72
76	72
76	72
76	72
76	72
76	72
76	72
76	72
76	72
76	72
76	72
76	72
76	72
76	72
76	72
76	72
76	72
76	72
76	72
76	72
76	72
76	72
76	72
76	72
76	72
76	72
76	72
76	72
76	72
76	72
76	72
76	72
76	72
76	72
76	72
76	72
76	72
76	72
76	72
76	72
76	72
76	72
76	72
76	72
76	72
76	72
76	72
76	72
76	72
76	72
76	72
76	72
76	72
76	72
76	72
76	72
76	72
76	72
76	72
76	72
76	72
76	72
76	72
76	72
76	72
76	72
76	72
76	72
76	72
76	72
76	72
76	72
76	72
76	72
76	72
76	72
76	72
76	72
76	72
76	72
76	72
76	72
76	72
76	72
76	72
76	72
76	72
76	72
76	72
76	72
76	72
76	72
76	72
76	72
76	72
76	72
76	72
76	72
76	72
76	72
76	72
76	72
76	72
76	72
76	72
76	72
76	72
76	72
76	72
76	72
76	72
76	72
76	72
76	72
76	72
76	72
76	72
76	72
76	72
76	72
76	72
76	72
76	72
76	72
76	72
76	72
76	72
76	72
76	72
76	72
76	72
76	72
76	72
76	72
76	72
76	72
76	72
76	72
76	72
76	72
76	72
76	72
76	72
76	72
76	72
76	72
76	72
76	72
76	72
76	72
76	72
76	72
76	72
76	72
76	72
76	72
76	72
76	72
76	72
76	72
76	72
76	72
76	72
76	72
76	72
76	72
76	72
76	72
76	72
76	72
76	72
76	72
76	72
76	72
76	72
76	72
76	72
76	72
76	72
76	72
76	72
76	72
76	72
76	72
76	72
76	72
76	72
76	72
76	72
76	72
76	72
76	72
76	72
76	72
76	72
76	72
76	72
76	72
76	72
76	72
76	72
76	72
76	72
76	72
76	72
76	72
76	72
76	72
76	72
76	72
76	72
76	72
76	72
76	72
76	72
76	72
76	72
76	72
76	72
76	72
76	72
76	72
76	72
76	72
76	72
76	72
76	72
76	72
76	72
76	72
76	72
76	72
76	72
76	72
76	72
76	72
76	72
76	72
76	72
76	72
76	72
76	72
76	72
76	72
76	72
76	72
76	72
76	72
76	72
77	72
77	72
77	72
77	72
77	72
78	72
78	72
78	72
78	73
78	73
78	73
78	73
78	73
78	73
78	73
78	73
78	73
78	73
78	74
78	74
78	74
78	74
78	74
78	74
78	74
78	74
78	74
78	74
78	74
79	74
79	74
79	74
79	74
79	74
79	74
79	74
80	74
80	74
80	74
80	74
80	74
80	74
80	74
80	74
80	74
80	74
80	74
80	74
80	74
80	74
80	74
80	74
80	74
80	74
80	74
80	74
80	74
80	74
80	74
80	74
80	74
80	74
80	74
80	74
80	74
80	74
80	74
80	74
80	74
80	74
80	74
80	74
80	74
80	74
80	74
80	74
80	74
80	74
80	74
80	74
80	74
80	74
80	74
80	74
80	74
80	74
80	74
80	74
80	74
80	74
80	74
80	74
80	74
80	74
80	74
80	74
80	74
80	74
80	74
80	74
80	74
80	74
80	74
80	74
80	74
80	74
80	74
80	74
80	74
80	74
80	74
80	74
80	74
80	74
80	74
80	74
80	74
80	74
80	74
80	74
80	74
80	74
80	74
80	74
80	74
80	74
80	74
80	74
80	74
80	74
80	74
80	74
80	74
80	74
80	74
80	74
80	74
80	74
80	74
80	74
80	74
80	74
80	74
80	74
80	74
80	74
80	74
80	74
80	74
80	74
80	74
80	74
80	74
80	74
80	74
80	74
80	74
80	74
80	74
80	74
80	74
80	74
80	74
80	74
80	74
80	74
80	74
80	74
80	74
80	74
80	74
80	74
80	74
80	74
80	74
80	74
80	74
80	74
80	74
80	74
80	74
80	74
80	74
80	74
80	74
80	74
80	74
80	74
80	74
80	74
80	74
80	74
80	74
80	74
80	74
80	74
80	74
80	74
80	74
80	74
80	74
80	74
80	74
80	74
80	74
80	74
80	74
80	74
80	74
80	74
80	74
80	74
80	74
80	74
80	74
80	74
80	74
80	74
80	74
80	74
80	74
80	74
80	74
80	74
80	74
80	74
80	74
80	74
80	74
80	74
80	74
80	74
80	74
80	74
80	74
80	74
80	74
80	74
80	74
80	74
80	74
80	74
80	74
80	74
80	74
80	74
80	74
80	74
80	74
81	74
81	75
81	75
81	75
81	75
81	75
81	75
81	75
81	75
81	75
81	75
81	75
81	75
81	75
81	75
82	75
82	76
82	76
82	76
82	76
82	76
82	76
82	76
82	76
82	76
82	76
82	76
82	76
82	76
82	76
82	76
82	76
82	76
82	76
82	76
82	76
82	76
82	76
82	76
82	76
82	76
82	76
82	76
82	76
82	76
82	76
82	76
82	76
82	76
82	76
82	76
82	76
82	76
82	76
82	76
82	76
82	76
82	76
82	76
82	76
82	76
82	76
82	76
82	76
82	76
82	76
82	76
82	76
82	76
82	76
82	76
82	76
82	76
82	76
82	76
82	76
82	76
82	76
82	76
82	76
82	76
82	76
82	76
82	76
82	76
82	76
82	76
82	76
82	76
82	76
82	76
82	76
82	76
82	76
82	76
82	76
82	76
82	76
82	76
82	76
82	76
82	76
82	76
82	76
82	76
82	76
82	76
82	76
82	76
82	76
82	76
82	76
82	76
82	76
82	76
82	76
82	76
82	76
82	76
82	76
82	76
82	76
82	76
82	76
82	76
82	76
82	76
82	76
82	76
82	76
82	76
82	76
82	76
82	76
82	76
82	76
82	76
82	76
82	76
82	76
82	76
82	76
82	76
82	76
82	76
82	76
82	76
82	76
82	76
82	76
82	76
82	76
82	76
82	76
82	76
82	76
82	76
82	76
82	76
82	76
82	76
82	76
82	76
82	76
82	76
82	76
82	76
82	76
82	76
82	76
82	76
82	76
82	76
82	76
82	76
82	76
82	76
82	76
82	76
82	76
82	76
82	76
82	76
82	76
82	76
82	76
82	76
82	76
82	76
82	76
82	76
82	76
82	76
82	76
82	76
82	76
82	76
82	76
82	76
82	76
82	76
82	76
82	76
82	76
82	76
82	76
82	76
82	76
82	76
82	76
82	76
82	76
82	76
82	76
82	76
82	76
82	76
82	76
82	76
82	76
82	76
82	76
82	76
82	76
82	76
82	76
82	76
82	76
82	76
82	76
82	76
82	76
82	76
82	76
82	76
82	76
82	76
82	76
82	76
82	76
82	76
82	76
82	76
82	76
82	76
82	76
82	76
82	76
82	76
82	76
82	76
82	76
82	76
82	76
82	76
82	76
82	76
82	76
82	76
82	76
82	76
82	76
82	76
82	76
82	76
82	76
82	76
82	76
82	76
82	76
82	76
82	76
82	76
82	76
82	76
82	76
82	76
82	76
82	76
82	76
82	76
82	76
82	76
82	76
82	76
82	76
82	76
82	76
82	76
82	76
82	76
82	76
82	76
82	76
82	76
82	76
82	76
82	76
82	76
82	76
82	76
82	76
82	76
82	76
82	76
82	76
82	76
82	76
82	76
82	76
82	76
82	76
82	76
82	76
82	76
82	76
82	76
82	76
82	76
82	76
82	76
82	76
82	76
82	76
82	76
82	76
82	76
82	76
82	76
82	76
82	76
82	76
82	76
82	76
82	76
82	76
82	76
82	76
82	76
82	76
82	77
82	77
82	77
82	77
82	77
82	77
82	77
82	77
82	77
82	77
82	77
82	77
82	77
82	77
82	77
82	77
82	77
82	77
82	77
82	77
82	77
82	77
82	77
82	77
82	77
82	77
83	77
83	78
83	78
83	78
83	78
83	78
83	78
83	78
83	78
83	78
83	78
83	78
83	78
83	78
83	78
83	78
83	78
83	78
83	78
83	78
83	78
83	78
83	78
83	78
83	78
83	78
83	78
83	78
83	78
83	78
83	78
83	78
83	78
83	78
83	78
83	78
83	78
83	78
83	78
83	78
83	78
83	78
83	78
83	78
83	78
83	78
83	78
83	78
83	78
83	78
83	78
83	78
83	78
83	78
83	78
83	78
83	78
83	78
83	78
83	78
83	78
83	78
83	78
83	78
83	78
83	78
83	78
83	78
83	78
83	78
83	78
83	78
83	78
83	78
83	78
83	78
83	78
83	78
83	78
83	78
83	78
83	78
83	78
83	78
83	78
83	78
83	78
83	78
83	78
83	78
83	78
83	78
83	78
83	78
83	78
83	78
83	78
83	78
83	78
83	78
83	78
83	78
83	78
83	78
83	78
83	78
83	78
83	78
83	78
83	78
83	78
83	78
83	78
83	78
83	78
83	78
83	78
83	78
83	78
83	78
83	78
83	78
83	78
83	78
83	78
83	78
83	78
83	78
83	78
83	78
83	78
83	78
83	78
83	78
83	78
83	78
83	78
83	78
83	78
83	78
83	78
83	78
83	78
83	78
83	78
83	78
83	78
83	78
83	78
83	78
83	78
83	78
83	78
83	78
83	78
83	78
83	78
83	78
83	78
83	78
83	78
83	78
83	78
83	78
83	78
83	78
83	78
83	78
83	78
83	78
83	78
83	78
83	78
83	78
83	78
83	78
83	78
83	78
83	78
83	78
83	78
83	78
83	78
83	78
83	78
83	78
83	78
83	78
83	78
83	78
83	78
83	78
83	78
83	78
83	78
83	78
83	78
83	78
83	78
83	78
83	78
83	78
83	78
83	78
83	78
83	78
83	78
83	78
83	78
83	78
83	78
83	78
83	78
83	78
83	78
83	78
83	78
83	78
83	78
83	78
83	78
83	78
83	78
83	78
83	78
83	78
83	78
83	78
83	78
83	78
84	78
85	79
85	79
85	79
85	79
85	79
85	79
85	79
85	79
86	79
86	80
86	80
86	80
86	80
86	80
87	80
87	81
87	81
88	81
88	82
88	82
88	82
88	82
88	82
88	82
88	82
88	82
88	82
89	82
89	83
89	83
89	83
89	83
89	83
89	83
89	83
89	83
89	83
89	83
89	83
89	83
89	83
90	83
90	84
90	85
90	85
90	85
90	85
90	85
90	85
90	86
90	86
90	86
90	86
90	86
90	86
90	86
90	86
90	86
91	86
91	87
91	87
91	87
91	87
91	87
91	88
91	88
92	88
93	88
93	89
93	89
93	89
93	89
93	89
93	89
93	89
93	89
93	89
93	90
94	90
94	90
94	90
94	90
94	90
94	90
94	90
94	90
94	90
94	90
94	90
94	90
94	90
95	90
95	91
96	91
96	92
96	92
96	92
96	92
96	92
96	92
96	92
96	92
96	92
96	92
96	92
96	92
96	92
96	92
96	92
96	92
96	92
97	92
97	93
97	93
97	93
97	93
97	93
97	93
97	93
98	93
99	94
99	95
99	95
99	95
100	95
100	96
100	96
100	96
100	96
100	96
100	96
100	96
100	97
100	97
100	97
101	97
102	98
102	99
102	99
102	100
102	100
103	100
103	101
103	101
103	101
103	101
103	101
103	101
103	101
104	101
104	102
104	102
104	102
104	102
104	102
104	102
104	102
104	102
104	102
104	102
104	102
104	102
104	102
104	102
104	102
104	102
105	102
105	103
105	103
105	103
105	103
105	103
105	103
105	103
105	103
105	103
105	103
106	104
106	105
107	105
107	105
107	105
108	106
108	107
108	107
108	107
108	107
108	107
108	107
108	107
108	107
108	107
108	107
108	107
108	107
108	107
108	107
109	107
109	107
109	107
109	107
110	107
110	108
110	108
110	108
110	108
110	108
110	108
110	108
110	108
110	108
110	108
110	108
111	108
111	108
112	108
112	108
112	108
112	108
112	108
112	108
112	109
112	109
112	109
112	109
112	109
112	110
112	110
112	110
112	110
112	111
113	111
113	112
113	112
113	112
114	112
114	113
114	113
115	113
115	114
115	114
115	114
116	114
116	115
116	115
116	116
116	116
116	116
117	116
117	116
118	116
118	117
118	117
118	117
118	117
119	117
119	117
119	117
120	117
120	117
120	117
120	117
120	117
120	117
120	117
120	117
120	117
120	117
120	117
120	117
120	117
120	117
120	117
120	117
121	117
121	118
121	118
121	118
121	118
121	118
122	119
122	119
122	119
122	119
122	119
122	119
122	119
122	119
122	119
122	119
122	119
122	119
122	119
122	119
122	119
122	119
122	119
122	119
122	119
122	119
122	119
122	119
122	119
122	119
122	119
122	119
122	119
122	119
122	119
123	119
123	120
123	120
123	120
123	120
124	120
124	121
124	121
124	121
125	121
125	122
125	122
125	122
126	122
126	123
126	123
126	123
126	123
126	123
126	123
126	123
126	123
126	123
126	124
126	124
126	124
126	125
126	125
126	125
126	125
126	125
126	125
126	125
126	125
126	125
127	125
127	126
127	126
127	126
127	126
127	126
127	126
127	126
127	126
128	126
128	127
128	127
128	127
128	127
128	127
128	128
128	128
128	128
128	128
128	129
129	129
129	129
129	129
129	129
129	129
129	129
129	130
129	130
129	130
129	130
129	130
129	130
129	130
129	130
129	130
129	130
129	130
129	130
129	130
129	130
129	130
129	130
129	130
129	130
129	130
129	130
129	130
129	130
129	131
130	131
130	132
130	132
130	132
130	132
131	132
131	133
131	133
131	133
131	133
131	133
131	133
131	133
131	133
131	133
131	133
131	133
131	133
132	133
132	133
132	133
132	133
132	133
132	133
132	133
132	133
133	133
133	133
133	133
133	133
133	133
133	133
134	133
134	133
134	133
134	133
134	133
134	133
134	133
134	133
134	133
135	133
135	134
135	134
135	134
135	134
135	134
135	134
135	134
135	134
135	134
135	134
135	134
135	134
136	134
136	135
137	135
137	136
138	136
138	137
138	137
138	137
138	137
138	137
138	137
138	137
138	137
138	137
138	137
138	137
139	137
139	137
139	138
139	138
139	138
139	138
139	138
139	138
139	138
139	138
139	138
139	138
139	138
139	138
139	138
139	138
139	138
139	138
139	138
139	138
139	138
139	138
139	138
140	138
140	138
140	138
140	138
140	138
140	138
140	138
140	138
140	138
141	138
141	138
141	138
141	138
141	138
141	138
141	138
141	138
141	138
141	138
141	138
141	139
141	139
141	139
141	139
141	139
141	139
141	139
141	139
141	139
142	139
142	140
142	140
142	140
142	140
142	140
142	140
142	140
142	140
142	140
142	140
143	140
143	141
143	141
143	141
143	141
143	141
143	141
143	141
143	141
143	141
143	141
143	141
143	141
143	141
143	141
143	141
143	141
143	141
144	141
144	141
144	141
144	141
144	141
144	141
144	141
144	141
144	141
144	141
144	141
144	141
144	141
144	141
144	141
144	141
144	141
144	141
144	141
144	141
144	141
144	141
145	141
145	141
146	141
146	141
147	141
147	142
147	142
147	142
147	142
148	142
148	143
148	143
148	143
148	143
148	143
148	143
148	143
148	143
148	143
148	143
148	143
148	143
148	143
148	143
148	143
148	143
148	143
148	143
148	143
148	143
148	143
148	143
148	143
148	143
148	143
148	143
148	143
149	143
149	144
149	144
149	144
149	144
150	144
150	145
150	145
150	145
150	145
150	145
150	145
150	145
150	145
150	145
150	145
150	145
150	145
150	145
150	145
150	145
150	145
151	145
151	146
151	146
151	146
151	146
151	146
151	146
151	146
151	146
151	146
151	146
151	146
151	146
151	146
151	146
151	146
151	146
151	146
151	146
151	146
151	147
151	147
151	147
151	147
151	147
151	147
151	147
151	147
151	147
151	147
151	147
151	147
151	147
151	147
152	148
152	148
152	148
152	148
152	148
152	148
152	148
152	148
152	148
152	148
152	148
152	148
152	148
152	148
152	148
152	148
152	148
152	148
152	148
152	148
152	148
152	148
152	148
152	148
152	148
152	148
152	148
152	148
153	148
153	148
153	148
153	148
153	148
153	148
153	148
153	148
153	148
154	148
154	149
154	149
154	149
154	149
154	149
154	149
154	149
154	149
155	149
155	149
155	149
155	149
155	149
155	149
155	149
155	149
155	149
155	149
155	149
155	149
156	149
156	149
156	149
156	149
156	149
156	149
156	149
156	149
156	149
156	149
156	149
156	149
156	149
156	149
157	149
157	150
158	150
158	150
158	150
158	150
158	150
158	150
158	150
158	150
158	150
158	150
158	150
158	150
158	150
158	150
158	150
158	150
159	150
159	150
159	150
159	150
159	150
159	150
159	150
159	150
159	150
159	150
159	150
159	150
159	150
159	150
159	150
159	150
159	150
159	150
159	150
159	150
159	150
159	150
159	150
159	150
159	150
159	150
159	150
159	150
159	150
160	150
160	151
160	151
160	151
160	151
160	151
160	151
160	151
160	151
160	151
160	151
160	151
160	151
160	151
160	151
160	151
160	151
160	151
160	151
160	151
160	151
161	151
161	151
161	151
161	151
161	151
161	151
161	151
161	151
161	151
161	151
161	151
161	151
161	151
161	151
161	152
161	152
161	152
161	152
161	152
161	152
161	152
161	153
161	153
161	153
161	153
162	153
162	154
162	154
162	154
162	154
162	154
162	154
162	154
162	154
162	154
162	154
162	154
162	154
162	154
162	154
162	154
163	155
163	155
163	155
163	155
163	155
163	155
163	155
163	155
163	156
163	156
163	156
163	156
163	157
163	157
163	157
163	157
163	157
163	157
163	157
163	157
163	157
163	157
163	157
163	158
163	158
163	158
163	158
163	158
163	158
163	158
163	158
163	158
163	158
163	158
163	158
163	158
163	158
163	159
163	159
163	159
163	159
163	159
163	159
163	159
163	159
163	159
163	159
163	159
163	159
163	159
163	159
163	159
163	159
164	159
164	160
164	160
164	160
164	160
164	160
164	160
164	160
164	161
164	161
164	161
164	161
164	161
164	161
164	161
164	161
164	161
164	161
164	161
164	161
164	161
164	161
164	161
164	161
164	161
164	161
164	161
164	161
165	161
165	161
165	161
165	161
165	161
165	161
165	161
165	161
165	161
165	161
165	161
165	161
165	161
165	161
165	161
165	161
165	161
165	161
165	161
165	162
165	162
165	162
165	162
165	162
166	162
166	162
166	162
166	162
166	162
166	162
166	162
166	162
166	162
166	162
166	162
166	162
166	162
166	162
166	162
166	162
166	162
166	162
166	162
166	162
166	162
166	162
166	162
166	162
166	162
166	162
166	162
166	162
166	162
166	162
166	162
166	162
166	162
166	162
166	162
166	162
166	162
166	162
166	162
166	162
166	162
166	162
166	162
167	162
167	162
167	162
167	162
167	162
167	162
167	162
167	162
167	162
167	162
167	162
167	162
167	162
167	162
167	162
167	162
167	162
167	162
167	162
167	162
167	162
167	163
167	163
167	163
167	163
167	163
167	163
167	163
167	163
168	163
168	164
168	164
168	164
168	164
168	164
168	164
168	164
168	164
168	164
168	164
169	164
169	165
169	165
169	165
169	165
169	165
169	165
169	165
169	165
169	165
169	165
169	165
169	165
170	165
170	165
170	165
170	165
171	165
172	166
172	166
172	166
172	166
172	166
172	166
172	166
172	166
173	167
173	168
173	168
173	168
174	168
174	168
174	168
174	168
174	168
174	168
174	168
174	168
174	168
174	168
174	168
174	169
174	169
174	169
174	169
174	169
174	169
174	170
174	171
174	171
174	171
174	171
174	171
174	171
174	171
174	171
174	171
174	171
174	171
174	171
174	171
174	171
174	171
174	171
174	171
174	171
174	171
174	171
174	172
174	172
174	172
174	172
174	172
174	172
174	172
174	172
174	172
174	172
174	172
174	172
174	172
174	172
174	172
174	172
174	172
174	172
174	172
174	172
174	172
174	172
174	172
174	172
174	172
174	172
174	172
174	173
175	173
175	173
175	173
175	173
175	173
175	173
175	173
175	173
175	173
175	173
175	173
175	173
175	173
175	173
176	173
176	173
176	173
176	173
176	173
176	173
176	173
176	173
176	173
176	173
176	173
176	173
176	173
176	173
176	173
176	173
176	173
176	173
176	173
176	173
176	173
177	173
177	173
177	173
177	173
177	173
177	173
177	173
177	174
177	174
177	174
177	174
178	174
178	175
178	175
178	175
178	175
178	175
178	175
178	175
178	175
178	175
178	175
178	175
178	175
178	175
178	175
178	175
178	175
178	175
178	175
178	175
178	175
178	175
178	175
178	175
179	175
179	175
179	175
179	175
179	175
179	175
179	175
179	175
179	175
179	175
179	175
179	175
179	175
179	175
179	175
179	175
179	175
179	175
179	175
179	175
179	175
179	175
179	175
179	175
179	175
179	175
179	175
179	175
179	175
179	175
179	175
180	175
180	175
180	175
180	175
180	175
180	175
180	175
180	175
180	175
180	175
180	175
180	175
180	175
180	175
181	175
181	176
181	176
181	176
181	176
181	176
181	176
182	176
182	176
182	176
182	176
182	176
182	176
182	176
182	176
182	176
182	176
182	176
182	176
182	176
182	176
182	176
182	176
182	176
182	176
182	176
182	176
182	176
182	176
182	176
182	176
182	176
182	176
182	176
182	176
182	176
182	176
182	176
182	176
182	177
182	177
182	178
182	178
182	178
182	178
182	178
182	178
182	178
182	178
182	178
182	178
182	178
182	178
182	178
182	178
182	178
182	178
182	178
182	178
182	178
182	178
182	178
182	178
182	178
182	178
182	178
182	178
182	178
182	178
182	178
182	178
182	178
182	178
183	178
183	178
183	178
183	178
183	179
183	179
183	180
183	180
183	180
183	180
183	180
183	180
183	180
183	180
183	180
183	180
183	180
183	180
183	180
183	180
183	180
183	180
183	180
183	180
183	180
183	180
183	180
183	181
183	181
183	181
183	181
183	181
183	181
183	182
183	182
183	182
183	182
183	182
183	182
183	182
183	182
183	183
183	183
184	183
184	184
184	184
184	184
184	184
184	184
184	184
184	184
184	184
184	184
184	184
184	184
184	184
184	184
184	184
184	184
184	184
184	184
184	184
184	184
184	184
184	184
184	184
184	184
184	184
184	184
184	184
184	184
184	184
184	184
185	184
185	185
185	185
185	185
185	185
185	185
185	185
185	185
185	185
185	185
185	185
185	185
185	185
185	185
185	185
185	185
185	185
185	185
185	185
185	185
185	185
185	185
185	185
185	185
185	185
185	185
185	185
185	185
185	185
185	185
185	185
185	185
185	185
185	185
185	185
185	185
185	185
185	185
185	185
185	185
185	185
185	185
185	185
185	185
185	185
185	185
185	185
185	185
185	185
185	185
185	185
185	185
185	185
185	185
185	185
185	185
185	185
185	185
185	185
185	185
185	185
185	185
185	185
185	185
185	185
185	185
185	185
185	185
185	185
185	185
185	185
185	185
185	185
185	185
185	185
185	185
185	185
185	185
185	185
185	185
185	185
185	185
185	185
185	185
185	185
185	185
185	185
185	185
185	185
185	185
185	185
185	185
185	185
185	185
185	185
185	185
185	185
185	185
185	185
185	185
185	185
185	185
185	185
185	185
185	185
185	185
185	185
185	185
185	185
185	185
185	185
185	185
185	185
185	185
185	185
185	185
185	185
185	185
185	185
185	185
185	185
185	185
185	185
185	185
185	185
185	185
185	185
185	185
185	185
185	185
185	185
185	185
185	185
185	185
185	185
185	185
186	185
186	186
186	186
186	186
186	186
186	186
186	186
186	186
186	186
186	186
186	186
186	186
186	186
186	186
186	186
186	186
187	186
187	187
187	187
187	187
187	187
187	187
187	187
187	187
187	187
187	187
187	187
187	187
187	187
187	187
187	187
188	187
188	188
188	188
188	188
188	188
188	188
188	188
188	188
188	188
188	188
188	188
188	188
188	188
188	188
188	188
188	188
188	189
188	189
188	189
188	189
188	189
188	189
188	189
188	189
188	189
188	189
188	189
188	189
188	189
188	189
188	189
188	189
188	189
188	189
188	189
188	189
188	189
188	189
188	189
188	189
188	190
188	190
188	190
188	190
188	190
188	190
188	190
188	190
188	190
188	191
188	191
188	191
188	191
188	191
188	191
188	191
188	192
188	192
188	192
188	192
188	192
188	192
188	192
188	192
188	192
188	192
188	192
188	192
188	192
188	192
188	192
188	192
188	192
188	192
188	192
188	192
188	192
188	192
188	192
189	192
189	193
189	193
189	193
189	193
189	193
189	193
189	193
189	193
189	193
189	193
189	193
189	193
189	193
189	193
189	193
189	193
189	193
189	193
189	193
189	193
189	193
189	193
189	193
189	193
189	193
189	193
189	193
189	193
189	193
189	193
189	193
189	193
189	193
189	193
189	193
189	193
189	193
189	193
190	193
190	193
190	193
190	193
190	193
190	193
190	193
190	194
190	194
190	194
190	194
190	194
190	194
190	194
190	194
190	194
190	194
191	194
191	195
191	195
191	195
191	195
191	196
191	196
191	196
191	196
191	196
191	196
191	196
191	196
191	196
191	196
191	196
191	196
191	196
191	196
191	196
191	196
192	196
192	197
192	197
192	197
192	197
192	197
192	197
192	197
192	197
192	197
193	197
193	-1
193	-1
193	-1
193	-1
193	-1
193	-1
193	-1
193	-1
193	-1
193	-1
193	-1
193	-1
193	-1
193	-1
193	-1
193	-1
193	-1
193	-1
193	-1
193	-1
