       1   14
       2   14
       3   14
       4   14
       5   14
       6   14
       7   14
       8   14
       9   14
      10   14
      11   14
      12   14
      13   14
      14   14
      15   14
      16   14
      17   14
      18   14
      19   14
      20   14
      21   14
      22   14
      23   14
      24   14
      25   14
      26   14
      27   14
      28   14
      29   14
      30   14
      31   14
      32   14
      33   14
      34   14
      35   14
      36   14
      37   14
      38   14
      39   14
      40   14
      41   14
      42   14
      43   14
      44   14
      45   14
      46   14
      47   14
      48   14
      49   14
      50   14
      51   14
      52   14
      53   14
      54   14
      55   14
      56   14
      57   14
      58   14
      59   14
      60   14
      61   14
      62   14
      63   14
      64   14
      65   14
      66   14
      67   14
      68   14
      69   14
      70   14
      71   14
      72   14
      73   14
      74   14
      75   14
      76   14
      77   14
      78   14
      79   14
      80   14
      81   14
      82   14
      83   14
      84   14
      85   14
      86   14
      87   14
      88   14
      89   14
      90   14
      91   14
      92   14
      93   14
      94   14
      95   14
      96   14
      97   14
      98   14
      99   14
     100   14
     101   14
     102   14
     103   14
     104   14
     105   14
     106   14
     107   14
     108   14
     109   14
     110   14
     111   14
     112   14
     113   14
     114   14
     115   14
     116   14
     117   14
     118   14
     119   14
     120   14
     121   14
     122   14
     123   14
     124   14
     125   14
     126   14
     127   14
     128   14
     129   14
     130   14
     131   14
     132   14
     133   14
     134   14
     135   14
     136   14
     137   14
     138   14
     139   14
     140   14
     141   14
     142   14
     143   14
     144   14
     145   14
     146   14
     147   14
     148   14
     149   14
     150   14
     151   14
     152   14
     153   14
     154   14
     155   14
     156   14
     157   14
     158   14
     159   14
     160   14
     161   14
     162   14
     163   14
     164   14
     165   14
     166   14
     167   14
     168   14
     169   14
     170   14
     171   14
     172   14
     173   14
     174   14
     175   14
     176   14
     177   14
     178   14
     179   14
     180   14
     181   14
     182   14
     183   14
     184   14
     185   14
     186   14
     187   14
     188   14
     189   14
     190   14
     191   14
     192   14
     193   14
     194   14
     195   14
     196   14
     197   14
     198   14
     199   14
     200   14
     201   14
     202   14
     203   14
     204   14
     205   14
     206   14
     207   14
     208   14
     209   14
     210   14
     211   14
     212   14
     213   14
     214   14
     215   14
     216   14
     217   14
     218   14
     219   14
     220   14
     221   14
     222   14
     223   14
     224   14
     225   14
     226   14
     227   14
     228   14
     229   14
     230   14
     231   14
     232   14
     233   14
     234   14
     235   14
     236   14
     237   14
     238   14
     239   14
     240   14
     241   14
     242   14
     243   14
     244   14
     245   14
     246   14
     247   14
     248   14
     249   14
     250   14
     251   14
     252   14
     253   14
     254   14
     255   14
     256   14
     257   14
     258   14
     259   14
     260   14
     261   14
     262   14
     263   14
     264   14
     265   14
     266   14
     267   14
     268   14
     269   14
     270   14
     271   14
     272   14
     273   14
     274   14
     275   14
     276   14
     277   14
     278   14
     279   14
     280   14
     281   14
     282   14
     283   14
     284   14
     285   14
     286   14
     287   14
     288   14
     289   14
     290   14
     291   14
     292   14
     293   14
     294   14
     295   14
     296   14
     297   14
     298   14
     299   14
     300   14
     301   14
     302   14
     303   14
     304   14
     305   14
     306   14
     307   14
     308   14
     309   14
     310   14
     311   14
     312   14
     313   14
     314   14
     315   14
     316   14
     317   14
     318   14
     319   14
     320   14
     321   14
     322   14
     323   14
     324   14
     325   14
     326   14
     327   14
     328   14
     329   14
     330   14
     331   14
     332   14
     333   14
     334   14
     335   14
     336   14
     337   14
     338   14
     339   14
     340   14
     341   14
     342   14
     343   14
     344   14
     345   14
     346   14
     347   14
     348   14
     349   14
     350   14
     351   14
     352   14
     353   14
     354   14
     355   14
     356   14
     357   14
     358   14
     359   14
     360   14
     361   14
     362   14
     363   14
     364   14
     365   14
     366   14
     367   14
     368   14
     369   14
     370   14
     371   14
     372   14
     373   14
     374   14
     375   14
     376   14
     377   14
     378   14
     379   14
     380   14
     381   14
     382   14
     383   14
     384   14
     385   14
     386   14
     387   14
     388   14
     389   14
     390   14
     391   14
     392   14
     393   14
     394   14
     395   14
     396   14
     397   14
     398   14
     399   14
     400   14
     401   14
     402   14
     403   14
     404   14
     405   14
     406   14
     407   14
     408   14
     409   14
     410   14
     411   14
     412   14
     413   14
     414   14
     415   14
     416   14
     417   14
     418   14
     419   14
     420   14
     421   14
     422   14
     423   14
     424   14
     425   14
     426   14
     427   14
     428   14
     429   14
     430   14
     431   14
     432   14
     433   14
     434   14
     435   14
     436   14
     437   14
     438   14
     439   14
     440   14
     441   14
     442   14
     443   14
     444   14
     445   14
     446   14
     447   14
     448   14
     449   14
     450   14
     451   14
     452   14
     453   14
     454   14
     455   14
     456   14
     457   14
     458   14
     459   14
     460   14
     461   14
     462   14
     463   14
     464   14
     465   14
     466   14
     467   14
     468   13
     469   13
     470   13
     471   13
     472   13
     473   13
     474    9
     475   14
     476   14
     477   14
     478   14
     479   14
     480   14
     481   14
     482   14
     483   14
     484   14
     485   14
     486   14
     487   14
     488   14
     489   14
     490   14
     491   14
     492   14
     493   14
     494   14
     495   14
     496   14
     497   14
     498   14
     499   14
     500   14
     501   14
     502   14
     503   14
     504   14
     505   14
     506   14
     507   14
     508   14
     509   14
     510   14
     511   14
     512   14
     513   14
     514   14
     515   14
     516   14
     517   14
     518   14
     519   14
     520   14
     521   14
     522   14
     523   14
     524   14
     525   14
     526   14
     527   14
     528   14
     529   14
     530   14
     531   14
     532   14
     533   14
     534   14
     535   14
     536   14
     537   14
     538   14
     539   14
     540   14
     541   14
     542   14
     543   14
     544   14
     545   14
     546   14
     547   14
     548   14
     549   14
     550   14
     551   14
     552   14
     553   14
     554   14
     555   14
     556   14
     557   14
     558   14
     559   14
     560   14
     561   14
     562   14
     563   14
     564   14
     565   14
     566   14
     567   14
     568   14
     569   14
     570   14
     571   14
     572   14
     573   14
     574   14
     575   14
     576   14
     577   14
     578   14
     579   14
     580   14
     581   14
     582   14
     583   14
     584   14
     585   14
     586   14
     587   14
     588   14
     589   14
     590   14
     591   14
     592   14
     593   14
     594   14
     595   14
     596   14
     597   14
     598   14
     599   14
     600   14
     601   14
     602   14
     603   14
     604   14
     605   14
     606   14
     607   14
     608   14
     609   14
     610   14
     611   14
     612   14
     613   14
     614   14
     615   14
     616   14
     617   14
     618   14
     619   14
     620   14
     621   14
     622   14
     623   14
     624   14
     625   14
     626   14
     627   14
     628   14
     629   14
     630   14
     631   14
     632   14
     633   14
     634   14
     635   14
     636   14
     637   14
     638   14
     639   14
     640   14
     641   14
     642   14
     643   14
     644   14
     645   14
     646   14
     647   14
     648   14
     649   14
     650   14
     651   14
     652   14
     653   14
     654   14
     655   14
     656   14
     657   14
     658   14
     659   14
     660   14
     661   14
     662   14
     663   14
     664   14
     665   14
     666   14
     667   14
     668   14
     669   14
     670   14
     671   14
     672   14
     673   14
     674   14
     675   14
     676   14
     677   14
     678   14
     679   14
     680   14
     681   14
     682   14
     683   14
     684   14
     685   14
     686   14
     687   14
     688   14
     689   14
     690   14
     691   14
     692   14
     693   14
     694   14
     695   14
     696   14
     697   14
     698   14
     699   14
     700   14
     701   14
     702   14
     703   14
     704   14
     705   14
     706   14
     707   14
     708   14
     709   14
     710   14
     711   14
     712   14
     713   14
     714   14
     715   14
     716   14
     717   14
     718   14
     719   14
     720   14
     721   14
     722   14
     723   14
     724   14
     725   14
     726   14
     727   14
     728   14
     729   14
     730   14
     731   14
     732   14
     733   14
     734   14
     735   14
     736   14
     737   14
     738   14
     739   14
     740   14
     741   14
     742   14
     743   14
     744   14
     745   14
     746   14
     747   14
     748   14
     749   14
     750   14
     751   14
     752   14
     753   14
     754   14
     755   14
     756   14
     757   14
     758   14
     759   14
     760   14
     761   14
     762   14
     763   14
     764   14
     765   14
     766   14
     767   14
     768   14
     769   14
     770   14
     771   14
     772   14
     773   14
     774   14
     775   14
     776   14
     777   14
     778   14
     779   14
     780   14
     781   14
     782   14
     783   14
     784   14
     785   14
     786   14
     787   14
     788   14
     789   14
     790   14
     791   14
     792   14
     793   14
     794   14
     795   14
     796   14
     797   14
     798   14
     799   14
     800   14
     801   14
     802   14
     803   14
     804   14
     805   14
     806   14
     807   14
     808   14
     809   14
     810   14
     811   14
     812   14
     813   14
     814   14
     815   14
     816   14
     817   14
     818   14
     819   14
     820   14
     821   14
     822   14
     823   14
     824   14
     825   14
     826   14
     827   14
     828   14
     829   14
     830   14
     831   14
     832   14
     833   14
     834   14
     835   14
     836   14
     837   14
     838   14
     839   14
     840   14
     841   14
     842   14
     843   14
     844   14
     845   14
     846   14
     847   14
     848   14
     849   14
     850   14
     851   14
     852   14
     853   14
     854   14
     855   14
     856   14
     857   14
     858   14
     859   14
     860   14
     861   14
     862   14
     863   14
     864   14
     865   14
     866   14
     867   14
     868   14
     869   14
     870   14
     871   14
     872   14
     873   14
     874   14
     875   14
     876   14
     877   14
     878   14
     879   14
     880   14
     881   14
     882   14
     883   14
     884   14
     885   14
     886   14
     887   14
     888   14
     889   14
     890   14
     891   14
     892   14
     893   14
     894   14
     895   14
     896   14
     897   14
     898   14
     899   14
     900   14
     901   14
     902   14
     903   14
     904   14
     905   14
     906   14
     907   14
     908   14
     909   14
     910   14
     911   14
     912   14
     913   14
     914   14
     915   14
     916   14
     917   14
     918   14
     919   14
     920   14
     921   14
     922   14
     923   14
     924   14
     925   14
     926   14
     927   14
     928   14
     929   14
     930   14
     931   14
     932   14
     933   14
     934   14
     935   14
     936   14
     937   14
     938   14
     939   14
     940   14
     941   14
     942   14
     943   14
     944   14
     945   14
     946   14
     947   14
     948   14
     949   14
     950   14
     951   14
     952   14
     953   14
     954   14
     955   14
     956   14
     957   14
     958   14
     959   14
     960   14
     961   14
     962   14
     963   14
     964   14
     965   14
     966   14
     967   14
     968   14
     969   14
     970   14
     971   14
     972   14
     973   14
     974   14
     975   14
     976   14
     977   14
     978   14
     979   14
     980   14
     981   14
     982   14
     983   14
     984   14
     985   14
     986   14
     987   14
     988   14
     989   14
     990   14
     991   14
     992   14
     993   14
     994   14
     995   14
     996   14
     997   14
     998   14
     999   14
    1000   14
    1001   14
    1002   14
    1003   14
    1004   14
    1005   14
    1006   14
    1007   14
    1008   14
    1009   14
    1010   14
    1011   14
    1012   14
    1013   14
    1014   14
    1015   14
    1016   14
    1017   14
    1018   14
    1019   14
    1020   14
    1021   14
    1022   14
    1023   14
    1024   14
    1025   14
    1026   14
    1027   14
    1028   14
    1029   14
    1030   14
    1031   14
    1032   14
    1033   14
    1034   14
    1035   14
    1036   14
    1037   14
    1038   14
    1039   14
    1040   14
    1041   14
    1042   14
    1043   14
    1044   14
    1045   14
    1046   14
    1047   14
    1048   14
    1049   14
    1050   14
    1051   14
    1052   14
    1053   14
    1054   14
    1055   14
    1056   14
    1057   14
    1058   14
    1059   14
    1060   14
    1061   14
    1062   14
    1063   14
    1064   14
    1065   14
    1066   14
    1067   14
    1068   14
    1069   14
    1070   14
    1071   14
    1072   14
    1073   14
    1074   14
    1075   14
    1076   14
    1077   14
    1078   14
    1079   14
    1080   14
    1081   14
    1082   14
    1083   14
    1084   14
    1085   14
    1086   14
    1087   14
    1088   14
    1089   14
    1090   14
    1091   14
    1092   14
    1093   14
    1094   14
    1095   14
    1096   14
    1097   14
    1098   14
    1099   14
    1100   14
    1101   14
    1102   14
    1103   14
    1104   14
    1105   14
    1106   14
    1107   14
    1108   14
    1109   14
    1110   14
    1111   14
    1112   14
    1113   14
    1114   14
    1115   14
    1116   14
    1117   14
    1118   14
    1119   14
    1120   14
    1121   14
    1122   14
    1123   14
    1124   14
    1125   14
    1126   14
    1127   14
    1128   14
    1129   14
    1130   14
    1131   14
    1132   14
    1133   14
    1134   14
    1135   14
    1136   14
    1137   14
    1138   14
    1139   14
    1140   14
    1141   14
    1142   14
    1143   14
    1144   14
    1145   14
    1146   14
    1147   14
    1148   14
    1149   14
    1150   14
    1151   14
    1152   14
    1153   14
    1154   14
    1155   14
    1156   14
    1157   14
    1158   14
    1159   14
    1160   14
    1161   14
    1162   14
    1163   14
    1164   14
    1165   14
    1166   14
    1167   14
    1168   14
    1169   14
    1170   14
    1171   14
    1172   14
    1173   14
    1174   14
    1175   14
    1176   14
    1177   14
    1178   14
    1179   14
    1180   14
    1181   14
    1182   14
    1183   14
    1184   14
    1185   14
    1186   14
    1187   14
    1188   14
    1189   14
    1190   14
    1191   14
    1192   14
    1193   14
    1194   14
    1195   14
    1196   14
    1197   14
    1198   14
    1199   14
    1200   14
    1201   14
    1202   14
    1203   14
    1204   14
    1205   14
    1206   14
    1207   14
    1208   14
    1209   14
    1210   14
    1211   14
    1212   14
    1213   14
    1214   14
    1215   14
    1216   14
    1217   14
    1218   14
    1219   14
    1220   14
    1221   14
    1222   14
    1223   14
    1224   14
    1225   14
    1226   14
    1227   14
    1228   14
    1229   14
    1230   14
    1231   14
    1232   14
    1233   14
    1234   14
    1235   14
    1236   14
    1237   14
    1238   14
    1239   14
    1240   14
    1241   14
    1242   14
    1243   14
    1244   14
    1245   14
    1246   14
    1247   14
    1248   14
    1249   14
    1250   14
    1251   14
    1252   14
    1253   14
    1254   14
    1255   14
    1256   14
    1257   14
    1258   14
    1259   14
    1260   14
    1261   14
    1262   14
    1263   14
    1264   14
    1265   14
    1266   14
    1267   14
    1268   14
    1269   14
    1270   14
    1271   14
    1272   14
    1273   14
    1274   14
    1275   14
    1276   14
    1277   14
    1278   14
    1279   14
    1280   14
    1281   14
    1282   14
    1283   14
    1284   14
    1285   14
    1286   14
    1287   14
    1288   14
    1289   14
    1290   14
    1291   14
    1292   14
    1293   14
    1294   14
    1295   14
    1296   14
    1297   14
    1298   14
    1299   14
    1300   14
    1301   14
    1302   14
    1303   14
    1304   14
    1305   14
    1306   14
    1307   14
    1308   14
    1309   14
    1310   14
    1311   14
    1312   14
    1313   14
    1314   14
    1315   14
    1316   14
    1317   14
    1318   14
    1319   14
    1320   14
    1321   14
    1322   14
    1323   14
    1324   14
    1325   14
    1326   14
    1327   14
    1328   14
    1329   14
    1330   14
    1331   14
    1332   14
    1333   14
    1334   14
    1335   14
    1336   14
    1337   14
    1338   14
    1339   14
    1340   14
    1341   14
    1342   14
    1343   14
    1344   14
    1345   14
    1346   14
    1347   14
    1348   14
    1349   14
    1350   14
    1351   14
    1352   14
    1353   14
    1354   14
    1355   14
    1356   14
    1357   14
    1358   14
    1359   14
    1360   14
    1361   14
    1362   14
    1363   14
    1364   14
    1365   14
    1366   14
    1367   14
    1368   14
    1369   14
    1370   14
    1371   14
    1372   14
    1373   14
    1374   14
    1375   14
    1376   14
    1377   14
    1378   14
    1379   14
    1380   14
    1381   14
    1382   14
    1383   12
    1384   12
    1385    8
    1386    8
    1387   12
    1388   12
    1389   12
    1390   12
    1391    1
    1392    1
    1393    1
    1394    1
    1395    6
    1396    7
    1397   12
    1398   12
    1399   10
    1400   10
    1401   10
    1402    9
    1403   10
    1404   12
    1405   12
    1406   12
    1407   12
    1408   12
    1409   12
    1410   12
    1411   12
    1412   12
    1413   12
    1414   12
    1415   12
    1416   12
    1417   12
    1418   12
    1419    3
    1420    3
    1421    6
    1422    4
    1423    1
    1424    1
    1425    1
    1426    1
    1427    1
    1428   12
    1429   12
    1430   12
    1431   12
    1432    8
    1433   10
    1434    8
    1435   10
    1436   10
    1437   10
    1438   10
    1439   10
    1440   10
    1441   10
    1442   10
    1443   10
    1444   10
    1445   10
    1446   10
    1447   12
    1448   12
    1449   12
    1450    1
    1451    5
    1452    5
    1453    1
    1454    1
    1455    1
    1456    1
    1457   12
    1458   12
    1459   12
    1460    1
    1461   12
    1462   12
    1463   12
    1464   12
    1465    1
    1466    1
    1467    1
    1468    1
    1469    1
    1470    1
    1471    1
    1472    1
    1473    2
    1474    2
    1475    2
    1476    2
    1477    2
    1478    2
    1479    2
    1480    2
    1481    2
    1482    1
    1483    1
    1484    1
    1485    4
    1486    4
    1487    4
    1488    4
    1489    4
    1490    4
    1491    4
    1492    4
    1493    4
    1494    4
    1495    4
    1496    4
    1497    4
    1498    4
    1499    4
    1500    4
    1501    4
    1502    4
    1503    4
    1504    4
    1505    4
    1506    4
    1507    5
    1508    6
    1509   10
    1510   10
    1511   14
    1512   14
    1513   14
    1514   14
    1515   14
    1516   14
    1517   14
    1518   14
    1519   14
    1520   14
    1521   14
    1522   14
    1523   14
    1524   14
    1525   14
    1526   14
    1527   14
    1528   14
    1529   14
    1530   14
    1531   14
    1532   14
    1533   14
    1534   14
    1535   14
    1536   14
    1537   14
    1538   14
    1539   14
    1540   14
    1541   14
    1542   14
    1543   14
    1544   14
    1545   14
    1546   14
    1547   14
    1548   14
    1549   14
    1550   14
    1551   14
    1552   14
    1553   14
    1554   14
    1555   14
    1556   14
    1557   14
    1558   14
    1559   14
    1560   14
    1561   14
    1562   14
    1563   14
    1564   14
    1565   14
    1566   14
    1567   14
    1568   14
    1569   14
    1570   14
    1571   14
    1572   14
    1573   14
    1574   14
    1575   14
    1576   14
    1577   14
    1578   14
    1579   14
    1580   14
    1581   14
    1582   14
    1583   14
    1584   14
    1585   14
    1586   14
    1587   14
    1588   14
    1589   14
    1590   14
    1591   14
    1592   14
    1593   14
    1594   14
    1595   14
    1596   14
    1597   14
    1598   14
    1599   14
    1600   14
    1601   14
    1602   14
    1603   14
    1604   14
    1605   14
    1606   14
    1607   14
    1608   14
    1609   14
    1610   14
    1611   14
    1612   14
    1613   14
    1614   14
    1615   14
    1616   14
    1617   14
    1618   14
    1619   14
    1620   14
    1621   14
    1622   14
    1623   14
    1624   14
    1625   14
    1626   14
    1627   14
    1628   14
    1629   14
    1630   14
    1631   14
    1632   14
    1633   14
    1634   14
    1635   14
    1636   14
    1637   14
    1638   14
    1639   14
    1640   14
    1641   14
    1642   14
    1643    9
    1644   13
    1645   13
    1646   13
    1647   14
    1648   14
    1649   14
    1650   14
    1651   14
    1652   14
    1653   14
    1654   14
    1655   14
    1656   14
    1657   14
    1658   14
    1659   14
    1660   14
    1661   14
    1662   14
    1663   14
    1664   14
    1665   14
    1666   14
    1667   14
    1668   14
    1669   14
    1670   14
    1671   14
    1672   14
    1673   14
    1674   14
    1675   14
    1676   14
    1677   14
    1678   14
    1679   14
    1680   14
    1681   14
    1682   14
    1683   14
    1684   14
    1685   14
    1686   14
    1687   14
    1688   14
    1689   14
    1690   14
    1691   14
    1692   14
    1693   14
    1694   14
    1695   14
    1696   14
    1697   14
    1698   14
    1699   14
    1700   14
    1701   14
    1702   14
    1703   14
    1704   14
    1705   14
    1706   14
    1707   14
    1708   14
    1709   14
    1710   14
    1711   14
    1712   14
    1713   14
    1714   14
    1715   14
    1716   14
    1717   14
    1718   14
    1719   14
    1720   14
    1721   14
    1722   14
    1723   14
    1724   14
    1725   14
    1726   14
    1727   14
    1728   14
    1729   14
    1730   14
    1731   14
    1732   14
    1733   14
    1734   14
    1735   14
    1736   14
    1737   14
    1738   14
    1739   14
    1740   14
    1741   14
    1742   14
    1743   14
    1744   14
    1745   14
    1746   14
    1747   14
    1748   14
    1749   14
    1750   14
    1751   14
    1752   14
    1753   14
    1754   14
    1755   14
    1756   14
    1757   14
    1758   14
    1759   14
    1760   14
    1761   14
    1762   14
    1763   14
    1764   14
    1765   14
    1766   14
    1767   14
    1768   14
    1769   14
    1770   14
    1771   14
    1772   14
    1773   14
    1774   14
    1775   14
    1776   14
    1777   14
    1778   14
    1779   14
    1780   14
    1781   14
    1782   14
    1783   14
    1784   14
    1785   14
    1786   14
    1787   14
    1788   14
    1789   14
    1790   14
    1791   14
    1792   14
    1793   14
    1794   14
    1795   14
    1796   14
    1797   14
    1798   14
    1799   14
    1800   14
    1801   14
    1802   14
    1803   14
    1804   14
    1805   14
    1806   14
    1807   14
    1808   14
    1809   14
    1810   14
    1811   14
    1812   14
    1813   14
    1814   14
    1815   14
    1816   14
    1817   14
    1818   14
    1819   14
    1820   14
    1821   14
    1822   14
    1823   14
    1824   14
    1825   14
    1826   14
    1827   14
    1828   14
    1829   14
    1830   14
    1831   14
    1832   14
    1833   14
    1834   14
    1835   14
    1836   14
    1837   14
    1838   14
    1839   14
    1840   14
    1841   14
    1842   14
    1843   14
    1844   14
    1845   14
    1846   14
    1847   14
    1848   14
    1849   14
    1850   14
    1851   14
    1852   14
    1853   14
    1854   14
    1855   14
    1856   14
    1857   14
    1858   14
    1859   14
    1860   14
    1861   14
    1862   14
    1863   14
    1864   14
    1865   14
    1866   14
    1867   14
    1868   14
    1869   14
    1870   14
    1871   14
    1872   14
    1873   14
    1874   14
    1875   14
    1876   14
    1877   14
    1878   14
    1879   14
    1880   14
    1881   14
    1882   14
    1883   14
    1884   14
    1885   14
    1886   14
    1887   14
    1888   14
    1889   14
    1890   14
    1891   14
    1892   14
    1893   14
    1894   14
    1895   14
    1896   14
    1897   14
    1898   14
    1899   14
    1900   14
    1901   14
    1902   14
    1903   14
    1904   14
    1905   14
    1906   14
    1907   14
    1908   14
    1909   14
    1910   14
    1911   14
    1912   14
    1913   14
    1914   14
    1915   14
    1916   14
    1917   14
    1918   14
    1919   14
    1920   14
    1921   14
    1922   14
    1923   14
    1924   14
    1925    7
    1926   14
    1927   14
    1928   14
    1929   14
    1930   14
    1931   14
    1932   14
    1933   14
    1934   14
    1935   14
    1936   14
    1937   14
    1938   14
    1939   14
    1940   14
    1941   14
    1942   14
    1943   14
    1944   14
    1945   14
    1946   14
    1947   14
    1948   14
    1949   14
    1950   14
    1951   14
    1952   14
    1953   14
    1954   14
    1955   14
    1956   14
    1957   14
    1958   14
    1959   14
    1960   14
    1961   14
    1962   14
    1963   14
    1964   14
    1965   14
    1966   14
    1967   14
    1968   14
    1969   14
    1970   14
    1971   14
    1972   14
    1973   14
    1974   13
    1975   13
    1976   13
    1977   13
    1978   13
    1979   13
    1980   13
    1981   13
    1982   13
    1983   13
    1984   13
    1985    9
    1986   14
    1987   14
    1988   14
    1989   14
    1990   14
    1991   14
    1992   14
    1993   14
    1994   14
    1995   14
    1996   14
    1997   14
    1998   14
    1999   14
    2000   14
    2001   14
    2002   14
    2003   14
    2004   14
    2005   14
    2006   14
    2007   14
    2008   14
    2009   14
    2010   14
    2011   13
    2012   13
    2013   13
    2014   13
    2015   13
    2016   13
    2017   13
    2018   13
    2019   13
    2020   13
    2021   13
    2022    8
    2023    8
    2024    8
    2025   12
    2026   12
    2027   12
    2028   12
    2029   12
    2030   12
    2031   12
    2032   12
    2033   12
    2034   12
    2035   12
    2036   12
    2037   12
    2038   12
    2039   12
    2040   12
    2041   12
    2042   12
    2043   12
    2044   12
    2045    8
    2046    8
    2047   12
    2048    1
    2049    1
    2050    1
    2051    7
    2052   12
    2053   12
    2054   12
    2055   12
    2056   12
    2057   12
    2058   12
    2059   12
    2060    1
    2061    1
    2062    1
    2063    1
    2064    1
    2065    1
    2066    1
    2067    1
    2068    1
    2069    1
    2070    1
    2071    3
    2072    6
    2073    7
    2074    7
    2075    7
    2076   12
    2077   12
    2078    6
    2079    6
    2080    3
    2081    3
    2082    1
    2083    1
    2084    1
    2085    1
    2086    3
    2087    3
    2088    5
    2089    6
    2090    8
    2091    8
    2092    7
    2093   12
    2094   12
    2095    8
    2096   12
    2097   12
    2098   12
    2099   10
    2100   10
    2101   10
    2102   10
    2103   10
    2104   10
    2105   10
    2106   10
    2107   10
    2108   12
    2109    8
    2110    8
    2111    8
    2112    8
    2113    7
    2114   10
    2115   10
    2116   10
    2117   10
    2118   10
    2119   10
    2120   10
    2121   10
    2122   12
    2123   12
    2124   12
    2125   12
    2126    8
    2127   12
    2128    8
    2129   12
    2130   12
    2131    8
    2132    8
    2133    8
    2134    6
    2135    5
    2136    4
    2137    3
    2138    3
    2139    3
    2140    3
    2141    3
    2142    3
    2143    3
    2144    1
    2145    1
    2146    1
    2147    1
    2148    1
    2149   12
    2150   12
    2151   12
    2152   12
    2153   12
    2154   12
    2155   12
    2156   12
    2157   12
    2158   12
    2159   12
    2160   12
    2161   12
    2162   12
    2163   12
    2164   12
    2165   12
    2166   12
    2167   12
    2168    8
    2169    8
    2170   12
    2171   13
    2172   13
    2173   13
    2174   13
    2175   13
    2176   13
    2177   13
    2178   13
    2179   13
    2180   13
    2181   13
    2182   13
    2183   13
    2184   13
    2185   13
    2186   13
    2187   13
    2188   13
    2189   13
    2190   13
    2191   13
    2192   13
    2193   13
    2194   13
    2195   13
    2196   13
    2197   13
    2198   13
    2199   13
    2200   13
    2201   13
    2202   13
    2203   13
    2204   13
    2205   13
    2206   13
    2207   13
    2208   13
    2209   13
    2210   13
    2211   13
    2212   13
    2213   13
    2214   13
    2215   13
    2216   13
    2217   13
    2218   13
    2219   13
    2220   13
    2221   13
    2222   13
    2223   13
    2224   13
    2225   13
    2226   13
    2227   13
    2228   13
    2229   13
    2230   13
    2231   13
    2232   13
    2233   13
    2234   13
    2235   13
    2236   13
    2237   13
    2238   14
    2239   14
    2240   14
    2241   14
    2242   13
    2243   13
    2244   13
    2245   13
    2246   13
    2247   13
    2248   13
    2249   14
    2250   14
    2251   14
    2252   14
    2253   14
    2254   14
    2255   14
    2256   14
    2257   14
    2258   14
    2259   14
    2260   14
    2261   14
    2262   14
    2263   14
    2264   14
    2265   14
    2266   14
    2267   14
    2268   14
    2269   14
    2270   14
    2271   14
    2272   14
    2273   14
    2274   14
    2275   14
    2276   14
    2277   14
    2278   14
    2279   14
    2280   14
    2281   14
    2282   14
    2283   14
    2284   14
    2285   14
    2286   14
    2287   14
    2288   14
    2289   14
    2290   14
    2291   14
    2292   14
    2293   14
    2294   14
    2295   14
    2296   14
    2297   14
    2298   14
    2299   14
    2300   14
    2301   14
    2302   14
    2303   14
    2304   14
    2305   14
    2306   14
    2307   14
    2308   14
    2309   14
    2310   14
    2311   14
    2312   14
    2313   14
    2314   14
    2315   14
    2316   14
    2317   14
    2318   14
    2319   14
    2320   14
    2321   14
    2322   14
    2323   14
    2324   14
    2325   14
    2326   14
    2327   14
    2328   14
    2329   14
    2330   14
    2331   14
    2332   14
    2333   14
    2334   14
    2335   14
    2336   14
    2337   14
    2338   14
    2339   14
    2340   14
    2341   14
    2342   14
    2343   14
    2344   14
    2345   14
    2346   14
    2347   14
    2348   14
    2349   14
    2350   14
    2351   14
    2352   14
    2353   14
    2354   14
    2355   14
    2356   14
    2357   14
    2358   14
    2359   14
    2360   14
    2361   14
    2362   14
    2363   14
    2364   14
    2365   14
    2366   14
    2367   14
    2368   14
    2369   14
    2370   14
    2371   14
    2372   14
    2373   14
    2374   14
    2375   14
    2376   14
    2377   14
    2378   14
    2379   14
    2380   14
    2381   14
    2382   14
    2383   14
    2384   14
    2385   14
    2386   14
    2387   14
    2388   14
    2389   14
    2390   14
    2391   14
    2392   14
    2393   14
    2394   14
    2395   14
    2396   14
    2397   14
    2398   14
    2399   14
    2400   14
    2401   14
    2402   14
    2403   14
    2404   14
    2405   14
    2406   14
    2407   14
    2408   14
    2409   14
    2410   14
    2411   14
    2412   14
    2413   14
    2414   14
    2415   14
    2416   14
    2417   14
    2418   14
    2419   14
    2420   14
    2421   14
    2422   14
    2423   14
    2424   14
    2425   14
    2426   14
    2427   14
    2428   14
    2429   14
    2430   14
    2431   14
    2432   14
    2433   14
    2434   14
    2435   14
    2436   14
    2437   14
    2438   14
    2439   14
    2440   14
    2441   14
    2442   14
    2443   14
    2444   14
    2445   14
    2446   14
    2447   14
    2448   14
    2449   14
    2450   14
    2451   14
    2452   14
    2453   14
    2454   14
    2455   14
    2456   14
    2457   14
    2458   14
    2459   14
    2460   14
    2461   14
    2462   14
    2463   14
    2464   14
    2465   14
    2466   14
    2467   14
    2468   14
    2469   14
    2470   14
    2471   14
    2472   14
    2473   14
    2474   14
    2475   14
    2476   14
    2477   14
    2478   14
    2479   14
    2480   14
    2481   14
    2482   14
    2483   14
    2484   14
    2485   14
    2486   14
    2487   14
    2488   14
    2489   14
    2490   13
    2491   13
    2492   13
    2493   13
    2494   13
    2495   13
    2496   13
    2497   13
    2498   13
    2499   13
    2500   13
    2501   13
    2502   13
    2503   13
    2504   13
    2505   13
    2506   13
    2507   13
    2508   13
    2509   13
    2510   13
    2511   13
    2512   13
    2513   13
    2514   13
    2515   13
    2516   13
    2517   13
    2518   13
    2519   13
    2520   13
    2521   13
    2522   14
    2523   14
    2524   14
    2525   13
    2526   13
    2527   13
    2528   13
    2529   13
    2530   14
    2531   14
    2532   14
    2533   14
    2534   13
    2535   13
    2536   13
    2537   13
    2538   13
    2539   13
    2540   13
    2541   13
    2542   10
    2543   10
    2544   10
    2545   10
    2546   10
    2547   10
    2548   10
    2549   12
    2550   12
    2551   12
    2552   12
    2553   12
    2554   12
    2555   12
    2556   12
    2557   12
    2558    8
    2559   12
    2560   12
    2561   12
    2562   13
    2563   13
    2564   13
    2565   13
    2566   13
    2567   13
    2568   13
    2569   13
    2570   12
    2571   12
    2572   12
    2573   12
    2574    8
    2575   10
    2576   10
    2577   10
    2578   10
    2579   10
    2580   10
    2581   10
    2582   11
    2583   11
    2584   11
    2585   11
    2586   11
    2587   10
    2588   10
    2589   10
    2590   10
    2591   10
    2592   10
    2593   10
    2594   10
    2595   10
    2596   10
    2597   12
    2598   12
    2599   12
    2600   12
    2601   12
    2602   12
    2603   12
    2604    8
    2605    8
    2606    6
    2607    5
    2608    1
    2609    1
    2610    1
    2611    1
    2612    1
    2613    1
    2614    3
    2615    3
    2616    4
    2617    4
    2618    4
    2619    3
    2620    6
    2621    9
    2622   10
    2623   10
    2624   10
    2625   10
    2626   10
    2627   10
    2628   10
    2629   10
    2630   10
    2631   10
    2632   10
    2633   10
    2634   10
    2635   10
    2636   10
    2637   10
    2638   10
    2639   10
    2640   10
    2641   10
    2642   10
    2643   10
    2644   10
    2645   10
    2646   10
    2647   10
    2648    9
    2649    6
    2650    5
    2651    3
    2652    5
    2653    6
    2654    6
    2655    4
    2656    6
    2657    4
    2658    4
    2659    4
    2660    6
    2661    4
    2662    4
    2663    1
    2664    1
    2665    1
    2666    1
    2667    1
    2668    1
    2669    1
    2670    1
    2671    1
    2672    1
    2673    1
    2674    1
    2675   12
    2676   12
    2677   12
    2678   10
    2679   10
    2680   10
    2681   10
    2682   10
    2683   10
    2684   10
    2685   10
    2686   10
    2687   10
    2688   10
    2689   10
    2690   10
    2691   10
    2692   10
    2693   10
    2694   10
    2695   10
    2696   10
    2697   10
    2698   10
    2699   10
    2700    9
    2701   10
    2702   10
    2703   10
    2704   10
    2705   10
    2706   10
    2707   10
    2708   10
    2709   10
    2710   10
    2711   10
    2712   10
    2713   10
    2714   10
    2715   10
    2716   10
    2717   10
    2718   10
    2719   10
    2720   10
    2721   10
    2722   10
    2723   10
    2724   10
    2725   10
    2726   10
    2727   12
    2728    2
    2729    5
    2730    6
    2731   12
    2732   12
    2733   12
    2734    7
    2735    8
    2736    1
    2737    2
    2738    2
    2739    3
    2740    6
    2741    5
    2742    1
    2743    1
    2744    1
    2745    1
    2746    1
    2747    5
    2748    3
    2749    3
    2750    3
    2751    3
    2752    5
    2753    6
    2754   10
    2755    9
    2756    9
    2757    9
    2758   12
    2759    8
    2760    8
    2761    7
    2762   12
    2763   12
    2764   12
    2765    7
    2766    8
    2767    7
    2768   12
    2769   12
    2770   12
    2771   12
    2772   12
    2773    7
    2774   12
    2775   12
    2776   12
    2777   12
    2778   12
    2779   12
    2780   12
    2781   12
    2782   12
    2783   12
    2784   12
    2785   12
    2786   12
    2787    8
    2788    7
    2789    7
    2790    8
    2791    7
    2792    8
    2793    7
    2794    5
    2795    1
    2796    6
    2797    9
    2798   10
    2799   12
    2800   12
    2801   12
    2802   12
    2803   12
    2804   12
    2805   12
    2806   12
    2807   12
    2808   12
    2809   12
    2810   12
    2811   12
    2812   12
    2813   12
    2814   12
    2815   12
    2816   12
    2817   12
    2818   12
    2819    7
    2820    7
    2821    1
    2822    1
    2823    3
    2824    5
    2825    3
    2826    3
    2827    3
    2828    6
    2829    8
    2830   12
    2831   12
    2832   12
    2833    8
    2834   10
    2835   10
    2836   10
    2837    8
    2838    8
    2839   12
    2840   10
    2841   10
    2842   10
    2843   10
    2844   10
    2845   10
    2846   10
    2847   10
    2848   10
    2849   10
    2850   10
    2851    9
    2852   10
    2853   10
    2854   10
    2855   10
    2856   10
    2857   10
    2858   10
    2859   10
    2860   10
    2861   10
    2862   10
    2863   11
    2864   11
    2865   11
    2866   10
    2867   10
    2868   10
    2869   10
    2870   10
    2871   10
    2872   10
    2873   11
    2874   11
    2875   11
    2876   11
    2877   11
    2878    9
    2879   11
    2880   11
    2881   11
    2882   11
    2883   11
    2884   11
    2885   11
    2886   11
    2887   11
    2888   11
    2889   11
    2890   11
    2891   11
    2892   11
    2893   11
    2894   11
    2895   11
    2896   11
    2897   11
    2898   11
    2899    9
    2900   11
    2901   11
    2902   11
    2903   11
    2904   11
    2905   11
    2906   11
    2907   11
    2908   10
    2909   10
    2910   10
    2911   10
    2912   10
    2913   10
    2914    8
    2915    7
    2916    7
    2917    8
    2918   12
    2919    7
    2920    6
    2921    3
    2922    3
    2923    5
    2924    1
    2925    1
    2926    1
    2927    6
    2928    5
    2929    1
    2930    1
    2931    6
    2932    1
    2933    1
    2934    8
    2935    9
    2936   10
    2937   10
    2938   10
    2939    6
    2940    3
    2941    3
    2942    3
    2943    1
    2944    1
    2945    1
    2946    7
    2947    8
    2948    8
    2949    8
    2950    7
    2951    7
    2952    7
    2953    9
    2954    9
    2955    6
    2956    5
    2957    6
    2958    3
    2959    3
    2960    1
    2961    1
    2962    1
    2963    1
    2964    1
    2965    1
    2966    1
    2967    1
    2968    3
    2969    3
    2970    6
    2971   12
    2972    7
    2973    8
    2974   12
    2975    1
    2976    1
    2977    1
    2978    1
    2979    1
    2980    1
    2981    3
    2982    6
    2983    6
    2984    3
    2985    3
    2986    3
    2987    3
    2988    3
    2989    5
    2990    5
    2991    5
    2992    6
    2993    1
    2994    1
    2995    1
    2996    1
    2997    1
    2998    1
    2999    1
    3000    3
    3001    3
    3002    6
    3003    6
    3004    4
    3005    4
    3006    4
    3007    4
    3008    4
    3009    4
    3010    4
    3011    4
    3012    4
    3013    4
    3014    4
    3015    4
    3016    4
    3017    1
    3018    1
    3019    1
    3020    1
    3021    1
    3022    1
    3023    1
    3024    1
    3025    1
    3026    1
    3027    1
    3028    1
    3029    1
    3030    1
    3031    1
    3032    1
    3033    1
    3034    1
    3035    1
    3036    1
    3037    1
    3038    1
    3039    1
    3040    1
    3041    1
    3042    2
    3043    9
    3044    9
    3045    9
    3046   11
    3047   11
    3048   11
    3049   11
    3050   11
    3051   11
    3052   11
    3053    9
    3054    2
    3055    2
    3056    2
    3057    6
    3058    8
    3059    8
    3060    8
    3061   10
    3062    8
    3063    7
    3064    7
    3065   12
    3066   12
    3067    8
    3068    7
    3069    7
    3070    8
    3071    8
    3072    9
    3073   11
    3074   11
    3075   11
    3076   11
    3077   11
    3078   11
    3079   11
    3080   11
    3081    9
    3082   11
    3083   11
    3084   11
    3085   11
    3086   11
    3087   11
    3088    9
    3089    6
    3090    4
    3091    4
    3092    4
    3093    4
    3094    4
    3095    4
    3096    4
    3097    4
    3098    4
    3099    3
    3100    3
    3101    3
    3102    3
    3103    1
    3104    8
    3105    8
    3106   12
    3107   12
    3108   12
    3109   12
    3110    9
    3111    8
    3112    8
    3113   12
    3114    7
    3115    8
    3116   12
    3117   12
    3118    9
    3119   10
    3120   10
    3121   10
    3122   10
    3123   10
    3124   10
    3125   10
    3126   10
    3127   10
    3128   10
    3129   10
    3130   10
    3131   10
    3132   10
    3133   10
    3134   10
    3135   10
    3136   10
    3137   10
    3138   10
    3139   10
    3140   10
    3141    9
    3142   10
    3143    8
    3144    8
    3145    8
    3146    8
    3147    8
    3148    8
    3149    6
    3150    5
    3151    2
    3152    2
    3153   12
    3154   12
    3155   11
    3156   11
    3157   11
    3158   11
    3159   11
    3160   11
    3161   11
    3162   11
    3163    9
    3164   10
    3165   10
    3166   10
    3167   10
    3168   10
    3169   10
    3170   10
    3171    9
    3172   10
    3173   12
    3174    8
    3175    8
    3176    8
    3177    1
    3178    6
    3179    6
    3180    8
    3181    8
    3182   12
    3183    6
    3184   12
    3185   12
    3186   12
    3187   12
    3188   12
    3189   12
    3190   12
    3191   12
    3192    8
    3193    7
    3194   12
    3195   12
    3196   12
    3197    9
    3198   11
    3199   11
    3200   11
    3201   11
    3202    9
    3203   11
    3204   11
    3205   11
    3206   11
    3207   11
    3208    9
    3209   10
    3210   10
    3211   10
    3212   10
    3213   10
    3214   10
    3215   10
    3216   10
    3217   10
    3218   10
    3219   10
    3220   10
    3221   10
    3222    8
    3223    7
    3224    8
    3225   12
    3226   12
    3227    8
    3228    7
    3229    8
    3230   12
    3231   12
    3232    1
    3233    7
    3234    5
    3235    1
    3236    5
    3237    5
    3238    6
    3239    1
    3240    1
    3241    6
    3242    5
    3243    3
    3244    2
    3245    2
    3246    3
    3247    3
    3248    3
    3249    3
    3250    5
    3251    6
    3252    6
    3253   12
    3254   12
    3255    8
    3256    7
    3257    8
    3258   12
    3259    8
    3260   12
    3261    8
    3262    8
    3263    8
    3264   12
    3265    8
    3266    8
    3267    8
    3268    8
    3269    8
    3270   12
    3271    7
    3272    8
    3273    8
    3274    8
    3275   12
    3276    8
    3277    8
    3278    7
    3279    7
    3280    8
    3281    8
    3282    7
    3283    8
    3284    7
    3285    9
    3286   10
    3287   10
    3288   10
    3289   10
    3290   10
    3291   10
    3292   12
    3293   12
    3294    8
    3295    8
    3296   12
    3297   12
    3298   12
    3299   12
    3300   12
    3301   12
    3302   12
    3303   12
    3304   12
    3305   12
    3306   12
    3307   12
    3308   12
    3309   12
    3310   12
    3311   12
    3312   10
    3313   10
    3314   10
    3315    9
    3316   10
    3317   12
    3318   12
    3319    8
    3320   12
    3321   12
    3322   12
    3323   10
    3324   10
    3325   10
    3326   10
    3327   13
    3328   13
    3329   13
    3330   13
    3331   13
    3332   13
    3333   13
    3334   13
    3335   13
    3336   13
    3337   13
    3338   10
    3339   10
    3340   10
    3341   10
    3342   10
    3343   10
    3344   13
    3345   13
    3346   13
    3347   13
    3348   13
    3349   13
    3350   13
    3351   13
    3352   13
    3353   13
    3354   10
    3355   10
    3356   10
    3357   10
    3358   10
    3359   10
    3360   10
    3361   10
    3362   10
    3363   13
    3364   13
    3365   13
    3366   13
    3367   13
    3368   13
    3369   13
    3370   13
    3371   13
    3372   13
    3373   13
    3374   12
    3375   10
    3376   12
    3377   12
    3378   12
    3379   12
    3380    8
    3381   12
    3382   12
    3383   12
    3384   12
    3385   12
    3386   12
    3387   12
    3388   12
    3389   12
    3390   12
    3391   12
    3392   12
    3393   12
    3394   12
    3395   12
    3396   12
    3397   12
    3398   12
    3399   12
    3400   12
    3401   12
    3402   12
    3403   12
    3404   12
    3405   12
    3406   12
    3407   12
    3408   12
    3409    8
    3410    8
    3411    8
    3412   13
    3413   13
    3414   13
    3415   13
    3416   13
    3417   13
    3418   13
    3419   13
    3420   13
    3421   13
    3422   13
    3423   13
    3424   13
    3425   13
    3426   13
    3427   13
    3428   13
    3429   13
    3430   13
    3431   13
    3432   13
    3433   13
    3434   13
    3435   13
    3436   13
    3437   13
    3438   13
    3439   13
    3440   13
    3441   13
    3442   13
    3443   13
    3444   13
    3445   13
    3446   13
    3447   13
    3448   13
    3449   13
    3450   13
    3451    8
    3452   12
    3453   12
    3454   12
    3455   12
    3456   12
    3457   12
    3458    7
    3459    8
    3460   12
    3461   12
    3462    8
    3463   12
    3464    8
    3465    7
    3466    8
    3467    8
    3468   12
    3469    8
    3470    8
    3471    7
    3472    9
    3473   11
    3474   11
    3475   11
    3476   11
    3477   11
    3478   11
    3479   11
    3480   11
    3481    1
    3482    1
    3483    1
    3484    1
    3485    2
    3486    6
    3487    7
    3488    6
    3489    8
    3490    9
    3491   10
    3492   10
    3493   10
    3494   10
    3495   10
    3496   10
    3497    9
    3498   11
    3499   11
    3500    9
    3501    9
    3502    9
    3503   12
    3504    8
    3505    7
    3506    5
    3507    5
    3508    1
    3509    1
    3510   12
    3511   12
    3512   12
    3513   12
    3514    8
    3515    8
    3516    1
    3517    1
    3518    1
    3519    1
    3520    1
    3521    5
    3522    1
    3523    1
    3524    1
    3525    1
    3526    7
    3527    8
    3528    8
    3529   12
    3530    1
    3531    1
    3532    1
    3533   12
    3534    7
    3535   12
    3536   12
    3537    9
    3538    6
    3539    5
    3540    3
    3541    3
    3542    1
    3543    1
    3544    1
    3545    1
    3546    1
    3547    1
    3548    1
    3549    1
    3550    8
    3551    7
    3552    1
    3553    1
    3554    1
    3555    1
    3556    1
    3557    1
    3558    2
    3559   12
    3560    7
    3561    8
    3562   12
    3563   10
    3564   10
    3565    9
    3566   12
    3567    8
    3568    8
    3569    7
    3570    6
    3571    8
    3572   11
    3573   11
    3574    9
    3575   11
    3576   11
    3577   11
    3578   11
    3579   11
    3580   11
    3581   11
    3582   11
    3583   11
    3584   11
    3585   11
    3586   11
    3587   10
    3588   10
    3589   10
    3590   10
    3591   10
    3592   10
    3593   10
    3594   10
    3595   10
    3596   10
    3597    9
    3598   11
    3599   11
    3600   11
    3601   11
    3602   11
    3603   11
    3604    9
    3605   11
    3606    9
    3607   11
    3608   11
    3609   11
    3610   11
    3611   11
    3612   11
    3613   11
    3614    9
    3615   11
    3616   11
    3617   11
    3618    9
    3619   11
    3620    9
    3621    9
    3622   11
    3623    9
    3624    9
    3625    1
    3626    1
    3627    1
    3628   12
    3629   12
    3630   12
    3631   12
    3632   12
    3633   12
    3634   12
    3635   12
    3636   12
    3637   12
    3638    1
    3639    1
    3640   12
    3641   12
    3642   12
    3643   12
    3644   12
    3645    8
    3646    7
    3647    8
    3648   12
    3649   12
    3650   12
    3651   12
    3652    1
    3653    1
    3654    1
    3655    1
    3656    4
    3657    4
    3658    6
    3659    2
    3660    2
    3661    2
    3662    2
    3663    2
    3664    3
    3665    1
    3666    1
    3667    6
    3668    3
    3669    5
    3670    4
    3671    4
    3672    7
    3673    8
    3674    8
    3675    7
    3676    9
    3677   12
    3678   12
    3679   12
    3680   12
    3681   12
    3682    8
    3683    7
    3684   12
    3685    8
    3686    8
    3687   12
    3688    6
    3689    6
    3690    5
    3691    5
    3692    3
    3693    3
    3694    3
    3695    3
    3696    1
    3697    5
    3698    5
    3699    1
    3700    1
    3701    1
    3702    1
    3703    1
    3704    1
    3705    5
    3706    1
    3707    1
    3708    1
    3709    1
    3710    1
    3711    1
    3712    1
    3713    1
    3714    1
    3715    5
    3716    7
    3717   12
    3718    6
    3719    3
    3720    3
    3721    3
    3722    3
    3723    3
    3724    3
    3725    6
    3726    6
    3727    6
    3728    7
    3729   12
    3730    8
    3731   10
    3732   10
    3733   10
    3734   10
    3735   10
    3736   10
    3737   10
    3738   10
    3739   10
    3740   10
    3741   10
    3742    9
    3743   10
    3744   10
    3745   10
    3746   10
    3747    6
    3748    6
    3749    4
    3750    4
    3751    4
    3752    4
    3753    4
    3754    4
    3755    4
    3756    4
    3757    4
    3758    3
    3759    3
    3760    3
    3761    3
    3762    4
    3763    3
    3764    3
    3765    3
    3766    3
    3767    3
    3768    3
    3769    3
    3770    3
    3771    1
    3772    1
    3773    1
    3774    3
    3775    3
    3776    1
    3777    1
    3778   12
    3779   12
    3780   10
    3781    9
    3782   10
    3783   10
    3784    9
    3785    9
    3786   11
    3787    9
    3788    9
    3789    9
    3790   11
    3791   11
    3792   11
    3793   11
    3794   11
    3795   11
    3796   11
    3797   11
    3798   11
    3799   10
    3800   10
    3801   10
    3802   10
    3803   10
    3804   10
    3805   10
    3806   10
    3807   10
    3808   10
    3809   10
    3810   10
    3811   10
    3812   10
    3813   10
    3814   10
    3815   10
    3816   10
    3817   10
    3818   10
    3819   10
    3820   10
    3821   10
    3822   10
    3823   10
    3824   10
    3825   10
    3826   10
    3827   10
    3828   10
    3829   10
    3830   10
    3831   10
    3832   10
    3833   10
    3834   10
    3835   10
    3836   10
    3837   10
    3838   10
    3839   10
    3840   10
    3841   10
    3842   10
    3843   10
    3844   10
    3845   10
    3846   10
    3847   10
    3848   10
    3849   10
    3850   10
    3851   10
    3852   10
    3853   10
    3854   10
    3855   10
    3856   10
    3857   10
    3858   10
    3859   14
    3860   14
    3861   14
    3862   13
    3863   13
    3864   13
    3865   10
    3866   10
    3867   10
    3868   10
    3869   10
    3870   10
    3871   10
    3872   10
    3873   10
    3874   10
    3875   10
    3876   10
    3877   10
    3878   10
    3879   10
    3880   10
    3881   10
    3882   10
    3883   10
    3884   13
    3885   14
    3886   14
    3887   14
    3888   14
    3889   13
    3890   13
    3891   13
    3892   13
    3893   13
    3894   13
    3895   13
    3896   13
    3897   13
    3898   13
    3899   13
    3900   13
    3901   13
    3902   13
    3903   13
    3904   13
    3905   13
    3906   13
    3907   13
    3908   13
    3909   13
    3910   13
    3911   14
    3912   14
    3913   14
    3914   14
    3915   10
    3916   10
    3917   14
    3918   14
    3919   14
    3920   14
    3921   14
    3922   14
    3923   14
    3924    8
    3925   12
    3926   10
    3927   10
    3928   11
    3929   11
    3930   11
    3931   11
    3932   11
    3933   11
    3934   10
    3935   10
    3936   10
    3937   10
    3938   10
    3939   10
    3940   10
    3941   10
    3942   10
    3943   10
    3944   10
    3945   10
    3946   10
    3947   10
    3948   10
    3949   10
    3950   10
    3951   10
    3952   10
    3953   10
    3954   10
    3955   10
    3956   10
    3957   10
    3958   10
    3959   10
    3960   10
    3961   10
    3962   10
    3963   10
    3964   10
    3965   10
    3966   10
    3967   10
    3968    9
    3969   11
    3970   11
    3971   11
    3972   11
    3973   11
    3974   11
    3975    9
    3976   12
    3977   12
    3978    8
    3979    7
    3980   12
    3981    8
    3982   10
    3983   10
    3984   10
    3985   10
    3986    9
    3987   10
    3988   10
    3989   10
    3990   10
    3991   10
    3992   10
    3993   10
    3994   10
    3995   10
    3996   10
    3997   10
    3998    9
    3999   10
    4000   10
    4001   10
    4002   10
    4003   10
    4004   10
    4005   10
    4006   10
    4007   10
    4008   10
    4009   10
    4010   10
    4011   10
    4012   10
    4013   10
    4014   10
    4015   10
    4016   10
    4017   10
    4018   10
    4019   10
    4020   10
    4021    8
    4022    8
    4023    8
    4024    9
    4025   11
    4026   11
    4027    9
    4028   11
    4029   11
    4030    8
    4031    7
    4032    7
    4033    7
    4034    7
    4035    6
    4036    6
    4037    5
    4038    5
    4039    5
    4040    7
    4041    8
    4042    8
    4043   12
    4044    7
    4045    8
    4046    8
    4047   15
    4048   15
    4049   15
    4050   15
    4051   15
    4052   15
    4053   15
    4054   15
    4055    7
    4056    8
    4057    6
    4058    7
    4059    8
    4060    8
    4061    8
    4062   12
    4063   12
    4064    8
    4065    7
    4066    7
    4067    7
    4068    7
    4069    8
    4070    8
    4071    8
    4072    7
    4073    8
    4074    8
    4075    9
    4076    9
    4077    8
    4078    7
    4079    8
    4080    8
    4081    7
    4082    8
    4083    8
    4084    8
    4085   12
    4086   12
    4087    8
    4088    8
    4089    8
    4090    7
    4091    7
    4092    7
    4093    7
    4094    7
    4095    7
    4096    8
    4097    8
    4098   12
    4099    8
    4100    8
    4101    8
    4102    8
    4103   10
    4104   10
    4105   10
    4106   10
    4107   12
    4108    1
    4109    3
    4110    6
    4111    6
    4112    1
    4113    1
    4114    1
    4115    1
    4116    1
    4117    1
    4118    1
    4119    1
    4120    1
    4121    1
    4122    1
    4123    1
    4124    1
    4125    1
    4126    3
    4127    1
    4128    1
    4129    1
    4130    1
    4131    1
    4132    3
    4133    3
    4134    3
    4135    3
    4136    5
    4137    6
    4138    8
    4139   12
    4140    8
    4141    8
    4142    1
    4143    5
    4144    6
    4145   10
    4146   10
    4147   10
    4148    9
    4149    9
    4150    6
    4151    6
    4152    6
    4153    1
    4154    1
    4155    1
    4156   12
    4157   12
    4158   12
    4159   12
    4160   12
    4161   12
    4162   12
    4163    7
    4164    8
    4165   12
    4166   12
    4167   12
    4168   12
    4169   12
    4170   12
    4171   12
    4172   12
    4173   12
    4174   12
    4175   12
    4176   12
    4177   12
    4178   12
    4179    8
    4180    8
    4181   12
    4182   12
    4183   12
    4184   12
    4185   12
    4186   10
    4187   10
    4188   10
    4189   10
    4190   10
    4191   10
    4192   10
    4193   10
    4194   10
    4195   10
    4196   10
    4197   10
    4198   10
    4199   10
    4200   10
    4201   10
    4202   10
    4203   10
    4204   10
    4205   10
    4206   10
    4207   11
    4208   11
    4209   10
    4210   10
    4211   10
    4212   10
    4213   10
    4214   10
    4215   10
    4216   10
    4217   10
    4218   10
    4219   10
    4220   10
    4221   10
    4222   10
    4223   10
    4224   10
    4225   10
    4226   10
    4227   10
    4228   10
    4229   13
    4230   13
    4231   13
    4232   13
    4233   14
    4234   14
    4235   14
    4236   14
    4237   14
    4238   14
    4239   14
    4240   14
    4241   14
    4242   14
    4243   14
    4244   14
    4245   14
    4246   14
    4247   14
    4248   14
    4249   14
    4250   14
    4251   14
    4252   14
    4253   14
    4254   14
    4255   14
    4256   14
    4257   14
    4258   14
    4259   14
    4260   14
    4261   14
    4262   14
    4263   14
    4264   14
    4265   14
    4266   14
    4267   14
    4268   14
    4269   14
    4270   14
    4271   14
    4272   14
    4273   14
    4274   14
    4275   14
    4276   14
    4277   14
    4278   14
    4279   14
    4280   14
    4281   14
    4282   14
    4283   14
    4284   14
    4285   14
    4286   14
    4287   14
    4288   14
    4289   14
    4290   14
    4291   14
    4292   14
    4293   14
    4294   14
    4295   14
    4296   14
    4297   14
    4298   14
    4299   14
    4300   14
    4301   14
    4302   14
    4303   14
    4304   14
    4305   14
    4306   14
    4307   14
    4308   14
    4309   14
    4310   14
    4311   14
    4312   14
    4313   14
    4314   14
    4315   14
    4316   14
    4317   14
    4318   14
    4319   14
    4320   14
    4321   14
    4322   14
    4323   14
    4324   14
    4325   14
    4326   14
    4327   14
    4328   14
    4329   14
    4330   14
    4331   14
    4332   14
    4333   14
    4334   14
    4335   14
    4336   14
    4337   14
    4338   14
    4339   14
    4340   14
    4341   14
    4342   14
    4343   14
    4344   14
    4345   14
    4346   14
    4347   14
    4348   14
    4349   14
    4350   14
    4351   14
    4352   14
    4353   14
    4354   14
    4355   14
    4356   14
    4357   14
    4358   14
    4359   14
    4360   14
    4361   14
    4362   14
    4363   14
    4364   14
    4365   14
    4366   14
    4367   14
    4368   14
    4369   14
    4370   14
    4371   14
    4372   14
    4373   14
    4374   14
    4375   14
    4376   14
    4377   14
    4378   14
    4379   14
    4380   14
    4381   14
    4382   14
    4383   14
    4384   14
    4385   14
    4386   14
    4387   14
    4388   14
    4389   14
    4390   14
    4391   14
    4392   14
    4393   14
    4394   14
    4395   14
    4396   14
    4397   14
    4398   14
    4399   14
    4400   14
    4401   14
    4402   14
    4403   14
    4404   14
    4405   14
    4406   14
    4407   14
    4408   14
    4409   14
    4410   14
    4411   14
    4412   14
    4413   14
    4414   14
    4415   14
    4416   14
    4417   14
    4418   14
    4419   14
    4420   14
    4421   14
    4422   14
    4423   14
    4424   14
    4425   14
    4426   14
    4427   14
    4428   14
    4429   14
    4430   14
    4431   14
    4432   14
    4433   14
    4434   14
    4435   14
    4436   14
    4437   14
    4438   14
    4439   14
    4440   14
    4441   14
    4442   11
    4443   11
    4444   11
    4445   14
    4446   14
    4447   14
    4448   14
    4449   14
    4450   14
    4451   14
    4452   14
    4453   14
    4454   14
    4455   14
    4456   14
    4457   14
    4458   14
    4459   14
    4460   14
    4461   14
    4462   14
    4463   14
    4464   14
    4465   14
    4466   14
    4467   14
    4468   14
    4469   14
    4470   14
    4471   14
    4472   14
    4473   14
    4474   14
    4475   14
    4476   10
    4477   12
    4478   12
    4479   12
    4480    8
    4481   12
    4482   10
    4483   10
    4484   10
    4485   10
    4486   10
    4487   10
    4488   10
    4489   10
    4490   10
    4491   10
    4492   10
    4493   10
    4494   10
    4495   10
    4496   10
    4497   10
    4498   10
    4499   10
    4500   10
    4501   10
    4502   11
    4503   11
    4504   10
    4505   10
    4506   10
    4507    9
    4508    9
    4509   11
    4510   11
    4511   11
    4512   11
    4513   11
    4514   11
    4515   11
    4516   11
    4517   11
    4518   11
    4519   11
    4520   11
    4521   11
    4522   11
    4523   11
    4524   10
    4525   10
    4526   10
    4527   10
    4528   10
    4529   10
    4530   10
    4531   10
    4532   10
    4533   10
    4534   10
    4535   10
    4536   10
    4537    9
    4538    9
    4539    6
    4540    3
    4541    3
    4542    3
    4543    1
    4544    1
    4545   12
    4546    7
    4547    6
    4548    6
    4549    3
    4550    1
    4551    1
    4552    1
    4553    1
    4554    1
    4555    1
    4556    1
    4557   12
    4558    9
    4559    9
    4560   12
    4561    1
    4562    1
    4563   12
    4564   12
    4565   12
    4566   12
    4567    8
    4568   12
    4569    8
    4570    8
    4571    8
    4572   12
    4573    6
    4574    6
    4575    9
    4576    9
    4577   11
    4578    9
    4579    9
    4580   11
    4581   11
    4582   11
    4583   11
    4584   11
    4585   11
    4586   11
    4587   11
    4588   11
    4589   11
    4590    9
    4591    8
    4592   12
    4593   12
    4594   12
    4595   12
    4596   12
    4597   12
    4598   12
    4599   12
    4600   12
    4601   12
    4602   10
    4603   10
    4604    9
    4605    9
    4606    9
    4607   11
    4608   11
    4609   11
    4610   11
    4611   11
    4612    9
    4613   11
    4614   11
    4615   11
    4616    9
    4617    9
    4618    9
    4619    9
    4620    9
    4621    9
    4622   11
    4623   11
    4624    9
    4625    9
    4626    9
    4627    7
    4628    9
    4629    9
    4630   11
    4631    2
    4632    2
    4633    5
    4634    6
    4635    3
    4636    6
    4637    6
    4638    9
    4639    9
    4640    9
    4641   11
    4642   12
    4643   12
    4644    1
    4645    1
    4646    1
    4647    1
    4648    1
    4649    1
    4650    1
    4651    1
    4652    1
    4653    1
    4654    1
    4655    1
    4656    3
    4657    3
    4658    3
    4659    6
    4660    7
    4661    1
    4662    1
    4663    1
    4664    1
    4665    1
    4666    1
    4667    1
    4668    5
    4669    6
    4670    6
    4671    3
    4672    3
    4673    3
    4674    6
    4675    9
    4676    9
    4677   11
    4678    9
    4679   10
    4680   12
    4681   12
    4682    1
    4683    1
    4684    3
    4685    6
    4686    9
    4687   11
    4688   11
    4689   11
    4690   11
    4691    9
    4692    9
    4693   11
    4694   11
    4695   11
    4696   11
    4697   11
    4698   11
    4699   11
    4700   11
    4701   11
    4702   11
    4703   11
    4704   11
    4705    9
    4706    9
    4707    9
    4708    9
    4709    9
    4710   11
    4711   11
    4712   11
    4713   11
    4714   11
    4715   11
    4716   11
    4717   10
    4718   10
    4719   10
    4720   10
    4721   10
    4722   10
    4723   10
    4724   10
    4725   11
    4726   11
    4727   11
    4728   11
    4729   11
    4730    9
    4731    9
    4732   11
    4733   11
    4734   11
    4735   11
    4736    9
    4737   11
    4738   11
    4739   11
    4740   11
    4741   11
    4742   11
    4743   11
    4744   11
    4745   11
    4746    9
    4747    9
    4748   11
    4749   11
    4750   11
    4751    9
    4752   11
    4753   11
    4754    9
    4755   11
    4756   11
    4757    9
    4758   12
    4759   12
    4760    8
    4761    7
    4762    7
    4763    8
    4764    8
    4765   11
    4766   11
    4767    9
    4768   11
    4769   11
    4770   11
    4771   11
    4772   11
    4773   11
    4774   11
    4775   11
    4776   11
    4777   11
    4778   11
    4779   11
    4780   11
    4781   11
    4782   11
    4783    9
    4784   11
    4785   11
    4786    9
    4787   11
    4788    9
    4789    9
    4790   11
    4791   11
    4792   11
    4793   11
    4794   11
    4795   11
    4796    9
    4797   11
    4798   11
    4799   11
    4800   11
    4801   11
    4802    9
    4803   11
    4804   11
    4805   11
    4806   11
    4807    9
    4808    9
    4809   11
    4810   11
    4811   11
    4812   11
    4813   11
    4814    9
    4815    5
    4816    3
    4817    3
    4818    5
    4819    1
    4820    1
    4821    1
    4822    1
    4823    1
    4824    1
    4825    1
    4826    5
    4827    5
    4828    7
    4829    8
    4830    6
    4831    6
    4832    5
    4833    2
    4834    1
    4835    1
    4836    6
    4837    1
    4838    1
    4839    1
    4840    7
    4841    8
    4842    8
    4843    8
    4844   12
    4845    7
    4846   12
    4847   12
    4848    8
    4849   12
    4850   12
    4851    1
    4852    3
    4853    3
    4854    3
    4855    3
    4856    3
    4857    3
    4858    3
    4859    6
    4860    6
    4861   12
    4862    6
    4863    3
    4864    3
    4865    2
    4866    2
    4867    2
    4868    9
    4869    8
    4870    8
    4871    9
    4872   11
    4873   11
    4874   10
    4875    9
    4876   10
    4877   12
    4878    7
    4879    6
    4880    4
    4881    4
    4882    3
    4883    1
    4884    1
    4885    1
    4886    1
    4887    1
    4888    1
    4889    1
    4890    1
    4891    1
    4892    9
    4893    9
    4894    2
    4895    2
    4896    2
    4897    6
    4898    6
    4899    6
    4900    6
    4901    2
    4902    3
    4903    3
    4904    5
    4905    6
    4906    8
    4907    8
    4908   12
    4909   12
    4910    8
    4911    7
    4912    8
    4913    7
    4914    8
    4915    5
    4916    6
    4917    6
    4918    6
    4919    9
    4920   11
    4921   11
    4922    9
    4923    9
    4924   11
    4925   11
    4926    9
    4927   12
    4928   12
    4929   12
    4930   12
    4931   12
    4932   12
    4933   12
    4934   12
    4935   12
    4936   12
    4937    9
    4938    9
    4939    9
    4940    8
    4941    7
    4942    8
    4943    9
    4944    9
    4945    9
    4946    9
    4947   11
    4948    9
    4949   11
    4950    9
    4951   11
    4952    9
    4953   11
    4954   11
    4955    9
    4956    9
    4957    9
    4958   11
    4959   11
    4960    9
    4961    9
    4962    8
    4963    6
    4964    7
    4965    6
    4966    6
    4967    6
    4968    6
    4969    6
    4970    7
    4971    7
    4972    6
    4973    7
    4974    7
    4975    7
    4976    6
    4977    5
    4978    5
    4979    6
    4980    5
    4981    5
    4982    6
    4983    7
    4984    7
    4985    8
    4986    8
    4987    7
    4988    8
    4989   12
    4990   12
    4991   12
    4992   12
    4993   12
    4994   12
    4995   12
    4996   12
    4997   12
    4998    8
    4999   12
    5000   12
