-1	0
-1	0
-1	0
-1	0
-1	0
-1	0
-1	0
-1	0
-1	0
-1	0
-1	0
-1	0
-1	0
-1	0
-1	0
-1	0
-1	0
-1	0
-1	0
-1	0
-1	0
-1	0
-1	0
-1	0
-1	0
-1	0
-1	0
-1	0
-1	0
-1	0
-1	0
-1	0
-1	0
-1	0
0	0
0	1
0	1
0	1
0	1
0	1
0	1
0	1
1	1
1	1
1	1
1	1
1	1
1	1
1	1
1	1
1	1
1	1
1	1
1	1
1	1
1	1
1	1
1	1
1	1
1	1
1	1
1	1
1	1
1	1
2	1
2	2
2	2
2	2
2	2
2	2
2	2
2	2
2	2
2	2
2	2
2	2
2	2
2	2
2	2
2	2
2	2
2	2
2	2
2	2
2	2
2	2
2	2
2	2
2	2
2	2
2	2
2	2
2	2
2	2
2	2
2	2
2	2
2	2
2	2
2	2
2	2
2	2
2	2
2	2
2	2
2	2
2	2
2	2
2	2
2	2
2	2
2	2
2	2
2	2
2	2
2	2
2	2
2	2
2	2
2	2
2	2
2	2
2	2
2	2
2	2
2	2
2	2
2	2
2	2
2	2
2	2
2	2
2	2
2	2
2	2
2	2
2	2
2	2
2	2
2	2
2	2
2	2
2	2
2	2
2	2
2	2
2	2
2	2
2	2
2	2
2	2
2	2
2	2
2	2
2	2
2	2
2	2
2	2
2	2
2	2
2	2
2	2
2	2
2	2
2	2
2	2
2	2
2	2
2	2
2	2
2	2
2	2
2	2
2	2
2	2
2	2
3	2
3	3
3	3
3	3
3	3
3	3
3	3
3	3
3	3
3	3
3	3
3	3
3	3
3	3
3	3
3	3
3	3
3	3
3	3
3	3
3	3
3	3
3	3
3	3
3	3
3	3
3	3
3	3
3	3
3	3
3	3
3	3
3	3
3	3
3	3
3	3
3	3
3	3
3	3
3	3
3	3
3	3
3	3
3	3
3	3
3	3
3	3
3	3
3	3
3	3
3	3
3	3
3	3
3	3
3	3
3	3
3	3
3	3
3	3
3	3
3	3
3	3
3	3
3	3
3	3
3	3
3	3
3	3
3	3
3	3
3	3
3	3
3	3
3	3
3	3
3	3
3	3
3	3
3	3
3	3
3	3
3	3
3	3
3	3
3	3
3	3
3	3
3	3
3	3
3	3
3	3
3	3
3	3
3	3
3	3
3	3
3	3
3	3
3	3
3	3
3	3
3	3
3	3
3	3
3	3
3	3
3	3
3	3
3	3
3	3
3	3
3	3
3	3
3	3
3	3
3	3
3	3
3	3
3	3
3	3
3	3
3	3
3	3
3	3
3	3
3	3
3	3
3	3
3	3
3	3
3	3
3	3
3	3
3	3
3	3
3	3
3	3
3	3
3	3
3	3
3	3
3	3
3	3
3	3
3	3
3	3
3	3
3	3
3	3
3	3
3	3
3	3
3	3
3	3
3	3
3	3
3	3
3	3
3	3
3	3
3	3
3	3
3	3
3	3
3	3
3	3
3	3
3	3
3	3
3	3
3	3
3	3
3	3
3	3
3	3
3	3
3	3
3	3
3	3
3	3
3	3
3	3
3	3
3	3
3	3
3	3
3	3
3	3
3	4
3	4
3	4
3	4
3	4
3	4
3	4
3	4
3	4
3	4
3	4
3	4
3	4
3	4
3	4
3	4
3	4
3	4
3	4
3	4
3	4
3	4
3	4
3	4
3	4
3	4
3	4
3	4
3	4
3	4
3	4
3	4
3	4
3	4
3	4
3	4
3	4
3	4
3	4
3	4
3	4
3	4
3	4
3	4
3	4
3	4
3	4
3	4
3	4
3	4
3	4
3	4
3	4
3	4
3	4
3	4
3	4
3	4
3	4
3	4
3	4
3	4
3	4
3	4
3	4
3	4
3	4
3	4
3	4
3	4
3	4
3	4
3	4
3	4
3	4
3	4
3	4
3	4
3	4
3	4
3	4
3	4
3	4
3	4
3	4
3	4
3	4
3	4
3	5
3	5
3	5
3	5
3	5
3	5
3	5
3	5
3	5
3	5
3	5
3	5
3	5
3	5
3	5
3	5
3	5
3	6
3	6
3	6
3	6
3	6
4	6
5	6
5	7
5	7
5	7
5	7
5	7
5	7
5	7
5	7
5	7
5	7
5	7
5	7
5	7
5	7
5	7
5	7
5	7
5	7
5	7
5	7
5	7
5	7
5	7
5	7
5	7
5	7
5	7
5	7
5	7
5	7
5	7
6	7
6	8
6	8
6	8
6	8
6	8
6	8
6	8
6	8
6	8
6	8
6	8
6	8
7	8
7	9
7	9
7	9
7	9
7	9
7	9
7	9
7	9
7	9
7	9
7	9
7	9
7	9
7	9
7	9
7	9
7	9
7	9
7	9
7	9
7	9
7	9
7	9
7	9
7	9
7	9
7	9
7	9
7	9
7	9
7	9
7	9
7	9
7	9
7	9
7	9
7	9
7	9
7	9
7	9
7	9
7	9
7	9
7	9
7	9
7	9
7	9
7	9
7	9
7	9
7	9
7	9
7	9
7	9
7	9
7	9
7	9
7	9
7	9
7	9
7	9
7	9
7	9
7	9
7	9
7	9
7	9
7	9
7	9
7	9
7	9
7	9
7	9
7	9
7	9
7	9
7	9
7	9
7	9
7	9
7	9
7	9
7	9
7	9
7	9
7	9
7	9
7	9
7	9
7	9
7	9
7	9
7	10
7	10
7	10
7	10
7	10
7	10
7	10
7	10
7	10
7	10
7	10
7	10
7	10
7	10
7	10
7	10
7	10
7	10
7	10
7	10
7	10
7	10
7	10
7	10
7	10
7	10
7	10
7	10
7	10
7	10
7	10
7	10
7	10
7	10
7	10
7	10
7	10
7	10
7	10
7	10
7	10
7	10
7	10
7	10
7	10
7	10
7	11
7	11
7	11
7	11
7	11
7	11
7	11
7	11
7	11
7	11
7	11
7	11
7	11
7	11
7	11
7	11
7	11
7	11
7	11
7	11
7	11
7	11
7	11
7	11
7	11
7	11
7	11
7	11
7	11
7	11
7	11
7	11
7	11
7	11
7	11
7	11
7	11
7	11
7	11
7	11
7	11
7	11
7	11
7	11
7	11
7	11
7	11
7	11
7	11
7	11
7	11
7	11
7	11
7	11
7	11
7	11
7	11
7	11
7	11
7	11
7	11
7	11
7	11
7	11
7	11
7	11
7	11
7	11
7	11
7	11
7	11
7	11
7	11
7	11
7	11
7	11
7	11
7	11
7	11
7	11
7	11
7	11
7	11
7	11
7	11
7	11
7	11
7	11
7	11
7	11
7	11
7	11
7	11
7	11
7	11
7	11
7	11
7	11
7	11
7	11
7	11
7	11
7	11
7	11
7	11
7	11
7	11
7	11
7	11
7	11
7	11
7	11
7	11
7	11
7	11
7	11
7	11
7	11
7	11
7	11
7	11
7	11
7	11
7	11
7	11
7	11
7	11
7	11
7	11
7	11
8	11
8	11
8	11
8	11
8	11
8	11
8	11
8	11
8	11
8	11
8	11
8	11
8	11
8	11
8	11
8	11
8	11
8	11
8	11
8	11
8	11
8	11
8	11
8	11
8	11
8	11
8	11
8	11
8	11
8	11
8	11
8	11
8	11
8	11
8	11
8	11
8	11
8	11
8	11
8	11
8	11
8	11
8	11
8	11
8	12
8	12
8	12
8	12
8	12
8	12
8	12
8	12
8	12
8	12
8	12
8	12
8	12
8	12
8	12
8	12
8	12
8	12
8	12
8	12
8	12
8	12
8	12
8	12
8	12
8	12
8	12
8	12
8	12
8	12
8	12
8	12
8	12
8	12
8	12
8	12
8	12
8	12
8	12
8	12
8	12
8	12
8	12
8	12
8	12
8	13
8	13
8	13
8	13
8	13
8	13
8	13
8	13
8	13
8	13
8	13
8	13
8	13
8	13
8	13
8	13
8	13
8	13
8	13
8	13
8	13
8	13
9	13
9	13
9	13
9	13
9	13
9	13
9	13
9	13
9	13
9	13
9	13
9	13
9	13
9	13
9	13
9	13
9	13
9	13
9	13
9	13
9	13
9	13
9	13
9	13
9	13
9	13
9	13
9	13
9	13
9	13
9	13
9	13
9	13
9	13
9	13
9	13
9	13
9	13
9	13
9	13
9	13
9	13
9	13
9	13
9	13
9	13
9	13
9	13
9	13
9	13
9	13
9	13
9	13
9	13
9	13
9	14
9	14
9	14
9	14
9	14
9	14
9	14
9	14
9	14
9	14
10	14
10	15
10	15
10	15
10	15
10	15
10	15
10	15
10	15
10	15
10	15
10	15
10	15
10	15
10	15
10	15
10	15
10	15
10	15
10	15
10	15
10	15
10	15
10	15
10	15
10	15
10	15
10	15
10	15
10	15
10	15
10	15
10	15
10	15
10	15
10	15
10	15
10	15
10	15
10	15
10	15
10	15
10	15
10	15
10	15
10	15
10	15
10	15
10	15
10	15
10	15
10	15
10	15
10	15
10	15
10	15
10	15
10	15
10	15
10	15
10	15
10	15
10	15
10	15
10	15
10	15
10	15
10	15
10	15
10	15
10	15
10	15
10	15
10	15
10	15
10	15
10	15
10	15
10	15
10	15
11	15
11	15
11	15
11	15
11	15
11	15
11	15
11	15
11	15
11	15
11	15
11	15
11	15
11	15
11	15
11	15
12	15
12	15
12	15
12	15
12	15
12	15
12	15
12	15
12	16
12	16
12	16
12	16
12	16
12	16
12	16
12	16
12	16
12	16
12	16
12	16
12	16
12	16
12	16
12	16
12	16
12	16
12	16
12	16
12	16
12	16
12	16
12	16
12	16
12	16
12	16
12	16
12	16
12	16
12	16
12	16
12	16
12	16
12	16
12	16
12	16
12	16
12	16
12	16
12	16
12	16
12	16
12	16
12	16
12	16
12	16
12	16
12	16
12	16
12	16
12	16
12	16
12	16
12	16
12	16
12	16
12	16
12	16
12	16
12	16
12	16
12	16
12	16
12	16
12	16
12	16
12	16
12	16
12	16
12	16
12	16
12	16
12	16
12	16
12	16
12	16
12	16
12	16
12	16
12	16
12	16
12	16
12	16
12	16
12	16
12	16
12	16
12	16
12	16
12	16
12	16
12	16
12	16
12	16
12	16
12	16
12	16
12	16
12	16
12	16
12	16
12	16
12	16
12	16
12	16
12	16
12	16
13	16
13	17
13	17
13	17
13	17
13	17
13	17
13	17
13	17
13	17
13	17
13	17
13	17
13	17
13	17
13	17
13	17
13	17
13	17
13	17
13	17
13	17
13	17
13	17
13	17
13	17
13	17
13	17
13	17
13	17
13	17
13	17
13	17
13	17
13	17
13	17
13	17
13	17
13	17
13	17
13	17
13	17
13	17
13	17
13	17
13	17
13	17
13	17
13	17
13	17
13	17
13	17
13	17
13	17
13	17
13	17
13	17
13	17
13	17
13	17
13	17
13	17
13	17
13	17
13	17
13	17
13	17
13	17
13	17
13	17
13	17
13	17
13	17
13	17
13	17
13	17
13	17
13	17
13	17
13	17
13	17
13	17
13	17
13	17
13	17
13	17
13	17
13	17
13	17
13	17
13	17
13	17
13	17
13	17
13	17
13	17
13	17
13	17
13	17
13	17
13	17
13	17
13	17
13	17
13	17
14	17
14	18
14	18
14	18
14	18
14	18
14	18
14	18
14	18
14	18
14	18
14	18
14	18
14	18
14	18
14	18
14	18
14	18
14	18
14	18
14	18
14	18
14	18
14	18
14	18
14	18
14	18
14	18
14	18
14	18
14	18
14	18
14	18
14	18
14	18
14	18
14	18
14	18
14	18
14	18
14	18
14	18
14	18
14	18
14	18
14	18
14	18
14	18
14	18
15	18
15	19
15	19
15	19
15	19
15	19
15	19
15	19
15	19
15	19
15	19
15	19
15	19
16	19
16	19
16	19
16	19
16	19
16	19
16	19
17	19
17	20
17	20
17	20
17	20
17	20
17	20
17	20
17	20
17	20
17	20
17	20
17	20
17	20
17	20
17	20
17	20
17	20
17	20
17	20
17	20
17	20
17	20
17	20
17	20
17	20
17	20
17	20
17	20
17	20
17	20
17	20
17	20
17	20
17	20
17	20
17	20
17	20
17	20
17	20
17	20
17	20
17	20
17	20
17	20
18	20
18	21
18	21
18	21
18	21
18	21
18	21
18	21
18	21
18	21
18	21
18	21
18	21
18	21
18	21
18	21
18	21
18	21
18	21
18	21
18	21
18	22
18	22
18	22
18	22
18	22
18	22
18	22
18	22
18	22
18	22
18	22
18	22
18	22
18	22
18	22
19	22
19	22
19	22
19	23
19	23
19	23
19	23
19	23
19	23
19	23
19	23
19	23
19	23
19	23
19	23
19	23
19	23
19	23
20	23
20	24
20	24
20	24
20	24
20	24
20	24
20	24
20	24
20	24
20	24
20	24
20	24
20	24
20	24
20	24
20	24
20	24
20	24
20	24
20	24
20	24
20	24
20	24
20	24
20	24
20	24
20	24
20	24
20	24
20	24
20	24
20	24
20	24
20	24
20	24
20	24
20	24
20	24
20	24
20	24
20	24
20	24
20	24
20	24
20	24
20	24
20	24
20	24
20	24
20	24
20	24
20	24
20	24
20	24
20	24
20	24
20	24
21	24
21	25
21	25
21	25
21	25
21	25
21	25
21	25
21	25
21	25
21	25
21	25
21	25
21	25
21	25
21	25
21	25
21	25
21	25
21	25
21	25
21	25
21	25
21	25
21	25
21	25
21	25
21	25
21	25
21	25
21	25
21	25
21	25
21	25
21	25
21	25
21	25
21	25
21	25
21	25
21	25
21	25
21	25
21	25
21	25
21	25
21	25
21	25
21	25
21	25
21	25
21	25
21	25
21	25
21	25
21	25
21	25
21	25
21	25
21	25
21	25
21	25
21	25
21	25
21	25
21	25
21	25
21	25
21	25
21	25
21	25
21	25
21	25
21	25
21	25
21	25
21	25
21	25
21	25
21	25
21	25
21	25
21	25
21	25
21	25
21	25
21	25
21	25
21	25
21	25
21	25
21	25
21	25
21	25
21	25
21	25
21	25
21	25
21	25
21	25
21	25
21	25
21	25
21	25
21	25
21	25
21	25
21	25
21	25
22	25
22	25
22	25
22	25
23	25
23	26
23	26
23	26
23	26
23	26
23	26
24	26
24	26
24	26
24	26
24	26
24	26
24	26
24	26
24	26
25	26
25	26
25	26
25	26
26	26
26	26
26	26
27	26
27	27
27	27
27	27
27	27
27	27
28	27
28	27
28	27
28	27
28	27
28	27
29	27
29	27
29	27
29	27
29	27
29	27
29	27
29	27
29	27
29	27
29	27
29	27
29	27
29	27
29	27
29	27
29	27
29	27
29	27
29	27
29	27
29	27
29	27
29	27
29	27
29	27
29	27
29	27
29	27
29	27
29	27
29	27
29	27
29	27
29	27
29	27
29	27
29	27
29	27
29	27
29	27
29	27
29	27
29	27
29	27
29	27
29	27
29	27
29	27
29	27
29	27
29	27
29	27
29	27
29	27
29	27
29	27
29	27
29	27
29	27
29	27
29	27
29	28
29	28
29	28
29	28
29	28
29	28
29	28
29	28
29	28
29	28
29	28
29	28
29	28
29	28
29	28
29	28
29	28
29	28
29	28
29	28
29	28
29	28
29	28
29	28
29	28
29	28
29	28
29	28
30	28
30	29
30	29
30	29
30	29
30	29
30	29
30	29
30	29
30	29
30	29
30	29
30	29
30	29
30	29
30	29
30	29
30	29
30	29
30	29
30	29
30	29
30	29
30	29
30	30
30	30
30	30
30	30
30	30
30	30
30	30
30	30
30	30
30	30
30	30
30	30
30	30
30	30
30	30
30	30
30	30
30	30
30	31
30	31
30	31
30	31
30	31
30	31
30	31
30	31
30	31
30	31
30	31
30	31
30	31
30	31
30	31
30	31
30	31
30	31
30	31
30	31
30	31
30	31
30	31
30	31
30	31
30	31
31	31
31	32
31	32
31	32
31	32
31	32
31	32
31	32
31	32
31	32
31	32
31	32
32	32
32	33
32	33
32	33
32	33
32	33
32	33
32	33
32	33
33	33
33	34
33	34
33	34
33	34
33	34
33	34
33	34
33	34
33	34
33	34
33	34
33	34
33	34
33	34
33	34
33	34
33	34
33	34
33	34
33	34
33	34
33	34
33	34
33	34
33	34
33	34
33	34
33	34
33	34
33	34
33	34
33	34
33	34
33	34
33	34
33	34
33	34
33	34
33	34
33	34
33	34
33	34
34	34
34	34
34	34
34	34
34	34
34	34
35	34
35	35
35	35
35	35
35	35
35	35
35	35
35	35
35	35
35	35
35	35
35	35
35	35
35	35
35	35
35	35
35	35
35	35
35	35
35	35
35	35
35	35
35	35
35	35
35	35
35	35
35	35
35	35
35	35
35	35
35	35
35	35
35	35
35	35
35	35
35	35
35	35
36	35
36	36
36	36
36	36
36	36
36	36
36	36
36	36
36	36
36	36
36	36
36	36
36	36
36	36
36	36
36	36
36	36
36	36
36	36
36	36
36	36
36	37
36	37
36	37
36	37
36	37
36	37
36	37
36	37
36	37
36	37
36	37
36	37
36	37
36	37
36	37
36	37
36	37
36	37
36	37
36	37
36	37
36	37
36	37
36	37
36	37
36	37
36	37
36	37
36	37
36	37
36	37
36	37
36	37
36	37
36	37
37	37
37	37
37	38
37	38
37	38
37	38
37	38
37	38
37	38
37	38
37	38
37	38
37	38
37	38
37	38
37	38
37	38
37	38
37	38
37	38
37	38
37	38
37	38
37	38
37	38
37	38
37	38
37	38
37	38
37	38
37	38
37	38
37	38
37	38
37	38
37	38
37	38
37	38
37	38
37	38
37	38
37	38
37	38
37	38
37	38
37	38
38	38
38	39
38	39
38	39
38	39
38	39
38	39
39	39
39	40
39	40
39	40
39	41
39	41
39	41
39	41
39	41
39	41
39	41
39	41
39	41
39	41
39	41
39	41
39	41
39	41
39	41
39	42
39	42
39	42
39	42
39	42
39	42
39	42
39	42
39	42
39	42
39	42
39	42
39	42
40	42
40	43
40	43
40	43
40	43
40	43
40	43
40	43
40	43
40	43
40	43
40	43
40	43
40	43
40	43
40	43
40	43
40	43
40	43
40	43
40	43
40	43
40	43
40	43
40	43
40	43
40	43
40	43
40	43
40	43
41	43
41	44
41	44
41	44
41	44
41	44
41	44
41	44
41	44
41	44
41	44
41	44
41	44
41	44
41	44
42	44
42	44
42	44
42	44
42	44
42	44
42	44
42	45
42	45
42	45
42	45
42	45
42	45
42	45
42	45
42	45
42	45
42	45
42	45
42	45
42	45
42	45
42	45
42	45
42	45
42	45
42	45
43	45
43	46
43	46
43	46
43	46
43	46
43	46
44	46
44	47
44	47
44	47
44	48
45	48
45	48
46	48
47	49
47	50
47	50
47	50
47	50
47	50
47	50
47	50
47	50
47	50
47	50
47	50
47	50
47	50
47	50
47	50
47	50
47	50
47	50
47	50
48	50
48	51
48	51
48	51
48	51
49	51
49	52
49	52
49	52
49	52
49	52
49	52
49	52
49	52
49	52
49	52
49	52
49	52
49	52
49	52
49	52
49	52
49	52
49	52
49	52
49	52
49	52
49	52
49	52
49	52
49	52
49	52
49	52
49	52
49	52
49	52
49	52
49	52
49	52
49	52
49	52
49	52
49	52
49	52
49	52
49	52
49	52
49	52
49	52
49	52
49	52
49	52
49	52
49	52
49	52
49	52
49	52
49	52
49	52
49	52
49	52
49	52
49	52
49	52
49	52
49	52
49	52
49	52
49	52
49	52
49	52
49	52
49	52
49	52
49	52
50	52
50	53
50	53
50	53
50	53
50	53
50	53
50	53
50	53
50	53
50	53
50	53
50	53
50	53
50	53
50	53
50	53
50	53
50	53
51	53
51	54
51	54
51	54
51	54
51	54
51	54
51	54
51	54
51	54
51	54
51	54
51	54
51	54
51	54
51	54
51	54
51	54
51	54
51	54
52	54
52	54
52	54
52	54
52	54
52	54
52	54
52	54
52	54
52	54
52	54
52	54
52	54
52	54
52	54
52	54
52	54
52	54
52	54
52	54
52	54
52	54
52	54
52	54
52	54
52	54
52	54
52	54
52	54
52	54
52	54
52	55
52	55
52	55
52	55
52	55
52	55
52	55
52	55
52	55
52	55
52	55
52	55
52	55
52	55
52	55
52	55
52	55
52	55
52	55
52	55
52	55
52	55
52	55
52	55
52	55
52	55
52	55
52	55
53	55
53	55
53	55
53	55
53	55
53	55
53	55
53	55
53	55
53	55
53	55
53	55
53	55
53	55
53	55
53	55
53	55
53	55
53	55
53	55
53	56
53	56
53	56
53	56
53	56
54	56
54	57
54	57
54	57
54	57
54	57
54	57
54	57
54	57
54	57
54	57
54	57
54	57
54	57
54	57
54	57
54	57
54	57
54	57
54	57
54	57
54	57
54	57
54	57
54	57
54	57
54	57
54	57
54	57
54	57
54	57
54	57
54	57
54	57
54	57
54	57
54	57
54	57
54	57
54	57
54	57
54	57
54	57
54	57
54	57
54	57
54	57
54	57
54	57
54	57
54	57
54	57
54	57
54	57
54	57
54	57
54	57
54	57
54	57
54	57
54	57
54	57
54	57
54	57
54	57
54	57
54	57
54	57
54	57
54	57
54	57
54	57
54	57
55	57
55	58
55	58
55	58
55	58
55	58
55	58
55	58
55	58
55	58
55	58
55	58
55	58
55	58
55	58
55	58
55	58
55	58
55	58
55	58
55	58
55	58
55	58
55	58
55	58
55	58
55	58
55	58
55	58
55	58
55	58
55	58
55	58
55	58
55	58
55	58
55	58
55	58
55	58
55	58
55	58
55	58
55	58
55	58
55	58
55	58
55	58
55	58
55	58
55	58
55	58
56	58
56	59
56	59
57	59
57	59
57	59
57	59
57	59
57	59
57	59
57	59
57	59
57	59
57	59
57	59
57	59
57	59
57	59
57	59
57	59
57	60
57	60
57	60
58	60
58	61
58	61
58	61
58	61
58	61
58	61
58	61
58	61
58	61
58	61
58	61
58	61
58	61
58	61
58	61
58	61
58	61
58	61
58	61
58	61
58	61
58	61
58	61
58	61
58	61
58	61
58	61
58	61
59	61
59	61
59	61
59	61
59	61
59	61
59	61
59	61
59	61
59	61
59	61
59	61
59	61
59	61
59	61
59	61
59	61
59	61
59	61
59	61
59	61
59	61
59	61
59	61
59	61
59	61
59	61
59	61
59	61
59	61
59	61
59	61
59	61
59	61
59	61
59	61
59	61
59	61
59	61
59	61
59	61
59	61
59	61
59	61
59	61
59	61
59	61
59	61
59	62
59	62
59	62
59	62
59	62
59	63
59	63
59	63
59	63
59	63
59	63
59	63
59	63
59	63
59	63
59	63
59	63
59	63
59	63
59	63
59	63
59	63
59	63
59	63
59	63
59	63
59	63
59	63
59	63
59	63
59	63
59	63
59	63
59	63
59	63
59	63
59	63
59	63
59	63
60	63
61	63
61	64
61	64
61	64
61	64
61	64
61	64
61	64
61	64
61	64
61	64
61	64
61	64
61	64
61	64
61	64
62	64
62	65
62	65
62	65
62	65
62	65
62	65
62	65
62	65
62	65
62	65
62	65
62	65
62	65
62	65
62	65
62	65
62	65
62	65
62	65
62	65
62	65
62	65
62	65
62	65
62	65
62	65
62	65
62	65
62	65
62	65
62	65
62	65
62	65
62	65
62	65
62	65
62	65
62	65
62	65
62	65
62	65
62	65
62	65
62	65
62	65
62	65
62	65
62	65
62	65
62	65
62	65
62	65
62	65
62	65
62	65
62	65
62	65
62	65
62	65
62	65
62	65
62	65
62	65
62	65
62	65
62	65
62	65
62	65
62	65
62	65
62	65
62	65
62	65
62	65
62	65
62	65
62	65
62	65
62	65
62	66
62	66
62	66
62	66
62	66
62	66
62	66
62	66
62	66
62	66
62	66
62	66
62	66
62	66
62	66
62	66
62	66
62	66
62	66
62	66
62	66
62	66
62	66
62	66
63	66
63	66
64	66
64	67
65	67
65	67
66	67
66	67
66	67
66	67
66	67
66	67
66	67
66	67
66	67
66	68
66	68
66	68
66	68
66	68
66	68
66	68
66	68
66	68
66	68
66	68
67	68
67	69
67	69
67	69
67	69
67	69
67	69
67	69
67	69
67	69
67	69
68	69
68	70
69	70
69	70
69	70
69	70
70	70
70	71
70	71
70	71
70	71
70	71
70	71
70	71
70	71
70	71
70	71
71	71
71	71
71	71
71	71
71	71
71	71
71	71
72	71
72	71
72	71
72	71
72	71
72	71
72	71
72	71
72	71
72	71
72	71
72	71
72	71
72	71
72	71
72	71
72	71
72	71
72	71
72	71
72	71
72	71
72	71
72	71
72	71
72	71
72	71
73	71
73	72
73	72
73	72
73	72
73	72
73	72
73	72
73	72
73	72
73	72
73	72
73	72
73	72
73	72
73	72
73	72
73	72
73	72
73	72
73	72
73	72
73	72
74	72
74	73
74	73
74	73
74	73
74	73
74	73
74	73
74	73
74	73
74	73
75	73
75	73
75	73
75	73
75	73
75	73
75	73
75	73
75	73
75	73
75	73
75	73
75	73
75	73
75	73
75	73
75	73
75	73
75	73
75	73
75	73
75	73
75	73
75	73
75	73
75	73
76	73
76	74
76	74
76	74
76	74
76	74
76	74
76	74
76	74
76	74
76	74
76	74
76	74
76	74
76	74
77	75
77	75
77	75
77	75
77	75
77	75
77	75
77	75
77	75
77	75
77	75
77	75
77	75
77	75
77	75
77	75
77	75
77	75
77	75
77	75
77	75
77	75
77	75
77	75
77	75
77	75
77	75
77	75
77	75
77	75
78	75
78	76
79	76
79	77
79	77
80	77
80	78
80	78
80	78
80	78
80	78
80	78
80	78
80	78
80	78
80	78
80	78
80	78
80	78
81	78
81	79
81	79
81	79
81	79
81	79
81	79
81	79
81	79
81	79
81	79
81	79
81	79
81	79
81	79
81	79
81	79
81	79
81	79
81	79
81	79
81	79
81	79
81	79
81	79
81	79
81	79
81	79
81	79
81	79
81	79
81	79
82	79
82	80
82	80
82	80
82	80
82	80
82	80
82	80
82	80
82	80
82	80
82	80
82	80
82	80
82	80
82	80
82	80
82	80
82	80
82	80
82	80
82	80
82	80
82	80
82	80
82	80
82	80
82	80
82	80
82	80
82	80
82	80
82	80
82	80
82	80
82	80
82	80
82	80
82	80
82	80
82	80
82	80
82	80
82	80
82	80
82	80
82	80
82	80
82	80
82	80
82	80
82	80
82	80
82	80
82	80
82	80
82	80
82	80
83	80
84	80
84	80
84	80
84	80
84	80
85	80
85	81
85	81
85	81
85	81
85	81
85	81
85	81
85	81
85	81
85	81
85	81
85	81
85	81
85	81
85	81
85	81
85	81
85	81
85	81
85	81
85	81
85	81
85	81
85	81
85	81
85	81
85	81
85	81
85	81
85	81
85	81
85	81
85	81
85	81
85	81
85	81
85	81
85	81
85	81
85	81
85	81
85	81
85	81
85	81
85	81
85	81
85	81
85	81
85	81
85	81
85	81
85	81
85	81
85	81
85	81
85	81
85	81
85	81
85	81
85	81
85	81
85	81
85	81
85	81
85	82
85	82
85	82
85	82
85	82
85	82
85	82
85	82
85	82
85	82
85	82
85	82
85	82
85	82
85	82
85	82
85	82
85	82
85	82
85	82
86	82
86	83
87	83
88	84
88	84
88	84
88	84
88	84
89	84
89	85
89	85
89	85
89	85
89	85
89	85
89	85
90	85
90	86
90	86
91	86
91	87
91	87
91	87
92	87
92	87
92	87
92	87
93	87
93	88
93	88
93	88
93	88
94	88
95	88
95	88
95	88
95	88
95	88
95	88
95	88
95	89
95	89
95	89
95	89
95	89
95	89
95	89
96	89
96	89
96	89
96	89
96	89
96	90
96	90
96	90
96	90
96	90
96	91
96	91
96	91
96	91
96	91
96	91
96	91
96	91
96	91
96	91
96	91
96	91
97	92
97	93
97	93
97	93
97	93
98	93
98	94
98	94
98	94
98	94
98	94
98	95
98	95
98	95
98	95
98	95
98	95
98	95
98	95
98	95
98	95
99	95
99	95
99	96
99	96
99	96
99	96
99	96
99	96
99	96
99	96
99	96
99	96
99	96
99	96
99	96
99	96
99	96
99	96
100	96
100	96
100	96
100	96
100	96
100	96
100	96
100	96
100	96
100	96
100	96
100	96
100	96
100	96
100	96
100	96
100	96
100	96
100	96
100	96
100	96
100	96
100	96
100	96
100	96
100	96
100	96
100	96
100	96
100	96
100	96
100	96
101	96
102	96
102	96
102	96
102	96
102	96
102	96
102	96
102	96
102	96
102	96
102	96
102	96
102	96
102	96
102	96
102	96
102	96
102	96
102	96
102	96
102	96
102	96
102	96
102	96
102	96
102	96
102	96
102	96
102	96
102	96
102	96
102	96
102	96
102	96
102	96
102	96
102	96
102	96
102	96
102	96
102	96
102	96
102	96
102	96
102	96
102	96
102	96
102	96
102	96
102	96
102	96
102	96
102	96
102	96
102	96
102	96
102	96
102	96
102	96
102	96
102	96
102	96
102	96
102	96
102	96
102	96
102	96
102	96
102	96
103	96
103	97
103	97
103	97
103	97
103	97
103	97
103	97
103	97
103	97
103	97
103	97
103	97
103	97
103	97
103	97
103	97
103	97
103	97
103	97
103	97
103	97
103	97
103	98
103	98
103	98
103	98
103	98
103	98
103	98
103	98
103	98
103	98
103	98
103	98
103	98
103	98
103	98
103	98
103	98
103	98
103	98
103	98
104	98
104	98
104	98
104	98
104	98
104	98
104	98
104	98
104	98
104	98
104	98
104	98
104	98
104	98
104	98
104	98
104	98
104	98
104	98
104	98
104	98
104	98
104	98
104	98
104	98
104	98
104	98
104	98
104	98
104	98
104	98
104	98
104	98
104	98
104	98
104	98
104	98
104	98
104	98
104	98
104	98
104	98
104	98
104	98
104	98
105	98
105	99
105	99
105	99
105	99
105	99
105	99
105	99
105	99
105	99
105	99
105	99
105	99
105	99
105	99
105	99
105	99
105	99
105	99
106	99
107	99
107	99
107	99
107	99
107	99
107	99
107	99
107	99
107	99
107	99
107	99
107	99
107	99
107	99
107	99
107	99
107	99
107	99
108	99
108	100
108	100
108	100
108	100
108	100
108	100
108	100
108	100
108	100
108	100
108	100
108	100
108	100
108	100
108	100
108	100
109	100
109	101
110	101
110	101
110	101
110	101
110	102
110	102
110	102
110	103
110	103
110	103
110	103
110	103
110	103
111	103
111	103
111	103
111	103
112	103
112	104
112	104
112	104
112	104
112	104
112	104
112	104
112	104
112	104
112	104
112	105
112	105
112	105
112	105
112	105
112	105
112	105
112	105
112	105
112	105
112	105
112	105
112	105
112	105
112	106
112	106
112	106
112	106
112	106
112	106
112	106
112	106
112	106
112	106
112	106
112	106
112	106
112	106
112	106
112	106
112	106
113	106
113	107
113	107
113	108
113	108
113	108
113	108
113	108
113	108
113	108
113	108
113	108
113	108
113	108
113	108
113	108
113	108
114	108
114	109
114	109
114	109
114	109
114	109
114	109
114	109
114	109
114	109
114	109
114	109
114	109
114	109
114	109
114	109
114	109
114	110
114	111
114	111
114	111
114	111
114	111
114	111
114	111
115	111
115	112
115	112
115	112
115	112
115	112
115	112
115	113
115	113
115	113
115	113
115	113
115	113
115	113
115	113
115	113
115	113
115	113
115	113
115	113
115	113
115	113
115	113
115	113
115	113
116	113
116	113
116	113
116	113
116	113
116	113
116	113
116	113
116	113
116	113
116	113
116	113
116	113
116	113
116	113
116	113
116	113
116	113
116	113
116	113
117	113
117	113
117	113
117	113
117	113
117	113
117	113
117	113
117	113
117	113
117	113
117	113
117	113
117	113
117	114
118	114
118	115
119	115
119	115
119	115
119	115
119	115
119	115
119	115
120	115
120	115
120	115
120	115
120	115
121	115
121	115
122	115
122	115
122	115
122	115
122	115
122	115
122	115
122	115
122	115
122	115
123	115
123	115
123	115
123	115
123	115
123	115
123	115
123	115
123	115
123	115
123	115
123	115
123	115
123	115
123	115
123	115
123	115
123	115
123	115
123	115
123	115
123	115
123	116
123	116
123	116
123	116
123	116
123	116
123	116
123	116
123	116
123	116
123	116
123	116
123	116
123	116
123	116
123	116
123	116
123	116
123	116
123	116
123	116
123	116
123	116
123	116
123	116
123	116
123	116
123	116
123	116
123	116
123	116
123	116
123	116
123	116
123	116
123	116
123	116
123	116
123	116
123	116
123	116
123	116
123	116
123	116
123	116
123	116
123	116
123	116
123	116
123	116
123	116
123	116
123	116
123	116
123	116
123	116
123	116
123	116
123	116
124	116
124	116
124	116
124	116
124	116
124	116
125	116
125	117
125	117
125	117
125	117
125	117
125	117
125	117
125	117
125	117
125	117
125	117
125	117
125	117
125	117
125	117
125	117
125	117
125	117
125	118
125	118
125	118
125	118
125	118
125	118
125	118
125	118
125	118
125	118
125	118
125	118
125	119
125	119
125	119
125	119
125	119
126	119
126	120
126	120
126	120
126	120
126	120
126	121
127	121
127	121
127	121
127	121
127	121
127	121
127	121
127	121
127	121
127	121
128	121
128	121
128	121
128	121
128	121
128	121
128	121
128	121
128	121
128	121
128	121
128	121
128	121
128	121
128	121
128	121
128	121
128	121
128	121
128	121
128	121
128	121
128	121
128	121
128	121
128	121
128	121
128	121
128	121
128	121
128	121
128	121
128	121
128	121
128	121
128	121
128	121
128	121
128	121
128	121
128	121
128	121
128	121
128	121
128	121
128	121
128	121
128	121
128	121
128	121
128	121
128	121
128	121
128	121
128	121
128	121
128	121
128	121
128	121
128	121
128	121
128	121
128	121
128	121
128	121
128	121
128	121
128	121
128	121
128	121
128	121
128	121
128	121
128	121
128	122
128	122
128	122
128	122
128	122
128	122
129	122
129	123
130	123
130	124
130	124
130	124
130	124
130	124
130	124
130	124
130	124
130	124
131	124
131	125
131	125
131	125
131	125
131	125
131	125
131	125
131	125
131	125
131	125
131	125
131	125
131	125
131	125
131	125
131	125
131	125
131	125
131	125
131	125
131	125
131	125
131	125
131	126
131	126
132	126
133	127
133	128
133	128
133	128
133	128
134	128
134	128
134	128
134	128
134	128
134	128
134	128
134	128
134	128
134	128
134	128
134	128
134	128
134	128
134	128
134	128
134	128
134	128
134	128
134	128
134	128
134	128
134	128
134	128
134	128
135	128
136	129
136	129
136	129
136	129
136	129
136	129
136	129
136	129
136	129
136	129
136	129
136	129
136	129
136	129
136	129
136	129
136	129
136	129
136	129
136	129
136	129
136	129
136	129
136	129
136	129
136	129
136	129
136	129
136	129
136	129
136	129
136	129
136	129
136	130
136	130
136	130
136	130
136	130
136	130
136	130
136	130
136	131
136	131
136	131
136	131
137	131
137	131
137	131
137	131
137	131
137	131
137	131
137	131
137	131
137	131
137	131
137	131
137	131
137	132
138	132
138	132
138	132
138	132
138	132
138	132
138	132
138	132
138	132
138	132
138	132
138	132
138	132
138	132
138	132
138	132
138	132
138	132
138	132
138	132
138	132
138	132
138	132
138	132
138	132
138	132
138	132
138	132
138	132
138	132
138	132
138	132
138	132
138	132
138	132
138	132
138	132
138	132
138	132
138	132
138	132
138	132
138	132
139	132
139	132
139	132
139	132
139	132
139	132
139	132
139	132
139	132
139	132
139	132
139	132
139	132
139	132
139	133
139	133
139	133
139	133
139	133
139	133
139	133
140	133
140	134
140	134
140	135
140	136
140	136
140	136
140	137
140	137
140	137
140	137
140	137
140	137
140	137
140	137
140	137
140	137
140	137
140	137
140	137
140	137
140	137
140	137
140	137
140	137
140	137
140	137
140	137
140	137
140	137
140	137
140	137
140	137
140	137
140	137
140	137
140	137
140	137
140	137
140	137
140	137
140	137
140	137
140	137
140	137
140	137
140	137
140	137
140	137
140	137
141	137
141	137
141	137
142	137
142	138
142	138
142	138
142	138
142	138
142	138
142	138
142	138
142	138
142	138
142	139
142	139
142	139
142	139
142	139
142	139
142	139
142	139
142	139
142	139
142	139
142	139
142	139
142	139
142	139
143	139
143	140
143	140
143	140
143	140
143	140
143	140
143	140
143	140
143	140
143	140
143	140
143	140
143	140
143	140
143	140
143	140
143	140
143	140
143	140
143	140
143	140
143	140
143	140
143	140
143	140
143	140
143	140
143	140
143	140
143	140
143	140
143	140
143	140
143	140
143	140
143	140
143	140
143	140
144	140
144	141
144	141
144	141
144	141
144	141
144	141
144	141
144	141
144	141
144	141
144	141
144	141
144	141
144	141
145	141
145	141
145	141
145	141
145	141
145	141
145	141
145	141
145	141
145	141
145	141
145	141
145	141
145	141
145	141
145	141
145	142
145	142
145	142
145	142
145	142
145	142
145	142
145	142
145	142
145	142
145	142
145	142
145	142
145	142
145	142
145	142
145	142
145	142
145	142
145	142
145	142
145	142
145	142
145	142
145	142
145	142
145	142
145	142
145	142
145	142
145	142
145	142
145	142
145	142
145	142
145	142
145	142
145	142
145	142
145	142
145	142
145	142
145	142
145	142
145	142
145	142
145	142
145	142
145	142
145	142
145	142
145	143
145	143
145	143
145	143
146	143
146	144
146	144
146	144
146	144
146	144
146	144
146	144
146	144
146	144
146	144
146	144
146	144
146	144
146	144
146	144
146	144
146	144
146	144
146	144
146	144
146	144
146	144
146	144
146	144
146	144
146	144
146	144
146	144
146	144
146	144
146	144
146	144
146	144
146	144
146	144
146	144
146	144
146	144
146	144
146	144
146	144
146	144
146	144
146	144
146	144
146	144
146	144
146	144
146	144
146	144
146	144
146	144
146	144
146	144
146	144
146	144
146	144
146	144
146	144
146	144
146	144
146	144
146	144
146	144
146	144
146	144
146	144
146	144
146	144
146	144
146	144
146	144
146	144
146	144
146	144
146	144
146	144
146	144
146	144
146	144
146	144
146	144
146	144
146	144
146	144
146	144
146	144
146	144
146	144
146	144
146	144
146	144
146	144
146	144
146	144
146	144
146	144
146	144
146	144
146	144
146	144
146	144
146	144
146	144
146	144
146	144
146	144
146	144
146	144
146	144
146	144
146	144
146	144
146	144
146	144
146	144
146	144
146	144
146	144
146	144
146	144
146	144
146	144
146	144
146	144
146	144
146	144
146	144
146	144
146	144
146	144
146	144
146	144
146	144
146	144
146	144
146	144
146	144
146	144
146	144
146	144
146	144
146	144
146	144
146	144
146	144
146	144
146	144
146	144
146	144
146	144
146	144
146	144
146	144
146	144
146	144
146	144
146	144
146	144
146	144
146	144
146	144
146	144
146	144
146	144
146	144
146	144
146	144
146	144
146	144
146	144
146	144
146	144
146	144
146	144
146	144
146	144
146	144
146	144
146	144
146	144
146	144
146	144
146	144
146	144
146	144
146	144
146	144
146	144
146	144
146	144
146	144
146	144
146	144
146	144
146	145
146	145
146	145
146	146
146	146
146	146
146	146
146	146
146	146
147	146
147	146
147	146
147	146
147	146
147	146
147	146
147	146
147	146
147	146
147	146
147	146
147	146
147	146
147	146
147	146
147	146
147	146
147	146
147	146
147	146
147	146
147	146
148	146
148	146
148	146
148	146
148	146
148	146
148	146
148	146
148	146
148	146
148	146
148	146
148	146
148	146
148	146
148	146
148	146
148	146
148	146
148	146
148	146
148	146
148	146
148	146
148	146
148	146
148	146
148	146
148	146
148	146
148	146
148	146
148	146
148	146
148	146
149	146
149	147
149	147
149	147
149	147
149	147
149	147
149	147
149	147
149	147
149	147
149	147
149	147
149	147
149	147
149	147
149	147
149	147
149	147
149	147
149	147
149	147
149	147
149	147
149	147
149	147
149	147
149	147
149	147
149	147
149	147
149	147
149	147
149	147
149	147
149	147
149	147
149	147
149	147
149	147
150	147
150	148
150	148
150	148
150	148
150	148
150	148
150	148
150	148
150	148
151	148
151	148
151	148
152	148
152	148
152	148
152	148
152	148
152	148
152	148
152	148
152	148
152	148
152	148
152	148
152	148
152	148
152	148
152	148
152	148
152	148
152	148
152	149
153	149
153	149
153	149
153	149
153	149
153	149
153	149
153	149
154	149
154	150
154	150
154	150
154	150
154	150
154	150
154	150
154	150
154	150
154	150
154	150
154	150
154	150
154	150
154	150
154	150
154	150
154	150
154	150
154	150
154	150
154	150
154	150
154	150
154	150
154	150
154	150
154	150
154	151
154	151
154	151
154	151
154	151
154	151
154	151
154	151
154	151
154	151
154	151
154	151
154	151
154	151
154	151
154	151
154	151
154	151
154	151
154	151
154	151
154	151
154	151
154	151
154	151
154	151
154	151
154	151
154	151
154	151
154	152
155	153
155	154
155	154
155	154
155	154
155	154
155	154
155	154
155	154
156	154
156	155
156	155
156	155
156	155
156	155
156	155
156	155
156	155
156	155
156	155
156	155
156	155
156	155
156	155
156	156
156	156
156	156
156	156
156	156
156	157
156	157
156	157
156	157
156	158
156	158
156	158
156	158
156	158
156	158
156	159
156	159
156	159
156	159
156	159
157	159
157	159
157	159
157	159
157	159
157	159
157	159
157	159
157	159
158	159
158	159
158	159
158	159
158	159
158	159
158	159
158	159
158	159
158	159
158	159
158	159
158	159
158	159
159	159
159	159
159	159
160	159
160	159
160	159
160	159
160	159
160	159
160	159
160	159
160	159
160	159
160	159
160	159
160	159
160	159
160	159
161	160
161	160
161	160
161	160
161	160
161	160
161	160
161	160
161	160
161	160
162	160
162	160
162	160
162	160
162	160
162	160
162	160
162	160
162	160
162	160
162	160
162	160
162	160
162	160
162	160
162	160
162	160
162	160
162	160
162	160
162	160
162	160
162	160
162	160
162	160
162	160
162	160
162	160
162	160
162	160
162	160
162	160
162	160
162	160
162	160
162	160
162	160
162	160
162	160
162	160
163	160
163	160
163	160
163	160
163	160
164	160
164	161
164	161
164	161
164	161
164	161
164	161
165	161
165	162
165	162
165	162
165	162
165	162
165	162
165	162
165	162
165	162
165	162
165	162
165	162
165	162
166	162
166	162
166	162
166	162
166	162
166	162
166	162
166	162
166	162
166	162
166	162
166	162
166	162
166	162
166	162
166	162
166	162
166	162
166	162
166	162
166	162
166	162
166	162
166	162
167	162
167	163
167	163
167	163
167	163
167	163
167	163
167	163
167	163
167	163
167	163
167	163
167	163
168	163
169	164
169	165
169	166
169	166
169	166
170	166
170	167
170	167
170	167
170	167
170	167
170	167
170	167
170	167
170	167
170	167
170	167
170	167
170	167
170	167
171	167
171	168
171	168
171	168
171	168
171	168
171	168
171	168
171	168
171	168
171	168
171	168
171	168
171	168
171	168
171	168
171	168
171	168
171	168
171	168
171	168
171	168
171	168
171	168
171	168
171	168
171	168
171	168
171	168
172	168
172	168
172	168
172	168
172	168
172	168
172	168
172	168
172	168
172	168
172	168
172	168
172	168
172	168
172	168
172	168
173	168
173	168
173	168
173	168
173	168
173	168
173	168
173	168
173	168
173	168
174	168
175	169
175	169
175	169
175	-1
175	-1
175	-1
175	-1
175	-1
175	-1
175	-1
175	-1
175	-1
175	-1
175	-1
175	-1
175	-1
175	-1
175	-1
