-1	0
-1	0
-1	0
-1	0
-1	0
-1	0
-1	0
-1	0
-1	0
-1	0
-1	0
-1	0
-1	0
-1	0
-1	0
-1	0
-1	0
-1	0
-1	0
-1	0
-1	0
-1	0
-1	0
-1	0
-1	0
-1	0
-1	0
-1	0
-1	0
-1	0
-1	0
-1	0
-1	0
-1	0
-1	0
-1	0
0	0
0	0
0	0
0	0
0	0
0	0
0	0
0	0
0	0
0	0
0	0
0	0
0	0
1	0
1	1
1	1
1	1
2	1
2	2
2	2
2	2
2	2
2	2
2	2
3	2
3	3
3	3
3	3
3	3
3	3
3	3
3	3
3	3
3	3
3	3
3	3
3	3
3	3
3	3
3	3
3	3
3	3
3	3
3	3
3	3
3	3
3	3
3	3
3	3
3	3
3	3
3	3
3	3
3	3
3	3
3	3
3	3
3	3
3	3
3	3
3	3
3	3
3	3
3	3
3	3
3	3
3	3
3	3
3	3
3	3
3	3
3	3
3	3
3	3
3	3
3	3
3	3
3	3
4	4
4	4
4	4
4	4
4	4
4	4
4	4
4	4
4	4
4	5
4	5
4	5
4	5
4	5
4	5
4	5
4	5
5	5
5	5
5	5
5	5
5	5
5	5
5	5
5	6
5	6
5	6
5	6
5	6
5	6
5	6
5	6
5	6
5	6
5	6
5	6
5	6
5	6
5	6
5	6
5	6
5	6
5	6
5	6
5	6
5	6
5	6
5	6
5	7
5	7
5	7
5	7
5	7
5	7
5	7
5	8
5	8
5	8
5	8
5	8
5	8
5	8
5	8
5	8
5	8
5	8
5	8
5	8
5	8
5	8
5	8
5	8
5	8
5	8
5	8
5	8
5	8
5	9
5	9
5	9
5	9
5	9
5	9
5	9
5	9
5	9
5	9
5	9
5	9
5	9
5	9
5	9
5	9
5	9
5	9
5	9
5	9
5	9
5	9
5	9
5	9
5	9
6	9
6	10
6	10
6	10
6	10
6	10
6	10
6	10
6	10
6	10
6	10
6	10
6	10
7	10
7	11
7	11
7	11
7	11
7	11
7	11
7	11
7	11
7	11
7	11
7	11
7	11
7	11
7	11
7	11
7	11
7	11
7	11
7	11
7	11
7	11
7	11
7	11
7	11
7	11
7	11
7	11
7	11
7	11
7	11
7	11
7	11
7	11
7	11
7	11
7	11
7	11
7	11
7	11
7	11
7	11
7	11
7	11
7	11
7	11
7	11
7	11
7	11
7	11
7	11
7	11
7	11
7	11
7	11
7	11
7	11
7	11
7	11
7	11
7	11
7	11
7	11
7	11
7	11
7	11
7	11
7	11
7	11
7	11
7	11
7	11
7	11
7	11
7	11
7	11
7	11
7	11
7	11
7	11
7	11
7	11
7	11
7	11
7	11
7	11
7	11
7	11
7	11
7	11
7	11
7	11
7	11
7	11
7	11
7	11
7	11
7	11
7	11
7	12
7	12
7	12
7	12
7	12
7	12
7	12
7	12
7	12
7	12
7	13
7	13
7	13
8	13
8	13
8	13
8	13
8	13
8	13
8	13
8	13
8	13
8	13
9	13
9	14
9	14
9	14
9	14
9	14
9	14
9	14
9	14
9	14
9	14
9	14
9	14
9	14
9	14
9	14
9	14
9	14
9	14
9	14
9	14
9	14
9	14
9	14
9	14
9	14
9	14
9	14
9	14
9	14
9	14
9	14
9	14
9	14
9	14
9	14
9	14
9	14
9	14
9	14
9	14
9	14
9	14
9	14
9	14
9	14
9	14
9	14
9	14
9	14
9	14
9	14
9	14
9	14
9	14
9	14
9	14
9	14
9	14
9	14
10	14
10	14
10	14
11	14
11	14
11	14
11	14
11	14
11	14
11	14
11	14
11	14
11	14
11	14
11	14
11	14
11	14
11	14
11	14
11	14
11	14
11	14
11	14
11	14
11	14
11	14
11	14
11	14
11	14
11	14
11	14
11	14
11	14
11	14
11	14
11	14
11	14
11	14
11	14
11	14
11	14
11	14
11	14
12	14
12	15
13	15
13	15
13	15
13	15
13	15
13	15
13	15
13	15
13	15
13	15
13	15
13	15
13	15
13	15
13	15
13	15
13	15
13	15
13	15
13	15
13	15
13	15
13	15
13	15
13	15
13	15
13	15
13	15
13	15
13	15
13	15
13	15
13	15
13	15
13	15
13	15
13	15
13	15
13	15
13	15
13	15
13	15
13	15
13	15
14	15
14	16
14	16
14	16
15	16
15	16
15	16
15	16
15	16
16	16
16	16
17	16
17	16
17	16
17	16
17	16
17	16
17	16
17	16
17	16
17	16
17	16
17	16
17	16
17	16
17	16
17	16
17	16
17	16
17	16
17	16
17	16
17	16
17	16
17	16
17	16
17	16
17	16
17	16
17	16
17	16
17	16
17	16
17	16
17	16
17	16
17	16
17	16
17	16
17	16
17	16
17	16
17	16
17	16
17	16
17	16
17	17
17	17
17	17
17	17
17	17
17	17
17	17
17	17
17	17
17	17
17	17
17	17
17	17
17	17
17	17
17	17
17	18
17	18
17	18
17	18
17	18
17	18
17	18
17	18
17	18
17	18
18	18
18	18
18	18
18	18
19	18
20	19
20	20
21	20
22	20
22	20
22	20
22	20
22	20
22	20
23	20
23	20
23	20
23	20
23	20
23	20
23	20
23	20
23	20
23	20
23	20
23	20
23	20
23	20
23	20
24	20
24	20
24	20
24	20
24	20
24	20
24	20
24	20
24	20
24	20
25	20
25	21
25	21
25	21
25	21
25	21
25	21
25	21
25	21
25	21
25	21
25	21
25	21
25	21
25	21
25	21
25	21
25	21
25	21
25	21
25	21
25	21
25	21
25	21
25	21
25	21
25	21
25	22
25	22
25	22
25	22
25	22
25	22
25	22
25	22
25	22
25	22
25	22
25	22
25	22
25	22
25	22
25	22
25	22
25	22
25	22
25	22
25	22
25	22
25	23
25	23
25	23
25	23
25	23
25	23
25	23
25	23
25	23
25	23
26	23
26	23
27	23
27	23
27	23
27	23
27	23
27	23
28	23
28	23
28	23
28	23
28	23
28	23
28	23
28	23
28	23
28	23
28	23
28	23
28	23
28	23
28	23
28	23
28	23
28	23
28	24
28	24
28	24
28	24
28	24
29	24
29	25
29	25
29	25
29	26
29	26
29	26
29	26
29	26
29	26
29	26
29	26
29	26
29	26
29	26
30	26
30	26
30	26
30	26
30	26
30	26
30	26
30	26
30	26
30	26
30	26
30	26
30	26
30	26
30	26
30	26
30	26
30	26
30	26
30	26
30	26
30	26
30	26
30	26
30	26
30	26
30	26
30	26
30	26
30	26
30	26
30	26
30	26
30	26
30	26
30	26
30	26
30	26
30	26
30	26
30	26
30	26
30	26
30	26
30	26
30	26
30	26
30	26
30	26
30	26
30	26
30	26
30	26
31	26
31	27
31	27
31	27
31	27
31	27
31	27
31	27
31	27
31	27
31	27
31	27
31	27
31	27
31	27
31	27
31	27
31	27
31	27
31	27
31	27
31	27
31	27
31	27
31	27
31	27
31	27
31	27
31	27
31	27
31	27
31	27
31	27
31	27
31	27
31	27
31	27
31	27
31	27
31	27
31	27
32	27
32	28
32	28
32	28
32	28
32	28
32	28
32	28
32	28
32	28
32	28
32	28
32	28
32	28
32	28
32	28
32	28
32	28
32	28
32	28
32	28
32	28
33	28
33	28
33	28
33	28
33	28
33	28
33	28
33	28
33	28
33	28
33	28
33	28
33	28
33	28
33	28
33	28
33	28
33	28
33	28
33	28
33	28
33	28
33	28
33	28
33	28
33	28
33	28
33	28
33	28
33	28
33	28
33	28
33	28
33	29
33	29
33	29
33	29
33	29
33	29
33	29
33	29
33	29
33	29
33	29
33	29
33	29
33	29
33	29
33	29
33	29
33	29
33	29
33	29
33	29
33	29
33	29
33	29
33	29
33	29
33	29
33	29
33	29
33	29
33	29
33	29
33	29
33	29
33	29
33	29
33	29
33	29
33	29
33	29
33	29
33	29
33	29
33	29
33	29
33	29
33	29
33	29
33	29
33	29
33	29
33	29
33	29
33	29
33	29
33	29
33	29
33	29
33	29
33	29
33	29
33	29
33	29
33	29
33	29
33	29
33	29
33	29
33	29
33	29
33	29
33	29
33	29
33	29
33	29
33	29
33	29
33	29
33	29
33	29
33	29
33	29
33	29
33	29
33	29
33	29
33	29
33	29
33	29
33	29
33	29
33	29
33	29
33	29
33	29
33	29
33	29
33	29
33	29
33	29
33	29
33	29
33	29
33	29
33	29
33	29
33	29
33	29
33	29
33	29
33	29
33	29
33	29
33	30
33	31
33	31
33	31
33	31
33	31
33	31
33	31
33	31
33	31
33	31
33	31
33	31
33	31
33	31
33	31
33	31
33	31
33	31
33	31
33	31
34	31
34	32
34	32
34	32
34	32
34	32
34	32
35	32
35	33
35	33
35	33
35	33
35	33
35	33
35	33
35	33
35	33
35	33
35	33
35	33
35	33
35	33
35	33
35	33
35	33
35	33
35	33
35	33
35	33
35	33
35	33
35	33
35	33
35	33
35	33
35	33
35	33
35	33
35	33
35	33
35	33
35	33
35	33
35	33
35	33
35	33
35	33
36	33
37	34
37	34
37	34
37	34
37	34
37	34
37	34
37	34
37	34
37	34
37	34
37	34
37	34
37	34
37	34
37	34
37	34
37	34
37	34
37	34
37	34
37	34
37	34
37	34
37	34
37	34
37	34
37	34
37	34
37	34
37	34
37	34
37	34
37	34
37	34
37	34
37	34
37	34
37	34
37	34
37	34
37	34
38	34
38	35
38	35
38	35
38	35
38	35
38	35
38	35
38	35
38	35
38	35
38	35
38	35
38	35
38	35
38	35
38	35
38	35
38	35
38	35
38	35
38	35
38	35
38	35
38	35
38	35
38	35
38	35
38	35
38	35
38	35
38	35
38	35
38	35
38	35
38	35
38	35
38	35
39	35
39	35
39	35
39	35
40	35
40	36
40	36
40	36
40	36
40	36
40	37
40	37
40	37
40	37
40	37
40	37
40	37
40	37
40	37
40	37
40	37
40	37
40	37
40	37
40	37
40	37
40	37
40	37
40	37
40	37
40	37
40	37
40	37
40	37
40	37
40	37
40	37
40	37
40	37
40	37
40	37
40	37
40	37
40	37
41	37
41	38
41	38
41	38
41	38
41	38
41	38
41	38
41	38
41	38
41	38
41	38
41	38
41	38
41	38
41	38
41	38
41	38
41	38
41	38
41	38
41	38
41	38
41	38
41	38
41	38
41	38
41	38
41	38
41	38
41	38
41	38
41	38
41	38
41	38
41	38
41	38
41	38
41	38
41	38
41	38
41	38
41	38
41	38
42	38
42	38
42	38
42	38
42	38
42	38
42	38
42	39
42	39
42	39
42	39
42	39
42	39
42	39
42	39
42	39
42	39
42	39
42	39
42	39
42	39
42	39
42	39
42	39
42	39
43	39
43	40
43	40
43	40
43	40
43	40
43	40
43	40
43	40
43	40
43	40
43	40
43	40
43	40
43	40
43	40
43	40
43	40
43	40
43	40
43	40
43	40
43	40
43	40
43	40
44	40
44	41
44	41
44	41
44	41
44	41
44	41
44	41
44	41
44	41
44	41
44	41
44	41
44	42
44	42
44	42
44	42
44	42
44	42
44	42
44	42
44	42
44	42
44	42
44	42
44	42
44	42
44	42
44	42
44	42
44	42
44	42
44	42
44	42
44	42
44	42
44	42
44	42
44	42
44	42
44	42
44	42
44	42
44	43
44	43
44	43
44	43
44	43
45	43
45	44
45	44
45	44
45	44
45	44
45	44
45	44
45	44
45	44
45	44
45	44
45	44
45	44
45	44
45	44
45	44
45	44
45	44
45	44
45	44
45	44
45	44
45	44
45	44
45	44
46	44
46	44
46	44
46	44
46	44
47	44
47	44
47	44
47	44
47	44
47	44
47	44
47	44
48	44
48	45
48	45
48	45
48	45
48	45
48	45
48	45
48	45
48	45
48	45
48	45
48	45
48	45
48	45
48	45
48	45
48	45
48	45
48	45
48	45
48	45
48	45
48	45
48	45
48	45
48	45
48	45
48	45
48	45
48	45
48	45
48	45
48	45
48	45
48	45
48	45
49	45
49	46
50	46
50	47
50	47
50	47
50	47
50	47
50	47
50	47
50	47
50	47
50	47
50	47
50	47
50	47
50	47
50	47
50	47
50	47
50	47
50	47
50	47
51	47
51	47
51	47
51	47
51	47
51	47
51	47
51	47
51	47
51	47
51	47
51	47
51	47
51	47
51	47
51	47
51	47
51	47
51	47
51	47
51	47
51	47
51	47
51	47
51	47
51	47
51	47
51	47
51	47
51	47
51	47
51	47
51	47
51	47
51	47
51	47
51	47
51	47
51	47
51	47
51	47
52	47
52	48
52	48
52	48
52	48
52	48
52	48
52	48
52	48
52	48
52	48
53	48
53	48
53	48
53	48
53	48
53	48
53	49
53	49
53	49
53	49
53	49
53	49
53	49
53	49
53	49
53	49
53	49
53	49
53	49
53	49
53	49
53	49
54	49
54	50
54	50
54	50
54	50
54	50
54	50
54	50
54	50
54	50
54	50
54	50
54	50
54	50
54	50
54	50
54	50
54	50
54	50
55	50
55	51
55	51
56	51
56	52
56	52
56	52
56	52
56	52
56	52
56	52
56	52
56	52
56	52
56	52
56	52
56	52
56	52
56	52
56	52
56	52
56	52
56	52
56	52
56	52
56	52
56	52
56	52
56	52
56	52
56	52
56	52
57	52
57	53
57	53
57	53
57	53
57	53
57	53
57	53
57	53
57	53
57	53
57	53
57	53
57	53
57	53
57	53
57	53
58	53
58	53
58	53
58	53
58	53
58	54
58	54
58	54
58	54
58	54
58	54
58	54
58	54
58	55
58	55
58	55
58	55
58	55
58	55
58	55
58	55
58	55
58	55
58	55
58	55
58	55
58	55
58	55
58	55
58	55
58	55
58	55
58	55
58	55
58	55
58	55
58	55
58	55
58	55
58	55
58	56
58	56
58	56
58	56
58	56
58	56
58	56
58	56
58	56
58	56
58	56
58	56
58	56
58	56
58	56
58	56
58	56
58	56
58	56
58	57
58	57
58	57
58	57
58	57
58	57
58	57
58	57
58	57
59	57
59	58
59	58
59	58
59	58
59	58
59	58
59	58
59	58
59	58
59	58
59	59
59	59
60	59
60	60
60	60
61	60
61	61
61	61
61	61
61	61
61	61
61	61
61	61
61	61
61	61
61	61
61	61
61	61
61	61
61	61
61	61
61	61
61	61
61	61
61	61
61	61
61	61
61	61
61	61
61	61
61	61
61	61
61	61
61	61
61	61
61	61
61	61
61	61
61	61
61	61
61	61
61	61
61	61
61	61
61	61
61	61
61	61
61	61
61	61
61	61
61	61
61	61
61	61
61	61
62	61
62	61
62	61
62	61
62	61
62	61
62	61
62	61
62	61
62	61
62	61
62	61
62	61
62	61
62	61
62	61
62	61
62	61
62	61
62	61
62	61
62	61
62	61
62	61
62	61
62	61
62	61
62	61
62	61
62	61
62	61
62	61
62	61
62	61
62	61
62	61
62	61
62	61
62	61
62	61
62	61
62	61
62	61
62	61
62	61
62	61
62	61
62	61
62	61
62	61
62	61
62	61
62	61
62	61
62	61
62	61
62	61
62	61
62	61
62	61
62	61
62	61
62	61
63	61
63	61
63	61
63	61
63	61
63	61
63	61
63	61
63	61
63	61
63	61
63	61
64	61
64	62
64	62
64	62
64	62
64	62
64	62
64	62
64	62
64	62
64	62
64	62
64	62
64	62
64	62
64	62
64	62
64	62
64	62
64	62
64	62
64	62
64	62
64	62
64	62
64	62
64	62
64	62
64	62
64	62
64	62
64	62
64	63
64	63
64	63
64	63
64	63
64	63
64	63
64	63
64	63
64	64
64	64
64	64
64	64
64	64
64	64
64	64
64	64
64	64
64	64
65	64
65	65
65	65
65	65
65	65
65	65
65	65
65	65
65	65
65	65
65	65
65	65
65	65
66	65
66	65
66	65
66	65
66	65
66	65
66	65
66	65
66	65
66	65
66	65
66	65
66	65
66	65
66	65
66	65
66	65
66	65
66	65
66	65
66	65
66	65
66	65
67	65
67	65
67	65
67	65
67	65
67	65
67	65
67	65
67	65
67	65
67	65
67	65
67	65
67	65
67	65
68	65
68	65
68	65
68	65
68	65
68	65
68	65
68	65
68	65
68	65
68	65
68	65
68	65
68	65
68	65
68	65
68	65
68	65
68	65
68	65
68	65
68	65
68	65
68	65
68	65
68	65
68	65
68	65
68	65
68	65
68	65
68	65
68	65
68	65
68	65
68	65
68	65
68	65
68	65
68	65
68	65
68	65
68	65
68	65
68	65
68	65
68	65
68	65
68	65
69	65
69	65
69	65
69	65
69	65
69	65
69	65
70	65
70	66
70	66
70	66
70	66
70	66
70	66
70	66
70	66
70	66
70	66
70	66
70	66
70	66
70	66
70	66
70	66
70	66
70	66
70	66
70	66
70	66
70	66
70	66
70	66
70	66
70	66
70	66
70	66
70	66
70	66
70	66
70	66
70	66
70	66
70	66
70	66
70	66
70	66
70	66
70	66
70	66
70	66
70	66
70	66
70	66
70	66
70	66
70	66
70	66
70	66
70	66
70	66
70	66
70	66
70	66
70	66
70	66
70	66
70	66
70	66
70	66
70	66
70	66
70	66
70	66
70	66
70	66
70	66
71	66
71	66
71	66
71	66
71	66
71	66
71	66
71	66
71	66
71	66
71	66
71	66
71	66
71	66
71	66
71	66
71	66
71	66
71	66
71	66
71	66
71	66
71	66
71	66
71	66
71	66
71	66
71	66
71	66
71	66
71	66
71	66
71	66
71	66
71	66
71	66
71	66
71	66
71	66
71	66
71	66
71	66
71	66
71	66
71	66
71	66
71	66
71	66
71	66
71	66
71	66
71	66
71	66
71	66
71	66
71	66
71	66
71	66
71	66
71	66
71	66
71	66
71	66
71	66
71	66
71	66
71	66
71	66
71	66
71	66
71	66
71	66
71	66
71	66
71	66
71	66
71	66
71	66
71	66
71	66
71	66
71	66
71	66
71	66
71	66
71	66
71	66
71	66
71	66
71	66
71	66
71	66
71	66
71	66
71	66
71	66
71	66
71	66
71	66
71	66
71	66
71	66
71	66
71	66
71	66
71	66
71	66
71	66
71	66
71	66
71	66
71	66
71	66
71	66
71	66
71	66
71	66
71	66
71	66
71	66
71	66
71	66
71	66
71	66
71	66
71	66
71	66
71	66
71	66
71	66
71	66
71	66
71	66
71	66
71	66
71	66
71	66
71	66
71	66
71	66
71	66
71	66
71	66
71	66
71	66
71	66
71	66
72	66
72	67
72	67
72	67
72	67
72	67
72	67
72	67
72	67
72	67
72	67
72	67
72	67
72	67
72	67
72	67
72	67
72	67
72	67
72	67
72	67
72	67
72	67
72	67
72	67
72	67
72	67
72	67
72	67
72	67
72	67
72	67
72	67
72	67
72	67
72	67
72	67
72	67
72	67
72	67
72	67
72	67
72	67
72	67
72	67
72	67
72	67
72	67
72	67
72	67
72	67
72	67
72	67
72	67
72	67
72	67
72	67
72	67
72	67
72	67
72	67
72	67
72	67
72	67
72	67
72	67
72	67
72	67
72	67
72	67
72	67
72	67
72	67
72	67
72	67
72	67
72	67
72	67
72	67
72	67
72	67
72	67
72	67
72	67
72	67
72	67
72	67
72	67
72	67
72	67
72	67
72	67
72	67
72	67
73	67
73	67
73	67
73	67
73	67
73	67
73	67
73	67
73	67
73	67
73	67
73	67
73	67
73	67
73	67
73	67
73	67
73	67
73	67
74	67
74	68
74	68
74	68
74	68
74	68
74	68
74	68
74	68
74	68
74	68
74	68
74	68
74	68
74	69
74	69
74	69
74	69
74	69
75	69
75	70
75	70
75	70
75	70
75	70
75	70
75	70
75	70
75	70
75	70
75	70
75	70
75	70
75	70
75	70
75	70
75	70
75	70
75	70
75	70
75	70
75	70
75	70
75	70
75	70
75	70
76	70
76	70
76	70
76	70
76	70
77	70
77	70
77	70
77	70
77	70
77	70
77	70
77	70
77	70
77	70
77	70
77	70
77	70
77	70
77	70
77	70
77	70
77	70
77	70
77	70
77	70
77	70
77	70
77	70
77	70
77	70
77	70
77	70
77	70
77	70
77	70
77	70
77	70
77	70
77	70
77	70
77	70
77	70
77	70
77	70
77	70
77	70
77	70
77	70
77	70
77	70
77	70
77	70
77	70
77	70
77	70
77	70
77	70
77	70
77	70
77	70
77	70
77	70
77	70
78	70
78	71
79	71
79	71
79	71
79	71
79	71
79	71
79	71
79	71
79	71
79	71
79	71
79	71
79	71
80	71
80	72
80	72
80	72
80	72
80	72
80	72
80	72
80	72
81	72
81	73
81	73
81	73
81	73
82	73
82	73
82	73
82	73
82	73
82	73
82	73
83	73
83	73
83	73
83	73
83	73
83	74
83	74
83	74
83	74
83	74
83	74
83	74
83	74
83	74
83	74
83	74
83	74
83	74
83	74
83	74
83	74
83	74
83	74
83	74
83	74
83	74
83	74
83	74
83	74
83	74
83	74
83	74
83	74
83	74
83	74
83	74
83	74
83	74
83	74
83	74
83	74
83	74
83	74
83	74
83	74
83	74
83	74
83	74
83	74
83	74
83	74
83	74
83	74
83	74
83	74
83	74
83	74
84	74
84	75
84	75
84	75
84	75
84	75
84	75
84	75
84	75
84	75
84	75
84	75
84	75
84	75
84	75
84	75
84	75
84	75
84	75
84	75
84	75
84	75
84	75
84	75
85	75
85	75
85	75
85	75
85	75
85	75
85	75
85	75
85	75
85	75
85	75
85	75
85	75
85	75
85	75
85	75
85	75
85	75
85	75
85	75
85	75
85	75
85	75
85	75
85	75
86	75
86	76
86	76
86	76
86	76
86	76
86	76
86	76
86	76
86	76
86	76
86	76
86	76
86	76
86	76
86	76
86	76
86	76
86	76
86	76
86	76
86	76
86	76
86	76
86	76
86	76
86	77
86	77
86	77
86	77
86	77
87	77
87	77
87	77
87	77
87	77
87	77
87	77
87	77
87	77
87	77
87	77
87	77
87	77
87	77
87	77
87	77
87	77
87	77
87	77
87	77
87	77
87	77
87	77
87	77
87	77
87	77
87	77
87	77
87	77
87	77
87	77
87	77
87	77
87	77
87	77
87	77
87	77
87	77
87	77
87	77
87	77
87	77
87	77
87	77
87	77
87	77
87	77
87	77
87	77
87	77
87	77
87	77
87	77
87	77
87	77
87	77
87	77
87	77
87	77
87	77
87	77
87	77
87	77
87	77
87	77
87	77
87	77
87	77
87	77
87	77
87	77
87	77
87	77
87	77
87	77
87	77
87	77
87	77
87	77
87	77
87	77
87	77
87	77
87	77
87	77
87	77
87	77
87	77
87	77
87	77
87	77
87	77
87	77
87	77
88	77
88	78
88	78
88	78
88	78
88	78
89	78
89	78
89	78
89	78
89	78
89	78
89	78
89	78
89	78
89	78
89	78
89	78
89	78
89	78
89	78
89	78
89	78
89	78
89	78
89	78
89	78
89	78
89	78
89	78
89	78
89	78
89	78
89	78
89	78
89	78
89	78
89	78
89	78
89	78
89	78
89	78
89	78
89	78
89	78
89	78
89	78
89	78
89	78
89	78
89	78
89	78
89	78
89	78
89	78
89	78
89	78
89	78
89	78
89	78
89	78
89	78
89	78
89	78
89	78
89	78
89	78
89	78
89	78
89	78
89	78
89	78
89	78
89	78
89	78
89	78
89	78
89	78
89	78
89	78
89	78
89	78
89	78
89	78
89	78
89	78
89	78
89	78
89	78
89	79
89	79
89	79
89	79
89	79
89	79
89	79
89	79
89	79
89	79
89	79
89	79
89	79
89	79
89	79
89	79
89	79
89	79
89	79
89	79
89	79
89	79
89	79
89	79
89	79
89	79
89	79
89	79
89	79
89	79
89	79
89	79
89	79
89	79
90	79
90	80
90	80
90	80
90	80
90	80
90	80
90	80
90	80
90	80
90	80
90	80
90	80
90	80
90	80
90	80
90	80
90	80
90	80
90	80
90	80
90	80
90	80
90	80
90	80
90	80
90	80
90	80
90	80
90	80
90	80
90	80
90	80
90	80
90	80
90	80
90	80
90	80
90	80
90	80
90	80
90	80
90	80
90	80
90	80
90	80
90	80
90	80
90	80
90	80
90	80
90	80
90	80
90	80
90	80
90	80
90	80
90	80
90	80
90	80
90	80
90	80
90	81
90	81
90	81
90	81
90	81
90	81
90	81
90	81
90	81
90	81
91	81
91	82
91	82
91	82
91	82
91	82
91	82
91	82
91	82
91	82
91	82
91	82
91	82
91	83
91	83
91	83
91	83
91	83
91	83
91	83
91	83
91	83
91	83
91	83
91	83
91	83
91	83
91	83
91	83
91	83
91	83
91	83
91	83
91	83
91	83
91	83
92	83
92	83
92	83
92	83
92	83
92	83
92	83
92	83
92	83
92	83
92	83
92	83
92	83
92	83
92	83
92	83
92	83
92	83
92	83
92	83
92	83
92	83
92	83
92	84
92	84
92	84
92	84
92	84
92	84
92	84
93	84
93	85
93	85
93	85
93	85
93	85
93	85
93	85
93	85
93	85
93	85
93	85
93	85
93	85
93	85
93	85
93	85
93	85
93	85
93	85
93	85
93	85
93	86
93	86
93	86
93	86
93	86
93	86
93	86
93	87
93	87
93	87
93	87
93	87
93	87
93	87
93	87
93	87
93	87
93	87
93	87
93	87
93	87
93	87
93	87
93	87
94	87
94	87
94	87
94	87
94	87
94	87
94	87
94	87
94	87
94	87
94	87
94	87
94	87
94	87
94	87
94	87
94	87
94	87
94	87
94	87
94	87
94	87
94	87
94	87
94	87
94	88
94	88
94	88
94	88
94	88
94	88
94	88
94	88
94	88
94	88
94	88
94	88
94	88
94	88
94	88
94	88
94	88
94	88
94	88
94	88
94	88
94	88
94	88
94	88
94	88
94	88
94	88
94	88
94	88
94	88
94	88
94	88
94	88
94	88
94	88
94	88
94	88
94	88
94	88
94	88
94	88
94	88
94	88
94	88
94	88
94	88
94	88
94	88
94	88
94	88
94	88
94	88
94	88
94	88
94	88
94	88
94	88
94	88
94	88
94	88
94	88
94	88
94	88
94	88
94	88
94	88
94	88
94	88
94	88
95	88
96	89
96	90
96	90
96	90
96	90
96	90
96	90
96	90
96	90
96	90
96	90
96	90
96	90
96	90
96	90
96	90
96	90
96	90
96	90
96	90
96	90
96	90
96	90
96	90
96	90
96	90
96	90
96	90
96	90
96	90
97	90
97	90
98	90
98	90
98	90
98	90
98	90
98	90
98	90
98	90
98	90
98	90
98	90
98	90
98	90
98	90
98	90
98	90
98	90
98	90
98	90
98	90
98	90
98	90
98	90
98	90
98	90
98	90
98	90
98	90
98	90
98	90
98	90
98	90
98	90
98	90
98	91
98	91
98	91
98	91
98	91
98	91
98	91
98	91
98	91
98	91
98	91
98	91
98	91
98	91
98	91
98	91
98	91
98	91
98	91
98	91
98	91
98	91
98	91
98	91
99	91
99	91
99	91
99	91
99	91
99	91
99	91
99	91
99	91
99	91
99	91
99	91
99	91
99	91
99	91
99	91
99	91
100	92
100	92
100	92
100	92
100	92
100	92
100	92
100	92
100	92
100	92
100	92
100	92
100	92
100	92
100	92
100	92
100	92
100	92
100	92
100	92
100	92
100	92
100	92
100	92
100	92
100	92
100	92
100	92
100	92
100	92
100	92
100	92
100	92
100	92
100	92
100	92
100	92
100	92
100	92
100	92
100	92
100	92
100	92
100	92
100	92
100	92
100	92
100	92
100	92
100	92
100	92
100	92
100	92
100	92
100	92
100	92
100	92
100	92
100	92
100	92
100	92
100	92
100	92
100	92
100	92
100	92
100	92
100	92
100	92
100	92
100	92
100	92
100	92
100	92
100	92
100	92
100	92
100	92
100	92
100	92
100	92
100	92
100	92
100	92
100	92
100	92
100	92
100	92
100	92
100	92
100	92
100	92
100	92
100	92
100	92
100	92
100	92
100	92
100	92
100	92
100	92
100	92
100	92
100	92
100	92
100	92
101	92
101	93
101	93
101	93
101	93
101	93
101	93
101	93
101	93
101	93
101	93
101	93
101	93
101	93
101	93
101	93
101	93
101	93
101	93
102	93
102	94
102	94
102	94
102	94
102	94
102	94
103	94
103	94
103	94
103	94
103	94
103	94
103	94
103	94
103	94
103	94
103	94
103	94
103	94
103	94
103	94
103	94
103	94
103	94
103	94
103	94
103	94
103	94
103	94
103	94
103	94
103	94
103	94
103	94
103	94
103	94
103	94
103	94
103	94
103	94
103	94
103	94
103	94
103	94
103	94
103	94
103	94
103	94
103	94
103	94
103	94
103	94
103	94
103	94
104	94
104	94
104	94
104	94
105	94
105	94
105	94
105	94
105	94
105	94
105	94
105	94
105	94
105	94
105	94
105	94
105	94
105	94
105	94
105	94
105	94
105	94
105	94
105	94
105	94
105	94
105	94
105	94
105	94
105	94
105	94
105	94
105	94
105	94
105	94
105	95
105	95
105	95
105	95
105	95
105	95
105	95
105	95
105	95
105	95
105	95
105	95
105	95
105	95
105	95
105	95
105	95
105	95
105	95
105	95
105	95
105	95
105	95
105	95
105	95
106	95
106	96
106	96
106	96
106	96
106	96
106	96
106	97
106	97
106	97
106	97
106	97
107	97
107	97
107	97
107	97
107	97
107	97
107	97
107	97
107	97
107	97
107	98
107	98
107	98
107	98
107	98
107	98
107	98
107	98
107	98
107	98
107	98
107	98
107	98
107	98
107	98
107	98
107	98
107	98
107	98
107	98
107	98
107	98
107	98
107	98
107	98
107	98
107	98
107	98
107	98
107	98
107	98
107	98
107	98
107	98
107	98
107	98
107	98
107	98
107	98
107	99
107	99
108	99
108	100
108	100
108	100
108	100
108	100
108	100
108	100
108	100
108	100
108	100
108	100
108	100
108	100
108	100
108	100
108	100
108	100
108	100
108	100
108	100
108	100
108	100
108	100
108	100
108	100
108	100
108	100
108	100
108	100
108	100
108	100
108	100
108	100
108	100
108	100
108	100
108	100
108	100
108	100
108	100
108	100
108	100
108	100
108	100
108	100
108	100
109	100
109	100
109	100
109	100
109	100
109	100
109	100
109	100
109	100
109	100
109	100
109	100
109	100
109	100
109	100
109	100
109	100
109	100
109	100
109	100
109	100
109	100
109	100
109	100
109	100
109	100
109	100
110	100
111	100
111	100
111	100
111	100
111	100
111	100
111	100
111	100
111	100
111	100
111	100
111	100
111	100
112	100
112	101
112	101
112	101
112	101
112	101
112	101
112	101
112	101
112	101
112	101
112	101
112	101
112	101
112	101
112	101
112	101
112	101
112	101
112	101
112	101
112	101
113	101
113	102
113	102
113	102
113	102
113	102
113	102
113	102
113	102
113	102
113	102
113	102
113	102
113	102
113	102
113	102
113	102
113	102
113	102
113	102
113	102
113	102
113	102
114	102
114	103
114	103
114	103
114	103
114	103
114	103
114	103
114	103
114	103
114	103
114	103
114	103
114	103
114	103
114	103
114	103
114	103
114	103
114	103
114	103
114	103
114	103
114	103
114	103
114	103
114	103
114	103
114	103
114	103
114	103
114	103
114	103
114	103
114	103
114	103
114	103
114	103
114	103
114	103
114	103
114	103
114	103
114	103
114	103
114	103
114	103
114	103
114	103
114	103
114	103
114	103
115	103
115	104
115	104
115	104
115	104
115	104
115	104
115	104
115	104
115	104
115	104
115	104
115	104
116	104
116	105
116	105
116	105
116	105
116	105
116	105
116	105
116	105
116	105
116	105
116	105
116	105
116	105
116	105
116	105
116	105
116	105
116	105
116	105
116	105
116	105
116	105
116	105
116	105
116	105
116	105
116	105
116	105
116	105
116	105
116	105
116	105
116	105
116	105
116	105
117	105
117	105
117	105
117	105
117	105
117	105
117	105
117	105
117	105
118	105
118	105
118	105
118	105
118	105
118	105
118	105
118	105
118	105
118	105
118	105
118	105
118	105
118	105
118	105
118	105
118	105
119	105
120	106
120	106
120	106
120	106
120	106
120	106
120	106
120	106
120	106
120	106
120	106
120	106
120	106
120	106
120	106
120	106
120	106
120	106
120	106
120	106
120	106
120	106
121	106
121	106
121	106
121	106
121	106
121	106
121	106
121	106
121	106
121	106
121	106
121	107
121	107
121	107
121	107
121	107
121	107
121	107
121	107
121	107
121	107
121	107
121	107
121	108
121	108
121	108
121	108
121	108
121	108
121	108
121	108
121	108
121	108
121	108
121	108
121	108
121	108
121	108
121	108
121	108
121	108
121	108
121	108
121	108
121	108
121	109
121	109
121	109
121	109
121	109
121	109
121	109
121	109
121	109
121	109
121	109
121	109
121	109
121	109
121	109
121	109
121	109
121	109
121	109
121	109
121	109
121	109
121	109
121	109
121	109
121	109
121	109
121	109
121	109
121	109
121	109
121	109
121	109
121	109
121	109
121	109
121	109
121	109
121	109
121	109
121	109
121	109
121	109
121	109
121	109
121	109
121	109
121	109
121	109
121	109
121	109
121	109
121	109
121	109
121	109
121	109
121	109
121	109
121	109
121	109
121	109
121	109
121	109
121	109
121	109
121	109
121	109
121	109
121	109
121	109
121	109
121	109
121	109
121	109
121	109
121	109
121	109
121	109
121	109
121	109
121	109
121	109
121	109
121	109
121	109
121	109
121	109
121	109
121	109
121	109
121	109
121	109
121	109
121	109
121	109
121	109
121	109
121	110
121	110
121	110
121	110
121	110
121	110
121	110
121	110
121	110
121	110
121	110
121	110
121	110
121	110
121	110
121	110
121	110
121	110
121	110
121	110
121	110
121	110
122	110
123	110
123	111
123	111
123	111
123	111
123	111
123	111
123	111
123	111
123	111
123	111
123	111
123	111
123	111
123	111
123	111
123	111
123	111
123	111
123	111
123	111
123	111
123	111
123	111
123	111
123	111
123	111
123	111
124	111
124	112
124	112
124	112
124	112
124	112
124	112
124	112
124	112
124	112
124	112
124	112
124	112
124	112
124	112
124	112
124	112
124	112
124	112
124	112
124	112
124	112
124	112
124	112
124	112
124	112
124	112
124	112
124	112
124	112
124	113
124	113
124	113
124	113
124	113
124	113
124	113
124	113
124	114
125	114
125	114
125	114
125	114
125	114
125	114
125	114
125	114
125	114
125	114
125	114
125	114
125	114
125	114
125	114
125	114
125	114
125	114
125	114
125	114
125	114
125	114
125	114
125	114
125	114
125	114
125	114
125	114
125	114
125	114
125	114
125	114
125	114
125	114
125	114
125	114
125	114
125	114
125	114
125	114
125	114
125	114
125	114
125	114
125	114
125	114
125	114
125	114
126	114
126	115
126	115
126	115
126	115
126	115
126	115
126	115
126	115
126	115
126	115
126	115
126	115
126	115
126	115
126	115
126	115
126	115
126	115
126	115
126	115
126	115
126	115
126	115
126	115
126	115
126	115
126	115
126	115
126	115
126	115
126	115
126	115
126	115
126	116
126	116
126	116
126	116
126	116
126	116
126	116
126	116
126	116
126	116
126	116
126	116
126	116
126	116
126	116
126	116
126	116
126	116
126	116
126	116
126	116
126	116
126	116
126	116
126	116
126	116
126	116
126	116
126	116
126	116
126	116
126	116
126	116
126	116
126	116
126	116
126	116
126	116
126	116
126	116
126	116
126	116
126	116
126	116
126	116
126	116
126	117
126	117
126	117
126	117
126	117
126	117
126	117
126	117
126	117
126	117
126	117
126	117
126	117
126	117
126	117
126	117
126	117
127	117
127	118
127	118
127	118
127	118
127	118
127	118
127	118
127	118
127	118
127	118
127	118
127	118
127	118
127	118
127	118
128	118
128	119
128	119
128	119
128	119
128	119
128	119
128	119
128	119
128	119
128	119
128	119
128	119
128	119
128	119
128	119
128	119
128	119
128	119
128	119
128	119
128	119
128	119
128	119
128	119
128	119
128	119
128	119
128	119
128	119
128	119
128	119
128	119
128	119
128	119
128	119
128	119
128	119
128	119
128	119
128	119
128	119
128	119
128	119
128	119
128	119
128	119
128	119
128	120
128	120
128	120
128	120
129	120
129	121
129	121
129	121
129	121
129	121
129	121
129	121
129	121
129	121
129	121
129	121
129	121
129	121
129	121
129	121
129	121
130	121
130	121
130	121
130	121
130	121
130	121
130	121
130	121
130	121
130	121
130	121
130	121
130	121
130	121
131	121
131	121
131	121
131	121
131	121
131	121
131	122
131	122
131	122
131	122
131	122
131	123
131	123
131	123
131	123
131	123
131	123
131	123
131	123
131	123
131	123
131	123
131	123
131	123
131	123
131	123
131	123
131	123
131	123
131	123
131	123
131	123
132	123
132	124
132	124
132	124
132	124
132	124
132	124
132	124
132	124
132	124
132	124
132	124
132	124
132	124
132	124
132	124
132	124
132	124
132	124
132	124
132	124
133	124
133	124
133	124
133	124
133	124
133	124
133	124
133	124
133	124
133	124
133	124
133	124
133	124
133	124
133	124
133	124
134	124
134	124
134	124
134	124
134	124
134	124
134	124
134	124
134	124
134	124
134	124
134	124
134	124
134	124
134	124
134	124
134	124
134	124
134	124
134	124
134	124
134	124
134	124
134	124
134	124
134	124
134	124
134	124
134	124
134	124
134	124
134	124
134	124
134	124
134	124
134	124
134	124
134	124
134	124
134	124
134	124
134	124
134	124
134	124
134	124
134	124
134	124
134	124
134	124
134	124
134	124
134	124
134	124
134	124
134	124
134	124
134	124
134	124
134	124
134	124
134	124
134	124
134	124
134	124
135	124
135	124
135	124
135	124
135	124
135	124
135	124
135	125
135	125
135	125
135	125
135	125
135	125
135	125
135	125
135	125
135	125
135	125
135	125
135	125
135	125
135	125
135	125
135	125
135	125
135	125
135	125
135	125
135	125
135	125
135	125
135	125
136	125
136	125
136	125
136	125
136	125
136	125
136	125
136	125
136	126
136	126
136	126
136	126
136	126
136	126
136	126
136	126
136	126
136	126
136	126
136	126
136	126
136	126
136	126
136	126
136	126
136	126
136	126
136	126
136	126
136	126
136	126
136	126
136	126
136	126
136	126
136	126
136	126
136	126
136	126
136	126
136	126
137	126
137	127
137	127
137	127
137	127
137	127
137	127
137	127
137	127
137	127
137	127
137	127
138	127
138	128
138	128
138	128
138	128
138	128
138	128
138	128
138	128
138	128
138	128
138	128
138	128
138	128
138	128
138	128
138	128
138	128
138	128
138	128
138	128
138	128
138	128
138	128
138	128
138	128
138	128
138	128
138	128
138	128
138	128
138	128
138	128
138	128
138	128
138	129
138	129
138	129
138	129
138	129
138	129
138	129
138	129
138	130
138	130
138	130
138	130
138	130
138	130
138	130
138	130
138	130
138	130
138	130
138	130
138	130
139	130
139	131
139	131
139	131
139	131
139	131
139	131
139	131
139	131
139	131
139	131
139	131
140	131
140	132
141	132
141	132
141	132
141	132
141	132
141	132
141	132
141	132
141	132
141	132
141	132
141	132
141	132
141	132
142	132
142	132
142	132
142	132
142	132
142	132
142	132
142	132
142	132
142	132
142	132
142	132
142	132
142	132
142	132
142	132
142	132
142	132
142	132
142	132
142	132
142	132
142	132
142	132
142	132
142	132
142	132
142	132
142	132
142	132
142	132
142	132
142	133
142	133
142	133
142	133
142	133
142	133
142	133
142	133
142	133
142	133
142	133
142	133
142	133
142	133
142	133
142	133
142	133
142	133
142	133
142	133
142	133
142	133
142	133
142	133
142	133
142	133
142	133
142	133
142	133
142	133
142	133
142	133
142	133
142	133
142	133
142	133
142	133
142	133
142	133
142	133
142	133
142	133
142	133
142	133
142	133
142	133
142	133
142	133
142	133
142	133
142	133
142	133
142	133
143	133
143	133
143	133
143	133
143	133
143	133
143	133
143	133
143	133
143	133
143	133
143	133
143	133
143	133
143	133
143	133
143	133
143	133
143	133
143	133
143	133
143	133
143	133
143	133
143	133
143	133
143	133
143	133
143	133
143	133
143	133
143	133
143	133
143	133
143	133
143	133
143	133
143	133
143	133
143	133
143	133
143	133
143	133
143	133
143	133
143	133
143	133
143	133
143	133
143	133
143	133
143	133
143	133
143	133
143	133
143	133
144	133
144	133
144	133
144	133
144	133
144	133
144	133
144	133
144	133
144	133
144	133
144	133
144	133
144	133
144	133
144	133
144	133
144	133
144	133
144	133
144	134
144	134
144	134
144	134
145	134
145	134
145	134
145	134
145	134
145	134
145	134
145	134
145	134
145	134
145	134
145	134
145	134
145	134
145	134
145	134
145	134
145	134
145	134
145	134
145	134
145	134
145	134
145	134
145	134
145	134
145	134
145	134
145	134
145	134
145	134
145	134
145	134
145	134
145	134
145	134
145	134
145	134
145	134
145	134
145	134
145	134
145	134
145	134
145	134
145	134
145	134
145	134
146	134
146	135
146	135
146	135
146	135
146	135
146	135
146	135
147	135
147	135
147	135
148	135
148	136
148	136
148	136
148	136
148	136
148	136
149	136
149	137
149	137
149	137
149	137
149	137
149	137
149	137
149	137
149	137
149	137
149	137
149	137
149	137
149	137
149	137
149	137
149	137
149	137
149	137
149	137
149	137
149	137
149	137
149	137
149	137
149	137
149	137
149	137
149	137
149	137
149	137
149	137
149	137
149	137
149	137
149	137
149	137
149	137
149	137
149	137
149	137
149	137
149	137
149	137
149	137
149	137
149	137
149	137
149	137
149	137
149	137
149	137
149	137
149	137
149	137
149	137
149	137
149	137
149	137
149	137
149	137
149	137
149	137
149	137
149	137
149	137
149	137
149	137
149	137
149	137
149	137
149	137
149	137
149	137
149	137
149	137
149	137
149	137
149	137
149	137
149	137
149	137
149	137
149	137
149	137
149	137
149	137
149	137
149	137
149	137
149	137
149	137
150	137
150	137
150	137
150	137
150	137
150	137
150	137
150	137
150	137
150	137
150	137
150	137
150	137
150	137
150	137
150	137
150	137
150	137
150	137
150	137
150	137
150	137
150	137
150	137
150	137
150	137
150	137
150	137
150	137
150	137
150	137
151	137
151	137
151	137
151	137
152	137
152	137
152	137
153	137
153	137
153	137
153	137
153	137
153	137
153	137
153	137
153	137
153	137
153	137
153	137
153	137
153	137
153	137
153	137
153	137
153	137
153	137
153	137
153	137
153	137
153	137
153	137
153	137
153	137
153	137
153	137
153	137
153	137
153	137
153	137
153	137
153	137
153	137
153	137
153	137
153	137
153	137
153	137
153	137
153	137
153	137
153	137
153	137
153	137
153	137
153	137
153	137
153	137
153	137
153	137
153	137
153	137
153	137
153	137
153	137
153	137
153	137
153	137
153	137
153	137
153	137
154	137
154	137
154	137
154	137
154	137
154	137
154	137
154	137
154	137
154	137
154	137
154	137
154	137
154	137
154	137
154	137
154	137
154	137
154	137
154	137
154	137
154	137
154	137
154	137
154	137
154	137
154	137
154	137
154	137
154	137
154	137
154	137
154	137
154	137
154	137
154	137
154	137
155	137
155	138
155	138
155	138
156	138
156	138
156	138
156	138
156	138
156	138
156	138
156	138
156	138
156	138
156	138
156	138
156	138
156	138
156	138
156	138
156	138
156	138
156	138
156	138
156	138
156	138
156	138
156	138
156	138
