-1	0
-1	0
-1	0
-1	0
-1	0
-1	0
-1	0
-1	0
-1	0
-1	0
-1	0
-1	0
-1	0
-1	0
-1	0
-1	0
-1	0
-1	0
-1	0
-1	0
-1	0
-1	0
-1	0
-1	0
-1	0
-1	0
-1	0
-1	0
-1	0
-1	0
-1	0
-1	0
-1	0
-1	0
-1	0
-1	0
-1	0
-1	0
-1	0
-1	0
-1	0
-1	0
-1	0
-1	0
-1	0
-1	0
-1	0
-1	0
-1	0
-1	0
-1	0
-1	0
-1	0
-1	0
-1	0
-1	0
-1	0
-1	0
-1	0
-1	0
-1	0
-1	0
-1	0
-1	0
-1	0
-1	0
-1	0
-1	0
-1	0
-1	0
-1	0
-1	0
-1	0
-1	0
-1	0
-1	0
-1	0
-1	0
-1	0
-1	0
-1	0
-1	0
-1	0
-1	0
-1	0
-1	0
-1	0
-1	0
-1	0
-1	0
-1	0
-1	0
-1	0
-1	0
-1	0
-1	0
-1	0
-1	0
-1	0
-1	0
-1	0
-1	0
-1	0
-1	0
-1	0
-1	0
-1	0
-1	0
-1	0
-1	0
-1	0
-1	0
-1	0
-1	0
-1	0
-1	0
-1	0
-1	0
-1	0
-1	0
-1	0
-1	0
-1	0
-1	0
-1	0
-1	0
-1	0
-1	0
-1	0
-1	0
-1	0
-1	0
-1	0
-1	0
-1	0
-1	0
-1	0
-1	0
-1	0
-1	0
-1	0
-1	0
-1	0
-1	0
-1	0
-1	0
-1	0
-1	0
-1	0
-1	0
-1	0
-1	0
-1	0
-1	0
-1	0
-1	0
-1	0
-1	0
-1	0
-1	0
-1	0
-1	0
-1	0
-1	0
-1	0
-1	0
-1	0
-1	0
-1	0
-1	0
-1	0
-1	0
-1	0
-1	0
-1	0
-1	0
-1	0
-1	0
-1	0
-1	0
-1	0
-1	0
-1	0
-1	0
-1	0
-1	0
-1	0
-1	0
-1	0
-1	0
-1	0
-1	0
-1	0
-1	0
0	0
0	0
0	0
0	0
0	0
0	0
0	0
0	0
0	0
0	0
0	0
0	0
0	0
0	0
0	0
0	0
0	0
0	0
0	0
0	0
0	0
0	0
0	0
0	0
0	0
0	0
0	0
0	0
0	0
0	0
0	0
0	0
0	0
0	0
0	0
0	0
0	0
0	0
0	0
0	0
0	0
0	0
0	0
0	0
0	0
0	0
0	0
0	0
0	0
0	0
0	0
0	0
0	0
0	0
0	0
0	0
0	0
0	0
0	0
0	0
0	0
0	0
0	0
0	0
0	0
0	0
0	0
0	0
0	0
0	0
0	0
0	0
0	0
0	0
0	0
0	0
0	0
0	0
0	0
0	0
0	0
0	0
0	0
0	0
0	0
0	1
0	1
0	1
0	1
0	1
0	1
0	1
0	1
0	1
0	1
0	1
0	1
0	1
0	1
0	1
1	1
1	2
1	2
1	2
1	2
1	2
1	2
1	2
1	2
1	2
1	2
1	2
1	2
1	2
1	2
1	2
1	2
1	2
1	2
1	2
1	2
1	2
1	2
1	2
1	2
1	2
1	2
1	2
1	2
2	2
2	2
2	2
2	2
2	2
2	2
2	2
2	2
2	2
2	2
2	2
2	2
2	2
2	2
2	2
2	2
2	2
2	2
2	2
2	2
2	2
2	2
2	2
2	2
2	2
2	2
2	2
2	2
2	2
2	2
2	2
2	2
2	2
2	2
2	2
2	2
2	2
2	2
2	3
2	3
2	4
2	4
2	4
2	4
2	4
2	4
2	4
2	4
2	4
2	4
2	4
2	4
2	4
2	4
2	4
2	4
2	4
2	4
2	4
2	4
3	4
3	4
3	4
3	4
3	4
3	4
3	4
3	4
3	4
3	4
3	4
3	4
3	4
3	4
3	4
3	4
3	4
3	4
3	4
3	4
3	4
3	4
3	4
3	4
3	4
3	4
3	4
3	4
3	4
3	4
3	4
3	4
3	4
3	4
3	4
3	4
3	4
3	4
3	4
3	4
3	4
3	4
3	4
3	4
3	4
3	4
3	4
3	4
3	4
3	4
3	4
3	4
3	4
3	4
3	4
3	4
3	4
3	4
3	4
3	4
3	4
3	4
3	4
3	4
3	4
3	4
3	4
3	4
3	4
3	4
3	4
3	4
3	4
3	4
3	4
3	4
3	4
3	4
3	4
3	4
3	4
3	4
3	4
3	4
3	4
3	4
3	4
3	4
3	4
3	4
3	4
3	4
3	4
3	4
3	4
3	4
3	4
3	4
3	4
3	4
3	4
3	4
3	4
3	4
3	4
3	4
3	4
3	4
3	4
3	4
3	4
3	4
3	4
3	4
3	4
3	4
3	4
3	4
3	4
3	4
3	4
3	4
3	4
3	4
3	4
3	4
3	4
3	4
3	4
3	4
3	4
3	4
3	4
3	4
3	4
3	4
3	4
3	4
3	4
3	4
3	4
3	4
3	4
3	4
3	4
3	4
3	4
3	4
3	4
3	4
3	4
3	4
3	4
3	4
3	4
3	4
3	4
3	4
3	4
3	4
3	4
3	4
3	4
3	4
3	4
3	4
3	4
3	4
3	4
3	4
3	4
3	4
3	4
3	4
3	4
3	4
3	4
3	4
3	4
3	4
3	4
3	4
3	4
3	4
3	4
3	4
3	4
3	4
3	4
3	4
3	4
3	4
3	4
3	4
3	4
3	4
3	4
3	4
3	4
3	4
3	4
3	4
3	4
3	4
3	4
3	4
3	4
3	4
3	4
3	4
3	4
3	4
3	4
3	4
3	4
3	4
3	4
3	4
3	4
3	4
3	4
3	4
3	4
3	4
3	4
3	4
3	4
3	4
3	4
3	4
3	4
3	4
3	4
3	4
3	4
3	4
3	4
3	4
3	4
3	4
3	4
3	4
3	4
3	4
4	4
4	4
4	4
4	4
4	4
4	4
4	4
4	4
4	4
4	4
4	4
4	4
4	4
4	4
4	4
4	5
4	5
4	5
4	5
4	5
4	5
4	5
4	5
4	5
4	5
4	5
4	5
4	5
4	5
4	5
4	5
4	5
4	5
4	5
4	5
4	5
4	5
4	5
4	5
4	5
4	6
4	6
4	6
5	6
5	6
5	6
5	6
5	6
5	6
5	6
5	6
5	6
5	6
5	6
5	6
5	6
5	6
5	6
5	6
5	6
5	6
5	6
5	6
5	6
5	6
5	6
5	6
5	6
5	6
5	6
5	6
5	6
5	6
5	6
5	6
5	7
5	7
5	7
5	7
5	7
5	7
5	7
5	7
5	7
5	7
5	7
5	7
5	7
5	7
5	7
5	7
5	7
5	7
5	7
5	7
5	7
5	7
5	7
5	7
5	7
5	7
5	7
5	7
5	7
5	7
5	7
5	7
5	7
5	7
5	7
5	7
5	7
5	7
5	7
5	7
5	7
5	7
5	7
5	7
5	7
5	7
5	7
5	7
5	7
5	7
5	7
5	7
5	7
5	7
5	7
5	7
5	7
5	7
5	7
5	7
6	7
6	7
7	7
7	8
7	8
7	8
7	8
7	8
7	8
7	8
7	8
7	8
7	8
7	8
7	8
7	8
7	8
7	8
7	8
7	8
7	8
7	8
7	8
7	8
7	8
7	8
7	8
7	8
7	8
7	8
7	8
7	8
7	8
8	8
8	8
8	8
9	8
9	9
9	9
9	9
9	9
9	9
9	9
9	9
9	9
9	9
9	9
9	9
9	9
9	9
9	9
9	9
9	9
9	9
9	9
9	9
9	9
9	9
9	9
9	9
10	9
10	10
10	10
10	10
10	10
10	10
10	10
10	10
10	10
10	10
10	10
10	10
10	10
10	10
10	10
10	10
10	10
10	10
10	10
10	10
10	10
10	10
10	10
10	10
11	10
11	10
11	10
11	10
11	10
11	10
11	10
11	10
11	10
11	10
11	10
11	10
11	10
11	10
11	10
11	10
11	10
11	10
11	10
11	10
11	10
11	10
11	10
11	10
11	10
11	10
11	10
12	10
12	10
12	10
12	10
12	10
12	10
12	10
12	10
12	10
12	10
12	10
12	10
12	10
12	10
12	10
12	10
13	10
13	10
13	10
13	10
13	10
13	10
13	10
13	10
13	10
13	10
13	10
13	10
13	10
13	10
13	10
13	10
13	10
13	10
13	10
13	10
13	10
13	10
13	10
13	10
13	10
13	10
13	10
13	10
13	10
13	10
13	10
13	10
13	10
13	10
13	10
13	10
13	10
14	10
14	11
15	11
15	11
15	11
15	11
15	11
15	11
15	11
15	11
15	11
15	11
15	11
15	11
15	11
15	11
15	11
15	11
15	11
15	11
15	11
15	11
15	11
15	11
15	11
15	11
15	11
15	11
15	11
15	11
15	11
15	11
15	11
15	11
15	11
15	11
15	11
15	11
15	11
15	11
15	11
15	11
15	11
15	11
15	11
15	11
15	11
15	11
15	11
15	11
15	11
15	11
15	11
15	11
15	11
15	11
15	11
15	11
15	11
15	11
15	11
15	11
15	11
15	11
15	11
15	11
15	11
15	11
15	11
15	11
15	11
15	11
15	11
15	11
15	11
16	11
16	12
16	12
16	12
16	12
16	12
16	12
16	12
16	12
16	12
16	12
16	12
16	12
16	12
16	12
16	12
16	12
16	12
16	12
16	12
16	12
16	12
16	12
16	13
16	13
16	13
16	13
16	13
16	13
16	13
16	13
16	13
16	13
16	13
16	13
16	13
16	13
16	13
16	13
16	13
16	13
16	13
16	13
16	13
16	13
16	13
16	13
16	13
16	13
16	13
16	13
16	13
16	13
16	13
16	13
16	13
16	13
16	13
16	13
16	13
16	13
16	13
16	13
16	13
16	13
16	13
16	13
16	13
16	13
16	13
16	13
16	13
16	13
16	13
16	13
16	13
16	13
16	13
16	13
16	13
16	13
16	13
16	13
16	13
16	13
16	13
16	13
16	13
16	13
16	13
16	13
16	13
16	13
16	13
16	13
16	13
16	13
16	13
16	13
16	13
16	13
16	13
16	13
16	13
16	13
16	13
16	13
17	13
17	14
17	14
17	14
17	14
17	14
17	14
17	14
17	14
17	14
17	14
17	14
17	14
17	14
17	14
17	14
17	14
17	14
17	14
17	14
17	14
17	14
17	14
17	14
17	14
17	14
17	14
17	14
17	14
17	14
17	14
17	14
17	14
17	14
17	14
17	14
17	14
17	14
17	14
17	14
17	14
17	14
17	14
17	14
17	14
18	14
18	14
18	14
18	14
18	14
18	14
18	14
18	14
18	14
18	14
18	14
18	14
18	14
18	14
18	14
18	14
18	14
18	14
18	14
18	14
18	14
18	14
18	14
18	14
18	14
18	14
18	14
18	14
18	14
18	14
18	14
18	14
18	14
18	14
18	14
18	14
18	14
18	14
18	14
18	14
18	14
18	14
18	14
18	14
18	14
18	14
18	14
18	14
18	14
18	14
18	14
18	14
18	14
18	14
18	14
18	14
18	14
18	14
18	14
18	14
18	14
18	14
18	14
18	14
18	14
18	14
18	14
18	14
18	14
18	14
18	14
18	14
18	14
18	14
18	14
18	14
18	14
18	14
18	14
18	14
18	14
18	14
18	14
18	14
18	14
18	14
18	14
18	14
18	14
18	14
18	14
18	14
18	14
18	14
18	14
18	14
18	14
18	14
18	14
18	14
18	14
18	14
18	14
18	14
18	14
18	14
18	14
18	14
18	14
18	14
18	14
18	14
18	14
18	15
18	15
18	15
18	15
18	15
18	15
18	15
18	15
18	15
18	15
18	15
18	15
18	15
18	15
18	15
18	15
18	15
18	15
18	15
18	15
18	15
18	15
18	15
18	15
18	15
18	15
18	15
18	15
18	15
18	15
19	15
19	15
19	15
19	15
19	15
19	15
19	15
19	15
19	15
19	15
19	15
19	15
19	15
19	15
19	15
19	15
19	15
19	15
19	15
19	15
19	15
19	15
19	15
19	15
19	15
19	15
19	15
19	15
19	15
19	15
19	15
19	15
19	15
19	15
19	15
19	15
19	15
19	15
19	15
19	15
19	15
19	15
19	15
19	15
19	15
19	16
19	16
19	16
19	16
19	16
19	16
19	16
19	16
19	16
19	16
19	16
19	16
19	16
19	16
19	16
19	16
19	16
19	16
19	16
19	16
19	16
19	16
19	16
19	16
19	16
19	16
19	16
19	16
19	16
19	16
19	16
19	16
19	16
19	16
19	16
19	16
19	16
19	16
19	16
19	16
19	16
19	16
19	16
19	16
19	16
19	16
19	16
19	16
19	16
19	16
19	16
19	16
19	16
19	16
19	16
19	16
19	16
19	16
19	16
19	16
19	16
19	16
19	16
19	16
19	16
19	16
19	16
19	16
19	16
19	16
19	16
19	16
19	16
19	16
19	16
19	16
19	16
19	16
19	16
19	16
19	16
19	16
19	16
20	16
20	16
20	16
20	16
20	16
20	16
20	16
20	16
20	16
20	16
20	16
20	16
20	16
20	16
20	16
20	16
20	16
20	16
20	16
20	16
20	16
20	16
20	16
20	16
20	16
20	16
20	16
20	16
20	16
20	16
20	16
20	16
20	16
20	16
20	16
20	16
20	16
20	16
20	16
20	16
20	16
20	16
20	16
20	16
20	16
20	16
20	16
20	16
20	16
20	16
20	16
20	16
20	16
20	16
20	16
20	16
20	16
20	16
20	16
20	16
20	16
20	16
20	16
20	16
20	16
20	16
20	16
20	16
20	16
20	16
20	16
20	16
20	16
20	16
20	16
20	16
20	16
20	16
20	16
20	16
20	16
20	16
20	16
20	16
20	16
20	16
20	16
20	16
20	16
20	16
20	16
20	16
20	16
20	16
20	16
20	16
20	16
20	16
20	16
20	16
20	16
20	16
20	16
20	16
20	16
20	16
21	16
21	16
21	16
21	16
21	16
21	16
21	16
21	17
21	17
21	17
21	17
21	17
21	17
21	17
21	17
21	17
21	17
21	17
21	17
21	17
21	17
21	17
21	17
21	17
21	17
21	17
21	17
21	17
21	17
21	17
21	17
21	17
21	17
21	17
21	17
21	17
21	17
21	17
21	17
21	17
21	17
21	17
21	17
21	17
21	17
21	17
21	17
21	17
21	17
21	17
21	17
21	17
21	17
21	17
21	17
21	17
21	17
21	17
21	17
21	17
21	17
21	17
21	17
21	17
21	17
21	17
21	17
21	17
21	17
21	17
21	17
21	17
21	17
22	18
22	19
22	19
22	19
22	19
22	19
22	19
22	19
22	19
22	19
22	19
22	19
22	19
22	19
22	19
22	19
22	19
22	19
22	19
22	19
22	19
22	19
22	19
22	19
22	19
22	19
22	19
22	19
22	19
22	19
22	19
22	19
22	19
22	19
22	19
22	19
22	19
22	19
22	19
22	19
22	19
22	19
22	19
22	19
22	19
22	19
22	19
22	19
22	19
22	19
22	19
22	19
22	19
22	19
22	19
22	19
22	19
22	19
22	19
22	19
22	19
22	19
22	19
22	19
22	19
22	19
23	19
23	19
23	19
23	19
23	19
23	19
23	19
23	19
23	19
23	19
23	19
23	19
23	19
23	19
23	19
23	19
23	19
23	19
23	19
23	19
23	19
23	19
23	19
23	19
23	19
24	19
24	20
24	20
24	20
24	20
24	20
24	20
24	20
24	20
24	20
24	20
24	20
24	20
24	20
24	20
24	20
24	20
24	20
24	20
24	20
24	20
24	20
24	21
24	21
24	21
24	21
24	21
24	21
24	21
24	21
24	21
24	21
24	21
24	21
24	21
24	21
24	21
24	21
24	21
24	21
24	21
24	21
24	21
24	21
24	21
24	21
24	21
24	21
24	21
24	21
24	21
24	21
24	21
24	21
24	21
24	21
24	21
24	21
24	21
24	21
24	21
25	21
25	21
25	21
25	21
25	21
25	21
25	21
25	21
25	22
25	22
25	22
25	22
25	22
25	22
25	22
25	22
25	22
25	22
25	22
25	22
25	22
25	22
25	22
25	22
25	22
25	22
25	22
25	22
25	22
25	22
25	22
25	22
25	22
25	22
25	22
25	22
25	22
25	22
25	22
25	22
25	22
25	22
25	22
25	22
25	22
26	22
27	22
27	22
27	22
27	22
27	22
27	22
27	22
27	22
27	22
27	22
27	22
27	22
27	22
27	22
27	22
27	22
27	22
27	22
27	22
27	22
27	22
27	22
27	22
27	22
27	22
27	22
27	22
27	22
27	22
27	22
27	22
27	22
27	22
27	22
27	22
27	22
27	22
27	22
27	22
27	22
27	22
27	22
27	22
27	23
27	23
27	23
27	23
27	23
27	23
27	23
27	23
27	23
27	23
27	23
27	23
27	23
27	23
27	23
27	23
27	23
27	23
27	23
27	23
27	23
27	23
27	23
27	23
27	23
27	23
27	23
27	23
27	23
27	23
27	23
27	23
27	23
27	23
27	23
27	23
27	23
27	23
27	23
27	23
27	23
27	23
27	23
27	23
27	23
27	23
27	23
27	23
27	23
27	23
27	23
27	23
27	23
27	23
27	23
27	23
27	23
27	23
27	23
27	23
27	23
27	23
27	23
27	23
27	23
27	23
27	23
27	23
27	23
27	23
27	23
27	23
27	23
27	23
27	23
27	23
27	23
27	23
27	23
27	23
27	23
27	23
27	23
27	23
27	23
27	23
27	23
27	23
27	23
27	23
27	23
27	23
27	23
27	23
27	23
27	23
27	24
27	24
27	24
27	24
27	24
27	24
27	24
27	24
27	24
27	24
27	24
27	24
27	24
27	24
27	24
27	24
27	24
27	24
27	24
27	24
27	24
27	24
28	24
28	24
28	24
28	24
28	24
28	24
28	24
28	24
28	24
28	24
28	24
28	24
28	24
28	24
28	24
28	24
28	24
28	24
28	24
28	24
28	24
28	24
28	24
28	24
28	24
28	24
28	24
28	24
28	24
28	24
28	24
28	24
28	24
28	24
28	24
28	24
28	24
28	24
28	24
28	24
28	24
28	24
28	24
28	24
28	24
28	24
29	24
29	24
29	24
29	24
29	24
29	24
29	24
29	24
29	24
29	24
29	24
29	24
29	24
29	24
29	24
29	24
29	24
29	24
29	24
29	24
29	24
29	24
29	24
29	24
29	24
29	24
29	24
29	24
29	24
29	24
29	24
29	24
29	24
29	24
29	24
29	24
29	24
29	24
29	24
29	24
29	24
29	24
29	24
29	24
29	24
29	24
29	24
29	24
29	24
29	24
29	24
29	24
29	24
29	24
29	24
29	24
29	24
29	24
29	24
29	24
29	24
29	24
29	24
29	24
29	24
29	24
29	24
29	24
29	24
29	24
29	24
29	24
30	24
30	24
30	24
30	24
30	24
30	24
30	24
30	24
30	24
30	24
30	24
30	24
30	24
30	24
30	24
30	24
30	24
30	24
30	24
30	24
30	24
30	24
30	24
30	24
30	24
30	24
30	24
30	24
30	24
30	24
30	24
30	24
30	24
30	24
30	24
30	24
30	24
30	24
30	24
30	24
30	24
30	24
30	24
30	24
30	24
30	24
30	24
30	24
30	24
30	24
30	24
30	24
30	24
30	24
30	24
30	24
30	24
30	24
30	24
30	24
30	24
30	24
30	24
30	24
30	24
30	24
30	24
30	24
30	24
30	24
30	24
30	24
30	24
30	24
30	24
30	24
30	24
30	24
30	24
30	24
30	24
30	24
30	24
30	24
30	24
30	24
30	24
30	24
30	24
30	24
30	24
30	24
30	24
30	24
30	24
30	24
30	24
30	24
30	24
30	24
30	24
30	24
30	24
30	24
30	24
30	24
30	24
30	24
30	24
30	24
30	24
30	24
30	24
30	24
30	24
30	24
30	24
30	24
30	24
30	24
30	24
30	24
30	24
30	24
30	24
30	24
30	24
30	24
30	24
30	24
30	24
30	24
30	24
30	24
30	24
30	24
30	24
30	24
30	24
30	24
30	24
30	24
30	24
30	24
30	24
30	24
30	24
30	24
30	24
30	24
30	24
30	24
30	24
30	24
30	24
30	24
30	24
30	24
30	25
30	25
30	25
30	25
30	25
30	25
30	25
30	25
30	25
31	26
31	27
31	27
31	27
31	27
31	27
31	27
31	27
31	28
31	28
31	28
31	28
31	28
31	28
31	28
31	28
31	28
31	28
31	28
31	28
31	28
31	28
31	28
31	28
31	28
31	28
31	28
31	28
31	28
31	28
31	28
31	28
31	28
31	28
31	28
31	28
31	28
31	28
31	28
31	28
31	28
31	28
31	28
31	28
31	28
31	28
31	28
31	28
31	28
31	28
31	28
31	28
31	28
31	28
31	28
31	28
31	28
31	28
31	28
31	28
31	28
31	28
31	28
31	28
31	28
31	28
31	28
31	28
31	28
32	28
32	28
32	28
32	28
32	28
32	28
32	28
32	28
32	28
32	28
32	28
32	28
32	29
32	29
32	29
32	29
32	29
32	30
32	30
32	30
32	30
32	30
32	30
32	30
32	30
32	30
32	30
32	30
32	30
32	30
32	30
32	30
32	30
32	30
32	30
32	30
32	30
33	30
33	31
33	31
33	31
33	31
33	31
33	31
33	31
33	31
33	32
33	32
33	32
34	32
34	32
34	32
34	32
34	33
34	33
34	33
34	34
34	34
34	34
34	34
34	34
34	34
34	34
34	34
34	34
34	34
34	34
34	34
34	34
35	34
35	35
35	35
35	35
35	35
35	35
35	35
35	35
35	35
35	35
35	35
35	35
35	35
35	35
35	35
35	35
35	35
35	35
35	35
35	35
35	35
35	35
35	35
35	35
35	35
35	35
35	35
35	35
35	35
35	35
35	35
35	36
35	36
35	36
35	37
35	37
35	37
35	37
35	37
35	37
35	37
35	37
35	37
35	37
35	37
35	37
35	37
35	37
35	37
35	37
35	37
35	37
35	37
35	37
35	37
35	37
35	37
35	37
35	37
35	37
35	37
36	37
36	38
36	38
36	38
36	38
36	38
36	38
36	38
36	38
36	38
36	38
36	38
36	38
36	38
36	38
36	38
36	38
36	38
36	38
37	38
37	39
37	39
37	39
37	39
37	39
37	39
37	39
37	39
37	39
37	39
37	39
37	39
38	39
38	39
38	39
38	39
38	39
38	39
38	39
38	39
38	39
38	39
39	39
39	39
39	39
39	39
39	39
39	39
39	39
39	40
39	40
40	40
40	41
40	41
40	41
40	41
40	41
40	41
40	41
40	41
40	41
40	41
40	41
40	41
40	41
40	41
40	41
40	41
40	41
40	41
40	41
40	41
40	41
40	42
40	42
40	42
41	42
41	43
41	43
41	43
41	44
41	44
41	44
41	44
41	44
41	44
41	44
41	44
41	44
41	44
41	44
41	44
41	44
41	45
41	45
41	45
41	46
41	47
41	47
41	47
41	47
41	47
41	47
41	47
41	47
41	48
41	48
41	48
41	48
41	48
41	48
41	48
42	48
42	49
42	49
42	49
42	49
42	49
42	49
42	49
42	49
42	49
42	49
42	49
42	49
42	50
42	50
42	50
42	50
42	50
42	50
42	50
42	50
42	50
42	50
42	50
42	50
42	50
42	51
42	51
42	51
42	51
42	51
42	52
43	52
43	52
43	52
43	52
43	52
43	52
43	52
43	52
43	52
43	52
43	52
43	52
43	52
43	52
43	52
43	52
43	52
43	52
43	52
43	52
43	52
43	52
43	52
43	52
43	52
43	52
43	52
43	52
43	52
43	52
43	52
43	52
43	52
43	52
43	52
43	52
43	52
43	52
43	52
43	52
43	52
43	52
43	52
43	52
43	52
43	52
43	52
43	53
43	53
43	53
43	53
43	53
43	53
43	53
43	53
43	53
43	53
43	53
43	53
43	53
43	53
43	53
43	54
43	54
43	54
43	54
43	54
43	54
43	54
43	54
44	54
44	54
44	54
44	54
44	54
44	54
44	54
45	54
45	54
45	54
45	54
45	54
45	54
45	54
45	54
45	54
45	54
45	55
45	55
45	55
45	55
45	55
45	55
45	55
46	55
46	56
46	56
47	56
47	57
47	57
47	57
47	57
47	57
47	57
47	57
47	57
47	57
47	57
47	57
47	57
47	57
47	57
47	57
47	57
47	57
47	57
47	57
47	57
47	57
47	57
47	57
47	57
47	57
47	57
47	57
47	57
47	57
47	57
47	57
47	57
47	58
47	58
47	58
47	58
47	58
47	58
47	58
47	58
47	58
47	58
47	58
47	58
47	58
47	58
47	58
47	58
47	58
47	58
47	58
47	58
47	58
47	58
47	58
47	58
47	58
47	58
47	58
47	58
47	58
47	58
47	58
47	58
47	58
47	58
47	58
47	58
47	58
47	58
47	58
47	58
47	58
47	58
47	58
47	58
47	58
47	58
47	58
47	58
47	58
47	58
47	58
47	58
47	58
47	58
47	58
47	58
47	58
47	58
47	58
47	58
47	58
47	58
47	58
47	58
47	58
47	58
47	58
47	59
47	59
47	59
47	59
47	59
47	59
47	59
48	59
48	60
48	60
48	60
48	60
49	60
49	60
49	60
49	60
49	60
49	60
49	60
49	60
49	60
49	60
49	60
49	60
49	60
49	60
49	60
49	60
49	60
49	60
49	60
49	60
49	60
49	60
49	60
49	60
49	60
49	60
49	60
49	60
49	60
49	60
49	60
49	60
49	60
49	60
49	60
49	60
49	60
49	60
49	60
49	60
49	60
49	60
49	60
49	60
49	60
49	60
49	60
49	60
49	60
49	60
49	60
49	60
49	60
49	60
49	60
49	60
49	60
49	60
49	60
49	60
49	60
49	60
49	60
49	60
49	60
49	60
49	60
49	60
49	60
49	60
49	60
49	60
49	60
49	60
49	60
49	60
49	60
49	60
49	60
49	60
49	60
49	60
49	60
49	60
49	60
49	60
49	60
49	60
49	60
49	60
49	60
50	60
50	61
50	61
51	61
52	61
52	62
52	62
53	62
53	63
53	63
53	63
53	63
53	63
53	63
54	63
54	64
54	64
54	64
54	64
54	64
54	64
54	64
54	64
54	64
54	64
54	64
54	64
54	64
54	64
54	64
54	64
54	64
54	64
54	64
54	64
54	64
54	64
54	64
54	64
54	64
54	64
54	64
54	64
54	64
54	64
54	64
54	64
54	64
54	65
54	65
54	65
54	65
54	65
54	65
54	65
54	65
54	65
54	65
54	65
54	65
54	65
54	65
54	65
54	65
54	65
54	65
54	65
54	65
54	65
54	65
54	65
54	65
54	65
54	65
54	65
54	65
54	65
54	65
54	65
54	65
54	65
54	65
54	65
54	65
54	65
54	65
54	65
54	65
54	65
55	65
55	66
56	66
56	66
56	66
56	66
56	66
56	66
56	66
56	66
56	66
56	66
57	66
57	66
57	66
57	66
57	66
57	66
57	66
57	66
57	66
58	66
58	67
58	67
58	67
58	67
58	67
59	67
59	67
59	67
59	67
59	67
59	67
59	67
59	67
59	67
59	67
59	67
60	67
60	67
60	67
60	67
60	67
60	67
60	67
60	67
60	67
60	67
60	67
60	67
60	67
60	67
60	67
60	67
60	67
60	67
60	67
60	67
60	68
60	68
60	68
61	68
61	69
61	69
61	69
61	69
61	69
61	70
61	70
61	70
61	70
61	70
61	70
61	70
61	70
61	70
61	70
61	70
61	70
61	70
61	70
61	70
61	70
61	70
61	70
61	70
61	70
61	70
61	70
61	70
61	70
61	70
61	70
61	70
61	70
61	70
61	70
61	70
61	70
61	70
61	70
61	70
61	70
61	70
61	70
61	70
61	70
61	70
61	70
61	71
61	71
61	71
61	71
61	71
61	71
61	71
61	71
61	71
61	71
61	71
61	71
61	71
61	71
61	71
61	71
61	71
61	71
61	71
61	71
61	71
61	71
61	71
61	71
61	71
61	71
61	71
61	71
61	71
61	71
61	71
61	71
61	71
61	71
61	71
62	71
62	72
62	72
62	72
62	72
62	72
62	72
63	72
63	72
63	72
63	72
63	72
63	72
63	72
63	72
63	72
63	72
63	72
63	72
63	72
63	72
63	72
63	72
63	72
63	72
63	72
63	72
63	72
63	72
63	72
63	72
63	72
64	72
64	73
64	73
64	73
64	73
64	73
64	73
64	73
64	73
64	74
64	74
64	74
64	74
64	74
64	74
64	74
64	74
64	74
64	74
64	74
64	74
64	74
64	74
64	74
64	74
64	74
64	74
64	74
64	74
65	74
66	74
66	75
66	75
66	75
66	75
66	75
66	75
66	75
66	75
66	75
66	75
66	75
66	75
66	75
66	75
66	75
66	75
66	75
66	75
66	75
66	75
66	75
66	75
66	75
66	75
66	75
66	75
67	75
67	75
68	75
69	75
69	75
69	75
69	75
69	75
69	75
69	75
69	75
69	75
69	75
69	75
69	75
69	75
69	75
69	75
69	75
69	75
69	75
69	75
69	75
70	75
70	75
70	75
70	75
70	75
70	75
70	75
70	75
70	75
70	75
70	75
70	75
70	75
70	75
70	76
70	76
70	76
70	76
71	76
71	77
71	77
71	77
71	77
71	77
71	77
71	77
71	77
71	78
71	78
71	78
71	78
71	78
71	78
71	78
71	78
71	78
71	78
72	78
72	78
72	78
72	78
72	78
72	78
72	78
72	78
72	79
72	79
72	79
72	79
72	80
72	80
72	80
72	80
72	80
72	80
72	80
73	80
73	80
73	80
73	80
73	80
73	80
73	80
74	80
74	80
74	80
75	80
75	81
75	81
75	81
75	81
75	81
75	81
75	81
75	81
75	81
75	81
75	81
75	81
75	81
75	81
75	81
75	81
75	81
75	81
75	81
75	81
75	81
75	81
75	81
75	81
75	81
75	81
75	81
75	81
75	81
75	81
75	81
75	81
75	81
75	81
75	81
76	81
77	82
77	83
77	84
78	84
78	84
78	84
78	84
79	84
80	85
81	85
81	85
81	85
81	85
81	85
81	85
81	85
81	85
82	85
82	85
82	85
82	85
82	85
82	85
82	85
82	85
82	85
82	85
82	85
82	85
82	85
82	85
82	85
82	85
82	85
82	85
82	85
82	85
82	86
82	87
82	87
82	87
82	87
82	87
82	87
82	87
82	87
82	87
82	87
82	87
82	87
82	87
82	87
82	87
82	87
82	87
82	87
82	87
82	87
82	87
82	87
82	87
82	87
82	87
83	87
83	88
83	88
83	88
83	88
83	88
83	88
84	88
84	88
84	88
84	88
84	88
84	88
84	88
84	88
84	88
84	88
84	88
84	88
84	88
84	88
84	88
84	88
84	88
84	88
84	88
84	88
84	88
84	88
84	88
84	88
84	88
84	88
84	88
84	88
84	88
84	88
84	88
84	88
84	88
84	88
84	88
84	88
84	88
84	88
84	88
84	88
84	88
84	88
84	88
84	88
84	88
84	88
84	88
84	88
84	88
84	88
84	88
84	88
84	88
84	88
84	88
84	88
84	88
84	88
84	88
84	88
84	88
84	88
84	88
84	88
84	88
84	88
84	88
84	88
84	88
84	88
84	88
84	88
84	88
84	88
84	88
84	89
84	89
84	89
84	89
84	89
84	89
84	89
84	89
84	89
84	89
84	89
84	89
84	89
84	89
84	89
84	89
84	89
84	90
84	90
84	90
84	90
84	90
84	90
84	90
84	90
84	90
84	90
84	90
85	90
85	90
85	90
85	90
85	90
85	90
85	90
85	90
85	90
85	90
85	90
85	90
85	90
85	90
85	90
85	90
85	90
85	90
85	90
85	90
85	90
85	90
85	90
85	90
85	90
85	90
85	90
85	90
85	90
85	90
85	90
85	90
85	90
85	90
85	91
85	91
85	91
85	91
85	91
85	91
85	91
85	92
85	92
85	92
85	92
85	93
85	93
85	93
85	93
85	93
85	93
85	93
85	93
85	93
85	93
85	93
85	93
85	93
85	93
85	93
85	93
85	93
85	93
85	93
85	93
85	93
85	93
85	93
85	93
85	93
85	94
85	94
85	94
85	94
85	94
85	94
85	94
85	94
85	94
85	94
85	94
85	94
85	94
85	94
85	94
85	94
85	94
85	94
85	94
85	94
85	94
85	94
85	94
85	94
85	94
85	94
85	94
85	94
85	94
85	94
85	94
85	94
85	94
85	94
85	94
85	94
85	94
85	94
85	94
85	94
85	94
85	94
85	94
85	94
85	94
85	94
85	94
85	94
85	94
85	94
85	94
85	94
85	94
85	94
85	94
85	94
85	94
85	94
85	95
85	95
86	95
86	96
86	96
86	96
86	96
86	96
86	96
86	96
86	96
86	96
86	96
86	96
87	96
87	97
87	97
87	97
87	97
87	97
87	97
87	97
87	97
87	97
87	97
87	97
87	97
87	97
87	97
87	97
87	97
87	97
87	97
87	97
87	97
87	97
87	97
88	97
88	97
88	97
88	97
88	97
88	97
88	97
88	97
89	97
89	98
89	98
89	98
89	98
89	98
89	98
89	98
89	98
89	98
89	98
89	98
89	98
89	98
89	98
89	98
89	98
89	98
89	98
89	98
89	99
89	99
89	99
89	99
89	99
89	99
89	99
89	100
89	100
89	100
89	100
89	100
89	100
89	100
89	100
89	100
89	100
89	100
89	100
89	100
89	100
89	100
89	100
90	100
90	100
90	100
90	100
90	100
90	100
90	100
90	101
90	101
90	101
90	101
90	101
90	101
90	101
90	101
90	101
90	101
90	101
90	101
90	101
90	101
90	101
90	101
90	101
90	102
90	102
90	102
90	102
90	102
90	102
90	103
90	103
90	103
90	103
90	103
90	103
90	104
90	104
90	104
91	104
91	105
91	105
91	105
91	105
91	105
91	105
91	105
91	105
91	105
91	105
91	105
91	105
91	105
91	105
91	105
91	105
91	105
92	105
92	106
92	106
92	106
92	106
92	106
92	106
92	106
92	106
92	106
92	106
92	106
92	106
92	106
93	106
93	106
93	106
93	106
93	107
93	107
93	107
93	107
93	107
93	107
93	107
93	107
93	107
93	107
93	107
93	107
94	107
94	108
94	108
94	109
94	109
94	109
94	109
94	109
94	109
94	109
94	109
94	109
94	109
94	109
94	109
95	109
95	109
95	109
95	109
95	109
95	109
95	109
95	109
95	109
95	109
95	109
95	109
95	109
95	109
96	109
96	110
96	110
96	110
96	110
96	110
96	110
96	110
96	110
96	110
96	110
96	110
96	110
96	110
96	111
96	111
96	111
96	111
96	111
96	111
96	111
96	111
96	111
96	111
96	111
96	111
96	111
96	111
96	111
96	111
96	111
96	111
97	111
97	112
97	112
97	112
97	112
97	112
97	112
97	112
97	112
97	112
98	112
98	112
98	112
98	112
98	112
98	112
98	112
98	112
98	112
98	112
98	112
98	112
98	112
98	112
98	112
98	112
98	112
98	112
98	112
98	112
98	112
98	112
98	112
98	112
98	112
98	113
98	113
98	113
98	113
99	113
100	113
100	114
100	114
100	114
100	114
100	114
100	115
100	115
100	115
100	115
100	115
100	115
100	115
100	115
101	115
101	115
101	115
101	115
101	115
101	115
101	115
101	115
101	115
101	115
101	116
101	116
101	116
102	116
102	116
102	117
102	117
102	117
102	117
102	117
102	117
102	117
102	117
102	117
102	117
102	117
102	117
102	117
102	117
102	117
102	117
102	117
102	117
102	117
102	117
102	117
102	117
102	117
102	117
102	117
102	117
102	117
102	117
102	117
102	117
102	117
102	117
102	117
102	117
102	117
102	117
102	117
102	117
102	117
102	117
102	117
102	117
102	117
102	117
102	117
103	117
103	118
103	118
103	118
103	118
103	118
103	118
103	118
103	118
103	119
103	119
103	119
103	119
103	119
103	119
103	119
103	119
103	119
103	119
103	119
103	119
103	119
103	119
103	119
103	119
103	119
103	119
103	119
103	119
103	119
103	119
103	119
103	119
103	119
103	119
103	119
103	119
103	119
103	119
103	119
103	119
103	119
103	119
103	119
103	119
103	119
103	119
103	119
103	119
103	119
103	119
103	119
103	119
103	119
103	119
103	119
103	119
103	119
103	119
103	119
103	119
103	119
103	119
103	119
103	119
103	119
103	119
103	119
103	119
103	119
103	119
103	119
103	119
103	119
103	119
103	119
103	119
103	119
103	119
103	119
103	119
103	119
103	119
103	119
104	119
104	119
104	119
104	119
104	119
104	119
104	119
104	119
104	119
104	119
104	119
104	119
104	119
104	119
104	119
104	119
104	119
104	119
104	119
104	119
104	119
104	119
104	119
104	119
104	119
104	119
104	119
104	119
104	119
104	119
104	119
104	119
104	119
104	119
104	119
104	119
104	119
104	119
104	119
104	119
104	119
104	119
104	119
104	119
104	119
104	119
104	119
104	119
104	119
104	119
104	119
104	119
104	119
104	119
104	119
104	119
104	119
104	119
104	119
104	119
104	119
104	119
104	119
104	119
104	119
104	120
104	120
104	120
104	120
104	120
105	120
105	120
105	120
105	120
106	120
106	121
106	121
106	121
107	121
107	122
107	122
107	122
107	122
107	122
107	122
107	122
107	122
107	122
107	122
107	122
107	122
107	122
107	122
107	122
107	122
107	122
107	122
107	122
107	122
107	122
107	122
107	122
107	122
107	123
107	123
107	123
107	123
108	123
108	124
108	124
108	124
108	124
108	124
108	124
108	124
108	124
108	124
108	124
108	124
109	124
109	124
109	124
109	124
109	124
109	124
109	124
109	124
109	124
109	124
109	124
109	124
109	124
109	124
109	124
109	124
109	124
109	124
109	124
109	124
109	124
109	124
109	124
109	124
109	124
109	124
109	124
109	124
109	124
109	124
109	124
109	124
109	124
109	124
109	124
109	124
109	124
109	124
109	124
109	124
109	124
109	124
109	124
109	124
109	124
109	124
109	124
109	124
109	124
109	124
109	124
109	124
109	124
109	124
109	124
109	124
109	124
109	124
109	124
109	124
109	124
109	124
110	124
110	125
110	125
110	125
110	125
110	125
110	125
110	125
110	125
110	125
110	125
110	125
110	125
110	125
110	125
110	125
110	125
110	125
110	125
110	125
110	125
110	125
110	125
110	125
110	125
110	125
110	125
110	125
110	125
110	125
110	125
110	125
110	125
110	125
110	125
110	125
110	125
110	125
110	125
110	125
110	125
110	125
110	125
110	125
110	125
110	125
110	125
110	125
110	125
110	125
111	125
111	126
111	126
111	126
111	126
111	126
111	126
111	126
111	126
111	126
111	126
111	126
111	126
111	126
111	126
111	126
111	126
111	126
111	126
111	126
111	126
111	126
111	126
112	126
112	126
112	126
112	126
112	126
112	126
112	126
112	126
112	126
112	126
112	126
112	126
113	126
113	126
113	126
113	127
113	127
113	127
113	127
113	127
113	127
113	127
113	127
113	127
114	127
114	127
114	127
114	127
114	127
114	127
114	127
114	127
114	127
114	127
114	127
114	127
114	127
114	127
114	127
114	127
114	127
115	127
115	128
115	128
116	128
116	129
116	129
116	129
116	129
116	129
116	129
116	129
116	129
116	129
116	129
116	129
116	129
116	129
116	129
116	130
116	130
116	130
116	130
116	130
116	130
116	130
116	130
116	130
116	130
116	130
116	130
116	130
116	130
116	130
117	130
117	131
117	131
117	131
117	131
117	131
117	131
117	131
117	131
117	131
118	131
118	132
118	132
118	132
118	132
118	132
118	132
118	132
118	132
118	132
118	132
118	132
118	132
118	132
118	132
118	132
118	132
118	132
118	132
118	132
118	132
118	132
118	132
118	132
118	132
118	132
118	132
118	132
118	132
118	132
118	132
118	132
118	132
118	132
118	132
118	132
118	132
118	132
118	132
118	132
118	132
118	132
118	132
118	132
118	132
118	132
118	132
118	132
118	132
118	132
118	132
118	132
118	132
118	132
118	132
118	132
118	132
118	132
118	132
118	132
118	132
118	132
118	132
118	132
118	132
118	132
118	132
118	132
118	132
118	132
118	132
118	132
118	132
118	132
118	132
118	132
118	132
118	132
118	132
118	132
118	132
118	132
118	132
118	132
118	132
118	132
118	132
118	132
118	132
118	132
118	132
118	132
118	132
118	132
118	132
118	132
118	132
118	132
118	132
118	132
118	132
118	132
118	132
118	132
118	132
119	132
119	133
119	133
119	133
119	133
119	133
119	133
119	133
119	133
119	133
119	133
119	133
119	134
119	134
119	134
119	134
119	134
119	134
119	134
119	134
119	134
119	134
119	134
119	134
119	134
119	134
119	134
119	134
119	134
119	134
119	134
119	134
119	134
119	134
119	134
119	134
119	134
120	134
120	134
120	134
120	134
120	134
120	134
120	134
120	134
120	134
120	134
120	134
120	134
120	134
120	134
120	134
120	134
120	134
120	134
120	134
120	134
120	134
120	134
120	134
120	134
121	134
121	135
121	135
121	135
121	135
122	136
122	136
122	136
122	136
122	136
122	136
122	136
122	136
123	136
123	136
123	136
123	136
123	136
123	136
123	136
123	136
123	136
123	136
123	137
124	137
124	137
125	138
125	138
125	139
125	139
125	139
126	139
126	140
126	140
126	140
126	140
126	140
126	141
126	142
126	142
126	142
126	142
126	142
126	142
126	142
126	142
126	143
126	143
126	143
126	143
126	143
126	143
126	143
126	143
126	143
126	143
126	143
126	143
126	143
126	143
126	143
126	143
126	143
126	143
126	143
126	143
126	143
126	143
127	143
127	144
127	144
127	144
127	144
127	144
127	144
127	144
127	144
127	144
127	144
127	144
127	144
127	144
127	144
127	144
127	144
127	145
127	145
127	145
127	145
127	145
127	145
127	145
127	145
127	145
127	145
127	145
127	145
127	145
127	145
127	145
127	145
128	145
128	146
129	146
129	147
129	147
129	147
129	147
129	147
129	147
129	147
129	147
129	147
129	147
129	147
129	147
129	147
129	147
129	147
129	147
129	148
129	148
129	148
129	148
129	148
129	148
129	148
129	148
129	148
129	148
129	148
129	148
129	148
129	148
129	148
129	148
129	148
129	148
129	148
129	148
129	148
129	148
129	148
129	148
129	148
129	148
129	149
129	149
130	149
131	149
131	150
131	150
131	150
131	150
131	150
132	150
132	151
132	151
132	151
132	151
132	151
132	151
132	151
132	151
132	151
132	151
132	151
132	151
132	151
132	151
132	152
132	152
132	152
132	152
132	152
132	152
132	152
132	152
132	152
132	152
132	152
132	152
132	152
132	152
132	152
132	152
132	152
132	152
132	152
132	152
132	152
132	152
132	152
132	152
132	152
132	152
132	152
132	152
132	152
132	152
132	152
132	152
132	152
132	152
132	152
132	152
132	152
132	152
132	152
132	152
132	152
132	152
132	152
132	152
132	152
132	152
132	152
132	152
132	152
132	152
132	152
132	152
132	152
132	152
132	152
132	152
132	152
132	152
132	152
132	152
132	152
132	152
132	152
132	152
132	152
132	152
132	152
132	152
132	152
132	152
132	152
132	152
132	152
132	152
132	152
132	152
132	152
132	152
132	152
132	152
132	152
132	152
132	152
132	152
132	152
132	152
132	152
132	152
132	152
132	152
132	152
132	152
132	152
132	152
132	152
132	152
132	152
132	152
132	152
132	152
132	152
132	152
132	152
132	152
132	152
132	152
132	152
132	152
132	152
132	152
132	152
132	152
132	152
132	152
132	152
132	152
132	152
132	152
132	152
133	152
133	153
133	153
133	153
133	153
133	153
133	153
133	153
133	153
133	153
133	153
133	153
133	153
133	153
133	153
133	153
133	153
133	153
133	153
133	153
133	153
133	153
133	153
133	153
133	153
133	153
133	153
133	153
133	153
133	153
133	153
133	153
133	153
133	153
133	154
133	154
133	154
133	154
133	154
133	154
133	154
134	154
134	155
134	155
134	155
134	155
134	155
134	155
134	155
134	155
134	155
134	155
134	155
134	155
134	155
134	155
134	155
134	155
134	155
134	155
134	155
134	155
134	155
134	155
134	155
134	155
134	155
134	155
134	155
134	155
134	155
134	155
134	155
134	155
134	155
134	155
134	155
134	155
134	155
134	155
134	155
134	155
134	155
134	155
134	155
134	155
134	155
134	155
135	155
135	156
135	156
135	156
135	156
135	156
135	156
136	156
136	156
136	156
136	156
136	156
136	156
136	156
136	156
136	156
136	156
136	156
137	156
137	156
137	156
137	156
137	156
137	156
137	156
137	156
137	156
137	156
137	156
137	156
137	156
137	156
137	156
138	156
138	156
138	156
138	156
138	-1
138	-1
138	-1
138	-1
138	-1
138	-1
138	-1
138	-1
138	-1
