-1	0
-1	0
-1	0
-1	0
-1	0
-1	0
-1	0
-1	0
-1	0
-1	0
-1	0
-1	0
-1	0
-1	0
-1	0
-1	0
-1	0
-1	0
-1	0
-1	0
-1	0
0	0
0	0
0	0
0	0
0	0
0	0
0	0
0	1
0	1
0	1
1	1
1	1
1	1
1	1
1	1
1	1
1	1
1	1
1	1
1	1
1	1
1	1
1	1
1	1
1	1
1	1
1	1
1	1
1	1
1	1
1	1
1	1
1	1
1	1
1	1
1	1
1	2
1	2
1	2
1	2
1	2
1	2
1	2
1	2
1	2
1	2
1	2
1	2
2	2
3	3
3	3
3	3
3	3
3	3
3	3
3	3
3	3
3	3
3	3
4	3
4	3
4	3
4	3
4	3
4	3
4	3
4	3
4	3
5	4
6	4
7	4
7	4
7	4
8	4
8	4
8	4
8	4
8	4
8	4
8	4
8	4
8	4
8	4
8	4
8	4
8	4
8	4
8	4
8	4
8	4
8	4
8	4
8	4
8	4
8	4
8	4
8	4
8	4
8	4
8	4
8	4
8	4
8	4
8	4
8	4
8	4
8	4
8	4
8	4
8	4
8	4
8	5
8	5
8	5
8	5
8	5
8	5
8	5
9	5
9	6
9	6
9	7
9	7
10	7
10	8
10	9
10	9
10	9
10	9
10	9
10	9
10	9
10	9
10	9
10	9
10	9
10	9
10	9
10	9
10	9
10	9
10	9
10	9
10	9
10	9
10	9
10	9
10	9
10	9
10	9
10	9
10	9
10	9
10	9
10	9
10	9
10	9
10	9
10	9
10	9
10	9
10	9
10	9
10	9
10	9
10	9
10	9
10	9
10	9
10	9
10	9
11	9
11	9
12	9
12	9
12	9
12	9
12	9
12	9
12	9
12	9
12	9
12	9
12	9
12	9
12	9
12	9
12	9
12	9
12	9
12	9
12	9
12	9
12	9
12	9
12	9
12	9
12	9
12	9
12	9
12	9
12	9
12	9
12	9
12	9
12	9
12	9
12	9
12	9
12	9
12	9
12	9
12	9
12	9
12	9
12	9
12	9
12	9
12	9
12	9
12	9
12	9
12	9
12	9
12	9
12	9
12	9
12	9
12	9
12	9
12	9
12	9
13	9
13	9
13	9
13	9
13	9
13	9
13	10
13	10
13	10
13	10
13	10
13	10
13	10
13	10
13	10
13	10
13	10
13	10
13	10
13	10
13	10
13	10
13	10
13	10
13	10
13	10
13	10
13	10
13	10
13	10
14	10
14	11
14	11
14	11
14	11
14	11
14	11
14	11
14	11
14	11
14	11
14	11
14	11
14	11
14	11
14	11
14	11
14	12
14	12
14	12
14	12
14	12
14	12
15	12
15	13
15	13
15	13
15	13
15	13
15	13
15	13
15	13
16	13
16	13
16	13
16	13
16	13
16	13
16	13
17	13
17	13
18	13
18	14
18	14
18	14
18	14
18	14
18	14
18	14
18	14
18	14
18	14
18	14
18	14
18	14
18	14
18	14
18	14
18	14
18	14
18	14
18	14
18	14
18	14
18	14
18	14
18	14
18	14
18	14
18	14
18	14
18	14
18	14
18	14
18	14
18	14
18	14
18	14
18	14
18	14
18	14
18	14
18	14
18	14
18	14
18	14
18	14
18	14
18	14
18	14
19	14
19	14
20	15
20	15
20	15
20	15
20	15
20	15
20	15
20	15
20	15
20	15
20	15
20	15
20	15
20	15
20	15
20	15
20	15
20	15
20	15
20	15
20	15
20	15
20	15
20	15
20	15
20	15
20	15
20	15
20	15
20	15
20	15
20	15
20	15
20	15
20	15
20	15
20	15
20	15
20	15
20	15
21	15
21	15
21	15
21	15
21	15
21	15
21	15
21	15
21	15
21	15
21	15
21	15
21	15
21	15
22	15
22	16
22	16
23	16
23	16
23	16
23	16
23	16
23	16
23	16
23	16
23	16
23	16
23	16
23	16
23	17
23	17
24	17
24	17
24	17
24	17
24	17
24	17
24	17
24	17
24	17
24	17
24	17
24	17
24	17
24	17
24	17
24	17
24	17
24	18
24	18
25	18
25	18
25	18
25	18
25	18
25	18
25	18
25	18
25	18
25	18
25	18
25	18
25	18
25	18
25	18
25	18
25	18
25	18
25	18
25	18
25	18
25	18
25	18
25	18
26	18
26	18
26	18
26	18
26	18
26	18
26	18
26	18
26	18
26	18
26	18
26	18
26	18
26	18
26	18
26	18
26	18
26	18
26	18
26	18
26	18
26	18
26	19
26	19
26	19
26	19
26	20
26	20
26	20
26	20
27	20
27	21
27	21
27	21
27	21
27	21
28	21
28	22
28	22
28	22
28	22
28	22
28	22
28	22
28	22
28	22
28	22
28	22
28	22
28	22
29	23
29	23
29	23
29	23
29	23
29	23
29	23
29	23
29	23
29	23
30	23
30	24
30	24
30	24
30	24
30	24
30	24
30	24
31	24
31	25
31	25
31	25
31	25
31	25
31	25
31	25
31	25
31	25
31	25
31	25
31	25
31	25
31	25
31	25
31	25
31	25
31	25
31	25
31	25
31	25
31	25
31	25
31	25
31	25
31	25
31	25
31	25
31	25
31	25
31	25
31	25
31	25
31	25
31	25
31	25
32	25
33	26
33	27
33	27
33	27
33	27
33	27
33	27
33	27
33	27
34	27
34	27
34	27
34	27
34	27
34	27
34	27
34	27
34	27
34	27
34	27
34	27
34	27
34	27
34	27
34	27
34	27
34	27
34	27
34	27
34	27
35	27
35	28
35	28
35	28
35	28
35	29
35	29
35	29
35	29
35	29
35	29
35	29
36	29
36	29
36	29
36	29
36	29
36	29
36	29
36	29
37	29
37	29
37	29
37	29
37	29
37	29
37	29
37	29
37	29
37	29
37	29
37	29
37	29
37	29
37	29
37	29
37	29
37	29
37	29
38	30
38	31
38	31
38	31
38	31
38	31
38	31
38	31
38	31
38	31
38	31
38	31
38	31
38	31
38	31
38	31
38	31
38	31
38	31
38	31
38	31
38	31
38	31
38	31
38	31
38	31
38	31
38	31
38	31
38	31
38	31
38	31
38	31
38	31
38	31
38	31
38	31
38	31
38	31
38	31
38	31
38	31
38	31
38	31
38	31
38	31
39	31
39	31
39	31
39	31
39	31
39	31
39	31
39	31
39	31
39	31
39	31
39	31
39	31
39	31
39	31
39	31
39	31
39	31
39	31
39	31
39	31
39	31
39	31
39	31
39	31
39	31
39	31
39	31
39	31
39	31
39	31
39	31
40	31
40	32
40	32
40	32
40	32
40	32
40	32
40	32
40	32
40	32
40	32
40	32
40	32
40	32
40	32
40	32
40	32
40	32
40	32
40	32
40	32
40	32
40	32
40	32
40	32
40	32
40	32
40	32
40	32
40	32
40	32
40	32
40	32
40	32
40	32
40	32
40	32
41	32
41	33
42	33
42	34
42	34
42	34
42	34
42	34
42	34
42	34
42	34
42	34
42	34
42	34
42	34
42	34
42	34
42	34
42	34
42	34
42	34
42	34
42	34
42	34
42	34
42	34
42	34
42	34
42	34
42	34
42	34
42	34
42	34
42	34
42	34
42	34
42	34
42	34
42	34
42	34
42	34
42	34
42	34
42	34
42	34
42	34
42	34
42	34
42	34
42	34
42	34
42	34
42	34
42	34
42	34
42	34
42	34
42	34
42	34
42	34
42	34
42	34
42	34
42	34
42	34
42	34
42	34
42	34
42	34
42	34
42	34
42	34
42	34
42	34
42	34
42	34
42	34
42	34
42	34
42	34
42	34
42	34
42	34
42	34
42	34
42	34
42	34
42	34
42	34
42	34
42	34
42	34
42	35
42	35
42	35
42	35
42	35
42	35
42	35
42	35
42	35
42	35
42	35
43	35
43	36
43	36
43	36
43	36
43	36
43	36
43	36
43	36
43	36
43	36
43	36
43	36
43	36
43	36
43	36
43	36
43	36
43	36
43	36
44	36
44	37
44	37
44	37
44	37
44	37
44	37
45	37
45	38
45	38
45	38
45	38
45	38
45	38
45	38
45	38
45	38
45	38
45	38
45	38
45	38
45	38
45	38
45	39
45	39
45	39
46	39
46	40
46	40
46	40
46	40
46	40
47	40
47	40
47	40
47	40
47	40
47	40
47	40
47	40
47	40
47	40
47	40
47	40
47	41
47	41
47	41
47	41
47	41
47	41
47	41
48	41
48	42
48	42
48	42
48	42
48	42
48	42
49	42
49	43
49	43
49	43
49	43
49	43
49	43
49	43
49	43
50	43
51	44
51	45
51	45
51	45
51	45
51	45
51	45
51	45
51	45
51	45
51	45
51	45
51	45
51	45
51	45
51	45
51	45
51	45
51	45
51	45
51	45
51	45
51	45
51	45
51	45
51	45
51	45
51	45
51	45
51	45
51	45
51	45
51	45
51	46
51	46
51	46
51	46
51	46
51	46
51	46
51	46
52	46
52	47
52	47
52	47
52	47
52	47
52	47
52	47
52	47
52	47
52	47
52	47
52	47
52	47
53	47
53	48
53	48
53	48
54	48
54	49
54	49
54	49
54	49
54	49
54	49
54	49
54	49
54	49
54	49
54	49
54	49
54	49
54	49
54	49
54	49
54	49
54	49
54	49
54	49
54	49
54	49
54	49
54	49
54	49
54	49
54	49
54	49
54	49
54	49
54	49
54	49
55	49
55	50
55	50
55	50
55	50
55	50
55	50
55	50
55	50
55	50
55	50
55	50
55	51
55	51
55	51
56	51
56	51
56	51
56	52
56	52
56	52
56	52
56	52
56	52
56	52
56	52
56	52
56	52
56	52
56	53
56	53
56	53
56	53
56	53
56	53
56	53
56	53
56	53
56	53
56	53
56	53
57	53
57	53
57	53
57	53
57	53
57	53
57	53
57	53
57	53
57	53
57	53
57	53
57	53
57	53
57	53
57	53
57	53
57	53
57	53
57	53
58	53
58	53
58	53
58	53
58	53
58	53
58	53
58	53
58	53
58	53
59	53
60	53
60	53
60	53
60	53
60	53
60	53
60	53
60	53
60	53
60	53
60	53
60	53
60	53
60	53
60	53
60	53
60	53
60	53
60	53
60	53
60	53
60	53
60	53
60	53
60	53
60	53
60	53
60	53
60	53
60	53
60	53
60	53
60	53
60	53
60	53
61	53
61	53
61	53
61	53
61	53
61	53
61	53
61	53
61	53
61	53
61	53
61	53
61	53
61	53
61	53
61	53
61	53
61	53
61	53
61	53
61	53
61	53
61	53
61	53
61	53
61	53
61	53
61	53
61	53
61	53
61	53
61	53
61	53
61	53
61	53
61	53
61	53
61	53
61	53
61	53
61	53
62	53
62	54
62	54
62	54
62	54
62	54
62	54
62	54
62	54
62	54
62	54
62	54
62	54
62	54
62	54
62	54
62	54
62	54
62	54
62	54
62	54
62	54
62	54
62	54
62	54
62	54
62	54
62	54
62	54
62	55
62	55
62	55
62	55
62	55
62	55
62	55
62	55
62	55
62	55
62	55
62	55
62	55
62	55
62	55
62	55
63	55
63	56
63	56
63	56
63	56
63	56
63	56
63	56
63	56
63	56
63	56
63	56
63	57
63	57
63	57
64	57
64	57
64	57
64	57
64	57
64	57
64	57
64	57
64	57
64	57
65	57
65	58
65	58
65	58
65	58
65	58
65	58
65	58
65	58
65	58
65	58
65	58
65	58
65	58
65	58
65	58
65	58
65	58
65	58
65	58
65	58
65	58
65	58
65	58
65	59
65	59
65	59
65	59
65	59
65	59
65	59
65	59
65	59
65	59
65	59
65	59
66	59
66	59
66	59
66	59
67	59
67	59
67	59
67	59
67	59
67	59
67	59
67	59
68	59
68	60
68	60
68	60
68	60
68	60
69	60
69	60
69	60
69	60
69	60
69	60
69	60
69	60
69	60
69	60
69	60
70	60
70	61
70	61
70	61
70	61
70	61
70	61
70	61
71	61
71	62
71	62
71	62
71	62
71	62
71	62
71	63
71	63
71	63
71	63
71	63
71	63
71	63
71	63
72	63
72	64
72	64
72	64
72	64
72	64
72	64
72	64
72	64
72	64
72	64
72	64
72	64
72	64
72	64
72	64
72	64
72	64
72	64
72	64
72	64
72	64
72	64
72	64
72	64
72	64
72	64
72	64
72	64
72	64
72	64
72	64
72	64
72	64
72	64
72	64
72	64
72	64
72	64
72	64
72	64
72	64
72	65
72	65
72	65
72	65
72	65
72	65
72	65
72	65
72	65
72	65
72	65
72	65
73	65
73	66
73	67
73	67
73	67
74	67
74	68
74	68
74	68
74	68
74	68
74	68
74	68
74	68
74	68
74	68
74	68
74	68
74	68
74	68
74	68
74	68
74	68
74	68
74	68
74	68
74	68
74	69
74	69
74	69
74	69
74	69
75	69
75	69
75	69
75	69
75	69
75	69
76	69
76	69
77	69
77	70
77	70
77	70
77	70
77	70
77	70
77	70
77	70
77	70
77	70
77	70
77	70
77	70
77	70
77	70
77	70
77	70
77	70
77	70
77	70
77	70
77	70
77	70
77	70
77	70
78	70
78	70
78	70
78	70
79	70
79	70
79	70
79	70
79	70
79	70
79	70
79	70
79	70
80	70
80	70
80	70
80	70
80	70
80	70
80	70
81	70
81	71
81	71
81	71
81	71
81	71
82	71
82	71
83	72
83	72
83	72
83	72
83	72
83	72
83	72
83	72
83	73
83	73
83	73
83	73
83	73
83	73
83	73
83	73
83	73
83	73
83	73
84	73
84	74
84	75
84	75
84	75
84	75
84	75
84	75
84	75
84	75
84	75
84	75
84	75
84	75
84	75
84	75
84	75
84	75
84	75
84	75
84	75
84	75
84	75
84	75
84	75
84	75
84	75
84	75
84	75
84	75
84	75
84	75
85	75
85	75
85	75
85	75
85	75
85	75
85	75
85	75
85	75
85	75
85	75
85	75
85	75
85	75
85	75
85	75
85	75
85	75
85	75
85	75
85	75
85	75
85	75
85	75
85	75
85	75
85	75
85	75
85	75
85	75
85	75
85	76
85	76
85	76
85	76
85	76
85	76
85	76
85	76
85	76
85	76
85	76
85	77
85	77
85	77
85	77
85	77
85	77
85	77
86	77
86	78
86	78
86	78
86	78
86	78
86	78
86	78
86	78
86	78
86	78
86	78
86	78
86	78
86	78
86	78
86	78
86	78
86	78
86	78
86	78
86	78
86	78
86	78
87	78
87	79
87	79
87	79
87	79
87	79
87	79
87	79
87	79
87	79
87	79
87	79
88	79
88	79
88	79
88	79
88	79
88	79
88	79
88	79
88	79
88	79
88	79
88	79
88	79
88	79
88	79
88	79
88	79
88	79
88	79
88	79
88	79
88	79
88	79
88	79
88	79
89	79
89	80
89	80
89	80
89	80
89	80
89	80
89	80
89	80
89	80
89	80
89	80
89	80
89	80
89	80
89	80
89	80
89	80
89	80
89	80
89	80
89	80
89	80
89	80
89	80
89	80
89	80
89	80
89	80
89	80
89	80
89	80
89	80
89	80
89	80
89	80
89	80
89	80
89	80
89	80
89	80
89	80
89	80
89	80
89	80
89	80
89	80
89	80
89	80
89	80
89	80
89	80
89	80
89	80
89	80
89	80
89	80
89	80
89	80
89	80
89	80
89	80
89	80
89	80
89	80
89	80
89	80
90	80
90	80
90	80
90	80
90	80
90	80
90	80
90	80
90	80
90	80
90	80
90	80
90	80
90	80
90	80
90	80
90	80
90	80
90	80
90	80
90	80
90	80
90	80
90	80
90	80
90	80
90	80
90	80
90	80
90	80
90	80
90	80
90	80
90	80
91	80
91	80
91	80
91	80
91	80
91	80
91	80
91	80
91	80
92	80
92	80
92	80
92	80
92	80
93	80
93	80
93	80
93	80
93	80
93	80
93	80
93	80
94	80
95	81
95	81
95	81
95	81
95	81
95	81
95	81
95	81
95	81
95	81
95	81
95	81
95	81
95	81
95	81
95	81
95	81
95	81
95	81
95	81
95	81
95	81
95	81
96	81
96	82
97	82
97	82
97	82
97	82
97	82
97	82
97	82
97	82
97	82
97	82
97	82
97	82
98	82
98	83
98	83
99	83
99	84
99	84
99	84
99	84
99	84
99	84
99	84
99	84
99	84
99	84
99	84
99	84
99	84
99	84
99	84
99	84
99	84
99	84
99	84
99	84
99	84
99	84
99	84
99	84
99	84
99	84
99	84
99	84
99	84
99	84
100	84
100	85
100	85
100	85
100	85
100	85
100	85
100	85
100	85
100	85
100	85
100	85
100	85
100	85
100	85
100	85
100	85
100	85
101	85
101	86
101	86
101	86
101	86
101	86
101	86
101	86
101	86
101	86
101	86
101	86
101	86
101	86
101	86
101	86
101	86
101	86
101	86
101	86
101	86
101	86
101	86
101	86
101	86
101	86
101	86
101	86
101	86
101	86
102	86
102	87
102	87
102	87
102	87
102	87
102	88
102	88
102	88
102	88
102	88
102	88
102	88
103	88
103	88
103	88
103	88
103	88
103	88
103	88
103	88
103	88
103	88
103	88
103	88
103	88
103	88
103	88
103	88
103	88
103	88
103	88
103	88
103	88
103	88
104	88
104	89
104	89
104	89
104	89
104	89
105	89
105	89
105	89
105	89
105	89
105	89
105	89
105	89
106	89
106	89
106	89
106	89
106	89
106	89
106	89
106	89
106	89
106	89
106	89
106	89
106	89
106	89
106	89
106	89
106	89
106	89
106	89
106	89
106	89
106	89
106	89
106	89
106	89
106	89
106	89
106	89
107	89
107	90
107	90
107	90
107	90
107	90
107	90
107	90
107	90
107	90
107	90
107	90
107	90
108	90
108	90
108	90
108	90
108	90
108	90
108	90
108	90
109	90
109	91
110	91
110	92
110	92
110	92
110	92
110	92
111	92
112	93
112	93
112	93
112	93
113	93
113	94
113	94
113	94
113	94
113	94
113	94
113	94
113	94
113	94
113	94
113	94
113	94
113	94
113	94
113	94
113	95
113	95
113	95
114	95
114	95
114	95
114	95
115	95
115	96
115	96
115	96
115	96
115	96
115	96
115	96
115	96
116	96
116	97
116	97
116	97
116	97
116	97
116	97
116	97
116	97
116	97
116	97
116	97
116	97
116	97
116	97
116	98
116	98
117	98
117	99
117	99
117	99
117	99
117	99
117	99
117	99
117	99
117	99
117	99
117	99
117	99
117	99
117	99
117	99
117	99
117	99
117	99
117	99
118	99
118	99
118	99
118	99
118	99
119	99
119	99
119	99
119	99
119	99
119	99
119	99
119	99
119	99
119	99
119	99
119	99
119	99
119	99
119	100
119	100
119	100
119	100
119	100
119	100
119	100
119	100
119	100
119	100
119	100
119	100
119	100
119	100
119	100
120	100
120	100
120	100
120	100
120	100
120	100
120	100
120	100
120	100
120	100
120	100
120	100
120	100
120	100
120	100
120	100
120	100
120	100
120	100
120	100
120	100
120	100
120	100
120	100
120	100
121	100
121	101
121	101
121	101
121	101
121	101
121	101
122	101
122	102
122	102
122	103
122	103
122	103
122	103
122	103
122	103
123	103
123	104
123	104
123	104
123	104
123	104
123	104
123	104
123	104
123	104
123	104
123	104
123	104
123	104
123	104
123	104
123	104
123	105
123	105
124	105
124	106
124	106
124	106
125	106
125	107
125	107
125	107
125	107
125	107
125	107
125	107
125	107
126	107
126	108
126	108
126	108
126	108
126	108
126	108
126	108
126	108
126	108
126	108
126	108
126	109
126	109
126	109
126	109
127	109
127	109
127	109
127	109
127	109
127	109
127	109
127	109
127	109
127	109
127	109
127	109
127	109
127	109
127	109
127	109
127	109
127	109
127	109
127	109
127	109
128	109
128	110
128	110
128	110
128	110
128	110
128	110
128	110
128	110
128	110
128	110
128	110
128	110
128	110
129	110
129	111
129	111
129	111
129	111
129	112
129	112
129	112
130	112
130	113
130	113
130	113
130	113
130	113
130	113
130	113
130	113
130	114
130	114
130	114
130	114
130	114
130	114
130	114
130	114
130	114
130	114
130	114
130	114
131	114
131	115
131	116
131	116
131	116
132	116
133	116
133	117
133	117
133	117
133	117
133	117
133	118
133	118
133	118
133	118
134	118
134	118
134	118
134	118
134	118
134	118
134	118
135	118
135	119
135	119
135	119
135	119
135	119
135	119
135	119
135	119
135	119
135	119
135	119
135	119
135	119
135	119
135	119
135	120
135	120
135	120
135	120
135	120
135	120
135	120
135	120
136	120
136	121
136	121
136	121
136	121
136	121
136	121
136	121
136	121
136	121
136	121
136	121
136	121
136	121
136	121
136	121
136	121
136	121
136	121
136	121
136	121
136	121
136	121
137	121
137	122
137	122
138	122
139	123
139	124
139	124
139	124
139	124
139	124
139	124
139	124
139	124
139	124
139	124
139	124
139	124
139	124
139	124
139	124
139	124
139	124
139	124
139	124
139	124
139	124
139	124
139	124
139	124
140	124
140	124
140	124
140	124
140	124
140	124
140	124
140	124
140	124
140	124
140	124
140	124
140	124
140	124
141	124
141	125
141	125
141	125
142	125
142	126
142	126
142	126
142	126
142	126
142	126
142	126
142	126
142	126
142	127
142	127
142	127
142	127
143	127
143	128
143	128
143	128
143	128
143	128
143	128
143	128
143	128
143	128
143	128
143	128
143	128
143	128
143	128
143	128
143	128
143	128
143	128
143	128
143	129
143	129
143	129
143	129
143	129
143	129
143	129
144	129
144	130
144	130
144	130
144	130
144	130
144	130
144	130
144	130
144	130
144	130
144	130
144	130
144	130
144	130
144	130
144	130
144	130
144	130
144	130
144	130
144	130
144	130
144	130
144	130
144	130
144	130
144	130
144	130
144	130
144	130
144	130
144	130
144	130
144	130
144	130
144	130
144	130
144	130
145	130
145	130
145	130
145	130
145	130
145	130
145	130
145	130
145	130
145	130
145	130
145	130
145	130
145	130
145	130
145	130
145	130
146	130
146	130
146	130
146	130
146	130
146	130
146	130
146	130
146	130
147	130
147	130
147	130
147	130
147	130
147	130
147	130
147	130
147	130
147	130
147	130
147	130
147	130
147	130
147	130
147	130
147	130
147	130
147	130
147	130
147	130
147	130
147	130
147	130
147	130
147	130
147	130
147	130
147	130
147	130
147	130
147	130
147	130
147	130
147	130
147	130
147	130
147	130
147	130
147	130
147	130
147	130
147	130
147	130
147	130
147	130
147	130
147	130
147	130
147	130
148	130
148	130
148	130
148	130
148	130
148	130
148	130
148	130
148	130
148	130
148	130
148	130
148	130
148	130
148	130
148	130
148	130
148	130
148	130
148	130
148	130
148	130
148	130
148	130
148	130
148	130
148	130
148	131
148	131
148	131
148	131
148	131
148	131
148	131
148	131
148	131
148	131
148	131
148	131
148	131
148	131
149	131
149	132
149	132
149	132
149	132
149	132
149	132
149	133
149	133
149	133
149	133
149	133
149	133
149	133
149	133
149	133
149	133
149	133
149	133
149	133
149	133
149	133
149	133
149	133
149	133
149	133
149	134
149	134
149	134
150	134
150	134
150	134
150	134
150	134
150	134
150	134
150	134
150	134
151	134
151	134
151	134
151	134
151	134
151	134
151	134
151	134
151	134
151	134
151	134
151	134
151	134
151	134
151	134
151	134
151	134
151	134
151	134
151	134
151	134
151	134
152	134
152	135
152	135
153	135
153	136
153	136
153	136
153	136
153	136
153	136
153	136
153	136
153	136
154	136
154	137
154	137
154	137
155	137
155	137
155	137
155	137
155	137
155	137
155	137
155	137
155	137
155	137
155	137
155	138
155	138
155	138
155	138
155	138
155	138
155	139
155	139
155	139
156	139
156	139
156	139
156	139
156	139
156	139
156	139
156	139
156	139
156	139
156	139
156	139
156	139
156	139
156	139
156	139
156	139
156	139
156	139
156	139
156	139
156	139
156	139
157	139
157	140
157	141
157	141
157	141
157	141
157	141
157	141
157	141
157	141
157	141
157	141
157	141
157	141
157	141
157	141
157	141
157	141
157	141
157	141
157	141
157	141
157	141
157	141
157	141
158	141
158	141
158	141
158	141
158	141
158	141
158	141
158	141
158	141
158	141
158	141
158	141
158	141
158	141
158	141
159	142
159	143
159	143
159	143
159	143
159	143
159	143
159	143
159	143
159	143
159	143
159	143
159	144
159	144
159	144
159	144
159	144
159	144
159	144
159	144
159	144
159	144
159	144
159	144
159	144
159	144
159	144
159	144
159	144
159	144
159	144
159	144
159	144
159	144
159	144
159	144
159	144
159	144
159	144
159	144
159	144
159	144
159	144
159	144
159	144
159	144
159	144
159	144
159	144
159	144
159	144
160	144
160	145
160	145
160	145
160	145
160	145
160	145
161	145
162	145
162	145
162	145
162	145
162	145
162	145
162	145
162	145
162	145
162	145
162	145
162	145
162	145
162	145
162	145
162	145
162	145
162	145
162	145
162	146
162	146
162	146
162	146
162	146
162	146
162	146
162	146
162	146
162	146
162	146
162	146
162	146
162	146
162	146
162	147
163	147
163	148
163	148
163	148
163	148
163	148
163	148
163	148
163	148
164	148
164	149
164	149
164	149
164	149
164	149
164	149
164	149
164	149
164	149
164	149
164	149
164	149
164	149
164	149
164	149
164	149
164	149
164	149
164	149
164	149
164	149
164	149
164	149
164	149
164	149
164	149
164	149
164	149
164	149
164	149
164	149
164	149
164	149
164	149
164	149
165	149
165	150
165	150
165	150
165	150
165	150
165	150
165	150
165	150
165	150
165	150
165	150
165	150
165	150
165	150
165	151
165	151
165	151
165	151
165	151
165	151
165	151
165	151
165	151
165	151
165	151
166	151
166	152
166	153
167	153
167	153
167	153
167	153
167	153
167	153
167	153
167	153
167	153
167	153
167	153
167	153
167	153
167	153
167	153
167	153
167	153
167	153
167	153
167	153
167	153
168	153
168	153
168	153
168	153
168	153
169	154
169	154
169	154
169	154
169	154
170	154
170	154
171	154
172	154
172	155
173	155
173	156
173	156
173	156
173	156
173	156
174	156
174	157
174	157
174	157
174	157
174	157
174	157
174	157
174	157
175	157
175	158
175	158
175	158
176	158
176	159
176	159
176	159
176	159
176	159
176	159
176	159
176	159
176	159
177	159
177	160
177	160
177	160
177	160
177	160
177	160
177	160
177	160
177	160
177	160
177	160
178	160
178	160
178	160
179	160
179	160
180	160
181	161
181	161
181	161
181	161
181	161
181	161
181	161
181	161
181	161
181	161
181	161
181	161
181	161
181	161
181	161
181	161
181	161
181	161
181	161
181	161
181	161
181	161
181	161
181	161
181	161
181	161
181	161
181	161
182	161
182	162
182	162
182	162
182	162
183	162
183	163
183	163
183	163
183	163
183	163
184	163
184	163
184	163
184	163
184	163
184	163
184	163
184	163
185	163
185	164
185	164
185	164
185	164
185	164
185	164
185	164
185	164
185	164
185	164
185	164
185	164
186	164
186	164
186	164
186	164
186	164
186	164
186	164
186	164
186	164
186	164
186	164
186	164
186	164
186	164
186	164
186	164
186	164
186	164
186	164
186	164
186	164
186	164
186	164
186	164
186	164
186	164
186	164
186	164
186	164
186	164
186	164
186	164
186	164
186	164
186	164
186	164
187	164
187	165
187	165
187	165
187	165
187	165
187	165
187	165
187	165
187	165
187	165
188	165
189	165
189	165
189	165
189	165
189	165
189	165
189	165
189	165
189	165
190	165
190	166
190	166
190	166
190	166
190	166
190	166
190	166
190	166
190	166
190	166
190	166
190	166
190	166
190	166
190	166
190	166
190	166
190	166
190	166
190	166
190	166
190	166
190	166
191	166
191	166
191	166
191	166
191	166
191	166
191	166
191	166
191	166
191	166
191	166
191	166
191	166
192	166
192	167
192	167
192	167
192	167
192	167
192	167
192	167
192	167
192	168
192	168
192	168
193	168
193	168
193	168
193	168
193	168
193	168
193	168
194	168
194	169
194	169
194	169
194	169
194	169
194	169
194	169
194	169
194	169
194	169
194	169
195	169
195	170
195	170
195	170
195	170
195	170
195	170
195	170
195	170
195	170
195	170
195	170
195	170
195	170
195	170
195	170
195	170
195	170
195	170
195	170
195	170
195	170
195	170
195	170
195	170
196	171
196	172
196	172
196	172
196	172
197	172
197	172
197	172
198	172
198	173
199	174
199	174
199	174
199	174
199	174
199	175
199	175
199	175
199	175
199	175
199	175
199	175
199	175
199	175
199	175
199	175
199	176
199	176
199	176
199	176
200	176
200	177
200	177
200	177
200	177
200	177
200	177
200	177
200	177
200	177
200	177
200	177
200	177
200	177
200	177
200	177
201	177
201	178
201	178
201	178
201	179
201	179
201	179
201	179
201	179
201	179
201	179
201	179
201	179
201	180
201	180
201	180
201	180
201	180
201	180
202	180
202	181
202	181
202	181
202	181
202	181
202	181
202	181
202	181
202	181
203	181
203	181
203	181
203	181
203	181
204	181
204	182
204	182
204	182
204	182
204	182
204	182
204	182
204	182
204	182
204	182
204	182
204	182
204	182
204	182
204	182
205	182
205	183
205	183
205	183
205	183
205	183
205	183
205	183
205	183
205	183
205	183
205	183
205	183
205	183
205	183
205	184
205	184
206	184
206	184
206	184
206	184
206	184
206	184
206	184
206	184
206	184
206	184
206	185
206	185
206	185
206	185
206	185
206	185
206	185
206	185
206	185
206	185
206	185
206	185
206	185
206	185
206	185
206	185
206	186
206	186
206	187
206	187
207	188
207	189
207	189
207	189
207	189
207	189
207	189
207	189
207	189
207	189
207	189
207	189
207	189
207	189
207	189
207	189
207	189
207	189
207	189
207	189
207	189
207	189
207	189
207	189
207	189
207	189
207	189
207	189
207	189
207	189
207	189
207	189
207	189
207	189
207	189
208	190
209	191
209	191
209	191
209	191
209	191
209	191
209	191
209	191
209	191
209	191
209	191
209	191
209	191
209	191
209	191
209	191
209	191
210	191
210	192
210	192
210	192
210	192
210	192
210	192
210	192
210	192
210	192
210	192
210	192
210	192
210	192
210	192
210	192
210	192
211	192
211	192
211	192
211	192
211	192
211	192
211	192
211	192
211	192
211	192
211	192
211	192
211	192
212	192
213	193
213	194
213	194
213	194
213	194
213	194
213	194
213	194
213	194
213	194
213	194
213	194
213	195
213	195
213	195
214	195
214	196
214	196
214	196
214	196
214	196
214	196
215	197
215	197
216	197
216	197
216	197
216	197
216	197
216	197
216	197
216	197
216	197
216	197
216	197
216	197
216	197
216	197
216	197
216	197
217	197
217	198
217	198
217	198
217	198
218	198
218	198
218	198
218	198
218	198
218	198
218	198
218	198
218	198
218	198
218	198
218	198
218	198
218	198
218	198
218	198
218	198
218	198
218	198
218	198
218	198
218	198
218	198
218	198
218	198
218	198
218	198
218	198
218	198
218	198
218	199
218	199
218	199
218	199
218	199
219	200
219	200
219	200
219	200
219	200
219	200
219	200
219	201
219	201
219	201
219	201
219	201
219	201
219	201
219	201
219	201
219	201
219	201
219	201
219	201
219	201
219	201
219	201
219	201
219	201
219	201
219	201
219	201
220	201
220	201
220	201
220	201
220	201
220	202
220	202
220	202
220	202
220	202
220	202
220	202
220	203
220	203
220	203
220	203
220	203
220	203
220	203
221	203
222	204
222	204
222	204
222	205
222	205
222	205
222	205
222	205
222	205
222	205
222	205
222	205
222	205
222	205
222	205
222	205
222	205
222	206
222	206
222	206
222	206
222	206
222	206
222	206
222	206
222	206
222	206
222	206
222	206
222	206
222	206
222	206
222	206
223	206
223	206
223	206
224	206
224	206
224	206
224	206
224	206
224	206
224	206
224	206
224	206
225	206
225	206
225	206
225	206
225	206
225	206
225	206
225	206
225	206
225	206
225	206
225	206
225	207
225	207
225	207
225	207
225	207
225	207
225	207
225	207
225	207
225	207
225	207
225	207
225	207
225	207
225	207
225	207
225	207
225	207
225	207
225	207
225	207
225	207
225	207
225	207
225	207
225	207
225	207
225	207
225	207
225	207
225	207
225	207
225	207
225	207
226	207
226	208
226	208
226	208
226	208
226	208
226	208
226	209
227	209
227	209
227	209
227	209
227	209
227	209
228	209
228	209
228	209
228	209
228	209
228	209
228	209
228	209
228	209
228	209
228	209
228	209
228	209
228	209
228	209
228	209
228	209
228	209
228	209
228	209
228	209
228	209
228	209
228	209
228	209
228	209
228	209
228	209
228	209
228	209
228	209
228	209
228	209
228	209
228	209
228	209
228	209
228	209
228	209
228	209
228	209
228	209
228	209
228	209
228	209
228	209
228	209
228	209
228	209
228	209
228	209
228	209
228	209
228	209
228	209
229	209
229	210
229	210
229	210
229	210
229	210
229	210
229	210
229	210
229	210
229	210
229	210
229	210
229	210
229	210
229	210
229	210
229	210
229	210
229	210
229	210
229	210
229	210
229	210
229	210
229	210
229	210
230	210
230	210
230	210
230	210
230	210
230	210
230	210
230	210
230	210
230	210
230	210
230	210
230	210
230	210
230	210
230	210
230	210
230	210
230	210
230	210
230	210
230	210
230	210
230	210
230	210
230	210
230	210
230	210
230	210
230	210
230	210
230	210
230	210
230	210
230	210
230	210
230	210
230	210
230	210
230	210
230	210
230	210
230	210
230	210
230	210
230	210
230	210
230	210
230	210
230	210
230	210
230	210
230	210
230	210
230	210
230	210
230	210
230	210
230	210
230	210
230	210
230	210
230	210
230	210
230	210
230	210
230	210
230	210
230	210
230	210
230	210
230	210
230	210
230	210
230	210
230	210
230	210
230	210
230	210
230	210
230	210
230	210
230	210
230	210
230	210
230	210
230	210
230	210
230	210
230	210
230	210
230	210
230	210
230	210
230	210
230	210
230	210
230	210
230	210
230	210
230	210
230	210
230	210
230	210
230	210
230	210
230	210
230	210
230	210
230	210
230	210
230	210
230	210
230	210
230	210
230	210
230	210
230	210
230	210
230	210
230	210
230	210
230	210
230	210
230	210
230	210
230	210
230	210
230	210
230	210
230	210
230	210
230	210
230	210
230	210
230	210
230	210
230	210
230	210
230	210
230	210
230	210
230	210
230	210
230	210
230	210
230	210
231	210
231	211
231	211
231	211
231	211
231	211
231	211
231	211
231	211
231	211
231	211
231	211
231	211
231	211
231	211
231	211
231	211
231	211
231	211
231	211
231	211
231	211
231	211
231	211
231	211
231	211
231	211
231	211
231	211
231	211
231	211
232	211
232	212
232	212
232	212
232	212
232	213
232	213
232	213
232	213
232	213
232	213
232	213
232	213
232	213
232	213
232	213
232	213
232	213
232	213
232	213
232	213
232	213
232	213
232	213
232	213
232	213
232	213
232	213
232	213
232	213
232	213
232	213
232	213
232	213
232	213
232	213
232	213
232	213
232	213
232	213
232	213
232	213
232	213
232	213
232	213
233	213
233	214
233	214
233	214
233	214
233	214
233	214
233	214
233	214
233	214
233	214
233	214
233	214
233	214
233	214
233	214
233	214
233	214
233	214
233	214
233	214
233	214
233	214
233	214
233	214
233	214
233	214
233	214
233	214
233	214
233	214
233	214
233	214
233	214
233	214
233	214
233	214
233	214
233	214
233	214
233	214
233	214
233	214
233	214
233	214
233	214
233	214
233	214
233	214
233	214
233	214
233	214
233	214
233	214
233	214
233	214
233	214
233	214
233	214
233	214
233	214
233	214
233	214
233	214
233	214
233	214
233	214
233	214
233	214
233	214
233	214
233	214
233	215
233	215
233	215
233	215
233	215
233	215
233	215
233	215
233	216
233	216
233	216
233	216
233	216
233	216
233	216
233	216
233	216
234	216
234	217
234	217
234	217
234	217
234	217
234	217
234	217
234	217
234	217
234	217
234	217
234	217
234	217
234	217
234	217
234	217
235	217
236	218
236	219
236	219
236	219
236	219
236	219
236	219
236	219
236	219
236	219
236	219
236	219
236	219
236	219
236	219
236	219
236	219
237	219
237	219
237	219
237	219
237	219
237	219
237	219
237	219
237	219
237	219
237	219
237	219
237	219
237	219
237	219
237	219
237	219
237	219
237	219
237	219
237	219
237	219
237	219
237	219
237	219
237	219
237	219
237	219
237	219
237	219
237	219
237	219
237	219
237	219
237	219
237	219
237	219
237	219
237	219
237	219
237	219
237	219
237	219
237	219
237	219
237	219
237	219
237	219
237	219
237	219
237	219
237	219
237	219
237	219
237	219
237	219
237	219
237	219
237	219
237	219
237	219
237	219
237	219
237	219
237	219
237	219
237	219
237	219
237	219
237	219
237	219
237	219
237	219
237	219
237	219
237	219
237	219
237	219
237	219
237	219
237	219
237	219
237	219
237	219
237	219
237	219
237	219
237	219
237	219
237	219
237	219
237	219
237	219
237	219
237	219
237	219
237	219
237	219
237	219
237	219
237	219
237	219
237	219
237	219
237	219
237	219
237	219
237	219
237	219
237	219
237	219
237	219
237	219
237	219
237	219
237	219
237	219
237	219
237	219
237	219
237	219
237	219
238	219
238	219
238	219
238	219
238	219
238	219
238	219
238	219
238	219
238	219
238	219
238	219
238	219
238	219
238	219
238	219
238	219
238	219
238	219
238	219
238	219
238	219
238	219
238	219
238	219
238	219
238	219
238	219
238	219
238	219
238	219
238	219
238	219
238	219
238	219
238	219
238	219
238	219
238	219
238	219
238	219
238	219
238	219
238	219
238	219
238	219
238	219
238	219
238	219
238	219
238	219
238	219
238	219
238	219
238	219
238	219
238	219
238	219
238	219
238	219
238	219
238	219
238	219
238	219
238	219
238	219
238	219
238	219
238	219
238	219
238	219
238	219
238	219
238	219
238	219
238	219
238	219
238	219
238	219
238	219
238	219
239	219
239	220
239	220
239	220
239	220
239	220
239	220
239	220
239	220
239	220
239	220
239	220
239	220
239	220
239	220
239	220
239	220
239	220
239	220
239	220
239	220
239	220
239	220
239	220
239	220
239	220
239	220
239	220
239	220
239	220
239	220
239	220
239	220
239	220
239	220
239	220
239	220
239	220
239	220
239	220
239	220
239	220
239	220
239	220
239	220
239	220
239	220
239	220
239	220
239	220
239	220
239	220
239	220
239	220
239	220
239	220
239	220
239	220
239	220
239	220
239	220
239	220
239	220
239	220
239	220
239	220
239	220
239	220
239	220
239	220
239	220
239	220
239	220
239	220
239	220
239	220
239	220
239	220
239	220
239	220
239	220
239	220
239	220
239	220
239	220
239	220
239	220
239	220
239	220
239	220
239	220
239	220
239	220
239	220
239	220
239	220
239	220
239	220
239	220
239	220
239	220
239	220
239	220
239	220
239	220
239	220
239	220
239	220
239	220
239	220
239	220
239	220
239	220
239	220
239	220
239	220
239	220
239	220
239	220
239	220
239	220
239	220
239	220
239	220
239	220
239	220
239	220
239	220
239	220
239	220
239	220
239	220
239	220
239	220
239	220
239	220
239	220
239	220
239	220
239	220
239	220
239	220
239	220
239	220
239	220
239	220
239	220
239	221
239	221
239	221
239	221
239	221
239	221
239	221
239	221
239	221
239	221
239	221
239	221
239	221
239	221
239	221
239	221
239	221
239	221
239	221
239	221
239	221
239	221
239	221
239	221
239	221
239	221
239	221
239	221
239	221
239	221
239	221
239	221
239	221
239	221
239	221
239	221
239	221
239	221
239	221
239	221
239	221
239	221
239	221
239	221
239	221
239	221
239	221
239	221
239	222
239	222
239	222
239	222
239	222
239	222
239	222
239	222
239	222
239	222
239	222
239	222
239	222
239	222
239	222
239	222
239	222
239	222
239	222
239	222
239	222
239	222
239	222
239	222
239	222
239	222
239	222
239	222
239	222
239	222
239	222
239	222
239	222
239	222
239	222
239	222
239	222
239	222
239	222
239	222
239	222
239	222
239	222
239	222
239	222
239	222
239	222
239	222
239	222
239	222
239	222
239	222
239	222
239	222
239	222
239	222
239	222
239	222
239	222
239	222
239	222
239	222
239	222
239	222
239	222
239	222
239	222
239	222
239	222
239	222
239	222
239	222
239	222
239	222
239	222
239	222
239	222
239	222
239	222
239	222
239	222
239	222
239	222
239	222
239	222
239	222
239	222
239	222
239	222
239	222
239	222
239	222
239	222
239	222
239	222
239	222
239	222
239	222
239	222
239	222
239	222
239	222
239	222
239	222
239	222
239	222
239	222
239	222
239	222
239	222
239	222
239	222
239	222
239	222
239	222
239	222
239	222
239	222
239	222
239	222
239	222
239	222
239	222
239	222
239	222
239	222
239	222
239	222
239	222
239	222
239	222
239	222
239	222
239	222
239	222
239	222
239	222
239	222
239	222
239	222
239	222
239	222
239	222
239	222
239	222
239	222
239	222
239	222
239	222
239	222
239	222
239	222
239	222
239	222
239	222
239	222
239	222
239	222
239	222
239	222
239	222
239	222
239	222
239	222
239	222
239	222
239	222
239	222
239	222
239	222
239	222
239	222
239	222
239	222
239	222
239	222
239	222
239	222
239	222
239	222
239	222
239	222
239	222
239	222
239	222
239	222
239	222
239	222
239	222
239	222
239	222
239	222
239	222
239	222
239	222
239	222
239	222
239	222
239	223
239	223
239	223
239	223
239	223
239	223
239	223
239	223
239	223
239	223
239	223
239	223
239	223
239	223
239	223
240	223
240	224
240	224
240	224
240	225
240	225
241	225
241	225
241	225
241	225
241	225
241	225
241	225
241	225
241	225
241	225
241	225
241	225
241	225
241	225
241	225
242	225
242	225
242	225
242	225
242	225
242	226
242	226
242	226
242	226
242	226
242	226
242	226
243	226
243	226
243	226
243	226
243	226
243	226
243	226
243	226
243	226
243	226
243	226
243	226
243	226
243	226
243	226
243	226
243	226
243	226
243	226
243	226
243	226
243	226
243	226
243	226
244	226
244	227
244	227
244	227
244	227
244	227
244	228
244	228
244	228
244	228
244	228
244	228
244	228
244	228
245	228
245	228
245	228
246	228
246	228
246	228
246	228
246	228
246	228
246	228
246	228
246	228
246	228
246	228
247	228
247	229
247	229
247	229
247	229
247	229
248	229
248	229
248	230
248	230
248	230
248	230
248	230
248	230
248	230
249	230
249	231
249	231
249	231
249	231
249	231
249	231
249	231
249	231
249	231
249	231
249	231
249	231
249	231
249	231
250	231
250	231
250	231
250	231
250	231
250	231
250	231
250	231
250	231
250	231
250	231
250	231
250	231
250	231
250	231
250	232
250	232
250	232
250	232
250	232
250	232
250	232
250	232
250	233
251	233
251	234
251	234
251	234
251	234
251	234
251	234
251	234
251	234
251	234
251	234
252	234
253	234
254	234
254	234
254	234
254	234
254	234
254	234
254	234
254	234
254	234
254	234
254	234
254	234
254	234
254	235
254	235
254	236
254	236
254	236
254	236
254	236
254	236
254	236
254	236
254	236
254	236
254	236
254	236
255	236
255	236
255	236
255	236
255	236
255	236
255	236
255	236
255	236
255	236
255	236
256	236
256	236
256	236
256	236
256	236
256	236
256	236
256	236
256	236
256	236
256	236
256	236
256	236
256	236
256	236
256	236
256	236
256	236
257	236
257	237
257	237
257	237
257	237
257	237
257	237
257	237
257	237
257	237
257	237
257	237
257	237
257	237
257	237
257	237
257	237
257	237
257	237
257	237
257	237
257	237
257	237
257	237
257	237
257	237
257	237
257	237
257	237
257	237
257	237
257	237
257	237
257	237
257	237
257	237
257	237
258	237
258	237
258	237
258	237
258	237
258	237
258	237
258	237
258	237
258	237
258	237
258	237
258	237
258	237
258	237
258	237
258	237
258	237
258	237
258	237
258	237
258	237
258	237
258	237
258	237
258	237
259	237
259	-1
259	-1
259	-1
259	-1
259	-1
259	-1
