-1	0
-1	0
-1	0
-1	0
-1	0
-1	0
-1	0
-1	0
-1	0
-1	0
-1	0
-1	0
-1	0
-1	0
-1	0
-1	0
-1	0
-1	0
-1	0
-1	0
-1	0
-1	0
-1	0
-1	0
-1	0
-1	0
-1	0
-1	0
-1	0
-1	0
-1	0
-1	0
-1	0
-1	0
-1	0
-1	0
-1	0
-1	0
-1	0
-1	0
-1	0
-1	0
-1	0
-1	1
-1	1
-1	1
-1	1
-1	1
-1	1
-1	1
-1	1
-1	1
-1	1
-1	1
-1	1
-1	1
-1	1
-1	1
-1	1
-1	1
-1	1
-1	1
-1	1
-1	1
-1	1
-1	1
-1	1
-1	1
-1	1
-1	1
-1	1
-1	1
-1	1
-1	1
-1	2
-1	2
-1	2
-1	3
-1	3
-1	3
-1	3
-1	3
-1	3
-1	3
-1	3
-1	3
-1	3
-1	3
-1	3
-1	4
-1	4
-1	4
-1	4
-1	4
-1	4
-1	4
-1	4
-1	4
-1	4
-1	4
-1	4
-1	4
-1	4
-1	4
-1	4
-1	4
-1	4
-1	4
-1	4
-1	4
-1	4
-1	4
-1	4
-1	4
-1	4
0	4
0	5
0	5
0	5
0	5
0	5
0	5
0	5
0	5
0	5
0	5
0	5
1	5
1	6
1	6
1	6
1	6
1	6
1	6
1	6
1	6
1	6
1	6
2	7
2	7
2	7
2	7
2	7
2	7
2	7
2	7
2	7
2	7
2	7
2	7
2	7
2	7
2	7
2	7
2	7
2	7
3	7
3	7
3	7
3	7
3	7
3	7
3	7
3	7
3	7
3	7
3	7
3	7
3	7
3	7
3	7
3	7
3	7
3	7
4	7
4	7
4	7
4	7
4	7
4	7
4	7
4	7
4	7
4	7
4	7
4	7
4	7
4	7
4	7
4	7
4	7
4	7
4	7
4	7
4	7
4	7
4	7
4	7
4	7
4	7
4	7
4	7
4	7
4	7
4	7
4	7
4	7
4	7
4	7
4	7
4	7
4	7
4	7
4	7
4	7
4	7
4	7
4	7
4	7
4	7
4	7
4	7
4	7
4	7
4	7
4	7
4	7
4	7
4	7
4	7
4	7
4	7
4	7
4	7
4	7
4	7
4	7
4	7
4	7
4	7
4	7
4	7
4	7
4	7
4	7
4	7
4	7
4	7
4	7
4	7
4	7
4	7
4	7
4	7
4	7
4	7
4	7
4	7
4	7
5	8
5	8
5	9
5	9
5	9
5	9
5	9
5	9
5	9
5	9
5	9
5	9
5	9
5	9
5	9
5	9
5	9
5	9
5	9
5	9
5	9
5	9
5	9
5	9
5	9
5	9
5	9
5	9
5	9
5	9
5	9
5	9
5	9
5	9
5	9
5	9
5	9
5	9
5	9
5	9
5	9
5	9
5	9
5	9
5	9
5	9
5	9
5	9
5	9
5	9
5	9
5	10
5	10
5	10
6	10
6	11
6	11
6	11
6	11
6	11
6	11
6	11
6	11
6	11
6	11
6	11
6	11
6	11
6	11
6	11
6	11
6	11
6	11
6	11
6	11
6	11
6	11
6	11
6	11
6	11
6	11
6	11
6	11
6	11
6	11
6	11
6	11
7	11
7	11
7	11
7	11
7	11
7	11
7	11
7	11
7	11
7	11
7	11
7	11
7	11
7	11
7	11
7	11
7	12
7	12
7	12
7	12
7	12
7	12
7	12
7	12
7	12
7	12
7	12
7	12
7	12
7	12
7	12
7	12
7	12
7	12
7	12
7	12
7	12
7	12
7	12
7	12
7	12
7	12
7	12
7	12
7	12
7	12
7	12
7	12
7	12
7	12
7	12
7	12
7	12
7	12
7	12
7	12
7	12
7	12
7	12
7	12
7	12
7	12
7	12
7	13
7	13
7	13
7	13
7	13
7	13
7	13
7	13
7	13
7	13
7	13
7	13
7	13
7	13
7	13
7	13
7	13
7	13
7	13
8	13
8	14
9	14
9	14
9	14
9	14
9	14
9	14
9	14
9	14
9	14
9	14
9	14
9	14
9	14
9	14
9	14
9	14
9	14
9	14
9	14
9	14
9	14
9	14
9	14
9	14
9	14
9	14
9	14
9	14
9	14
9	14
9	14
9	14
9	14
9	14
9	14
9	14
9	14
9	14
9	14
9	14
9	14
9	14
9	14
9	14
9	14
9	14
9	14
9	14
9	14
9	14
9	14
9	14
9	14
9	14
9	14
9	14
9	14
9	14
9	14
9	14
9	14
9	14
9	14
9	14
9	14
9	14
9	14
9	14
9	14
9	14
9	14
9	14
9	14
9	14
9	14
10	14
10	15
10	15
10	15
10	16
10	16
10	16
11	16
11	17
11	17
11	17
11	17
11	17
11	17
12	17
12	17
12	17
12	17
12	17
12	17
13	17
13	17
13	17
13	17
13	17
13	17
13	17
13	17
13	17
13	17
13	17
13	17
13	17
13	17
13	17
13	17
13	17
13	17
13	17
13	17
13	17
13	17
13	17
13	17
13	17
13	17
13	17
13	17
14	17
15	18
15	19
15	19
15	19
15	19
15	19
15	19
15	19
15	19
15	19
15	19
15	20
15	20
15	20
15	20
15	20
15	20
15	20
15	20
15	20
15	20
15	20
15	20
15	20
15	20
15	20
15	20
15	21
15	21
15	21
15	21
15	21
15	21
15	21
15	21
15	21
15	21
15	21
15	21
15	21
15	21
15	21
15	21
15	21
15	21
15	21
15	21
15	21
15	21
15	21
15	21
15	21
15	21
15	21
15	21
15	21
16	21
16	22
16	22
16	22
16	22
16	22
16	22
16	22
16	22
17	22
17	23
17	23
17	23
17	24
17	24
18	24
18	24
18	24
19	24
19	24
19	25
19	25
19	25
19	25
19	25
19	25
19	25
19	25
19	25
19	25
19	25
19	25
19	25
19	25
20	25
20	25
20	25
20	25
20	25
20	25
20	25
20	25
20	25
20	25
20	25
20	25
20	25
20	25
20	25
20	25
21	25
21	26
22	26
23	27
23	27
23	27
23	27
23	27
23	27
23	27
23	27
23	27
23	27
23	27
23	27
23	27
23	27
23	27
23	27
24	27
24	27
24	27
24	27
24	27
24	27
24	27
24	27
24	27
24	27
24	27
24	27
24	27
24	27
24	27
25	27
25	28
25	28
25	28
25	28
25	28
25	28
25	29
25	29
25	29
25	29
25	29
25	29
25	29
25	29
25	29
25	29
25	29
25	29
25	29
25	29
25	29
25	29
26	30
26	31
26	31
26	31
26	31
27	31
27	31
27	31
27	31
27	31
27	31
27	31
27	31
27	31
27	31
27	31
27	31
27	31
27	31
27	31
27	31
28	31
28	31
28	31
28	31
28	31
28	31
28	31
28	31
28	31
29	31
29	31
29	31
29	31
29	31
29	31
29	31
29	31
29	31
29	31
29	31
29	31
29	31
29	31
29	31
29	31
29	31
29	31
29	31
29	31
29	31
29	31
29	31
29	31
29	31
29	31
29	31
29	31
29	31
29	31
29	31
29	31
29	31
30	31
30	32
30	32
30	32
30	32
30	32
30	32
30	32
30	32
30	32
30	32
30	32
30	32
30	32
30	32
31	32
31	32
31	32
31	32
31	32
31	32
31	32
31	32
31	32
31	32
31	32
31	32
31	32
31	32
31	32
31	32
31	32
31	32
31	32
31	32
31	32
31	32
31	32
31	32
31	32
31	32
31	32
31	32
31	32
31	32
31	32
31	32
31	32
31	32
31	32
31	32
31	32
31	32
31	32
31	32
31	32
31	32
31	32
31	32
31	32
31	32
31	32
31	32
31	32
31	32
31	32
31	32
31	32
31	32
31	32
31	32
31	32
31	32
31	32
31	32
31	32
31	32
31	32
31	32
31	32
31	32
31	32
31	32
31	32
31	32
31	32
32	32
32	32
32	32
32	32
32	32
33	32
33	32
33	32
33	32
33	32
33	32
33	32
33	32
33	32
33	32
33	32
33	32
33	32
34	32
34	33
34	33
34	33
34	33
34	34
34	34
34	34
34	34
34	34
34	34
34	34
34	34
34	34
34	34
34	34
34	34
34	34
34	34
34	34
34	34
34	34
34	34
34	34
34	34
34	34
34	34
34	34
34	34
34	34
34	34
34	34
34	34
34	34
34	34
34	34
34	34
34	34
34	34
34	34
34	35
34	35
34	36
34	36
34	36
34	36
34	36
34	36
34	36
34	36
34	36
34	36
34	36
34	36
34	36
34	36
34	36
35	36
35	37
35	37
35	37
35	37
35	37
35	37
35	37
35	37
35	37
35	37
36	38
36	39
36	39
36	39
36	39
36	39
36	39
36	39
36	39
37	39
37	39
37	39
37	39
37	39
37	39
37	39
37	39
37	39
38	39
38	40
39	40
39	41
39	41
39	41
39	41
39	41
39	41
39	41
39	41
39	41
39	41
39	41
39	41
39	41
39	41
39	41
39	41
39	41
39	41
39	41
39	41
39	41
39	41
39	41
39	41
39	41
39	41
39	41
39	41
39	41
39	41
39	41
39	41
39	41
39	41
39	41
39	41
39	41
39	41
39	41
39	41
39	41
39	41
39	41
39	41
39	41
39	41
39	41
39	41
40	41
40	42
40	42
40	42
40	42
40	42
41	43
41	44
41	44
41	44
41	44
41	44
41	44
41	44
41	44
41	44
41	44
41	44
42	44
42	45
42	45
42	45
42	45
42	45
42	45
42	45
42	45
42	45
42	45
42	45
43	45
43	46
43	46
43	46
43	46
43	46
43	46
43	46
44	46
44	46
44	46
44	46
44	46
44	46
44	46
44	46
44	46
44	46
44	46
44	46
44	46
44	46
44	46
44	46
44	46
44	46
44	46
44	46
44	46
44	46
44	46
44	46
44	46
44	46
45	46
45	47
45	47
45	47
45	47
45	47
45	47
45	47
45	47
45	47
45	47
45	47
45	47
45	47
45	47
45	47
45	47
45	47
45	47
45	47
45	47
45	47
45	47
45	47
45	47
45	47
45	47
45	47
45	47
45	47
45	47
45	47
45	47
45	47
45	47
45	47
46	47
46	48
46	48
46	48
46	48
46	48
46	48
46	48
46	48
46	48
46	48
46	48
46	48
46	48
46	48
46	48
46	48
46	48
46	48
46	48
46	48
46	48
46	48
46	48
46	48
46	48
46	48
46	48
46	48
46	48
46	48
47	48
47	48
47	48
47	48
47	48
47	48
47	48
47	48
47	48
47	48
47	48
47	48
47	48
47	48
47	48
47	48
47	48
47	48
47	48
47	48
47	48
47	48
47	48
48	48
48	48
48	48
49	48
49	49
49	49
49	49
49	49
49	49
49	49
49	49
50	49
50	50
50	50
50	50
50	50
50	50
50	50
50	50
50	50
50	50
50	50
50	50
50	50
50	50
50	50
50	50
50	50
50	50
50	50
50	50
50	50
50	50
50	50
50	50
50	50
50	50
50	50
50	50
50	50
50	50
50	50
50	50
50	50
50	50
50	50
50	51
50	51
50	51
50	51
50	51
50	51
50	51
50	51
50	51
50	51
50	51
50	51
50	51
50	51
50	51
50	51
50	51
50	51
50	51
50	51
50	51
50	51
50	51
50	51
50	51
50	51
50	51
50	51
50	51
50	51
50	51
50	51
50	51
50	51
50	51
50	51
50	51
50	51
50	51
50	51
50	51
50	51
51	51
51	51
51	52
51	52
51	52
51	52
51	52
51	52
51	52
51	52
51	52
51	52
51	52
51	52
51	52
51	52
51	52
52	52
52	53
52	53
52	53
52	53
52	53
52	53
52	53
52	54
52	54
52	54
52	54
52	54
52	54
52	54
52	54
52	54
52	54
52	54
52	54
52	54
52	54
52	54
52	54
52	54
52	54
52	54
52	54
53	54
53	55
53	55
53	55
53	55
53	55
53	55
53	55
53	55
53	55
53	55
53	55
53	55
53	55
53	55
53	55
53	55
53	55
53	55
53	55
53	55
53	55
53	55
53	55
53	55
53	55
53	55
53	55
53	55
53	55
53	55
53	55
53	55
53	55
53	56
53	56
54	56
55	57
55	58
55	58
55	58
55	58
55	58
55	58
55	58
55	58
55	58
55	58
55	58
55	58
55	58
55	58
55	58
55	58
55	58
55	58
55	58
55	58
55	58
55	58
55	58
55	58
55	58
55	58
55	58
55	58
55	58
55	58
55	58
55	59
56	59
56	59
57	59
57	59
57	59
57	59
57	59
57	59
57	59
57	59
57	59
57	59
57	59
57	59
57	59
57	59
57	59
57	59
57	59
57	59
57	59
57	59
57	59
57	59
57	59
57	59
57	59
57	59
57	59
57	59
57	59
57	59
57	59
57	59
57	59
57	59
57	59
57	59
57	59
57	59
57	59
57	59
57	59
57	59
57	59
57	59
57	59
57	59
57	59
57	59
57	59
57	59
57	59
57	59
57	59
57	59
57	59
57	59
58	60
58	61
58	61
58	61
59	61
59	62
59	62
60	62
60	63
60	63
60	63
61	63
61	63
61	63
61	63
61	64
61	64
61	64
61	64
61	64
61	64
61	64
61	64
61	64
61	64
61	64
61	64
61	64
61	64
61	64
61	64
61	64
61	64
61	64
61	64
61	64
61	64
61	64
61	64
61	64
61	64
61	64
61	64
61	64
61	64
61	64
61	64
61	64
61	64
61	64
61	64
61	64
61	64
61	64
61	64
61	64
61	64
61	64
61	64
61	64
61	64
61	64
61	64
61	64
61	64
61	64
61	64
61	64
61	64
61	64
61	64
61	64
61	64
61	64
61	64
61	64
61	64
61	64
61	64
61	64
61	64
61	64
61	64
61	64
61	64
61	64
61	64
62	64
62	65
62	65
62	65
62	65
62	65
63	65
63	66
63	66
63	66
63	66
63	66
63	66
63	66
63	67
63	67
63	67
63	67
63	67
63	67
63	67
63	67
64	67
64	67
64	67
64	67
64	67
64	67
64	67
64	67
64	68
64	68
64	68
64	68
64	69
64	69
64	69
64	69
64	69
64	69
64	69
64	69
64	70
64	70
64	70
64	70
64	70
64	70
64	70
64	70
64	70
64	70
64	70
64	70
64	70
64	70
64	70
64	70
64	70
64	70
64	70
64	70
64	70
64	70
64	70
64	70
64	70
64	70
64	70
64	70
64	71
65	71
65	71
65	71
65	71
65	71
65	71
65	71
65	71
65	71
65	71
65	71
65	71
65	71
65	71
65	71
65	71
65	71
65	71
65	71
65	72
65	72
65	72
65	72
65	72
65	72
65	72
66	72
66	72
66	72
67	72
67	73
67	73
68	73
69	74
69	75
69	75
69	75
69	75
69	75
69	75
69	75
69	75
69	75
69	75
69	75
69	75
69	75
69	75
69	75
69	75
69	75
69	75
69	75
69	75
69	75
69	75
69	75
69	75
69	75
69	75
69	75
69	75
69	75
69	75
69	75
69	75
69	75
69	75
70	75
70	76
70	76
70	76
70	76
71	76
71	77
71	77
71	77
71	77
71	77
71	77
71	77
71	77
71	77
71	77
71	77
71	77
71	77
71	77
71	77
71	77
71	77
72	77
72	78
72	78
72	78
72	78
72	78
72	78
72	78
72	78
72	78
72	78
72	78
72	78
72	78
72	78
72	78
72	78
72	78
72	78
72	78
72	78
72	78
72	78
72	78
72	78
72	78
72	78
72	78
72	78
72	78
72	78
72	79
72	79
72	79
72	79
72	79
72	79
72	79
72	79
72	79
72	79
72	79
72	79
72	79
72	79
72	79
72	79
72	79
73	79
73	80
73	80
73	80
73	80
73	80
73	80
73	80
73	80
73	80
73	80
73	80
73	80
73	80
73	80
73	80
73	80
73	80
73	80
73	80
73	80
73	80
73	80
73	80
73	80
73	80
73	80
73	80
73	80
73	80
73	80
73	80
73	80
73	80
73	80
73	80
73	80
73	80
73	80
73	80
73	80
73	80
73	80
73	80
73	80
74	80
74	80
74	80
74	80
74	80
74	80
74	80
74	80
74	80
74	80
74	80
74	80
74	80
74	80
75	80
76	81
76	82
76	82
76	82
76	82
76	82
76	82
76	82
76	82
76	82
76	82
76	82
76	82
76	82
76	82
76	82
76	82
76	82
76	82
76	82
76	82
76	82
76	82
76	82
76	82
76	82
76	82
76	82
76	82
76	82
76	82
76	82
76	82
76	82
76	82
77	82
78	83
79	84
79	84
79	84
79	84
79	84
79	84
79	84
79	84
79	84
79	84
79	84
79	84
79	84
79	84
79	84
80	84
80	84
80	84
80	84
80	84
80	84
80	84
80	84
80	84
80	84
81	84
81	84
81	84
81	84
81	84
81	84
81	84
81	84
81	84
81	84
81	84
81	84
81	84
81	84
81	84
81	85
81	85
81	85
81	85
81	85
81	85
81	85
82	85
82	86
82	86
82	86
82	86
82	86
82	86
82	86
82	86
82	86
82	86
82	86
83	86
83	87
83	87
83	87
83	87
83	87
83	87
83	87
83	87
83	87
83	87
83	87
83	87
83	87
83	87
83	87
83	87
83	87
83	87
83	87
83	87
83	87
83	87
83	87
83	87
83	87
83	87
83	87
83	87
83	87
83	87
83	88
83	88
83	88
83	88
83	88
83	88
83	89
83	89
83	89
84	89
84	90
84	90
84	90
84	90
84	90
85	90
85	90
85	90
85	90
85	90
85	90
85	90
85	90
85	90
85	90
85	90
85	90
85	90
85	90
85	90
85	90
85	90
85	90
85	90
85	90
85	90
85	90
86	90
86	91
86	91
87	91
87	91
87	91
87	91
87	91
87	91
87	91
87	91
87	91
87	91
87	91
87	91
87	91
87	91
87	91
87	91
87	92
87	92
87	92
87	93
87	93
87	93
87	93
88	93
88	93
88	93
88	93
88	93
88	93
88	93
88	93
88	93
88	93
88	94
88	94
88	94
88	94
88	94
88	94
88	94
88	94
88	94
88	94
88	94
88	94
88	94
88	94
88	94
88	94
88	94
88	94
88	94
88	94
88	94
88	94
88	94
88	94
88	94
88	94
88	94
89	94
89	94
89	94
89	95
89	95
89	95
89	95
89	95
89	95
89	95
89	95
89	95
89	95
89	95
89	95
89	95
89	95
89	95
89	95
89	95
90	95
90	95
90	95
90	95
90	95
90	95
90	95
90	95
90	95
90	95
90	95
90	95
90	95
91	95
91	95
91	95
91	95
91	95
91	95
91	95
91	95
91	95
91	95
92	95
92	96
92	96
92	96
92	96
92	96
92	96
92	96
92	96
92	96
92	96
92	96
92	96
92	96
92	96
92	96
92	96
92	96
92	96
92	96
92	96
92	96
92	96
92	96
92	96
92	96
92	96
92	96
92	97
92	97
92	97
92	97
92	97
92	97
92	97
92	97
92	97
92	97
92	97
92	97
92	97
92	97
92	97
92	97
92	97
92	97
93	97
93	97
93	97
93	97
93	97
93	97
93	97
93	97
93	97
93	98
93	98
93	98
93	99
93	99
93	99
93	99
93	99
93	99
93	99
93	99
93	99
93	99
93	99
93	99
93	99
93	99
93	99
93	99
93	99
93	99
93	99
93	99
93	99
93	99
93	99
93	99
93	99
93	99
93	99
93	99
93	99
93	99
93	99
93	99
93	99
93	99
93	99
94	99
94	100
94	100
94	100
94	100
94	100
94	100
94	100
94	100
94	100
94	100
94	100
95	100
95	100
95	100
95	100
95	100
95	100
95	100
95	100
95	100
95	100
95	100
95	100
95	100
95	100
95	100
95	100
95	100
95	100
95	100
95	100
95	100
95	100
95	100
95	100
95	100
95	100
95	100
96	100
96	100
96	100
96	100
96	100
96	100
96	100
97	100
97	100
98	101
98	102
98	102
98	102
98	102
98	102
98	102
98	102
98	102
98	102
98	102
98	102
98	102
98	102
98	102
98	102
98	102
98	102
98	102
98	102
98	102
98	102
98	102
98	102
98	102
98	102
98	102
98	102
99	102
99	103
100	104
100	105
100	105
100	105
100	105
100	105
100	105
100	105
100	105
100	105
100	105
100	105
100	105
100	105
100	105
100	105
100	105
100	105
100	105
100	105
100	105
100	105
100	105
100	105
100	105
100	105
100	105
100	105
100	105
100	105
100	105
100	105
100	105
100	105
100	105
100	105
100	105
100	105
100	105
100	105
100	105
100	105
100	105
100	105
100	105
100	105
100	105
100	105
101	105
101	106
101	106
101	106
101	106
101	106
101	106
101	106
101	106
101	106
101	106
101	106
101	106
101	106
102	106
102	107
102	107
102	107
102	107
102	107
102	107
102	107
102	107
103	107
103	108
103	108
103	108
103	108
103	108
103	108
103	108
103	108
103	108
103	108
103	108
103	108
103	108
103	108
103	108
103	108
103	108
103	108
103	108
103	108
103	108
103	108
103	108
103	108
103	108
103	108
103	108
103	108
103	108
103	109
103	109
103	109
103	109
103	109
103	109
103	109
103	109
103	109
103	109
103	109
103	109
103	109
103	109
103	109
103	109
103	109
103	109
103	109
103	109
103	109
104	110
104	111
104	111
104	111
104	111
104	111
104	111
104	111
105	111
105	111
105	111
105	111
105	111
105	111
105	111
105	111
105	111
105	111
105	111
105	111
105	111
105	111
105	111
105	111
105	111
105	111
105	111
105	111
105	111
105	111
105	111
105	111
105	111
105	111
105	111
105	111
105	111
105	111
105	111
105	111
105	111
105	111
105	111
105	111
105	111
105	111
105	111
105	111
105	111
105	111
105	111
105	111
105	111
105	111
105	111
105	111
105	111
105	111
105	111
105	111
105	111
105	111
105	111
105	111
105	111
105	111
105	111
105	111
105	111
105	111
105	111
105	111
105	111
105	111
105	111
105	111
105	111
105	111
105	111
105	111
105	111
105	111
105	111
105	111
105	111
105	112
105	112
105	112
105	112
105	112
105	112
105	112
106	112
106	112
107	112
107	112
107	112
107	112
107	112
107	112
107	112
107	112
107	112
107	112
107	112
107	112
107	112
107	112
107	112
107	112
107	112
107	112
107	112
107	112
107	112
107	112
107	112
107	112
107	112
107	112
107	112
107	112
107	113
107	113
107	114
107	114
107	114
107	114
107	114
107	114
107	114
107	114
107	114
107	114
107	114
107	114
107	114
107	114
107	114
107	114
107	114
107	114
107	114
107	114
107	114
107	114
107	114
108	114
108	115
108	115
109	115
109	116
109	116
109	116
109	116
109	116
109	116
109	116
109	116
109	116
109	116
109	116
109	116
109	116
109	116
109	116
109	116
109	116
109	116
109	116
109	116
109	116
109	116
109	116
109	116
109	116
109	116
109	116
109	116
109	116
109	116
109	116
109	116
109	116
109	116
109	116
109	116
109	116
109	116
109	116
109	116
109	116
109	116
109	116
109	116
109	116
109	116
109	116
109	116
109	116
109	116
109	116
109	116
109	116
109	116
110	116
110	117
110	117
110	117
110	117
110	117
110	117
110	117
110	118
110	118
110	118
110	118
110	118
110	118
110	118
110	118
111	118
111	119
111	119
111	119
111	119
111	119
111	119
111	119
111	119
111	119
111	119
111	119
111	119
111	119
111	119
111	119
111	119
111	119
111	119
112	119
112	120
112	120
112	120
112	120
112	120
112	120
112	120
112	120
112	120
112	120
112	120
112	120
112	120
112	120
112	120
112	120
112	120
112	120
112	120
112	120
112	120
112	120
112	121
112	121
112	121
112	121
112	121
112	121
112	121
112	121
112	121
112	121
113	121
113	121
113	121
113	121
113	121
113	121
113	121
113	121
113	121
113	121
113	121
113	121
113	121
113	121
113	121
113	121
114	121
114	122
114	122
114	122
114	122
114	122
114	122
114	122
114	122
114	122
114	122
115	122
115	122
115	122
115	122
115	122
115	122
115	122
115	122
115	122
115	122
115	122
115	122
115	122
115	122
115	122
115	122
115	122
115	122
116	122
116	122
116	122
116	122
116	122
116	122
116	122
116	122
116	122
116	122
116	122
116	122
116	122
116	122
116	122
116	122
116	122
116	122
117	122
117	122
117	122
117	122
117	122
117	122
117	122
118	122
118	122
118	122
118	122
118	122
118	122
118	122
118	122
118	122
118	122
118	122
118	122
118	122
118	122
118	122
118	122
118	122
118	122
118	122
118	122
118	122
118	122
118	122
118	122
118	122
118	122
118	122
118	122
118	122
118	122
118	122
118	122
118	122
118	122
118	122
118	122
118	122
118	122
118	122
118	122
118	122
118	122
118	122
118	122
118	122
118	122
118	122
118	122
118	122
118	122
118	122
118	122
119	122
119	123
119	123
119	123
119	123
119	123
119	124
119	124
119	124
119	124
119	124
119	124
119	124
119	124
119	124
119	124
119	124
119	124
119	124
119	124
119	124
119	124
119	124
119	124
119	124
119	124
119	124
119	124
119	124
119	124
119	124
119	124
119	124
119	124
120	124
120	124
120	124
120	125
120	125
120	125
120	125
121	125
121	126
121	126
121	127
121	127
121	127
121	127
121	127
121	127
121	127
121	127
121	127
122	127
122	127
122	127
122	127
122	127
122	127
122	127
122	127
122	127
122	127
122	127
122	127
122	127
122	127
122	127
122	127
122	127
122	127
122	127
122	127
122	127
122	127
123	128
123	129
123	129
123	129
123	129
123	129
123	129
123	129
124	129
124	129
124	129
124	129
124	129
124	129
124	129
124	129
124	130
124	130
124	130
124	130
124	130
124	130
124	130
124	130
124	130
124	130
124	130
124	130
124	130
124	130
124	130
124	130
124	130
124	130
124	130
124	130
124	130
124	130
124	130
124	130
124	130
124	130
124	130
124	130
124	130
124	130
125	130
125	131
125	131
125	131
125	131
125	131
125	131
125	131
125	131
125	131
125	131
125	131
125	131
125	131
125	131
125	131
125	131
125	131
125	131
125	131
125	131
125	131
125	131
125	132
125	132
125	132
125	132
125	132
125	132
125	132
125	132
125	132
125	132
125	132
125	132
125	132
125	132
125	132
125	132
125	132
125	132
125	132
125	132
125	132
125	132
125	132
125	132
125	132
125	132
125	132
125	132
125	132
125	132
125	132
125	132
125	132
125	133
125	133
125	133
125	133
125	133
125	133
125	133
125	133
125	133
125	133
125	133
125	133
125	133
125	133
125	133
126	133
126	134
126	134
126	134
126	134
126	134
126	134
126	134
126	134
126	134
126	134
126	134
126	134
126	134
126	134
126	134
126	134
126	135
126	135
126	135
126	135
126	135
126	135
126	135
126	135
126	135
126	135
126	135
126	135
127	135
127	135
127	135
127	135
127	135
127	135
127	135
127	135
127	135
127	135
127	135
127	135
127	135
127	135
127	135
127	135
127	135
127	135
127	135
127	135
127	135
127	135
127	135
127	135
127	135
127	135
127	135
127	135
127	135
127	135
127	135
127	135
127	135
127	135
127	135
127	135
127	135
127	135
127	135
127	135
127	135
127	135
127	135
127	135
127	136
127	136
127	136
127	136
127	136
127	136
127	136
127	136
127	136
127	136
127	136
127	136
127	136
127	136
127	136
127	136
127	136
127	136
127	136
127	136
127	136
127	136
127	136
127	136
127	136
127	136
127	136
127	136
127	136
127	136
127	136
127	136
127	136
127	136
127	136
127	136
127	136
127	136
127	136
127	136
127	136
127	136
127	136
127	136
127	136
127	136
127	136
127	136
127	136
127	136
127	136
127	136
127	136
127	136
127	136
127	136
127	136
127	136
127	136
127	136
127	136
127	136
127	136
127	136
127	136
127	136
127	136
127	136
127	136
127	136
127	136
127	136
127	136
127	136
127	136
127	136
128	136
128	136
128	136
128	137
128	137
128	137
128	137
128	137
128	137
128	137
128	137
128	137
128	137
128	137
128	137
128	137
128	137
128	137
128	137
128	137
128	137
128	138
128	138
129	138
129	139
129	139
129	139
129	139
129	139
129	139
129	139
129	139
129	139
129	139
129	139
129	139
129	139
129	139
129	139
129	139
130	139
130	140
130	140
130	140
130	140
130	140
130	140
130	140
130	140
130	140
130	140
130	140
130	140
130	140
130	140
130	140
130	140
130	140
130	141
130	141
130	141
130	141
130	141
130	141
130	141
130	141
130	141
130	141
130	141
130	141
130	141
130	141
130	141
130	141
130	141
130	141
130	141
130	141
130	141
130	141
130	141
130	141
130	141
130	141
130	141
130	141
130	141
130	141
130	141
130	141
130	141
130	141
130	141
130	141
130	141
130	141
130	141
131	141
131	142
132	142
132	143
132	143
132	143
132	143
132	143
132	143
132	143
132	143
132	143
132	143
132	143
133	143
134	144
134	144
134	144
134	144
134	144
134	144
134	144
134	144
135	144
135	145
135	145
135	145
135	145
135	145
135	145
135	145
135	145
135	145
135	145
135	145
135	145
135	145
135	145
135	145
135	145
135	145
135	145
135	145
135	145
135	145
135	145
135	145
135	145
135	145
135	145
135	145
135	145
135	145
135	145
135	145
135	145
135	145
135	145
135	145
135	145
135	145
135	145
135	145
135	145
135	145
135	145
135	145
135	145
135	145
135	145
135	145
135	145
135	145
135	145
135	145
135	145
135	145
136	145
136	146
136	146
136	146
136	146
137	146
137	147
137	147
137	147
137	147
137	147
137	147
137	147
137	147
137	147
138	147
138	147
138	147
138	147
138	147
138	147
138	147
138	147
138	147
138	147
138	147
138	147
138	147
138	147
138	147
139	147
139	148
139	148
139	148
139	148
139	148
139	148
139	149
139	149
140	149
140	149
140	149
140	149
140	149
140	149
140	149
140	149
140	149
140	149
140	149
140	149
140	149
140	149
140	149
140	149
140	149
140	149
140	149
140	149
140	149
140	149
140	149
140	149
140	149
140	149
140	149
140	149
140	149
140	149
140	149
140	149
140	149
140	149
140	149
140	149
140	149
140	149
140	150
140	150
140	150
140	150
140	150
140	150
140	150
140	150
140	150
140	150
140	150
140	150
140	150
140	150
140	150
140	150
140	150
140	150
140	150
140	150
140	150
140	150
140	150
140	150
140	150
140	150
140	150
140	150
140	150
140	150
140	150
140	150
140	150
140	150
140	150
140	150
140	150
140	150
140	150
140	150
140	150
140	150
140	150
140	150
140	150
140	150
140	150
140	150
140	150
140	150
140	150
140	150
140	150
140	150
140	150
140	150
140	150
140	150
141	150
141	151
141	151
141	151
142	151
142	151
142	151
142	151
142	151
142	151
142	151
142	151
142	151
142	151
142	151
142	151
142	151
142	151
142	151
142	151
142	151
142	151
142	151
142	151
142	151
142	151
142	151
142	151
142	151
142	151
142	151
142	151
142	151
142	151
142	151
142	151
142	151
142	151
142	151
142	151
142	151
142	151
142	151
142	151
142	152
142	152
143	152
144	153
144	154
144	155
144	155
144	155
144	155
145	155
145	155
145	155
145	155
145	155
145	155
145	155
145	155
145	155
145	155
146	155
146	155
146	155
146	155
146	155
146	155
146	155
146	155
146	155
146	155
146	155
146	155
146	155
146	155
147	155
147	156
147	156
147	156
147	156
147	156
147	156
147	156
147	156
147	156
147	156
147	156
147	156
147	156
147	156
147	156
147	156
147	156
147	156
147	156
147	156
147	156
147	156
147	156
147	156
147	156
147	156
147	156
147	156
147	156
147	157
147	157
147	158
147	158
147	158
147	158
147	158
147	158
147	158
147	158
147	158
147	158
147	158
147	158
147	158
147	158
147	158
147	158
147	158
147	158
147	158
147	158
147	158
147	158
147	158
147	158
147	158
147	158
147	158
147	158
147	158
147	158
147	158
147	158
147	158
147	158
147	158
147	158
148	158
148	158
148	158
148	158
148	158
148	158
148	158
148	158
148	158
148	159
148	159
148	159
148	159
148	159
148	159
148	159
148	159
148	159
148	159
148	159
148	159
148	159
148	159
148	159
148	159
148	159
148	159
148	159
149	159
149	160
149	160
149	160
149	160
149	161
149	161
149	161
149	161
149	161
149	161
149	161
149	161
149	161
150	161
150	161
150	161
150	161
151	162
151	162
151	162
151	162
151	162
151	162
151	162
151	162
151	162
151	162
151	162
151	162
151	162
151	162
151	162
151	162
151	162
151	162
151	162
151	162
151	162
151	162
151	162
151	162
151	162
151	162
151	162
151	162
151	162
151	162
151	162
151	162
151	162
151	162
151	162
151	162
151	162
152	162
152	163
152	163
152	163
152	163
152	163
152	163
152	163
152	163
152	163
152	163
152	163
152	163
152	163
152	163
152	163
152	163
152	163
152	163
152	163
152	163
152	163
153	163
154	163
154	164
154	164
154	164
154	164
154	164
154	164
154	164
154	164
154	164
154	164
154	164
154	164
154	164
154	164
154	164
154	164
154	164
154	164
155	164
155	164
155	164
155	164
155	164
155	164
155	164
155	164
155	164
155	164
155	164
155	164
155	165
155	165
155	165
155	165
156	165
156	166
156	166
156	166
156	166
156	166
156	166
156	166
156	166
156	166
156	166
156	166
156	167
156	167
156	167
156	167
156	167
156	167
156	167
156	167
156	167
156	167
156	167
156	167
156	167
156	167
156	167
156	167
156	167
156	167
156	167
156	167
156	167
156	167
156	167
156	167
156	167
156	167
156	167
156	167
156	167
156	167
156	167
156	167
156	167
156	167
156	167
156	167
156	167
156	167
156	167
156	167
156	167
156	167
156	168
156	168
156	168
156	168
156	168
156	168
156	168
156	168
156	168
156	168
156	168
156	168
156	168
156	168
156	168
156	168
156	168
156	168
156	168
156	168
156	168
156	168
156	168
156	168
156	168
156	168
157	168
157	169
157	169
157	169
157	169
157	169
157	169
157	169
157	169
157	169
157	169
157	169
157	169
157	169
157	169
157	169
157	169
157	169
157	169
157	169
157	169
157	169
157	169
157	169
157	169
157	169
157	169
158	169
158	170
158	170
158	170
158	170
158	170
158	170
158	170
158	170
158	170
158	170
158	170
158	170
158	170
158	170
158	170
158	170
158	170
158	170
158	170
158	170
158	170
158	170
158	170
158	170
158	170
158	170
158	170
158	170
158	170
158	170
158	170
158	170
158	170
158	170
158	170
158	170
158	170
158	170
158	170
158	170
158	170
158	170
158	170
158	170
158	170
158	170
158	170
158	170
158	170
158	170
158	170
158	170
158	170
158	170
158	170
158	170
158	170
158	170
158	170
158	170
158	170
158	170
158	170
158	170
158	170
158	170
158	170
158	170
158	170
158	170
158	170
158	170
158	170
158	170
158	170
158	170
158	170
158	170
158	170
158	170
158	170
158	170
158	170
158	170
158	170
158	170
158	170
158	170
158	170
158	170
158	170
158	170
158	170
158	170
158	170
158	170
158	170
158	170
158	170
158	170
158	170
158	170
158	170
159	170
159	171
159	171
159	172
159	172
159	172
159	172
159	172
159	172
159	172
159	172
159	172
159	172
160	172
160	173
160	173
160	173
160	173
160	173
160	173
160	173
160	173
160	173
160	173
160	173
160	173
161	173
161	174
161	174
161	174
161	174
161	174
161	174
161	174
161	174
161	174
161	174
161	174
161	174
161	174
161	174
161	174
161	174
161	174
161	174
161	174
161	174
161	174
161	174
161	174
161	174
161	174
161	174
161	174
161	174
161	174
161	174
161	174
161	174
162	174
162	175
162	175
162	175
162	175
162	175
162	175
162	175
162	175
162	175
162	175
162	175
162	175
162	175
162	175
162	175
162	175
162	175
162	175
162	175
162	175
162	175
162	175
162	175
162	175
162	175
162	175
162	175
162	175
162	175
163	175
163	175
163	175
163	175
163	175
163	175
163	175
163	175
163	175
163	175
163	175
163	175
163	175
163	175
163	175
163	175
163	175
163	175
163	175
163	175
163	175
163	175
163	175
163	175
163	175
163	175
163	175
163	175
163	175
163	175
163	175
164	175
164	176
164	176
164	176
164	176
164	176
164	176
164	176
164	176
164	176
164	176
164	176
164	176
164	176
164	176
164	176
164	176
164	176
164	176
164	176
164	176
164	176
164	176
164	176
164	176
164	176
164	176
164	176
164	176
164	176
164	177
164	177
164	177
164	177
164	177
164	177
165	177
165	178
165	178
165	178
165	178
165	178
165	178
165	178
165	178
165	178
165	178
165	178
165	178
165	178
165	178
165	178
165	178
165	178
165	178
166	178
166	179
166	179
166	179
166	179
166	179
166	179
166	179
166	179
166	179
166	179
166	179
166	179
166	179
166	179
166	179
166	179
166	179
166	179
166	179
166	179
166	179
166	179
166	179
167	179
167	179
167	179
167	179
167	179
167	179
167	179
168	179
168	179
168	179
168	179
168	179
168	179
168	179
168	179
168	179
168	179
168	179
168	179
168	179
168	179
168	179
168	179
168	179
168	179
168	179
168	179
168	179
168	179
168	179
168	179
168	179
168	179
168	179
168	179
168	179
168	179
168	179
168	179
168	179
168	179
168	179
168	179
168	179
168	179
168	179
168	179
169	179
169	179
169	179
169	179
169	179
169	179
169	179
169	179
169	179
169	179
169	179
169	179
169	179
169	179
169	179
169	179
169	179
169	179
169	179
169	179
169	179
169	179
169	179
169	179
169	179
169	179
169	179
169	179
169	179
169	179
170	179
170	179
170	179
170	179
170	179
170	179
170	179
170	179
170	179
170	179
170	179
170	179
170	179
170	179
170	180
170	180
170	180
170	180
170	180
170	180
170	180
170	180
170	180
170	180
170	180
170	180
170	180
170	180
170	180
170	180
170	180
170	180
170	180
170	180
171	180
171	181
172	181
172	181
172	181
172	181
172	181
172	181
172	181
173	181
173	182
173	182
173	182
173	182
173	182
173	182
173	182
173	182
173	182
173	182
173	182
173	182
173	182
173	182
173	182
173	182
173	182
173	182
173	182
173	182
173	182
173	182
173	182
173	182
173	182
173	182
173	182
173	182
173	182
173	182
173	182
173	182
173	182
173	182
173	182
173	182
173	182
173	182
173	182
173	182
173	182
173	182
173	182
173	182
173	182
173	182
173	182
173	182
173	182
173	182
173	182
173	182
173	182
173	182
173	182
173	182
173	182
173	182
173	182
173	182
173	182
173	182
173	182
173	182
173	182
173	182
173	182
173	182
173	182
173	182
173	182
173	182
173	182
173	182
173	182
173	182
173	182
173	182
173	182
173	182
173	182
173	182
173	182
173	182
173	182
173	182
173	182
173	182
173	182
173	182
173	182
173	182
173	182
173	182
173	182
173	182
173	182
173	182
173	182
173	182
173	182
173	182
173	182
173	182
173	182
173	182
173	182
173	182
173	182
173	182
173	182
173	182
173	182
173	182
173	182
173	182
173	182
173	182
173	182
173	182
173	182
173	182
173	182
173	182
173	182
173	182
173	182
173	182
173	182
174	182
174	183
174	184
175	184
175	184
175	184
175	184
175	184
175	184
175	184
175	184
175	184
175	184
175	184
175	184
175	184
175	184
175	184
175	184
175	184
175	184
175	184
175	184
175	184
175	184
175	184
175	184
175	184
175	184
175	184
175	184
175	184
175	184
175	184
175	184
175	184
175	184
175	184
175	184
175	184
175	184
175	184
175	184
175	184
175	184
175	184
175	184
175	184
175	184
176	184
176	185
176	185
176	185
176	185
176	185
176	185
177	185
177	186
177	186
177	186
177	186
177	186
177	186
178	186
178	186
178	186
178	186
178	186
178	186
178	186
178	186
178	186
178	186
178	186
178	186
178	186
178	186
178	186
178	186
178	186
178	186
178	186
178	186
178	186
178	186
178	186
178	186
178	186
178	186
178	186
178	186
178	186
178	186
178	186
178	186
178	186
178	186
178	186
178	186
178	186
178	186
178	186
178	186
178	186
178	186
178	186
178	186
178	186
178	186
178	186
178	186
178	186
178	186
178	186
178	186
179	186
179	186
179	186
179	186
179	186
179	186
179	186
179	186
179	186
179	186
179	186
179	186
179	186
179	186
179	186
179	186
179	186
179	186
179	186
179	186
179	186
179	186
179	186
179	186
179	186
179	186
179	186
179	186
179	186
179	186
179	186
179	186
179	186
179	186
179	186
179	186
179	186
179	186
179	186
179	186
179	186
179	186
179	186
179	186
179	186
179	186
179	186
179	186
179	186
179	186
179	186
179	186
179	186
179	186
179	186
179	186
179	186
179	186
179	186
179	186
179	186
179	187
179	187
179	187
179	187
179	187
179	187
179	187
179	187
179	187
179	187
179	187
179	187
179	187
179	187
179	187
179	187
179	187
179	187
179	187
179	187
179	187
179	187
179	187
179	187
179	188
179	188
179	188
179	188
179	188
179	188
179	188
179	188
179	188
179	188
180	188
180	188
180	188
180	188
180	188
180	188
180	188
180	188
180	188
180	188
180	188
180	188
180	188
180	188
180	188
180	188
180	188
180	188
180	188
180	188
180	189
180	189
180	189
180	189
180	189
180	189
180	189
180	190
180	190
180	191
180	191
180	191
180	191
180	191
180	191
180	191
180	191
180	191
180	191
181	191
181	192
181	192
181	192
181	192
181	192
181	192
181	192
181	192
181	192
181	192
181	192
181	192
181	192
181	192
181	192
181	192
181	192
181	192
181	192
181	192
181	192
181	192
181	192
181	192
181	192
181	192
181	192
181	192
181	192
181	192
181	192
181	192
181	192
181	193
181	193
181	193
181	193
181	193
181	193
181	193
181	193
181	193
181	193
181	193
181	193
181	193
181	193
181	193
181	193
181	193
181	193
181	193
181	193
181	193
181	193
181	193
181	193
181	193
181	193
181	193
182	193
182	193
182	193
182	193
182	193
182	193
182	193
182	193
182	193
182	193
182	193
182	193
182	193
182	193
182	193
182	193
182	193
182	193
182	193
182	193
182	193
182	193
182	193
182	193
182	193
182	193
182	193
182	193
182	193
182	193
182	193
182	193
182	193
182	193
182	193
182	193
182	193
182	193
182	193
182	194
182	194
183	194
183	194
183	194
183	194
183	194
183	194
183	194
183	194
183	194
183	194
183	194
183	194
183	194
183	194
183	194
183	194
183	194
183	194
183	194
183	194
183	194
183	194
183	194
183	194
183	194
183	194
184	194
184	194
184	194
184	194
184	194
184	194
184	194
184	194
184	194
184	194
184	194
184	194
184	194
184	194
184	194
184	194
184	194
184	194
184	194
184	194
184	194
184	194
184	194
185	194
185	195
185	195
185	195
185	195
185	195
185	196
185	196
185	196
185	196
185	196
185	196
185	196
185	196
185	196
185	196
185	196
185	196
185	196
185	196
186	196
186	196
186	196
187	196
187	196
187	196
187	196
187	196
187	196
187	196
187	196
187	196
187	196
187	196
187	196
187	196
187	196
187	196
187	196
187	196
187	196
187	196
187	196
187	196
187	196
187	196
187	196
187	196
187	196
188	196
188	196
189	196
189	197
189	197
189	197
189	197
189	197
189	197
189	197
189	197
189	197
189	197
189	197
189	197
189	197
189	198
189	198
189	198
189	198
189	198
189	198
189	198
189	198
189	198
189	198
190	198
190	198
190	198
190	199
190	199
190	199
190	199
190	199
190	199
190	199
190	199
190	199
191	199
191	199
191	199
191	199
191	199
191	199
191	199
191	199
191	199
191	199
191	199
191	199
191	199
191	199
191	200
191	200
192	200
192	200
192	200
192	200
192	200
192	200
193	200
193	201
193	201
193	201
193	201
193	201
193	201
193	201
193	201
193	201
193	201
193	201
193	201
193	201
193	202
193	202
193	202
193	202
193	202
193	202
193	202
193	202
193	202
193	202
193	202
193	202
193	202
193	202
193	202
193	202
193	202
193	202
193	202
193	202
193	202
193	202
193	202
193	202
193	202
193	202
193	202
193	202
193	202
193	202
193	202
193	202
193	202
193	202
193	203
193	203
193	203
193	203
193	203
193	203
193	203
193	203
193	203
193	203
193	203
193	203
193	203
193	203
193	203
193	203
193	203
193	203
193	204
193	204
193	204
193	204
193	205
193	205
193	205
193	205
193	205
193	205
193	205
193	205
193	205
193	205
193	205
193	205
193	205
193	205
193	205
193	205
193	205
193	205
193	205
193	205
193	205
193	205
193	205
193	205
193	205
193	205
193	205
193	205
193	205
193	205
193	205
193	205
193	205
193	205
194	205
194	205
194	205
194	205
194	205
194	205
194	205
194	205
194	205
194	205
194	205
194	206
194	206
194	206
194	206
194	206
194	206
194	206
194	207
195	207
195	207
195	207
195	207
195	207
195	207
195	207
195	207
195	207
195	207
195	207
195	207
195	207
196	207
196	-1
196	-1
196	-1
196	-1
196	-1
196	-1
196	-1
