       1   14
       2   14
       3   14
       4   14
       5   14
       6   14
       7   14
       8   14
       9   14
      10   13
      11   13
      12   13
      13   13
      14   13
      15   13
      16   13
      17   13
      18   13
      19   13
      20   13
      21   13
      22   13
      23   13
      24   13
      25   13
      26   13
      27   13
      28   13
      29   13
      30   13
      31   13
      32   13
      33   13
      34   13
      35   13
      36   13
      37   13
      38   13
      39   13
      40   13
      41   13
      42   13
      43   13
      44   13
      45   13
      46   13
      47   13
      48   13
      49   13
      50   13
      51   13
      52   13
      53   13
      54   13
      55   13
      56   13
      57   13
      58   13
      59   13
      60   13
      61   13
      62   13
      63   13
      64   13
      65   13
      66   13
      67   13
      68   13
      69   13
      70   13
      71   13
      72   13
      73   13
      74   13
      75   13
      76   13
      77   13
      78   13
      79   13
      80   13
      81   13
      82   13
      83   13
      84   15
      85   15
      86   15
      87   15
      88   15
      89   15
      90   15
      91   15
      92   15
      93   15
      94   15
      95   15
      96    6
      97    4
      98   12
      99   12
     100   12
     101   12
     102    8
     103   13
     104   13
     105   13
     106   13
     107   13
     108   13
     109   13
     110   13
     111   13
     112   13
     113   13
     114   13
     115   13
     116   13
     117   13
     118   13
     119   13
     120   13
     121   13
     122   13
     123   13
     124   13
     125   13
     126   13
     127   13
     128   13
     129   13
     130   13
     131   13
     132   13
     133   13
     134   13
     135   13
     136   15
     137   15
     138   15
     139    8
     140    6
     141    1
     142    1
     143    1
     144    1
     145    1
     146    1
     147    1
     148   12
     149   12
     150    1
     151   12
     152   12
     153   13
     154   13
     155   13
     156   13
     157   13
     158   13
     159   13
     160   13
     161   13
     162   13
     163   13
     164   13
     165   13
     166   13
     167   13
     168   13
     169   13
     170   13
     171   13
     172   13
     173   13
     174   13
     175   13
     176   13
     177   13
     178   13
     179   13
     180   13
     181   13
     182   13
     183   13
     184   13
     185   13
     186   13
     187   13
     188   13
     189   13
     190   13
     191   13
     192   13
     193   13
     194   13
     195   13
     196   13
     197   13
     198   13
     199   13
     200   13
     201   13
     202   13
     203   13
     204   13
     205   13
     206   13
     207   13
     208   13
     209   13
     210   13
     211   13
     212   13
     213   13
     214   13
     215   13
     216   13
     217   13
     218   13
     219   13
     220   13
     221   13
     222   13
     223   13
     224   13
     225   13
     226   13
     227   13
     228   13
     229   13
     230   13
     231   13
     232   13
     233   13
     234   13
     235   13
     236   13
     237   13
     238   13
     239   13
     240   13
     241   13
     242   13
     243   13
     244   13
     245   13
     246   13
     247   13
     248   13
     249   13
     250   13
     251   13
     252   13
     253   13
     254   13
     255   13
     256   13
     257   13
     258   13
     259   13
     260   13
     261   13
     262   13
     263   13
     264   13
     265   13
     266   13
     267   13
     268   13
     269   13
     270   13
     271   13
     272   13
     273   13
     274   13
     275   13
     276   13
     277   13
     278   13
     279   13
     280   13
     281   13
     282   13
     283   13
     284   13
     285   13
     286   13
     287   13
     288   13
     289   13
     290   13
     291   13
     292   13
     293   13
     294   13
     295   13
     296   13
     297   13
     298   13
     299   13
     300   13
     301   13
     302   13
     303   13
     304   13
     305   13
     306   13
     307   13
     308   13
     309   13
     310   13
     311   13
     312   13
     313   13
     314   13
     315   13
     316   13
     317   13
     318   13
     319   13
     320   13
     321   13
     322   13
     323   13
     324   13
     325   13
     326   13
     327   13
     328   13
     329   13
     330   13
     331   13
     332   13
     333   13
     334   13
     335   13
     336   13
     337   13
     338   13
     339   13
     340   13
     341   13
     342   13
     343   13
     344   13
     345   14
     346   14
     347   13
     348   13
     349   13
     350   13
     351   13
     352   13
     353   13
     354   13
     355   13
     356   13
     357   13
     358   13
     359   13
     360   13
     361   13
     362   13
     363   13
     364   13
     365   13
     366   13
     367   13
     368   14
     369   14
     370   14
     371   13
     372   13
     373   13
     374   13
     375   13
     376   14
     377   14
     378   14
     379   14
     380   14
     381   14
     382   14
     383   14
     384   13
     385   13
     386   13
     387   13
     388   13
     389   13
     390   13
     391   13
     392   13
     393   13
     394   13
     395   13
     396   13
     397   13
     398   13
     399   13
     400   13
     401   14
     402   14
     403   13
     404   13
     405   13
     406   13
     407   13
     408   13
     409   13
     410   13
     411   13
     412   13
     413   13
     414   13
     415   13
     416   13
     417   13
     418   14
     419   14
     420   14
     421   14
     422   14
     423   14
     424   14
     425   14
     426   14
     427   13
     428   13
     429   13
     430   13
     431   13
     432   13
     433   14
     434   14
     435   14
     436   14
     437   14
     438   14
     439   13
     440   13
     441   13
     442   13
     443   13
     444   13
     445   13
     446   13
     447   13
     448   13
     449   13
     450   13
     451   13
     452   13
     453   13
     454   13
     455   13
     456   13
     457   13
     458   13
     459   13
     460   13
     461   13
     462   13
     463   13
     464   13
     465   13
     466   13
     467   13
     468   13
     469   13
     470   13
     471   13
     472   13
     473   13
     474   13
     475   13
     476   13
     477   13
     478   13
     479   13
     480   13
     481   13
     482   13
     483   13
     484   13
     485   13
     486   13
     487   13
     488   13
     489   13
     490   13
     491   13
     492   13
     493   13
     494   13
     495   13
     496   13
     497   13
     498   13
     499   13
     500   13
     501   13
     502   13
     503   13
     504   13
     505   13
     506   13
     507   13
     508   13
     509   13
     510   13
     511   13
     512   13
     513   13
     514   13
     515   13
     516   13
     517   13
     518   13
     519   13
     520   13
     521   13
     522   13
     523   13
     524   13
     525   13
     526   13
     527   13
     528   13
     529   13
     530   13
     531   13
     532   13
     533   13
     534   13
     535   13
     536   13
     537   13
     538   13
     539   13
     540   13
     541   13
     542   13
     543   13
     544   13
     545   13
     546   13
     547   13
     548   13
     549   13
     550   13
     551   13
     552   13
     553   13
     554   13
     555   13
     556    9
     557   13
     558   13
     559   13
     560   13
     561   13
     562   13
     563   13
     564   13
     565   13
     566   13
     567   13
     568   13
     569   13
     570   13
     571   13
     572   13
     573   13
     574   13
     575   13
     576   13
     577   13
     578   13
     579   13
     580   13
     581   13
     582   13
     583   13
     584   13
     585   13
     586   13
     587   13
     588   13
     589   13
     590   13
     591   13
     592   13
     593   13
     594   13
     595   13
     596   13
     597   12
     598   12
     599    7
     600    6
     601    3
     602    3
     603    3
     604    3
     605    3
     606    3
     607    3
     608    3
     609    3
     610    1
     611    1
     612    1
     613   12
     614   12
     615   12
     616   12
     617    1
     618    1
     619    1
     620   12
     621   12
     622   12
     623   12
     624   12
     625   12
     626   12
     627   12
     628   12
     629   12
     630   13
     631   13
     632   13
     633   13
     634   13
     635   13
     636   13
     637   13
     638   13
     639   13
     640   13
     641   13
     642   13
     643   13
     644   13
     645   13
     646   13
     647   13
     648   13
     649   13
     650   13
     651   13
     652   13
     653   13
     654   13
     655   13
     656   13
     657   13
     658   13
     659   13
     660   13
     661   13
     662   13
     663   13
     664   13
     665   13
     666   13
     667   13
     668   13
     669   13
     670   13
     671   13
     672   13
     673   13
     674   13
     675   13
     676   13
     677   13
     678   13
     679   13
     680   13
     681   13
     682   13
     683   13
     684   13
     685   13
     686   13
     687   13
     688   13
     689   13
     690   13
     691   13
     692   13
     693   13
     694   13
     695   13
     696   13
     697   13
     698   13
     699   13
     700   13
     701   13
     702   13
     703   13
     704   13
     705   13
     706   13
     707   13
     708   13
     709   13
     710   13
     711   13
     712   13
     713   13
     714   13
     715   13
     716   13
     717   13
     718   13
     719   13
     720   13
     721   13
     722   13
     723   13
     724   13
     725   13
     726   13
     727   13
     728   13
     729   13
     730   13
     731   13
     732   13
     733   13
     734   13
     735   13
     736   13
     737   13
     738   13
     739   13
     740   13
     741   13
     742   13
     743   13
     744   13
     745   13
     746   13
     747   13
     748   13
     749   13
     750   13
     751   13
     752   13
     753   13
     754   13
     755   13
     756   13
     757   13
     758   13
     759   13
     760   13
     761   13
     762   13
     763   13
     764   13
     765   13
     766   13
     767   13
     768   13
     769   13
     770   13
     771   13
     772   13
     773   13
     774   13
     775   13
     776   10
     777   10
     778   13
     779   13
     780   13
     781   13
     782   13
     783   13
     784   13
     785   13
     786   13
     787   13
     788   13
     789   13
     790   13
     791   13
     792   13
     793   13
     794   13
     795   13
     796   13
     797   13
     798   13
     799   13
     800   13
     801   13
     802   13
     803   13
     804   13
     805   13
     806   13
     807   13
     808   13
     809   13
     810   13
     811   13
     812   13
     813   13
     814   13
     815   13
     816   13
     817   13
     818   13
     819   13
     820   13
     821   13
     822   13
     823   13
     824   13
     825   13
     826   13
     827   13
     828   13
     829   13
     830   13
     831   13
     832   13
     833   13
     834   13
     835   13
     836   13
     837   13
     838   13
     839   13
     840   13
     841   13
     842   10
     843   10
     844   10
     845   10
     846   13
     847   13
     848   10
     849   10
     850   10
     851   10
     852   10
     853   10
     854   10
     855   10
     856   10
     857   12
     858   12
     859   12
     860   12
     861   12
     862   12
     863   10
     864   10
     865   10
     866   10
     867   10
     868   10
     869   10
     870   10
     871   10
     872   10
     873   10
     874   10
     875   10
     876   10
     877   10
     878   10
     879   10
     880   10
     881   10
     882   10
     883   10
     884   10
     885   10
     886   10
     887   10
     888   10
     889   10
     890   10
     891   10
     892   10
     893   10
     894    9
     895   10
     896   10
     897   10
     898   10
     899   10
     900   12
     901   12
     902   12
     903    1
     904    3
     905    3
     906    3
     907    3
     908    3
     909    3
     910    3
     911    3
     912    3
     913    3
     914    3
     915    3
     916    5
     917    6
     918   10
     919   10
     920   10
     921   10
     922   10
     923   10
     924   10
     925   10
     926   10
     927   10
     928   10
     929   10
     930   10
     931   10
     932   10
     933   10
     934   10
     935   10
     936   10
     937   10
     938   10
     939   10
     940   10
     941   10
     942   10
     943   10
     944   10
     945   10
     946   10
     947   12
     948   12
     949   12
     950   12
     951   12
     952   12
     953   12
     954   12
     955   12
     956   12
     957   12
     958   12
     959    7
     960   11
     961    9
     962   11
     963   11
     964   11
     965   11
     966   11
     967   11
     968   10
     969   10
     970   10
     971   10
     972   10
     973   10
     974   10
     975   10
     976   10
     977   10
     978   10
     979   10
     980   10
     981   10
     982   10
     983   11
     984   11
     985   11
     986   10
     987   10
     988   10
     989   12
     990   12
     991   12
     992   12
     993   12
     994   12
     995   10
     996   10
     997   10
     998   10
     999   10
    1000   10
    1001   10
    1002   10
    1003   10
    1004   10
    1005   10
    1006   10
    1007   10
    1008   10
    1009   10
    1010    7
    1011    8
    1012   12
    1013   12
    1014   12
    1015   11
    1016   11
    1017   11
    1018    9
    1019   11
    1020   11
    1021   11
    1022   11
    1023   11
    1024   12
    1025   12
    1026   12
    1027   12
    1028   12
    1029   12
    1030   12
    1031    1
    1032    6
    1033   12
    1034   12
    1035    8
    1036   12
    1037   12
    1038   12
    1039   12
    1040   10
    1041   10
    1042   12
    1043   12
    1044   12
    1045   12
    1046    8
    1047    6
    1048    4
    1049    4
    1050    4
    1051    1
    1052    1
    1053    1
    1054    1
    1055    1
    1056    1
    1057   12
    1058    8
    1059   10
    1060    8
    1061    8
    1062    6
    1063    5
    1064    1
    1065    4
    1066    4
    1067    1
    1068    1
    1069    1
    1070    1
    1071    1
    1072    1
    1073    1
    1074    1
    1075    6
    1076    5
    1077    1
    1078    1
    1079    1
    1080    1
    1081    1
    1082    1
    1083    1
    1084    1
    1085   12
    1086   10
    1087   10
    1088   10
    1089   10
    1090   10
    1091   10
    1092   10
    1093   10
    1094   10
    1095   10
    1096   10
    1097   10
    1098   10
    1099   10
    1100   10
    1101   10
    1102   10
    1103   10
    1104   10
    1105   10
    1106   10
    1107   10
    1108   10
    1109   10
    1110   10
    1111   10
    1112   10
    1113   10
    1114   10
    1115   11
    1116   11
    1117   11
    1118   11
    1119   10
    1120   10
    1121   10
    1122   10
    1123   11
    1124   11
    1125   11
    1126   11
    1127   11
    1128   11
    1129   11
    1130   11
    1131   11
    1132   11
    1133   11
    1134   11
    1135   11
    1136   11
    1137   10
    1138   10
    1139   10
    1140   10
    1141   10
    1142   10
    1143   10
    1144   10
    1145   10
    1146   10
    1147   10
    1148   12
    1149   12
    1150   12
    1151   12
    1152    1
    1153    1
    1154    1
    1155    1
    1156    1
    1157    1
    1158    1
    1159    1
    1160    1
    1161    1
    1162    1
    1163    1
    1164    1
    1165    1
    1166    1
    1167    2
    1168    2
    1169    2
    1170    2
    1171    2
    1172    6
    1173   10
    1174   10
    1175   10
    1176   10
    1177   10
    1178   10
    1179   10
    1180   10
    1181   10
    1182   10
    1183    6
    1184    3
    1185    4
    1186   12
    1187   10
    1188   10
    1189   10
    1190   10
    1191   10
    1192   10
    1193   10
    1194   10
    1195   11
    1196   11
    1197   11
    1198   10
    1199   10
    1200   10
    1201   10
    1202   10
    1203   10
    1204   10
    1205   10
    1206   10
    1207   10
    1208   10
    1209   10
    1210   10
    1211   10
    1212   10
    1213   10
    1214   10
    1215   10
    1216   10
    1217   13
    1218   13
    1219   13
    1220   13
    1221   13
    1222   13
    1223   13
    1224   13
    1225   13
    1226   13
    1227   10
    1228   10
    1229   10
    1230   10
    1231   10
    1232   10
    1233   10
    1234   10
    1235   10
    1236   10
    1237   10
    1238   10
    1239   10
    1240   10
    1241   10
    1242   10
    1243   10
    1244   10
    1245   10
    1246   10
    1247   10
    1248   10
    1249   10
    1250   10
    1251   10
    1252   10
    1253   10
    1254   10
    1255   10
    1256   10
    1257   10
    1258   10
    1259   10
    1260   10
    1261   10
    1262    8
    1263   12
    1264    6
    1265    4
    1266    4
    1267    4
    1268    4
    1269    4
    1270    4
    1271    4
    1272    4
    1273    4
    1274    4
    1275    4
    1276    4
    1277   12
    1278   12
    1279   12
    1280   12
    1281    1
    1282    1
    1283    1
    1284    1
    1285    1
    1286    1
    1287   12
    1288   12
    1289   12
    1290   12
    1291   12
    1292   10
    1293   10
    1294   10
    1295   10
    1296   10
    1297   10
    1298   10
    1299   10
    1300   10
    1301   10
    1302   10
    1303   10
    1304   10
    1305   10
    1306   10
    1307   10
    1308   12
    1309   12
    1310   12
    1311   12
    1312   12
    1313   12
    1314    8
    1315   15
    1316   15
    1317    6
    1318    8
    1319    8
    1320   12
    1321    8
    1322    8
    1323    8
    1324    8
    1325    8
    1326   12
    1327   12
    1328   12
    1329   12
    1330   12
    1331   12
    1332   12
    1333   12
    1334   12
    1335   12
    1336   12
    1337   12
    1338    8
    1339   12
    1340    7
    1341   12
    1342   12
    1343   12
    1344   12
    1345   12
    1346   12
    1347   12
    1348   12
    1349   12
    1350   12
    1351   12
    1352   12
    1353    8
    1354   12
    1355   12
    1356    7
    1357    8
    1358    8
    1359   15
    1360   15
    1361   15
    1362   15
    1363   15
    1364   15
    1365   15
    1366   15
    1367   15
    1368   15
    1369   15
    1370   15
    1371    7
    1372    6
    1373    5
    1374    4
    1375    4
    1376    4
    1377    4
    1378   12
    1379   12
    1380   12
    1381   12
    1382   12
    1383   12
    1384   12
    1385   12
    1386   12
    1387    8
    1388    4
    1389    4
    1390    4
    1391    4
    1392   12
    1393   12
    1394   12
    1395   12
    1396   12
    1397   12
    1398    8
    1399   12
    1400   12
    1401   12
    1402   12
    1403   12
    1404   12
    1405   12
    1406   10
    1407   10
    1408   10
    1409   10
    1410   10
    1411   10
    1412   10
    1413   10
    1414   10
    1415   10
    1416   10
    1417    9
    1418   12
    1419   12
    1420   13
    1421   13
    1422   13
    1423   13
    1424   13
    1425   13
    1426   13
    1427   13
    1428   13
    1429   13
    1430   13
    1431   13
    1432   13
    1433   13
    1434   13
    1435   13
    1436   13
    1437   13
    1438   13
    1439   13
    1440   13
    1441   13
    1442   13
    1443   13
    1444   13
    1445   13
    1446   13
    1447   13
    1448   13
    1449   13
    1450   13
    1451   13
    1452   13
    1453   13
    1454   13
    1455   13
    1456   13
    1457   13
    1458   13
    1459   13
    1460   13
    1461   13
    1462   13
    1463   13
    1464   13
    1465   13
    1466   13
    1467   13
    1468   13
    1469    8
    1470    8
    1471   12
    1472   12
    1473   12
    1474   12
    1475   12
    1476   12
    1477   12
    1478   12
    1479   12
    1480   12
    1481   12
    1482   12
    1483   12
    1484   12
    1485   12
    1486   12
    1487   12
    1488   12
    1489    6
    1490    4
    1491   13
    1492   13
    1493   13
    1494   13
    1495   13
    1496   13
    1497   13
    1498   13
    1499   13
    1500   13
    1501   13
    1502   13
    1503   13
    1504   13
    1505   13
    1506   13
    1507   13
    1508   13
    1509   13
    1510   13
    1511   13
    1512   13
    1513   13
    1514   13
    1515   13
    1516   13
    1517   13
    1518   13
    1519   13
    1520   13
    1521   13
    1522   13
    1523   13
    1524   13
    1525   13
    1526   13
    1527   13
    1528   13
    1529   13
    1530   13
    1531   13
    1532   13
    1533   13
    1534   13
    1535   13
    1536   13
    1537   13
    1538   13
    1539   13
    1540   13
    1541   13
    1542   13
    1543   13
    1544   13
    1545   13
    1546   13
    1547   13
    1548   13
    1549   13
    1550   13
    1551   13
    1552   13
    1553   13
    1554   13
    1555   13
    1556   13
    1557   13
    1558   13
    1559   13
    1560   13
    1561   13
    1562   13
    1563   13
    1564   13
    1565   13
    1566   13
    1567   13
    1568   13
    1569   13
    1570   13
    1571   13
    1572   13
    1573   13
    1574   13
    1575   13
    1576   13
    1577   13
    1578   13
    1579   13
    1580   13
    1581   13
    1582   13
    1583   13
    1584   13
    1585   13
    1586   13
    1587   13
    1588   13
    1589   13
    1590   13
    1591   13
    1592   13
    1593   13
    1594   13
    1595   13
    1596   13
    1597   13
    1598   13
    1599   13
    1600   13
    1601   13
    1602   13
    1603   13
    1604   13
    1605   13
    1606   13
    1607   13
    1608   13
    1609   13
    1610   13
    1611   13
    1612   13
    1613   13
    1614   13
    1615   13
    1616   13
    1617   13
    1618   13
    1619   13
    1620   13
    1621   13
    1622   13
    1623   13
    1624   13
    1625   13
    1626   13
    1627   14
    1628   14
    1629   13
    1630   13
    1631   13
    1632   13
    1633   13
    1634   13
    1635   13
    1636   13
    1637   13
    1638   13
    1639   13
    1640   13
    1641   13
    1642   13
    1643   13
    1644   13
    1645   13
    1646   13
    1647   13
    1648   13
    1649   13
    1650   13
    1651   13
    1652   13
    1653   13
    1654   13
    1655   13
    1656   13
    1657   13
    1658   13
    1659   13
    1660   13
    1661   13
    1662   13
    1663   13
    1664   13
    1665   13
    1666   13
    1667   13
    1668   13
    1669   13
    1670   13
    1671   13
    1672   13
    1673   13
    1674   13
    1675   13
    1676   13
    1677   13
    1678   13
    1679   13
    1680   13
    1681   13
    1682   13
    1683   13
    1684   13
    1685   13
    1686   13
    1687   13
    1688   13
    1689   13
    1690   13
    1691   13
    1692   13
    1693   13
    1694   13
    1695   13
    1696   13
    1697   13
    1698   13
    1699   13
    1700   13
    1701   13
    1702   13
    1703   13
    1704   13
    1705   13
    1706   13
    1707   13
    1708   13
    1709   13
    1710   13
    1711   13
    1712   13
    1713   13
    1714   13
    1715   13
    1716   13
    1717   13
    1718   13
    1719   13
    1720   13
    1721   13
    1722   13
    1723   13
    1724   13
    1725   13
    1726   13
    1727   13
    1728   13
    1729   14
    1730   14
    1731   14
    1732   13
    1733   13
    1734   13
    1735   13
    1736   13
    1737   13
    1738   13
    1739   13
    1740   13
    1741   13
    1742   13
    1743   13
    1744   13
    1745   13
    1746   13
    1747   13
    1748   13
    1749   13
    1750   13
    1751   13
    1752   13
    1753   13
    1754   13
    1755   13
    1756   13
    1757   13
    1758   13
    1759   14
    1760   14
    1761   14
    1762   13
    1763   13
    1764   13
    1765   13
    1766   13
    1767   13
    1768   13
    1769   13
    1770   13
    1771   13
    1772   13
    1773   13
    1774   13
    1775   13
    1776   13
    1777   13
    1778   13
    1779   13
    1780   13
    1781   13
    1782   13
    1783   13
    1784   13
    1785   13
    1786   13
    1787   13
    1788   13
    1789   13
    1790   13
    1791   14
    1792   14
    1793   14
    1794   14
    1795   14
    1796   14
    1797   13
    1798   13
    1799   13
    1800   13
    1801   13
    1802   13
    1803   13
    1804   13
    1805   13
    1806   13
    1807   13
    1808   13
    1809   13
    1810   13
    1811   13
    1812   13
    1813   13
    1814   13
    1815   13
    1816   13
    1817   13
    1818   13
    1819   13
    1820   13
    1821   13
    1822   13
    1823   13
    1824   13
    1825   13
    1826   13
    1827   13
    1828   13
    1829   13
    1830   13
    1831   13
    1832   13
    1833   13
    1834   13
    1835   13
    1836   13
    1837   13
    1838   13
    1839   13
    1840   13
    1841   13
    1842   13
    1843   13
    1844   13
    1845   13
    1846   13
    1847   13
    1848   13
    1849   13
    1850   13
    1851   13
    1852   13
    1853   13
    1854   13
    1855   14
    1856   14
    1857   14
    1858   14
    1859   14
    1860   14
    1861   14
    1862   14
    1863   14
    1864   14
    1865   14
    1866   14
    1867   14
    1868   14
    1869   14
    1870   13
    1871   13
    1872   13
    1873   13
    1874   13
    1875   13
    1876   13
    1877   13
    1878   13
    1879   13
    1880   13
    1881   13
    1882   13
    1883   13
    1884   13
    1885   13
    1886   13
    1887   13
    1888   13
    1889   13
    1890   13
    1891   13
    1892   13
    1893   13
    1894   13
    1895   13
    1896   13
    1897   13
    1898   13
    1899   14
    1900   14
    1901   14
    1902   14
    1903   14
    1904   14
    1905   13
    1906   13
    1907   13
    1908   13
    1909   13
    1910   13
    1911   13
    1912   13
    1913   13
    1914   13
    1915   13
    1916   13
    1917   13
    1918   13
    1919   13
    1920   13
    1921   13
    1922   13
    1923   13
    1924   13
    1925   13
    1926   13
    1927   13
    1928   13
    1929   13
    1930   13
    1931   13
    1932   13
    1933   13
    1934   13
    1935   13
    1936   13
    1937   13
    1938   13
    1939   14
    1940   14
    1941   14
    1942   14
    1943   14
    1944   14
    1945   14
    1946   14
    1947   14
    1948   14
    1949   13
    1950   13
    1951   13
    1952   13
    1953   13
    1954   13
    1955   13
    1956   13
    1957   13
    1958   13
    1959   13
    1960   13
    1961   13
    1962   13
    1963   13
    1964   13
    1965   13
    1966   13
    1967   13
    1968   13
    1969   13
    1970   14
    1971   14
    1972   13
    1973   13
    1974   13
    1975   13
    1976   13
    1977   13
    1978   13
    1979   13
    1980   13
    1981   13
    1982   13
    1983   13
    1984   13
    1985   13
    1986   13
    1987   13
    1988   13
    1989   14
    1990   14
    1991   14
    1992   14
    1993   14
    1994   14
    1995   13
    1996   13
    1997   13
    1998   13
    1999   13
    2000   13
    2001   13
    2002   13
    2003   13
    2004   13
    2005   13
    2006   13
    2007   13
    2008   13
    2009   13
    2010   13
    2011   13
    2012   13
    2013   13
    2014   13
    2015   13
    2016   13
    2017   13
    2018   13
    2019   13
    2020   13
    2021   13
    2022   13
    2023   13
    2024   13
    2025   13
    2026   13
    2027   13
    2028   13
    2029   13
    2030   13
    2031   13
    2032   13
    2033   13
    2034   13
    2035   13
    2036   13
    2037   13
    2038   13
    2039   14
    2040   14
    2041   14
    2042   14
    2043   14
    2044   14
    2045   14
    2046   14
    2047   14
    2048   14
    2049   14
    2050   14
    2051   14
    2052   14
    2053   14
    2054   14
    2055   14
    2056   14
    2057   14
    2058   14
    2059   14
    2060   14
    2061   14
    2062   14
    2063   14
    2064   13
    2065   13
    2066   13
    2067   13
    2068   13
    2069   13
    2070   13
    2071   13
    2072   13
    2073   13
    2074   13
    2075   13
    2076   13
    2077   13
    2078   13
    2079   13
    2080   13
    2081   13
    2082   13
    2083   13
    2084   13
    2085   13
    2086   13
    2087   13
    2088   13
    2089   13
    2090   13
    2091   13
    2092   13
    2093   13
    2094   13
    2095   13
    2096   13
    2097   13
    2098   13
    2099   13
    2100   13
    2101   13
    2102   13
    2103   13
    2104   13
    2105   13
    2106   13
    2107   13
    2108   13
    2109   13
    2110   13
    2111   14
    2112   14
    2113   13
    2114   13
    2115   13
    2116   13
    2117   13
    2118   13
    2119   13
    2120   13
    2121   13
    2122   13
    2123   13
    2124   13
    2125   13
    2126   13
    2127   13
    2128   13
    2129   13
    2130   13
    2131   13
    2132   13
    2133   13
    2134   13
    2135   13
    2136   13
    2137   13
    2138   13
    2139   13
    2140   13
    2141   13
    2142   13
    2143   13
    2144   13
    2145   13
    2146   13
    2147   13
    2148   13
    2149   13
    2150   13
    2151   13
    2152   13
    2153   13
    2154   13
    2155   13
    2156   13
    2157   13
    2158   13
    2159   13
    2160   13
    2161   13
    2162   13
    2163   13
    2164   13
    2165   13
    2166   13
    2167   13
    2168   14
    2169   14
    2170   14
    2171   14
    2172   14
    2173   14
    2174   13
    2175   13
    2176   13
    2177   13
    2178   13
    2179   13
    2180   13
    2181   13
    2182   13
    2183   13
    2184   13
    2185   13
    2186   13
    2187   13
    2188   13
    2189   13
    2190   13
    2191   13
    2192   13
    2193   13
    2194   13
    2195   13
    2196   13
    2197   13
    2198   13
    2199   13
    2200   13
    2201   13
    2202   13
    2203   13
    2204   13
    2205   13
    2206   13
    2207   13
    2208   13
    2209   13
    2210   13
    2211   14
    2212   14
    2213   13
    2214   13
    2215   13
    2216   13
    2217   13
    2218   13
    2219   13
    2220   13
    2221   13
    2222   13
    2223   13
    2224   13
    2225   13
    2226   13
    2227   13
    2228   13
    2229   13
    2230   13
    2231   13
    2232   13
    2233   13
    2234   13
    2235   13
    2236   13
    2237   13
    2238   13
    2239   13
    2240   13
    2241   13
    2242   13
    2243   13
    2244   13
    2245   13
    2246   13
    2247   13
    2248   13
    2249   13
    2250   13
    2251   13
    2252   13
    2253   13
    2254   13
    2255   13
    2256   13
    2257   13
    2258   13
    2259   13
    2260   13
    2261   13
    2262   13
    2263   13
    2264   14
    2265   14
    2266   14
    2267   14
    2268   14
    2269   14
    2270    9
    2271   13
    2272   13
    2273   13
    2274   13
    2275   13
    2276   13
    2277   13
    2278   13
    2279   13
    2280   13
    2281   13
    2282   13
    2283   13
    2284   13
    2285   13
    2286   13
    2287   13
    2288   13
    2289   13
    2290   13
    2291   13
    2292   13
    2293   13
    2294   13
    2295   13
    2296   13
    2297   13
    2298   13
    2299   13
    2300   13
    2301   13
    2302   13
    2303   13
    2304   13
    2305   13
    2306   13
    2307   13
    2308   13
    2309   13
    2310   14
    2311   14
    2312   14
    2313   13
    2314   13
    2315   13
    2316   13
    2317   13
    2318   13
    2319   13
    2320   13
    2321   13
    2322   13
    2323   13
    2324   13
    2325   13
    2326   13
    2327   13
    2328   13
    2329   13
    2330   13
    2331   13
    2332   13
    2333   13
    2334   13
    2335   13
    2336   13
    2337   13
    2338   13
    2339   13
    2340   13
    2341   13
    2342   13
    2343   13
    2344   13
    2345   13
    2346   13
    2347   13
    2348   13
    2349   13
    2350   13
    2351   13
    2352   13
    2353   13
    2354   13
    2355   13
    2356   13
    2357   13
    2358   13
    2359   13
    2360   13
    2361   13
    2362   13
    2363   13
    2364   13
    2365   13
    2366   13
    2367   13
    2368   14
    2369   14
    2370   14
    2371   13
    2372   13
    2373   13
    2374   13
    2375   13
    2376   13
    2377   13
    2378   13
    2379   13
    2380   13
    2381   13
    2382   13
    2383   13
    2384   13
    2385   13
    2386   13
    2387   13
    2388   13
    2389   13
    2390   13
    2391   13
    2392   13
    2393   13
    2394   13
    2395   13
    2396   13
    2397   10
    2398   10
    2399    6
    2400    6
    2401    3
    2402    3
    2403    3
    2404    5
    2405    3
    2406    3
    2407    1
    2408    3
    2409    3
    2410    3
    2411    1
    2412    1
    2413    1
    2414    4
    2415    4
    2416    4
    2417    4
    2418   12
    2419   12
    2420   12
    2421   12
    2422   12
    2423   12
    2424   12
    2425   12
    2426   12
    2427   12
    2428   12
    2429   12
    2430   12
    2431   12
    2432   12
    2433   12
    2434   12
    2435   12
    2436   12
    2437   12
    2438    8
    2439   13
    2440   13
    2441   13
    2442   13
    2443   13
    2444   13
    2445   13
    2446   13
    2447   13
    2448   13
    2449   13
    2450   13
    2451   13
    2452   13
    2453   13
    2454   13
    2455   13
    2456   13
    2457   13
    2458   13
    2459   13
    2460   13
    2461   13
    2462   13
    2463   13
    2464   13
    2465   13
    2466   13
    2467   13
    2468   13
    2469   13
    2470   13
    2471   13
    2472   13
    2473   13
    2474   13
    2475   13
    2476   13
    2477   13
    2478   13
    2479   13
    2480   13
    2481   13
    2482   13
    2483   13
    2484   13
    2485   13
    2486   13
    2487   13
    2488   14
    2489   13
    2490   13
    2491   13
    2492   13
    2493   13
    2494   13
    2495   13
    2496   13
    2497   13
    2498   13
    2499   14
    2500   14
    2501   14
    2502   14
    2503   14
    2504   14
    2505   14
    2506   13
    2507   13
    2508   13
    2509   13
    2510   14
    2511   14
    2512   14
    2513   14
    2514   14
    2515   14
    2516   13
    2517   13
    2518   13
    2519   13
    2520   13
    2521   13
    2522   13
    2523   13
    2524   13
    2525   13
    2526   13
    2527   13
    2528   13
    2529   13
    2530   13
    2531   13
    2532   13
    2533   13
    2534   13
    2535   13
    2536   13
    2537   13
    2538   13
    2539   13
    2540   13
    2541   13
    2542   13
    2543   13
    2544   13
    2545   13
    2546   13
    2547   13
    2548   13
    2549   13
    2550   13
    2551   13
    2552   13
    2553   13
    2554   13
    2555   13
    2556   13
    2557   13
    2558   13
    2559   13
    2560   13
    2561   13
    2562   13
    2563   13
    2564   13
    2565   13
    2566   13
    2567   13
    2568   13
    2569   13
    2570   14
    2571   14
    2572   14
    2573   13
    2574   13
    2575   13
    2576   13
    2577   13
    2578   13
    2579   13
    2580   13
    2581   13
    2582   13
    2583   13
    2584   13
    2585   13
    2586   13
    2587   13
    2588   13
    2589   13
    2590   13
    2591   13
    2592   13
    2593   13
    2594   13
    2595   13
    2596   13
    2597   13
    2598   13
    2599   13
    2600   13
    2601   13
    2602   13
    2603   13
    2604   13
    2605   13
    2606   14
    2607   14
    2608   14
    2609   14
    2610   14
    2611   14
    2612   14
    2613   13
    2614   13
    2615   13
    2616   13
    2617   13
    2618   13
    2619   13
    2620   13
    2621   13
    2622   13
    2623   13
    2624   13
    2625   13
    2626   13
    2627   13
    2628   13
    2629   14
    2630   14
    2631   14
    2632   14
    2633   13
    2634   13
    2635   13
    2636   13
    2637   13
    2638   13
    2639   13
    2640   13
    2641   13
    2642   13
    2643   13
    2644   13
    2645   13
    2646   13
    2647   13
    2648   13
    2649   13
    2650   13
    2651   13
    2652   13
    2653   13
    2654   13
    2655   13
    2656   13
    2657   13
    2658   13
    2659   13
    2660   13
    2661   13
    2662   13
    2663   13
    2664   13
    2665   13
    2666   13
    2667   13
    2668   13
    2669   13
    2670   13
    2671   13
    2672   13
    2673   13
    2674   13
    2675   13
    2676   13
    2677   13
    2678   13
    2679   13
    2680   13
    2681   13
    2682   13
    2683   13
    2684   13
    2685   13
    2686   13
    2687   13
    2688   13
    2689   13
    2690   13
    2691   13
    2692   13
    2693   13
    2694   13
    2695   13
    2696   13
    2697   13
    2698   13
    2699   13
    2700   13
    2701   13
    2702   13
    2703   13
    2704   13
    2705   13
    2706   13
    2707   13
    2708   13
    2709   13
    2710   13
    2711   13
    2712   13
    2713   13
    2714   13
    2715   13
    2716   13
    2717   13
    2718   13
    2719   13
    2720   13
    2721   13
    2722   13
    2723   13
    2724   13
    2725   13
    2726   13
    2727   13
    2728   13
    2729   14
    2730   14
    2731   14
    2732   14
    2733   14
    2734   14
    2735   14
    2736   14
    2737   14
    2738   14
    2739   14
    2740   14
    2741   14
    2742   14
    2743   13
    2744   13
    2745   13
    2746   13
    2747   13
    2748   13
    2749   13
    2750   13
    2751   13
    2752   13
    2753   13
    2754   13
    2755   13
    2756   13
    2757   13
    2758   13
    2759   13
    2760   13
    2761   13
    2762   13
    2763   13
    2764   13
    2765   13
    2766   13
    2767    4
    2768    4
    2769    4
    2770    4
    2771    4
    2772    4
    2773   13
    2774   13
    2775   13
    2776   13
    2777   13
    2778   13
    2779   13
    2780   13
    2781   13
    2782   13
    2783   13
    2784   13
    2785   13
    2786   13
    2787   13
    2788   13
    2789   13
    2790   13
    2791   13
    2792   13
    2793   13
    2794   13
    2795   13
    2796   13
    2797   13
    2798   13
    2799   13
    2800   13
    2801    8
    2802   12
    2803   12
    2804   12
    2805   12
    2806   12
    2807   12
    2808    8
    2809   13
    2810   13
    2811   13
    2812   13
    2813   13
    2814   13
    2815   13
    2816   13
    2817   13
    2818   13
    2819   13
    2820   13
    2821   14
    2822   14
    2823   13
    2824   13
    2825   13
    2826   13
    2827   13
    2828   13
    2829   13
    2830   13
    2831   13
    2832   13
    2833   13
    2834   13
    2835   13
    2836   13
    2837   13
    2838   13
    2839   13
    2840   13
    2841   13
    2842   13
    2843   13
    2844   13
    2845   13
    2846   13
    2847   13
    2848   13
    2849   13
    2850   13
    2851   13
    2852   13
    2853   13
    2854   13
    2855   13
    2856   13
    2857   13
    2858   13
    2859   13
    2860   13
    2861   13
    2862   13
    2863   12
    2864   12
    2865    1
    2866   12
    2867    9
    2868   13
    2869   13
    2870   13
    2871   13
    2872   13
    2873   13
    2874   13
    2875   13
    2876   13
    2877   13
    2878   13
    2879   13
    2880   13
    2881   13
    2882   13
    2883   13
    2884   13
    2885   13
    2886   13
    2887   13
    2888   13
    2889   13
    2890   13
    2891   13
    2892   13
    2893   13
    2894   13
    2895   13
    2896   13
    2897   13
    2898   13
    2899   13
    2900   13
    2901   13
    2902   13
    2903   13
    2904   13
    2905   13
    2906   13
    2907   13
    2908   13
    2909   13
    2910   13
    2911   13
    2912   13
    2913   13
    2914   13
    2915   13
    2916   13
    2917   13
    2918   13
    2919   13
    2920   13
    2921   13
    2922   13
    2923   13
    2924   13
    2925   13
    2926   13
    2927   13
    2928   13
    2929   13
    2930   13
    2931   13
    2932   13
    2933   13
    2934   13
    2935   13
    2936   13
    2937   13
    2938   13
    2939   13
    2940   13
    2941   13
    2942   13
    2943   13
    2944   13
    2945   13
    2946   13
    2947   13
    2948   13
    2949   13
    2950   13
    2951   13
    2952   13
    2953   13
    2954   13
    2955   13
    2956   13
    2957   13
    2958   13
    2959   13
    2960   13
    2961   13
    2962   13
    2963   13
    2964   13
    2965   13
    2966   14
    2967   14
    2968   14
    2969   13
    2970   13
    2971   13
    2972   13
    2973   13
    2974   13
    2975   13
    2976   13
    2977   13
    2978   13
    2979   13
    2980   13
    2981   13
    2982   13
    2983   13
    2984   13
    2985   13
    2986   13
    2987   13
    2988   13
    2989   13
    2990   13
    2991   13
    2992   13
    2993   13
    2994   13
    2995   13
    2996   13
    2997   13
    2998   13
    2999   14
    3000   14
    3001   14
    3002   14
    3003   14
    3004   13
    3005   13
    3006   13
    3007   13
    3008   13
    3009   13
    3010   13
    3011   13
    3012   13
    3013   13
    3014   13
    3015   13
    3016   13
    3017   13
    3018   13
    3019   13
    3020   13
    3021   13
    3022   13
    3023   13
    3024   13
    3025   13
    3026   13
    3027   13
    3028   13
    3029   13
    3030   13
    3031   13
    3032   13
    3033   13
    3034   13
    3035   13
    3036   13
    3037   13
    3038   13
    3039   13
    3040   13
    3041   13
    3042   13
    3043   13
    3044   13
    3045   13
    3046   13
    3047   13
    3048   13
    3049   13
    3050   13
    3051   13
    3052   14
    3053   14
    3054   14
    3055   13
    3056   13
    3057   13
    3058   13
    3059   13
    3060   13
    3061   13
    3062   13
    3063   13
    3064   13
    3065   13
    3066   13
    3067   13
    3068   13
    3069   13
    3070   13
    3071   13
    3072   13
    3073   13
    3074   13
    3075   13
    3076   13
    3077   13
    3078   13
    3079   13
    3080   13
    3081   13
    3082   13
    3083   13
    3084   13
    3085   13
    3086   13
    3087   13
    3088   13
    3089   13
    3090   13
    3091   13
    3092   13
    3093   13
    3094   13
    3095   13
    3096   13
    3097   13
    3098   13
    3099   13
    3100   13
    3101   13
    3102   13
    3103   13
    3104   13
    3105   13
    3106   13
    3107   13
    3108   14
    3109   14
    3110   14
    3111   14
    3112   14
    3113   14
    3114   14
    3115   14
    3116   14
    3117   14
    3118   14
    3119   14
    3120   14
    3121   14
    3122   14
    3123   14
    3124   14
    3125   13
    3126   13
    3127   13
    3128   13
    3129   13
    3130   13
    3131   13
    3132   13
    3133   13
    3134   13
    3135   13
    3136   13
    3137   13
    3138   13
    3139   13
    3140   13
    3141   13
    3142   13
    3143   13
    3144   13
    3145   13
    3146   13
    3147   13
    3148   13
    3149   13
    3150   13
    3151   13
    3152   13
    3153   13
    3154   13
    3155   13
    3156   14
    3157   14
    3158   14
    3159   14
    3160   14
    3161   14
    3162   14
    3163   14
    3164   14
    3165   14
    3166   14
    3167   14
    3168   14
    3169   14
    3170   14
    3171   14
    3172   14
    3173   14
    3174   14
    3175   14
    3176   14
    3177   14
    3178   14
    3179   14
    3180   14
    3181   14
    3182   14
    3183   14
    3184   14
    3185   14
    3186   13
    3187   13
    3188   13
    3189   13
    3190   13
    3191   13
    3192   13
    3193   13
    3194   13
    3195   13
    3196   13
    3197   13
    3198   13
    3199   13
    3200   13
    3201   13
    3202   13
    3203   13
    3204   13
    3205   13
    3206   13
    3207   13
    3208   13
    3209   13
    3210   13
    3211   13
    3212   13
    3213   13
    3214   13
    3215   13
    3216   13
    3217   13
    3218   13
    3219   13
    3220   13
    3221   13
    3222   13
    3223   13
    3224   13
    3225   13
    3226   13
    3227   13
    3228   13
    3229   13
    3230   13
    3231   13
    3232   13
    3233   13
    3234   13
    3235   13
    3236   13
    3237   13
    3238   13
    3239   13
    3240   13
    3241   13
    3242   13
    3243   13
    3244   13
    3245   13
    3246   14
    3247   14
    3248   13
    3249   13
    3250   13
    3251   13
    3252   13
    3253   13
    3254   13
    3255   13
    3256   13
    3257   13
    3258   13
    3259   13
    3260   13
    3261   13
    3262   13
    3263   13
    3264   13
    3265   13
    3266   13
    3267   13
    3268   13
    3269   13
    3270   13
    3271   13
    3272   13
    3273   13
    3274   13
    3275   13
    3276   13
    3277   13
    3278   13
    3279   13
    3280   13
    3281   13
    3282   13
    3283   13
    3284   13
    3285   13
    3286   13
    3287   13
    3288   13
    3289   13
    3290   13
    3291   13
    3292   13
    3293   13
    3294   13
    3295   13
    3296   13
    3297   13
    3298   13
    3299   13
    3300   13
    3301   13
    3302   13
    3303   13
    3304   13
    3305   13
    3306   13
    3307   13
    3308   13
    3309   13
    3310   13
    3311   13
    3312   13
    3313   13
    3314   13
    3315   13
    3316   13
    3317   13
    3318   13
    3319   13
    3320   13
    3321   13
    3322   13
    3323   13
    3324   13
    3325   12
    3326   12
    3327   12
    3328    6
    3329   12
    3330   12
    3331   13
    3332   13
    3333   13
    3334   13
    3335   13
    3336   13
    3337   13
    3338   13
    3339   13
    3340   13
    3341   13
    3342   13
    3343   13
    3344   13
    3345   13
    3346   13
    3347   13
    3348   13
    3349   13
    3350   13
    3351   13
    3352   13
    3353   13
    3354   15
    3355   15
    3356   15
    3357   15
    3358   15
    3359   15
    3360   15
    3361   15
    3362   15
    3363   15
    3364   15
    3365   15
    3366   15
    3367   15
    3368   15
    3369   15
    3370   15
    3371   15
    3372   15
    3373   15
    3374   15
    3375   15
    3376   15
    3377   15
    3378   15
    3379   15
    3380   15
    3381   15
    3382   15
    3383   15
    3384   15
    3385   15
    3386   15
    3387   15
    3388   15
    3389   15
    3390   15
    3391   15
    3392   15
    3393   15
    3394   15
    3395   15
    3396   15
    3397   15
    3398   15
    3399   15
    3400    6
    3401    3
    3402   12
    3403   12
    3404   12
    3405   12
    3406   12
    3407   12
    3408   12
    3409   12
    3410   12
    3411   12
    3412   12
    3413   12
    3414    8
    3415    8
    3416   13
    3417   13
    3418   13
    3419   13
    3420   13
    3421   13
    3422   13
    3423   13
    3424   13
    3425   13
    3426   13
    3427   13
    3428   13
    3429   13
    3430   13
    3431   13
    3432   13
    3433   13
    3434   13
    3435   13
    3436   13
    3437   13
    3438   13
    3439   13
    3440   13
    3441   13
    3442   13
    3443   13
    3444   13
    3445   13
    3446   13
    3447   13
    3448   13
    3449   13
    3450   13
    3451   13
    3452   13
    3453   13
    3454   13
    3455   13
    3456   13
    3457   13
    3458   13
    3459   13
    3460   13
    3461   13
    3462   13
    3463   13
    3464   13
    3465   13
    3466   13
    3467   13
    3468   13
    3469   13
    3470   13
    3471   13
    3472   13
    3473    8
    3474   12
    3475   12
    3476   12
    3477   12
    3478   12
    3479   12
    3480   12
    3481   12
    3482   12
    3483   12
    3484   12
    3485   12
    3486   12
    3487   12
    3488   11
    3489   11
    3490   11
    3491    9
    3492   13
    3493   13
    3494   13
    3495   13
    3496   13
    3497   13
    3498   13
    3499   13
    3500   13
    3501   13
    3502   13
    3503   13
    3504   13
    3505   13
    3506   13
    3507   13
    3508   10
    3509   12
    3510   12
    3511   12
    3512    8
    3513   10
    3514   10
    3515   10
    3516   10
    3517   10
    3518   10
    3519   10
    3520   10
    3521   10
    3522   10
    3523   10
    3524   10
    3525   10
    3526    8
    3527   12
    3528   12
    3529   12
    3530   12
    3531   12
    3532   12
    3533   12
    3534   12
    3535   12
    3536   12
    3537    7
    3538   10
    3539   10
    3540   10
    3541   10
    3542   10
    3543   10
    3544   10
    3545   10
    3546   10
    3547   10
    3548   10
    3549   10
    3550   10
    3551   10
    3552   10
    3553   10
    3554   10
    3555   10
    3556   10
    3557   10
    3558   10
    3559   10
    3560   10
    3561   10
    3562   10
    3563   10
    3564    8
    3565    6
    3566    3
    3567    1
    3568    1
    3569    1
    3570    1
    3571    1
    3572    1
    3573    1
    3574   12
    3575   12
    3576   10
    3577   10
    3578   10
    3579   10
    3580    9
    3581   11
    3582   11
    3583   11
    3584   11
    3585   11
    3586   11
    3587   11
    3588   11
    3589   11
    3590   11
    3591   11
    3592   11
    3593   11
    3594   11
    3595    9
    3596   11
    3597   11
    3598   11
    3599   11
    3600   11
    3601   11
    3602   10
    3603   10
    3604   10
    3605   10
    3606   10
    3607   10
    3608   10
    3609   10
    3610   10
    3611   10
    3612    8
    3613   12
    3614    8
    3615    8
    3616    8
    3617   10
    3618   10
    3619   10
    3620   10
    3621   10
    3622   10
    3623   10
    3624   10
    3625   10
    3626   10
    3627   10
    3628   10
    3629   10
    3630   10
    3631   10
    3632   10
    3633   11
    3634   11
    3635    9
    3636   15
    3637   15
    3638   15
    3639   15
    3640   15
    3641   15
    3642   15
    3643   15
    3644   15
    3645   15
    3646    7
    3647    8
    3648    7
    3649    7
    3650   15
    3651   15
    3652   15
    3653    8
    3654   12
    3655   12
    3656    8
    3657    8
    3658   15
    3659   15
    3660   15
    3661   15
    3662   15
    3663    8
    3664    7
    3665    8
    3666    8
    3667   15
    3668   15
    3669   15
    3670   15
    3671   15
    3672   15
    3673   15
    3674   15
    3675   15
    3676    7
    3677    7
    3678   15
    3679   15
    3680   15
    3681   15
    3682   15
    3683   15
    3684   15
    3685   15
    3686   15
    3687   15
    3688   15
    3689   15
    3690   15
    3691   15
    3692    8
    3693    7
    3694   12
    3695   12
    3696   12
    3697   12
    3698    8
    3699   15
    3700   15
    3701   15
    3702   15
    3703   15
    3704    8
    3705    7
    3706    7
    3707    8
    3708    8
    3709   12
    3710   12
    3711   12
    3712    8
    3713    8
    3714    8
    3715    8
    3716   12
    3717   12
    3718   12
    3719   15
    3720    8
    3721    7
    3722    8
    3723    8
    3724    7
    3725   15
    3726   15
    3727   15
    3728   15
    3729   15
    3730   15
    3731    8
    3732    6
    3733    6
    3734    6
    3735    6
    3736    3
    3737    3
    3738    3
    3739    1
    3740   12
    3741   12
    3742   12
    3743   12
    3744   12
    3745    8
    3746    8
    3747   15
    3748   15
    3749   15
    3750   15
    3751   15
    3752    8
    3753   12
    3754   12
    3755   12
    3756   10
    3757   10
    3758   10
    3759   10
    3760   10
    3761   10
    3762   10
    3763   10
    3764   10
    3765   10
    3766   10
    3767   10
    3768   10
    3769   12
    3770   12
    3771    7
    3772    8
    3773    7
    3774    7
    3775    1
    3776    1
    3777    1
    3778    1
    3779    1
    3780    1
    3781    1
    3782    1
    3783    1
    3784    1
    3785    1
    3786    1
    3787    1
    3788    1
    3789   12
    3790   10
    3791   10
    3792   12
    3793    8
    3794   12
    3795   12
    3796   12
    3797   12
    3798   12
    3799   12
    3800   12
    3801   12
    3802   12
    3803   12
    3804   12
    3805    7
    3806    7
    3807    7
    3808    8
    3809    6
    3810    4
    3811    4
    3812   12
    3813   12
    3814   12
    3815   12
    3816   12
    3817   12
    3818   12
    3819   12
    3820   12
    3821   12
    3822   12
    3823   12
    3824   12
    3825   12
    3826   12
    3827    8
    3828   12
    3829   12
    3830   12
    3831   12
    3832   12
    3833   12
    3834   12
    3835   12
    3836    7
    3837   12
    3838   12
    3839   12
    3840   12
    3841   12
    3842   12
    3843   12
    3844   12
    3845   12
    3846   12
    3847   12
    3848   12
    3849   12
    3850   12
    3851   12
    3852   12
    3853   12
    3854   12
    3855    1
    3856    1
    3857    1
    3858    1
    3859    1
    3860    1
    3861    5
    3862    1
    3863    1
    3864    1
    3865    3
    3866    4
    3867    4
    3868    3
    3869    3
    3870    3
    3871    4
    3872    4
    3873    6
    3874   15
    3875   15
    3876   15
    3877   15
    3878   15
    3879   15
    3880   15
    3881   15
    3882   15
    3883   15
    3884   15
    3885   15
    3886    8
    3887   12
    3888   12
    3889   12
    3890    2
    3891    5
    3892    6
    3893    6
    3894    1
    3895    1
    3896   12
    3897    8
    3898    8
    3899   12
    3900    1
    3901    1
    3902    1
    3903    1
    3904    1
    3905    6
    3906    9
    3907   12
    3908   12
    3909   12
    3910   12
    3911   10
    3912   10
    3913   10
    3914   10
    3915   10
    3916   10
    3917   10
    3918   10
    3919   12
    3920   12
    3921   15
    3922   15
    3923   15
    3924   15
    3925   15
    3926   15
    3927    6
    3928    7
    3929   15
    3930   15
    3931   15
    3932   15
    3933   15
    3934   15
    3935   15
    3936   15
    3937   15
    3938   15
    3939    6
    3940    6
    3941    3
    3942    3
    3943    3
    3944    3
    3945    3
    3946    5
    3947    3
    3948    3
    3949    3
    3950    3
    3951    3
    3952    1
    3953    1
    3954    1
    3955    1
    3956    1
    3957    8
    3958   12
    3959   12
    3960   12
    3961   12
    3962   12
    3963   12
    3964   12
    3965    1
    3966    1
    3967    1
    3968    1
    3969    1
    3970    1
    3971    1
    3972    1
    3973    1
    3974    1
    3975    1
    3976    1
    3977    1
    3978    1
    3979    1
    3980    1
    3981    1
    3982    1
    3983    1
    3984    3
    3985    3
    3986    3
    3987    3
    3988    3
    3989    3
    3990    3
    3991    3
    3992    3
    3993    3
    3994    5
    3995    6
    3996   12
    3997   12
    3998   12
    3999   12
    4000   12
    4001    8
    4002   12
    4003   12
    4004   12
    4005   12
    4006   12
    4007   12
    4008   12
    4009    8
    4010   12
    4011    6
    4012    6
    4013   12
    4014   12
    4015   12
    4016   12
    4017   12
    4018   12
    4019   12
    4020   12
    4021   12
    4022   12
    4023   12
    4024    7
    4025    1
    4026    1
    4027    1
    4028    1
    4029    1
    4030    1
    4031   12
    4032   12
    4033   12
    4034   12
    4035    7
    4036   15
    4037   15
    4038    8
    4039    6
    4040    6
    4041    6
    4042    6
    4043    3
    4044    3
    4045    3
    4046    3
    4047    5
    4048    6
    4049    1
    4050    8
    4051    8
    4052    8
    4053    8
    4054    8
    4055   12
    4056   12
    4057   12
    4058    7
    4059   15
    4060   15
    4061    8
    4062    7
    4063    7
    4064    8
    4065   12
    4066   11
    4067   11
    4068   11
    4069   10
    4070   10
    4071   10
    4072   10
    4073   10
    4074   10
    4075   10
    4076   10
    4077   10
    4078   10
    4079   10
    4080   10
    4081   10
    4082   10
    4083   10
    4084   10
    4085   12
    4086   12
    4087   12
    4088   12
    4089   12
    4090   12
    4091   12
    4092   12
    4093   12
    4094   12
    4095    7
    4096   12
    4097   12
    4098   12
    4099   12
    4100   12
    4101   12
    4102   12
    4103    6
    4104    8
    4105    7
    4106    8
    4107   12
    4108   12
    4109   12
    4110    8
    4111    8
    4112   12
    4113   11
    4114   11
    4115   11
    4116   11
    4117   11
    4118   11
    4119   11
    4120   11
    4121   11
    4122   11
    4123   11
    4124   11
    4125   11
    4126   11
    4127   10
    4128   10
    4129   10
    4130   10
    4131   10
    4132   10
    4133   10
    4134   10
    4135   10
    4136   10
    4137   10
    4138   10
    4139   10
    4140   10
    4141   10
    4142   10
    4143   10
    4144   10
    4145   10
    4146   10
    4147   10
    4148   10
    4149   10
    4150   10
    4151   10
    4152   10
    4153   12
    4154   12
    4155   12
    4156   12
    4157    9
    4158   11
    4159   11
    4160   11
    4161   11
    4162   11
    4163   11
    4164   11
    4165   11
    4166   11
    4167   11
    4168   11
    4169   11
    4170   11
    4171   11
    4172   11
    4173   11
    4174   11
    4175   11
    4176   11
    4177   11
    4178   11
    4179   11
    4180   11
    4181   11
    4182   11
    4183   11
    4184   11
    4185    9
    4186   10
    4187   10
    4188   10
    4189   10
    4190   10
    4191   10
    4192   10
    4193   10
    4194   10
    4195   10
    4196   10
    4197   10
    4198   10
    4199   10
    4200   10
    4201   10
    4202   10
    4203   10
    4204   10
    4205   10
    4206   10
    4207   10
    4208   10
    4209   10
    4210   10
    4211   10
    4212   10
    4213   10
    4214   10
    4215   10
    4216   10
    4217   10
    4218   10
    4219   10
    4220   10
    4221   10
    4222   10
    4223   10
    4224   10
    4225   10
    4226   10
    4227   10
    4228   10
    4229   10
    4230   10
    4231   10
    4232   10
    4233   10
    4234   10
    4235   10
    4236   10
    4237   10
    4238   10
    4239   10
    4240   10
    4241   10
    4242   10
    4243    7
    4244   12
    4245   10
    4246   10
    4247   10
    4248   10
    4249   10
    4250   10
    4251   10
    4252   10
    4253   13
    4254   13
    4255   13
    4256   13
    4257   13
    4258   13
    4259   13
    4260   13
    4261   13
    4262   13
    4263   13
    4264   13
    4265   13
    4266   13
    4267   13
    4268   13
    4269   13
    4270   13
    4271   13
    4272   13
    4273   13
    4274   13
    4275   13
    4276   13
    4277   13
    4278   13
    4279   13
    4280   13
    4281   13
    4282   10
    4283   10
    4284   10
    4285   10
    4286   12
    4287   12
    4288   12
    4289   12
    4290   12
    4291   12
    4292   12
    4293   12
    4294   12
    4295   12
    4296   12
    4297   12
    4298   12
    4299   12
    4300   12
    4301   12
    4302   12
    4303   12
    4304   12
    4305   12
    4306   12
    4307   12
    4308   10
    4309   10
    4310   10
    4311   10
    4312   10
    4313   10
    4314   10
    4315   10
    4316   10
    4317   10
    4318   10
    4319   10
    4320   10
    4321   10
    4322   10
    4323   10
    4324   10
    4325   10
    4326   10
    4327   10
    4328   10
    4329   10
    4330   10
    4331   10
    4332   10
    4333   10
    4334   12
    4335   12
    4336   12
    4337   12
    4338   12
    4339   12
    4340   12
    4341   12
    4342   12
    4343   12
    4344   12
    4345   12
    4346   12
    4347   12
    4348   10
    4349   10
    4350   10
    4351   12
    4352   12
    4353   12
    4354   12
    4355   12
    4356   12
    4357   12
    4358   12
    4359   12
    4360   12
    4361    8
    4362   12
    4363   12
    4364   12
    4365   12
    4366   12
    4367   12
    4368   10
    4369   10
    4370   10
    4371   10
    4372   10
    4373   10
    4374   10
    4375   10
    4376   10
    4377   10
    4378   10
    4379   10
    4380   12
    4381   12
    4382    8
    4383   12
    4384   12
    4385   12
    4386    8
    4387    6
    4388    3
    4389    3
    4390    3
    4391    1
    4392   12
    4393   12
    4394   12
    4395   12
    4396   12
    4397   12
    4398    6
    4399    3
    4400    3
    4401    3
    4402    3
    4403    3
    4404    1
    4405    1
    4406    1
    4407    1
    4408    1
    4409    1
    4410    1
    4411    1
    4412    1
    4413    1
    4414    1
    4415    1
    4416    1
    4417   12
    4418   12
    4419   12
    4420   12
    4421   12
    4422   10
    4423   10
    4424   10
    4425   10
    4426   10
    4427   10
    4428   10
    4429   10
    4430   10
    4431   12
    4432   12
    4433   12
    4434   12
    4435   12
    4436   12
    4437   12
    4438   12
    4439   12
    4440   12
    4441   12
    4442   12
    4443   10
    4444   10
    4445   10
    4446   10
    4447   10
    4448   10
    4449   10
    4450   10
    4451   10
    4452   10
    4453   12
    4454   12
    4455   12
    4456   12
    4457   12
    4458   12
    4459   12
    4460   12
    4461   12
    4462   10
    4463   10
    4464   12
    4465   12
    4466   10
    4467   10
    4468   10
    4469   12
    4470   12
    4471   12
    4472   12
    4473   12
    4474   12
    4475   12
    4476   12
    4477   12
    4478   10
    4479   10
    4480   10
    4481   10
    4482   10
    4483   10
    4484   10
    4485   10
    4486   10
    4487   10
    4488   10
    4489   10
    4490   10
    4491   10
    4492   13
    4493   13
    4494   13
    4495   13
    4496   13
    4497   13
    4498   13
    4499   13
    4500   13
    4501   13
    4502   13
    4503   13
    4504   13
    4505   13
    4506   13
    4507   13
    4508   13
    4509   13
    4510   13
    4511   13
    4512   13
    4513   13
    4514   13
    4515   13
    4516   13
    4517   13
    4518   13
    4519   13
    4520   13
    4521   13
    4522   13
    4523   13
    4524   13
    4525   13
    4526   13
    4527   13
    4528   13
    4529   12
    4530   12
    4531    7
    4532    8
    4533   13
    4534   13
    4535   13
    4536   13
    4537   13
    4538   13
    4539   13
    4540   13
    4541   13
    4542   13
    4543   13
    4544   13
    4545   13
    4546   13
    4547   13
    4548   13
    4549   13
    4550   13
    4551   13
    4552   13
    4553   13
    4554   13
    4555   13
    4556   13
    4557   13
    4558   13
    4559   13
    4560   13
    4561   13
    4562   13
    4563   13
    4564   13
    4565   13
    4566   13
    4567   13
    4568   13
    4569   13
    4570   13
    4571   13
    4572   13
    4573   13
    4574   13
    4575   13
    4576   13
    4577   13
    4578   13
    4579   13
    4580   13
    4581   13
    4582   13
    4583   13
    4584   13
    4585   13
    4586   13
    4587   13
    4588   13
    4589   13
    4590   13
    4591   13
    4592   13
    4593   13
    4594   13
    4595   13
    4596   13
    4597   13
    4598   13
    4599   13
    4600   13
    4601   13
    4602   13
    4603   13
    4604   13
    4605   13
    4606   13
    4607   13
    4608   13
    4609   13
    4610   13
    4611   13
    4612   13
    4613   13
    4614   13
    4615   13
    4616   13
    4617   13
    4618   13
    4619   13
    4620   13
    4621   13
    4622   13
    4623   13
    4624   13
    4625   13
    4626   13
    4627   13
    4628   13
    4629   13
    4630   13
    4631   13
    4632   13
    4633   13
    4634   13
    4635   13
    4636   13
    4637   13
    4638   13
    4639   13
    4640   13
    4641   13
    4642   13
    4643   13
    4644   13
    4645   13
    4646   13
    4647   13
    4648   13
    4649   13
    4650   13
    4651   13
    4652   13
    4653   13
    4654   13
    4655   13
    4656   13
    4657   13
    4658   13
    4659   13
    4660   13
    4661   13
    4662   13
    4663   13
    4664   13
    4665   13
    4666   13
    4667   13
    4668   13
    4669   13
    4670   13
    4671   13
    4672   13
    4673   13
    4674   13
    4675   13
    4676   13
    4677   13
    4678   13
    4679   13
    4680   13
    4681   13
    4682   13
    4683   13
    4684   14
    4685   14
    4686   14
    4687   14
    4688   13
    4689   13
    4690   13
    4691   13
    4692   13
    4693   13
    4694   13
    4695   13
    4696   14
    4697   14
    4698   14
    4699   14
    4700   14
    4701   13
    4702   13
    4703   13
    4704   13
    4705   13
    4706   13
    4707   13
    4708   13
    4709   13
    4710   13
    4711   13
    4712   13
    4713   13
    4714   13
    4715   13
    4716   13
    4717   13
    4718   13
    4719   13
    4720   13
    4721   13
    4722   13
    4723   13
    4724   13
    4725   13
    4726   14
    4727   14
    4728   14
    4729   13
    4730   13
    4731   13
    4732   13
    4733   13
    4734   13
    4735   13
    4736   13
    4737   13
    4738   13
    4739   13
    4740   13
    4741   13
    4742   13
    4743   13
    4744   13
    4745   13
    4746   13
    4747   13
    4748   13
    4749   13
    4750   13
    4751   13
    4752   13
    4753   13
    4754   13
    4755   13
    4756   13
    4757   13
    4758   13
    4759   13
    4760   13
    4761   13
    4762   13
    4763   13
    4764   13
    4765   13
    4766   13
    4767   13
    4768   13
    4769   13
    4770   13
    4771   13
    4772   13
    4773   13
    4774   13
    4775   13
    4776   13
    4777   13
    4778   13
    4779   13
    4780   13
    4781   13
    4782   13
    4783   13
    4784   13
    4785   13
    4786   13
    4787   13
    4788   13
    4789   13
    4790   13
    4791   13
    4792   13
    4793   13
    4794   13
    4795   13
    4796   13
    4797   13
    4798   13
    4799   13
    4800   13
    4801   13
    4802   13
    4803   13
    4804   13
    4805   13
    4806   13
    4807   13
    4808   13
    4809   13
    4810   13
    4811   13
    4812   13
    4813   13
    4814   13
    4815   13
    4816   13
    4817   13
    4818   13
    4819   13
    4820   13
    4821   13
    4822   13
    4823   13
    4824   13
    4825   13
    4826   13
    4827   13
    4828   13
    4829   13
    4830   13
    4831   13
    4832   13
    4833   13
    4834   13
    4835   13
    4836   13
    4837   13
    4838   13
    4839   13
    4840   13
    4841   13
    4842   13
    4843   13
    4844   13
    4845   13
    4846   13
    4847   13
    4848   13
    4849   13
    4850   13
    4851   13
    4852   13
    4853   13
    4854   13
    4855   13
    4856   13
    4857   13
    4858   13
    4859   13
    4860   13
    4861   13
    4862   13
    4863   13
    4864   13
    4865   13
    4866   13
    4867   13
    4868   13
    4869   13
    4870   13
    4871   13
    4872   13
    4873   13
    4874   13
    4875   13
    4876   13
    4877   13
    4878   13
    4879   13
    4880   13
    4881   13
    4882   13
    4883   13
    4884   13
    4885   13
    4886   13
    4887   13
    4888   13
    4889   13
    4890   13
    4891   13
    4892   13
    4893   13
    4894   13
    4895   13
    4896   13
    4897   13
    4898   13
    4899   13
    4900   13
    4901   13
    4902   13
    4903   13
    4904   13
    4905   13
    4906   13
    4907   13
    4908   13
    4909   13
    4910   13
    4911   13
    4912   13
    4913   13
    4914   13
    4915   13
    4916   13
    4917   13
    4918   13
    4919   13
    4920   13
    4921   13
    4922   13
    4923   13
    4924   13
    4925   13
    4926   13
    4927   13
    4928   13
    4929   13
    4930   13
    4931   13
    4932   13
    4933   12
    4934   12
    4935    7
    4936    6
    4937    3
    4938    3
    4939    1
    4940    1
    4941    1
    4942    1
    4943    3
    4944    3
    4945    6
    4946   12
    4947   13
    4948   13
    4949   13
    4950   13
    4951   13
    4952   13
    4953   13
    4954   13
    4955   13
    4956   13
    4957   13
    4958   13
    4959   13
    4960   13
    4961   13
    4962   13
    4963   13
    4964   13
    4965   13
    4966   13
    4967   13
    4968   13
    4969   13
    4970   13
    4971   13
    4972   13
    4973   13
    4974   13
    4975   13
    4976   13
    4977   13
    4978   13
    4979   13
    4980   13
    4981   13
    4982   13
    4983   13
    4984   13
    4985   13
    4986   13
    4987   13
    4988   13
    4989   13
    4990   13
    4991   13
    4992   13
    4993   13
    4994   13
    4995   13
    4996   13
    4997   13
    4998   14
    4999   14
    5000   13
