       1   12
       2   12
       3   12
       4   10
       5   10
       6   10
       7   10
       8   10
       9   10
      10   13
      11   13
      12   13
      13   13
      14   13
      15   13
      16   13
      17   13
      18   13
      19   13
      20   13
      21   13
      22   13
      23   13
      24   13
      25   10
      26   10
      27   10
      28   10
      29   10
      30    8
      31    7
      32    8
      33   12
      34   12
      35   10
      36   13
      37   13
      38   13
      39   13
      40   13
      41   13
      42   13
      43   13
      44   13
      45   13
      46   13
      47   13
      48   13
      49   13
      50   13
      51   13
      52   13
      53   13
      54   13
      55   13
      56   10
      57   10
      58   10
      59   10
      60   10
      61   10
      62   10
      63   10
      64   10
      65   10
      66   10
      67   10
      68   10
      69   10
      70   10
      71   10
      72   10
      73   10
      74   10
      75   10
      76   10
      77   10
      78   10
      79   10
      80   10
      81   10
      82   10
      83   10
      84   10
      85   10
      86   10
      87   10
      88   10
      89   10
      90    7
      91    8
      92   10
      93   10
      94   10
      95   10
      96   10
      97   10
      98   10
      99   12
     100   15
     101   15
     102   12
     103    8
     104   10
     105   10
     106   10
     107   10
     108   13
     109   13
     110   13
     111   13
     112   13
     113   13
     114   13
     115   13
     116   13
     117   13
     118   13
     119   13
     120   13
     121   13
     122   13
     123   13
     124   13
     125   13
     126   13
     127   13
     128   13
     129   13
     130   13
     131   13
     132   13
     133   13
     134   13
     135   13
     136   13
     137   13
     138   13
     139   13
     140   13
     141   13
     142   13
     143   13
     144   13
     145   13
     146   13
     147   13
     148   13
     149   13
     150   13
     151   13
     152   13
     153   13
     154   13
     155   13
     156   13
     157   13
     158   13
     159   13
     160   13
     161   13
     162   13
     163   13
     164   13
     165   13
     166   13
     167   13
     168   13
     169   13
     170   13
     171   13
     172   13
     173   13
     174   13
     175   13
     176   13
     177   13
     178   13
     179   13
     180   13
     181   13
     182   13
     183   13
     184   13
     185   13
     186   13
     187   13
     188   13
     189   13
     190   13
     191   13
     192   13
     193   13
     194   13
     195   13
     196   13
     197   13
     198   13
     199   13
     200   13
     201   13
     202   13
     203   13
     204   13
     205   13
     206   13
     207   13
     208   13
     209   13
     210   13
     211   13
     212   13
     213   13
     214   13
     215   13
     216   13
     217   13
     218   13
     219   13
     220   13
     221   13
     222   13
     223   13
     224   13
     225   13
     226   13
     227   13
     228   13
     229   13
     230   13
     231   13
     232   13
     233   13
     234   13
     235   13
     236   13
     237   13
     238   13
     239   13
     240   13
     241   13
     242   13
     243   13
     244   13
     245   13
     246   13
     247   13
     248   13
     249   13
     250   13
     251   13
     252   13
     253   13
     254   13
     255   13
     256   13
     257   13
     258   13
     259   13
     260   13
     261   13
     262   13
     263   13
     264   13
     265   13
     266   13
     267   13
     268   13
     269   13
     270   13
     271   13
     272   13
     273   13
     274   13
     275   13
     276   13
     277   13
     278   13
     279   13
     280   13
     281   13
     282   13
     283   13
     284   13
     285   13
     286   13
     287   13
     288   13
     289   13
     290   13
     291   13
     292   13
     293   13
     294   13
     295   13
     296   13
     297   13
     298   13
     299   13
     300   13
     301   13
     302   13
     303   13
     304   13
     305   13
     306   13
     307   13
     308   13
     309   13
     310   13
     311   13
     312   13
     313   13
     314   13
     315   13
     316   13
     317   13
     318   13
     319   13
     320   13
     321   13
     322   13
     323   13
     324   13
     325   13
     326   13
     327   13
     328   13
     329   13
     330   13
     331   13
     332   13
     333   13
     334   13
     335   13
     336   13
     337   13
     338   13
     339   13
     340   13
     341   13
     342   13
     343   13
     344   13
     345   13
     346   13
     347   13
     348   13
     349    8
     350    7
     351    8
     352   13
     353   13
     354   13
     355   13
     356   13
     357   13
     358   13
     359   13
     360   13
     361   13
     362   13
     363   13
     364   13
     365   13
     366   13
     367   13
     368   13
     369   13
     370   13
     371   13
     372   13
     373   13
     374   13
     375   13
     376   13
     377   13
     378   13
     379   13
     380   13
     381   13
     382   13
     383   13
     384   13
     385   13
     386   13
     387   13
     388   13
     389   13
     390   13
     391   13
     392   13
     393   13
     394   13
     395   13
     396   13
     397   13
     398   13
     399   13
     400   13
     401   13
     402   13
     403   13
     404   13
     405   13
     406   13
     407   13
     408   13
     409   13
     410   13
     411   13
     412   13
     413   13
     414   13
     415   13
     416   13
     417   13
     418   13
     419   13
     420   13
     421   13
     422   13
     423   13
     424   13
     425   13
     426   14
     427   14
     428   14
     429   14
     430   14
     431   13
     432   13
     433   13
     434   13
     435   13
     436   13
     437   13
     438   13
     439   13
     440   13
     441   13
     442   13
     443   13
     444   13
     445   13
     446   13
     447   13
     448   13
     449   13
     450   13
     451   13
     452   13
     453   13
     454   13
     455   13
     456   13
     457   13
     458   13
     459   13
     460   13
     461   12
     462    6
     463    4
     464    4
     465   12
     466   12
     467   12
     468   12
     469   13
     470   13
     471   13
     472   13
     473   13
     474   13
     475   13
     476   13
     477   13
     478   13
     479   13
     480   13
     481   13
     482   13
     483   13
     484   13
     485   13
     486   13
     487   13
     488   13
     489   13
     490   13
     491   13
     492   13
     493   13
     494   13
     495   13
     496   13
     497   13
     498   13
     499   13
     500   13
     501   13
     502   13
     503   13
     504   13
     505   13
     506   13
     507   13
     508   13
     509   13
     510   13
     511   13
     512   13
     513   13
     514   13
     515   13
     516   13
     517   13
     518   13
     519   13
     520   13
     521   13
     522   13
     523   13
     524   13
     525   13
     526   13
     527   13
     528   13
     529   13
     530   13
     531   13
     532   13
     533   13
     534   13
     535   13
     536   13
     537   13
     538   13
     539   13
     540   13
     541   13
     542   13
     543   13
     544   13
     545   13
     546   13
     547   13
     548   13
     549   13
     550   13
     551   13
     552   13
     553   13
     554   13
     555   13
     556   13
     557   13
     558   13
     559   13
     560   13
     561   13
     562   13
     563   13
     564   13
     565   13
     566   13
     567   13
     568   13
     569   13
     570   13
     571   13
     572   13
     573   13
     574   13
     575   13
     576   13
     577   13
     578   13
     579   13
     580   13
     581   13
     582   13
     583   13
     584   13
     585   13
     586   13
     587   13
     588   13
     589   13
     590   13
     591   13
     592   13
     593   13
     594   13
     595   13
     596   13
     597   13
     598   13
     599   13
     600   13
     601   13
     602   13
     603   13
     604   13
     605   13
     606   13
     607   13
     608   13
     609   13
     610   13
     611   13
     612   13
     613   13
     614   13
     615   13
     616   13
     617   13
     618   13
     619   13
     620   13
     621   13
     622   13
     623   13
     624   13
     625   13
     626   13
     627    4
     628    6
     629   12
     630   13
     631   13
     632   13
     633   13
     634   13
     635   13
     636   13
     637   13
     638   13
     639   13
     640   13
     641   13
     642   13
     643   13
     644   13
     645   13
     646   13
     647   13
     648   13
     649   13
     650   13
     651   13
     652   13
     653   13
     654   13
     655   13
     656   13
     657   13
     658   13
     659   13
     660   13
     661   14
     662    6
     663   12
     664   13
     665   13
     666   13
     667   13
     668   13
     669   13
     670   13
     671   13
     672   13
     673   13
     674   13
     675   13
     676   13
     677   13
     678   13
     679   13
     680   13
     681   13
     682   13
     683   13
     684   13
     685   13
     686   13
     687   13
     688   13
     689   13
     690   13
     691   13
     692   13
     693   13
     694   13
     695   13
     696   13
     697   13
     698   13
     699   13
     700   13
     701   13
     702   13
     703   13
     704   13
     705   13
     706   13
     707   13
     708   13
     709   13
     710   13
     711   13
     712   13
     713   13
     714   13
     715   13
     716   13
     717   13
     718   13
     719   13
     720   13
     721   13
     722   13
     723   13
     724   13
     725   13
     726   13
     727   13
     728   13
     729   13
     730   13
     731   13
     732   13
     733   13
     734   13
     735   13
     736   13
     737   13
     738   13
     739   13
     740   13
     741   13
     742   13
     743   13
     744   13
     745   13
     746   13
     747   13
     748   13
     749   13
     750   13
     751   13
     752   13
     753   13
     754   13
     755   13
     756   13
     757   13
     758   13
     759   13
     760   13
     761   13
     762   13
     763   13
     764   13
     765   13
     766   13
     767   13
     768   13
     769   13
     770   13
     771   13
     772   13
     773   13
     774   13
     775   13
     776   13
     777   13
     778   13
     779   13
     780   13
     781   13
     782   13
     783   13
     784   13
     785   13
     786   13
     787   13
     788   13
     789   13
     790   13
     791   13
     792   13
     793   13
     794   13
     795   13
     796   13
     797   13
     798   13
     799   13
     800   13
     801   13
     802   13
     803   13
     804   13
     805   13
     806   13
     807   13
     808   13
     809   13
     810   13
     811   13
     812   13
     813   13
     814   13
     815   13
     816   13
     817   13
     818   13
     819   13
     820   13
     821   13
     822   13
     823   13
     824   13
     825   13
     826   13
     827   13
     828   13
     829   13
     830   13
     831   13
     832   13
     833   13
     834   13
     835   13
     836   13
     837   13
     838   13
     839   13
     840   13
     841   13
     842   13
     843   13
     844   13
     845   10
     846    6
     847    6
     848   12
     849   12
     850   12
     851   12
     852   12
     853   12
     854   12
     855   12
     856   12
     857   12
     858   12
     859    6
     860    5
     861    1
     862    1
     863    1
     864    1
     865    3
     866    1
     867    1
     868   12
     869   12
     870   12
     871   12
     872   12
     873   12
     874   12
     875   12
     876   12
     877   12
     878   12
     879   12
     880   12
     881   13
     882   13
     883   13
     884   13
     885   13
     886   13
     887   13
     888   13
     889   13
     890   13
     891   13
     892   13
     893   13
     894   13
     895   13
     896   13
     897   13
     898   13
     899   13
     900   13
     901   13
     902   13
     903   13
     904   13
     905   13
     906   13
     907   13
     908   13
     909   13
     910   13
     911   13
     912   13
     913   13
     914   13
     915   13
     916   13
     917   13
     918   13
     919   13
     920   13
     921   13
     922   13
     923   13
     924   13
     925   13
     926   13
     927   13
     928   13
     929   13
     930   13
     931   13
     932   13
     933   13
     934   13
     935   13
     936   13
     937   13
     938   13
     939   13
     940   13
     941   13
     942   13
     943   13
     944   13
     945   13
     946   13
     947   13
     948   13
     949   13
     950   13
     951   13
     952   13
     953   13
     954   13
     955   13
     956   13
     957   13
     958   13
     959   13
     960   13
     961   13
     962   13
     963   13
     964   13
     965   13
     966   13
     967   13
     968   13
     969   13
     970   13
     971   13
     972   13
     973   13
     974   13
     975   13
     976   13
     977   13
     978   13
     979   13
     980   13
     981   13
     982   13
     983   13
     984   13
     985   13
     986   13
     987   13
     988   13
     989   13
     990   13
     991   13
     992   13
     993   13
     994   13
     995   13
     996   13
     997   13
     998   13
     999   13
    1000   13
    1001   13
    1002   13
    1003   13
    1004   13
    1005   13
    1006   13
    1007   13
    1008   13
    1009   13
    1010   13
    1011   13
    1012   15
    1013   15
    1014   15
    1015   15
    1016   15
    1017   15
    1018   15
    1019   15
    1020   15
    1021   15
    1022    8
    1023    7
    1024    7
    1025   15
    1026   15
    1027   15
    1028   15
    1029   15
    1030   15
    1031   15
    1032   15
    1033   13
    1034   13
    1035   13
    1036   13
    1037   13
    1038   13
    1039   13
    1040   13
    1041   13
    1042   13
    1043   13
    1044   13
    1045   13
    1046   13
    1047   13
    1048   13
    1049   13
    1050   13
    1051   13
    1052   13
    1053   13
    1054    8
    1055    8
    1056   13
    1057   13
    1058   13
    1059   13
    1060   13
    1061   13
    1062   13
    1063   13
    1064   13
    1065   13
    1066   13
    1067   13
    1068   13
    1069   13
    1070   13
    1071   13
    1072   13
    1073   13
    1074   13
    1075   13
    1076   13
    1077   13
    1078   13
    1079   13
    1080   13
    1081   13
    1082   13
    1083   13
    1084   13
    1085   13
    1086   13
    1087   13
    1088   13
    1089   13
    1090   13
    1091   13
    1092   13
    1093   13
    1094   13
    1095   13
    1096   13
    1097   13
    1098   13
    1099   13
    1100   13
    1101   13
    1102   13
    1103   13
    1104   13
    1105   13
    1106   13
    1107   13
    1108   13
    1109   13
    1110   13
    1111   13
    1112   13
    1113   13
    1114   13
    1115   13
    1116   13
    1117   13
    1118   13
    1119   13
    1120   13
    1121   13
    1122   13
    1123   13
    1124   13
    1125   13
    1126   13
    1127   13
    1128   13
    1129   13
    1130   13
    1131   13
    1132   13
    1133   13
    1134   13
    1135   13
    1136   13
    1137   13
    1138   13
    1139   13
    1140   13
    1141   13
    1142   13
    1143   13
    1144   13
    1145   13
    1146   13
    1147   10
    1148   10
    1149   12
    1150   12
    1151   12
    1152   12
    1153    7
    1154   12
    1155   10
    1156   10
    1157   10
    1158   10
    1159   12
    1160   12
    1161   12
    1162   12
    1163   12
    1164   12
    1165   12
    1166    8
    1167   12
    1168   12
    1169   12
    1170   12
    1171   12
    1172   12
    1173   12
    1174   12
    1175   12
    1176    1
    1177    1
    1178   12
    1179   12
    1180   12
    1181   12
    1182   12
    1183   12
    1184    1
    1185    1
    1186    1
    1187    1
    1188    6
    1189   15
    1190   15
    1191   15
    1192   15
    1193   15
    1194   15
    1195   15
    1196   15
    1197   15
    1198   15
    1199   15
    1200   15
    1201   15
    1202   15
    1203   15
    1204   15
    1205    6
    1206    5
    1207    3
    1208    3
    1209    3
    1210    3
    1211    3
    1212    1
    1213    1
    1214    1
    1215    1
    1216    1
    1217    1
    1218    6
    1219    3
    1220    3
    1221    1
    1222    3
    1223    3
    1224    1
    1225    1
    1226    1
    1227    1
    1228    1
    1229    1
    1230    1
    1231    1
    1232    1
    1233    1
    1234    1
    1235    1
    1236    1
    1237    1
    1238    1
    1239    1
    1240   15
    1241   15
    1242   15
    1243   15
    1244   15
    1245   15
    1246   15
    1247   15
    1248   15
    1249   15
    1250   15
    1251   15
    1252   15
    1253   15
    1254   15
    1255   15
    1256   15
    1257   15
    1258    7
    1259   15
    1260   15
    1261   15
    1262   15
    1263   15
    1264   15
    1265   15
    1266    8
    1267   12
    1268    6
    1269    5
    1270    1
    1271    1
    1272    1
    1273    1
    1274    1
    1275    3
    1276    1
    1277    3
    1278    3
    1279    3
    1280    1
    1281    3
    1282    3
    1283    1
    1284    3
    1285    3
    1286    3
    1287    5
    1288    3
    1289    3
    1290    3
    1291    3
    1292    3
    1293    3
    1294    3
    1295    3
    1296    3
    1297    3
    1298    5
    1299    6
    1300    6
    1301    7
    1302    7
    1303    8
    1304    7
    1305    6
    1306    8
    1307    8
    1308   12
    1309    8
    1310    8
    1311   12
    1312   12
    1313    1
    1314    1
    1315    1
    1316    1
    1317    1
    1318    1
    1319    1
    1320    1
    1321    1
    1322    1
    1323    1
    1324    1
    1325    1
    1326    1
    1327    1
    1328    1
    1329    3
    1330    3
    1331    3
    1332    3
    1333    5
    1334    5
    1335    6
    1336   12
    1337   12
    1338   12
    1339    7
    1340    8
    1341    7
    1342    7
    1343   15
    1344   15
    1345   15
    1346    8
    1347    8
    1348    8
    1349   12
    1350   12
    1351   12
    1352    1
    1353   12
    1354    1
    1355    1
    1356    1
    1357    1
    1358    1
    1359    1
    1360    1
    1361    1
    1362    1
    1363    1
    1364    1
    1365    1
    1366    1
    1367    1
    1368    1
    1369    1
    1370    1
    1371    1
    1372    1
    1373    1
    1374    3
    1375    4
    1376    4
    1377    6
    1378    7
    1379   12
    1380   12
    1381   12
    1382   12
    1383    1
    1384    3
    1385    6
    1386    8
    1387   12
    1388   10
    1389   10
    1390   10
    1391   10
    1392   10
    1393   10
    1394   10
    1395   10
    1396   10
    1397   10
    1398   10
    1399   10
    1400   10
    1401   10
    1402   10
    1403   10
    1404   10
    1405   10
    1406    6
    1407    1
    1408   12
    1409   12
    1410   13
    1411   13
    1412   13
    1413   13
    1414   13
    1415   13
    1416   13
    1417   13
    1418   13
    1419   13
    1420   13
    1421   13
    1422   13
    1423   13
    1424   13
    1425   13
    1426   13
    1427   13
    1428   13
    1429   13
    1430   13
    1431   13
    1432   13
    1433   13
    1434   13
    1435   13
    1436   13
    1437   13
    1438   13
    1439   13
    1440   13
    1441   13
    1442   13
    1443   13
    1444   13
    1445   13
    1446   13
    1447   13
    1448   13
    1449   13
    1450   13
    1451   13
    1452   13
    1453   13
    1454   13
    1455   13
    1456   13
    1457   13
    1458   13
    1459   13
    1460   13
    1461   13
    1462   13
    1463   13
    1464   13
    1465   13
    1466   13
    1467   13
    1468   13
    1469    8
    1470    8
    1471   12
    1472    7
    1473    8
    1474    8
    1475   12
    1476   12
    1477   12
    1478   12
    1479   12
    1480    8
    1481    8
    1482    8
    1483    8
    1484    8
    1485   12
    1486    8
    1487    7
    1488   12
    1489   12
    1490   12
    1491   12
    1492    8
    1493   12
    1494   12
    1495    8
    1496    8
    1497    8
    1498    8
    1499    8
    1500   12
    1501   12
    1502   12
    1503   12
    1504   12
    1505   12
    1506   12
    1507   12
    1508   12
    1509    6
    1510    4
    1511    4
    1512    4
    1513    4
    1514    4
    1515    4
    1516    4
    1517    4
    1518    4
    1519    4
    1520    4
    1521    4
    1522    4
    1523   12
    1524    1
    1525   12
    1526   12
    1527   12
    1528   12
    1529   12
    1530   12
    1531   12
    1532   12
    1533   15
    1534    7
    1535   12
    1536   12
    1537   12
    1538   10
    1539   10
    1540   10
    1541   10
    1542   10
    1543   12
    1544    8
    1545    8
    1546   12
    1547   12
    1548   12
    1549   12
    1550   12
    1551   12
    1552   12
    1553   12
    1554   12
    1555   12
    1556   12
    1557   12
    1558   12
    1559    8
    1560    7
    1561    7
    1562    8
    1563   12
    1564   12
    1565   12
    1566   12
    1567    8
    1568    8
    1569   12
    1570   12
    1571   12
    1572   12
    1573   12
    1574   12
    1575   12
    1576   12
    1577   12
    1578   12
    1579    8
    1580    8
    1581   12
    1582   12
    1583   12
    1584   12
    1585   12
    1586   12
    1587   12
    1588   12
    1589   12
    1590   12
    1591   12
    1592   12
    1593   12
    1594   12
    1595   12
    1596   10
    1597   10
    1598   10
    1599   10
    1600   10
    1601   10
    1602   10
    1603   13
    1604   13
    1605   13
    1606   13
    1607   13
    1608   13
    1609   13
    1610   13
    1611   13
    1612   13
    1613   13
    1614   13
    1615   13
    1616   13
    1617   13
    1618   13
    1619   13
    1620   13
    1621   13
    1622   13
    1623   13
    1624   13
    1625   13
    1626   13
    1627   13
    1628   13
    1629   13
    1630   13
    1631   13
    1632   13
    1633   13
    1634   13
    1635   13
    1636   13
    1637   13
    1638   13
    1639   13
    1640   13
    1641   13
    1642   13
    1643   13
    1644   13
    1645   13
    1646   13
    1647   13
    1648   13
    1649   13
    1650   13
    1651   13
    1652   13
    1653   13
    1654   13
    1655   13
    1656   13
    1657   13
    1658   13
    1659   13
    1660   13
    1661   13
    1662   13
    1663   13
    1664   13
    1665   13
    1666   13
    1667   13
    1668   13
    1669   13
    1670   13
    1671   13
    1672   13
    1673   13
    1674   13
    1675   13
    1676   13
    1677   13
    1678   13
    1679   13
    1680   13
    1681   13
    1682   13
    1683   13
    1684   13
    1685   13
    1686   13
    1687   13
    1688   13
    1689   13
    1690   13
    1691   13
    1692   13
    1693   13
    1694   10
    1695   10
    1696   10
    1697   10
    1698   10
    1699   13
    1700   13
    1701   13
    1702   13
    1703   13
    1704   13
    1705   13
    1706   13
    1707   13
    1708   13
    1709   13
    1710   13
    1711   13
    1712   13
    1713   13
    1714   13
    1715   13
    1716   13
    1717   13
    1718   13
    1719   13
    1720   13
    1721   13
    1722   13
    1723   13
    1724   13
    1725   13
    1726   13
    1727   13
    1728   13
    1729   13
    1730   13
    1731   13
    1732   13
    1733   13
    1734   13
    1735   13
    1736   13
    1737   13
    1738   13
    1739   13
    1740   13
    1741   13
    1742   13
    1743   13
    1744   13
    1745   13
    1746   13
    1747   13
    1748   13
    1749   13
    1750   13
    1751   13
    1752   13
    1753   13
    1754   13
    1755   13
    1756   10
    1757   10
    1758   10
    1759   10
    1760   12
    1761   12
    1762   12
    1763   12
    1764   12
    1765    7
    1766   12
    1767   12
    1768   12
    1769   12
    1770   12
    1771   12
    1772   12
    1773   12
    1774   12
    1775   12
    1776   12
    1777   12
    1778   12
    1779   12
    1780   12
    1781   12
    1782   12
    1783   12
    1784   12
    1785   12
    1786   12
    1787   12
    1788   12
    1789   12
    1790    7
    1791   12
    1792   12
    1793   12
    1794   12
    1795   10
    1796   10
    1797   10
    1798   10
    1799   10
    1800   12
    1801   12
    1802   12
    1803   12
    1804   12
    1805   12
    1806    8
    1807    8
    1808    8
    1809   12
    1810   12
    1811   12
    1812   12
    1813   12
    1814   12
    1815   12
    1816    8
    1817    8
    1818   10
    1819   10
    1820   10
    1821   10
    1822   10
    1823   10
    1824    7
    1825   12
    1826   10
    1827   10
    1828   10
    1829   10
    1830   10
    1831   10
    1832   10
    1833   10
    1834   10
    1835   10
    1836   10
    1837   10
    1838   10
    1839   10
    1840   10
    1841   10
    1842   10
    1843   10
    1844   10
    1845   10
    1846   10
    1847   10
    1848   10
    1849   10
    1850   10
    1851   10
    1852    9
    1853   15
    1854   15
    1855    8
    1856    7
    1857    8
    1858   12
    1859   12
    1860    8
    1861    7
    1862    8
    1863    8
    1864    8
    1865    8
    1866    8
    1867    8
    1868   12
    1869   12
    1870   12
    1871   12
    1872   12
    1873   12
    1874    8
    1875   12
    1876    8
    1877    6
    1878    1
    1879    3
    1880    5
    1881    6
    1882    6
    1883    6
    1884    7
    1885    8
    1886    7
    1887    7
    1888   12
    1889    8
    1890   12
    1891    8
    1892   12
    1893    8
    1894    8
    1895    8
    1896    8
    1897    8
    1898    8
    1899    8
    1900    8
    1901    8
    1902    7
    1903    7
    1904    8
    1905    7
    1906    7
    1907   15
    1908   15
    1909    8
    1910    8
    1911   12
    1912   12
    1913    8
    1914   12
    1915   12
    1916    8
    1917   12
    1918    8
    1919   10
    1920   10
    1921    8
    1922   12
    1923   12
    1924   10
    1925   10
    1926   10
    1927   10
    1928   10
    1929   10
    1930   10
    1931   10
    1932   10
    1933   10
    1934   10
    1935   10
    1936   10
    1937   10
    1938   10
    1939   10
    1940   10
    1941   10
    1942   10
    1943   10
    1944   10
    1945   10
    1946   10
    1947   10
    1948   10
    1949   10
    1950   10
    1951   10
    1952   10
    1953   10
    1954   10
    1955   10
    1956   10
    1957   10
    1958   10
    1959   12
    1960    7
    1961   12
    1962   12
    1963   12
    1964   12
    1965   10
    1966   10
    1967   10
    1968   10
    1969   10
    1970   10
    1971   12
    1972   12
    1973   12
    1974   12
    1975   12
    1976   12
    1977   12
    1978   12
    1979   12
    1980   12
    1981    4
    1982    4
    1983    3
    1984    3
    1985    3
    1986    6
    1987    8
    1988   12
    1989   12
    1990   12
    1991   12
    1992   12
    1993    7
    1994    8
    1995    8
    1996   12
    1997    1
    1998    1
    1999    1
    2000    1
    2001    6
    2002    8
    2003    7
    2004    7
    2005    7
    2006    8
    2007    1
    2008    1
    2009    1
    2010    1
    2011    1
    2012    1
    2013    1
    2014    1
    2015    1
    2016    1
    2017    3
    2018    3
    2019    6
    2020    8
    2021   12
    2022   12
    2023    8
    2024    8
    2025    8
    2026   15
    2027    8
    2028   15
    2029   15
    2030   15
    2031   15
    2032    8
    2033   12
    2034   12
    2035   12
    2036    6
    2037    8
    2038    8
    2039   12
    2040   12
    2041   12
    2042   12
    2043   12
    2044    1
    2045    1
    2046    1
    2047    1
    2048    1
    2049    1
    2050    1
    2051    1
    2052    1
    2053    1
    2054    1
    2055    3
    2056    3
    2057    3
    2058    3
    2059    3
    2060    3
    2061    3
    2062    5
    2063    3
    2064    3
    2065    3
    2066    3
    2067    3
    2068    6
    2069    7
    2070   15
    2071   15
    2072   15
    2073   15
    2074   15
    2075   15
    2076    8
    2077   12
    2078   12
    2079   12
    2080   12
    2081   12
    2082   12
    2083   12
    2084   12
    2085   12
    2086   12
    2087    1
    2088    1
    2089    4
    2090    6
    2091    4
    2092    4
    2093    4
    2094    1
    2095    1
    2096    1
    2097    1
    2098    1
    2099    1
    2100   12
    2101   12
    2102    7
    2103    6
    2104    5
    2105    1
    2106    1
    2107    1
    2108    1
    2109    1
    2110    1
    2111    1
    2112    1
    2113    1
    2114    1
    2115    1
    2116    1
    2117    1
    2118    6
    2119    4
    2120    1
    2121    1
    2122    1
    2123   12
    2124   12
    2125    8
    2126   12
    2127   12
    2128   12
    2129   12
    2130   12
    2131   12
    2132   12
    2133   12
    2134   12
    2135   12
    2136   12
    2137   12
    2138   12
    2139   12
    2140   12
    2141    1
    2142    1
    2143    1
    2144    1
    2145    1
    2146   12
    2147    1
    2148    1
    2149   12
    2150   12
    2151    8
    2152    6
    2153    3
    2154    3
    2155    3
    2156    1
    2157    1
    2158   12
    2159   12
    2160    7
    2161    7
    2162    8
    2163    8
    2164    7
    2165    7
    2166    7
    2167    7
    2168    8
    2169    8
    2170    8
    2171    7
    2172    8
    2173    8
    2174    6
    2175    8
    2176   15
    2177   15
    2178   15
    2179   15
    2180    8
    2181   12
    2182   12
    2183   12
    2184   12
    2185   12
    2186   12
    2187   12
    2188   12
    2189   10
    2190   10
    2191   10
    2192   10
    2193   10
    2194   10
    2195   10
    2196   10
    2197   10
    2198   10
    2199   10
    2200    9
    2201   13
    2202   13
    2203   13
    2204   13
    2205   13
    2206   13
    2207   13
    2208   13
    2209   13
    2210   13
    2211   13
    2212   13
    2213   13
    2214   13
    2215   13
    2216   13
    2217   13
    2218   13
    2219   13
    2220   13
    2221   13
    2222   13
    2223   13
    2224   13
    2225   13
    2226   13
    2227   13
    2228   13
    2229   13
    2230   13
    2231   13
    2232   13
    2233   13
    2234   13
    2235   13
    2236   13
    2237   13
    2238   13
    2239   13
    2240   13
    2241   13
    2242   13
    2243   13
    2244   13
    2245   13
    2246   13
    2247   13
    2248   13
    2249   13
    2250   13
    2251   13
    2252   12
    2253   12
    2254   12
    2255    6
    2256   12
    2257    8
    2258    8
    2259    6
    2260    1
    2261   12
    2262   12
    2263    1
    2264   12
    2265    8
    2266    8
    2267   12
    2268   12
    2269   12
    2270   12
    2271   12
    2272   12
    2273   12
    2274   10
    2275   10
    2276   10
    2277   10
    2278   10
    2279   10
    2280   10
    2281   10
    2282   10
    2283   10
    2284   10
    2285   10
    2286   10
    2287   10
    2288   10
    2289   10
    2290   10
    2291   10
    2292   10
    2293   10
    2294   10
    2295   10
    2296   10
    2297   10
    2298   12
    2299   12
    2300   12
    2301   12
    2302   12
    2303   12
    2304   12
    2305   10
    2306   10
    2307   10
    2308   10
    2309   10
    2310   10
    2311   10
    2312   10
    2313   10
    2314   10
    2315   10
    2316   10
    2317   10
    2318   10
    2319   10
    2320   12
    2321   12
    2322   12
    2323   12
    2324   10
    2325   10
    2326   10
    2327   10
    2328   10
    2329   10
    2330   10
    2331   10
    2332   10
    2333   10
    2334   10
    2335   10
    2336   10
    2337   10
    2338   10
    2339   10
    2340   10
    2341   12
    2342   12
    2343   12
    2344   12
    2345    8
    2346    8
    2347    8
    2348    8
    2349    8
    2350    8
    2351    8
    2352   12
    2353    1
    2354    1
    2355    1
    2356    3
    2357    6
    2358    7
    2359   12
    2360   12
    2361   12
    2362   12
    2363   12
    2364   12
    2365   12
    2366    8
    2367   12
    2368    8
    2369   12
    2370   12
    2371   12
    2372   12
    2373   12
    2374   12
    2375   12
    2376   12
    2377   12
    2378   12
    2379   12
    2380   10
    2381   10
    2382   10
    2383   10
    2384   10
    2385   10
    2386   10
    2387   10
    2388   10
    2389   10
    2390   10
    2391   10
    2392   10
    2393   10
    2394   10
    2395   10
    2396   10
    2397   10
    2398   10
    2399   10
    2400   10
    2401   10
    2402   10
    2403   10
    2404   10
    2405   10
    2406   10
    2407   10
    2408   10
    2409   10
    2410   10
    2411   10
    2412   10
    2413   10
    2414   10
    2415   10
    2416   10
    2417   10
    2418   10
    2419   10
    2420   10
    2421   10
    2422   10
    2423    9
    2424   12
    2425   12
    2426    6
    2427   12
    2428   12
    2429   12
    2430   12
    2431   12
    2432   12
    2433   12
    2434   12
    2435    1
    2436    1
    2437    1
    2438    1
    2439   12
    2440   12
    2441   12
    2442   12
    2443   12
    2444   12
    2445   12
    2446   12
    2447    8
    2448    8
    2449   12
    2450   12
    2451   12
    2452   12
    2453   12
    2454   12
    2455   12
    2456   12
    2457   12
    2458   12
    2459   12
    2460   12
    2461   12
    2462   12
    2463    1
    2464   12
    2465   12
    2466   12
    2467    1
    2468    1
    2469   12
    2470   12
    2471   12
    2472   12
    2473   12
    2474   12
    2475   12
    2476   12
    2477   12
    2478   12
    2479   12
    2480   12
    2481    1
    2482   12
    2483    4
    2484    4
    2485    4
    2486    4
    2487    5
    2488    6
    2489    6
    2490   12
    2491   12
    2492   12
    2493    8
    2494   12
    2495   12
    2496   12
    2497    4
    2498    4
    2499    4
    2500    4
    2501    4
    2502    4
    2503    4
    2504    4
    2505    4
    2506    4
    2507    4
    2508    4
    2509    4
    2510    5
    2511    6
    2512    4
    2513    4
    2514    4
    2515    4
    2516    4
    2517    4
    2518    4
    2519    4
    2520    4
    2521    4
    2522    4
    2523    4
    2524    4
    2525    4
    2526    4
    2527    6
    2528    6
    2529   12
    2530   12
    2531    8
    2532   12
    2533    6
    2534    3
    2535    3
    2536    1
    2537   12
    2538   12
    2539   12
    2540   12
    2541   12
    2542   13
    2543   13
    2544   13
    2545   13
    2546   13
    2547   13
    2548   13
    2549   13
    2550   13
    2551   13
    2552   13
    2553   13
    2554   13
    2555   13
    2556   13
    2557   13
    2558   13
    2559   13
    2560   13
    2561   13
    2562   13
    2563   13
    2564   13
    2565   13
    2566   13
    2567   13
    2568   13
    2569   13
    2570   13
    2571   13
    2572   13
    2573   13
    2574   13
    2575   13
    2576   13
    2577   13
    2578   13
    2579   13
    2580   13
    2581   13
    2582   13
    2583   13
    2584   13
    2585   13
    2586   13
    2587   13
    2588   13
    2589   13
    2590   13
    2591   13
    2592   13
    2593   13
    2594   13
    2595   13
    2596   13
    2597   13
    2598   13
    2599   13
    2600   13
    2601   13
    2602   13
    2603   13
    2604   13
    2605   13
    2606   13
    2607   13
    2608   13
    2609   13
    2610   13
    2611   12
    2612    6
    2613    7
    2614   12
    2615   12
    2616   12
    2617   12
    2618   12
    2619   12
    2620   12
    2621   12
    2622   12
    2623   12
    2624    8
    2625    8
    2626   13
    2627   13
    2628   13
    2629   13
    2630   13
    2631   13
    2632   13
    2633   13
    2634   13
    2635   13
    2636   13
    2637   13
    2638   13
    2639   13
    2640   13
    2641   13
    2642   13
    2643   13
    2644   13
    2645   13
    2646   13
    2647   13
    2648   13
    2649   13
    2650   13
    2651   13
    2652   13
    2653   13
    2654   13
    2655   13
    2656   13
    2657   13
    2658   13
    2659   13
    2660   13
    2661   13
    2662   13
    2663   13
    2664   13
    2665   13
    2666   13
    2667   13
    2668   13
    2669   13
    2670   13
    2671   13
    2672   13
    2673   13
    2674   13
    2675   13
    2676   13
    2677   13
    2678   13
    2679   13
    2680   13
    2681   13
    2682   13
    2683   13
    2684   13
    2685   13
    2686   13
    2687   13
    2688   13
    2689   13
    2690   13
    2691   13
    2692   13
    2693   13
    2694   13
    2695   13
    2696   13
    2697   13
    2698   13
    2699   13
    2700   13
    2701   13
    2702   13
    2703   13
    2704   13
    2705   13
    2706   13
    2707   13
    2708   13
    2709   13
    2710   13
    2711   13
    2712   13
    2713   13
    2714   13
    2715   13
    2716   13
    2717   13
    2718   13
    2719   13
    2720   13
    2721   13
    2722   13
    2723   13
    2724   13
    2725   13
    2726   13
    2727   13
    2728   13
    2729   13
    2730   13
    2731   13
    2732   13
    2733   13
    2734   13
    2735   13
    2736   13
    2737   13
    2738   13
    2739   13
    2740   13
    2741   13
    2742   13
    2743   13
    2744   13
    2745   13
    2746   13
    2747   13
    2748   13
    2749   13
    2750   13
    2751   13
    2752   13
    2753   13
    2754   13
    2755   13
    2756   13
    2757   13
    2758   13
    2759   13
    2760   13
    2761   13
    2762   13
    2763   13
    2764   13
    2765   13
    2766   13
    2767   13
    2768   13
    2769   13
    2770   13
    2771   13
    2772   13
    2773   13
    2774   13
    2775   13
    2776   13
    2777   13
    2778   13
    2779   13
    2780   13
    2781   13
    2782   13
    2783   13
    2784   13
    2785   13
    2786   13
    2787   13
    2788   13
    2789   13
    2790   13
    2791   13
    2792   13
    2793   13
    2794   13
    2795   13
    2796   13
    2797   13
    2798   13
    2799   13
    2800   13
    2801   13
    2802   13
    2803   13
    2804   13
    2805   13
    2806   13
    2807   13
    2808   13
    2809   13
    2810   13
    2811   13
    2812   13
    2813   13
    2814   13
    2815   13
    2816   13
    2817   13
    2818   13
    2819   13
    2820   13
    2821   13
    2822   13
    2823   13
    2824   13
    2825   13
    2826   13
    2827   13
    2828   13
    2829   13
    2830   13
    2831   13
    2832   13
    2833   13
    2834   13
    2835   13
    2836   13
    2837   13
    2838   13
    2839   13
    2840   13
    2841   13
    2842   13
    2843   13
    2844   13
    2845   13
    2846   13
    2847   13
    2848   13
    2849   13
    2850   13
    2851   13
    2852   13
    2853   13
    2854   13
    2855   13
    2856   13
    2857   13
    2858   13
    2859   13
    2860   13
    2861   13
    2862   13
    2863   13
    2864   13
    2865   13
    2866   13
    2867   13
    2868   13
    2869   13
    2870   13
    2871   13
    2872   13
    2873   13
    2874   13
    2875   13
    2876   13
    2877   13
    2878   13
    2879   13
    2880   10
    2881   10
    2882   10
    2883   10
    2884   10
    2885   10
    2886   10
    2887   12
    2888   12
    2889   12
    2890   12
    2891   12
    2892   12
    2893   12
    2894   12
    2895   12
    2896   12
    2897   12
    2898   12
    2899   12
    2900    1
    2901    1
    2902    1
    2903    1
    2904    1
    2905    1
    2906    1
    2907    1
    2908    1
    2909    1
    2910    1
    2911    1
    2912    1
    2913    1
    2914    6
    2915    7
    2916    6
    2917    1
    2918    1
    2919    1
    2920    1
    2921    1
    2922    1
    2923    1
    2924    1
    2925    3
    2926    3
    2927    6
    2928    6
    2929    5
    2930    3
    2931   12
    2932   12
    2933   12
    2934    8
    2935   12
    2936   12
    2937    8
    2938    8
    2939    8
    2940    8
    2941   15
    2942   15
    2943   15
    2944   15
    2945   15
    2946   15
    2947    6
    2948    4
    2949    4
    2950   12
    2951   12
    2952   12
    2953   12
    2954   12
    2955   12
    2956   12
    2957    8
    2958   12
    2959   12
    2960   12
    2961   12
    2962   12
    2963   12
    2964   12
    2965   12
    2966   12
    2967   12
    2968   12
    2969   12
    2970   12
    2971   12
    2972   12
    2973   12
    2974   12
    2975   12
    2976   12
    2977   12
    2978   12
    2979    4
    2980    6
    2981   12
    2982   13
    2983   13
    2984   13
    2985   13
    2986   13
    2987   13
    2988   13
    2989   13
    2990   13
    2991   13
    2992   13
    2993   13
    2994   13
    2995   13
    2996   13
    2997   13
    2998   13
    2999   13
    3000   14
    3001   14
    3002   14
    3003   13
    3004   13
    3005   13
    3006   13
    3007   13
    3008   13
    3009   13
    3010   13
    3011   13
    3012   13
    3013   13
    3014   13
    3015   13
    3016   13
    3017   13
    3018   13
    3019   13
    3020   13
    3021   13
    3022   13
    3023   13
    3024   13
    3025   13
    3026   13
    3027   13
    3028   13
    3029   13
    3030   13
    3031   13
    3032   13
    3033   13
    3034   13
    3035   13
    3036   13
    3037   13
    3038   13
    3039   13
    3040   13
    3041   13
    3042   13
    3043   13
    3044   13
    3045   13
    3046   13
    3047   13
    3048   13
    3049   13
    3050   13
    3051   13
    3052   13
    3053   13
    3054   13
    3055   13
    3056   13
    3057   13
    3058   13
    3059   13
    3060   13
    3061   13
    3062   13
    3063   13
    3064   13
    3065   13
    3066   13
    3067   13
    3068   13
    3069   13
    3070   13
    3071   13
    3072   13
    3073   13
    3074   13
    3075   13
    3076   13
    3077   13
    3078   13
    3079   13
    3080   13
    3081   13
    3082   13
    3083   13
    3084   13
    3085   13
    3086   13
    3087   13
    3088   13
    3089   13
    3090   13
    3091   13
    3092   13
    3093   13
    3094   13
    3095   13
    3096   13
    3097   13
    3098   13
    3099   13
    3100   13
    3101   13
    3102   13
    3103   13
    3104   13
    3105   13
    3106   13
    3107   13
    3108   13
    3109   13
    3110   13
    3111   13
    3112   13
    3113   13
    3114   13
    3115   13
    3116   13
    3117   13
    3118   13
    3119   13
    3120   13
    3121   13
    3122   13
    3123   13
    3124   13
    3125   13
    3126   13
    3127   13
    3128   13
    3129   13
    3130   13
    3131   13
    3132   13
    3133   13
    3134   13
    3135   13
    3136   13
    3137   13
    3138   13
    3139   13
    3140   13
    3141   13
    3142   13
    3143   13
    3144   13
    3145   13
    3146   13
    3147   13
    3148   13
    3149   13
    3150   13
    3151   13
    3152   13
    3153   13
    3154   13
    3155   13
    3156   13
    3157   13
    3158   13
    3159   13
    3160   13
    3161   13
    3162   13
    3163   13
    3164   13
    3165   13
    3166   13
    3167   13
    3168   13
    3169   13
    3170   13
    3171   13
    3172   13
    3173   13
    3174   13
    3175   13
    3176   13
    3177   13
    3178   13
    3179   13
    3180   13
    3181   13
    3182   13
    3183   13
    3184   13
    3185   13
    3186   13
    3187   13
    3188   13
    3189   13
    3190   13
    3191   13
    3192   13
    3193   13
    3194   13
    3195   13
    3196   13
    3197   13
    3198   13
    3199   13
    3200   13
    3201   13
    3202   13
    3203   13
    3204   13
    3205   13
    3206   13
    3207   13
    3208   13
    3209   13
    3210   13
    3211   13
    3212   13
    3213   13
    3214   13
    3215   13
    3216   13
    3217   13
    3218   13
    3219    9
    3220   13
    3221   13
    3222   13
    3223   13
    3224   13
    3225   13
    3226   13
    3227   13
    3228   13
    3229   13
    3230   13
    3231   13
    3232   13
    3233   13
    3234   13
    3235   13
    3236   13
    3237   13
    3238   13
    3239   13
    3240   13
    3241   13
    3242   13
    3243   13
    3244   13
    3245   13
    3246   13
    3247   13
    3248   13
    3249   13
    3250   13
    3251   13
    3252   13
    3253   13
    3254   13
    3255   13
    3256   13
    3257   13
    3258   13
    3259   13
    3260   13
    3261   13
    3262   13
    3263   13
    3264   13
    3265   13
    3266   13
    3267   13
    3268   13
    3269   13
    3270   13
    3271   13
    3272   13
    3273   13
    3274   13
    3275   13
    3276   13
    3277   13
    3278   13
    3279   13
    3280   13
    3281   13
    3282   13
    3283   13
    3284   13
    3285   13
    3286   13
    3287   13
    3288   13
    3289   13
    3290   13
    3291   13
    3292   13
    3293   13
    3294   13
    3295   13
    3296   13
    3297   13
    3298   13
    3299   13
    3300   13
    3301   13
    3302   13
    3303   13
    3304   13
    3305   13
    3306   13
    3307   13
    3308   13
    3309   13
    3310   13
    3311   13
    3312   13
    3313   13
    3314   13
    3315   13
    3316   13
    3317   13
    3318   13
    3319   13
    3320   13
    3321   13
    3322   13
    3323   13
    3324   13
    3325   13
    3326   13
    3327   13
    3328   13
    3329   13
    3330   13
    3331   13
    3332   13
    3333   13
    3334   13
    3335   13
    3336   13
    3337   13
    3338   13
    3339   13
    3340   13
    3341   13
    3342   13
    3343   13
    3344   13
    3345   13
    3346   13
    3347   13
    3348   13
    3349   13
    3350   13
    3351   13
    3352   13
    3353   13
    3354   13
    3355   13
    3356   13
    3357   13
    3358   13
    3359   13
    3360   13
    3361   13
    3362   13
    3363   13
    3364   13
    3365   13
    3366   13
    3367   13
    3368   13
    3369   13
    3370   13
    3371   13
    3372   13
    3373   13
    3374   13
    3375   13
    3376   13
    3377   13
    3378   13
    3379   13
    3380   13
    3381   13
    3382   13
    3383   13
    3384   13
    3385   13
    3386   13
    3387   13
    3388   13
    3389   13
    3390   13
    3391   13
    3392   13
    3393   13
    3394   13
    3395   13
    3396   13
    3397   13
    3398   13
    3399   13
    3400   13
    3401   13
    3402   13
    3403   13
    3404   13
    3405   13
    3406   13
    3407   13
    3408   13
    3409   13
    3410   13
    3411   13
    3412   13
    3413    8
    3414    7
    3415    9
    3416   13
    3417   13
    3418   13
    3419   13
    3420   13
    3421   13
    3422   13
    3423   13
    3424   13
    3425   13
    3426   13
    3427   13
    3428   13
    3429   13
    3430   13
    3431   13
    3432   13
    3433   13
    3434   13
    3435   13
    3436   13
    3437   13
    3438   13
    3439   13
    3440   13
    3441   13
    3442   13
    3443   13
    3444   13
    3445   13
    3446   13
    3447   13
    3448   13
    3449   13
    3450   13
    3451   13
    3452   13
    3453   13
    3454   13
    3455   13
    3456   13
    3457   13
    3458   13
    3459   13
    3460   13
    3461   13
    3462   13
    3463   13
    3464   13
    3465   13
    3466   13
    3467   13
    3468   13
    3469   13
    3470   13
    3471   13
    3472   13
    3473   13
    3474   13
    3475   13
    3476   13
    3477   13
    3478   14
    3479   14
    3480   14
    3481   14
    3482   14
    3483   14
    3484   13
    3485   13
    3486   13
    3487   13
    3488   13
    3489   13
    3490   13
    3491   13
    3492   13
    3493   13
    3494   13
    3495   13
    3496   13
    3497   13
    3498   13
    3499   13
    3500   13
    3501   13
    3502   13
    3503   13
    3504   13
    3505   13
    3506   13
    3507   13
    3508   13
    3509   13
    3510   13
    3511   13
    3512   13
    3513   13
    3514   13
    3515   13
    3516   13
    3517   13
    3518   13
    3519   13
    3520   13
    3521   13
    3522   13
    3523   13
    3524   13
    3525   13
    3526   13
    3527   13
    3528   13
    3529   13
    3530   13
    3531   13
    3532   13
    3533   13
    3534   13
    3535   13
    3536   13
    3537   13
    3538   13
    3539   13
    3540   13
    3541   13
    3542   13
    3543   13
    3544   13
    3545   13
    3546   13
    3547   13
    3548   13
    3549   13
    3550   13
    3551   14
    3552   14
    3553   13
    3554   13
    3555   13
    3556   13
    3557   13
    3558   13
    3559   13
    3560   13
    3561   13
    3562   13
    3563   13
    3564   13
    3565   13
    3566   13
    3567   13
    3568   13
    3569   13
    3570   13
    3571   13
    3572   13
    3573   13
    3574   13
    3575   13
    3576   13
    3577   13
    3578   13
    3579   13
    3580   14
    3581   14
    3582   14
    3583   14
    3584   14
    3585   14
    3586   14
    3587   13
    3588   13
    3589   13
    3590   13
    3591   13
    3592   13
    3593   13
    3594   13
    3595   13
    3596   13
    3597   13
    3598   13
    3599   13
    3600   13
    3601   13
    3602   13
    3603   13
    3604   13
    3605   13
    3606   13
    3607   13
    3608   13
    3609   13
    3610   13
    3611   13
    3612   13
    3613   13
    3614   13
    3615   13
    3616   13
    3617   13
    3618   13
    3619   13
    3620   13
    3621   13
    3622   13
    3623   13
    3624   13
    3625   13
    3626   13
    3627   13
    3628   13
    3629   13
    3630   13
    3631   13
    3632   13
    3633   13
    3634   13
    3635   13
    3636   13
    3637   13
    3638   13
    3639   13
    3640   13
    3641   13
    3642   13
    3643   13
    3644   13
    3645   13
    3646   13
    3647   13
    3648   13
    3649   13
    3650   13
    3651   13
    3652   13
    3653   13
    3654   13
    3655   13
    3656   13
    3657   13
    3658   13
    3659   13
    3660   13
    3661   13
    3662   13
    3663   13
    3664   13
    3665   13
    3666   13
    3667   13
    3668   13
    3669   13
    3670   13
    3671   13
    3672   13
    3673   13
    3674   13
    3675   13
    3676   13
    3677   13
    3678   13
    3679   13
    3680   13
    3681   13
    3682   13
    3683   13
    3684   13
    3685   13
    3686   13
    3687   13
    3688   13
    3689   13
    3690   13
    3691   13
    3692   13
    3693   13
    3694   13
    3695   13
    3696   13
    3697   13
    3698   13
    3699   13
    3700   13
    3701   13
    3702   14
    3703   14
    3704   13
    3705   13
    3706   13
    3707   13
    3708   13
    3709   13
    3710   13
    3711   13
    3712   13
    3713   13
    3714   13
    3715   13
    3716   14
    3717   14
    3718   13
    3719   13
    3720   13
    3721   13
    3722   13
    3723   13
    3724   13
    3725   13
    3726   13
    3727   13
    3728   13
    3729   13
    3730   13
    3731   13
    3732   13
    3733   14
    3734   14
    3735   14
    3736   14
    3737   14
    3738   14
    3739   14
    3740   14
    3741   14
    3742   14
    3743   14
    3744   13
    3745   13
    3746   13
    3747   13
    3748   13
    3749   13
    3750   13
    3751   13
    3752   13
    3753   13
    3754   13
    3755   13
    3756   13
    3757   13
    3758   13
    3759   13
    3760   13
    3761   13
    3762   13
    3763   13
    3764   13
    3765   13
    3766   13
    3767   13
    3768   13
    3769   13
    3770   13
    3771   13
    3772   13
    3773   13
    3774   13
    3775   13
    3776   13
    3777   13
    3778   13
    3779   13
    3780   13
    3781   13
    3782   13
    3783   13
    3784   13
    3785   13
    3786   13
    3787   13
    3788   13
    3789   13
    3790   13
    3791   13
    3792   13
    3793   13
    3794   13
    3795   13
    3796   13
    3797   13
    3798   13
    3799   13
    3800   13
    3801   13
    3802   13
    3803   13
    3804   13
    3805   13
    3806   13
    3807   13
    3808   13
    3809   13
    3810   13
    3811   13
    3812   13
    3813   13
    3814   13
    3815   13
    3816   13
    3817   13
    3818   13
    3819   13
    3820   13
    3821   13
    3822   13
    3823   13
    3824   13
    3825   13
    3826   13
    3827   13
    3828   13
    3829   13
    3830   13
    3831   13
    3832   13
    3833   13
    3834   13
    3835   13
    3836   13
    3837   13
    3838   13
    3839   13
    3840   13
    3841   13
    3842   13
    3843   13
    3844   13
    3845   13
    3846   13
    3847   13
    3848   13
    3849   13
    3850   13
    3851   13
    3852   13
    3853   13
    3854   13
    3855   13
    3856   13
    3857   13
    3858   13
    3859   13
    3860   13
    3861   13
    3862   13
    3863   13
    3864   13
    3865   13
    3866   13
    3867   13
    3868   13
    3869   13
    3870   13
    3871   13
    3872   13
    3873   13
    3874   13
    3875   13
    3876   13
    3877   13
    3878   13
    3879   13
    3880   13
    3881   13
    3882   13
    3883   13
    3884   13
    3885   13
    3886   13
    3887   13
    3888   13
    3889   13
    3890   13
    3891   13
    3892   13
    3893   13
    3894   13
    3895   13
    3896   13
    3897   13
    3898   13
    3899   13
    3900   13
    3901   13
    3902   13
    3903   13
    3904   13
    3905   13
    3906   13
    3907   13
    3908   13
    3909   13
    3910   13
    3911   13
    3912   13
    3913   13
    3914   13
    3915   13
    3916   13
    3917   13
    3918   13
    3919   13
    3920   13
    3921   13
    3922   13
    3923   13
    3924   13
    3925   13
    3926   13
    3927   13
    3928   13
    3929   13
    3930   13
    3931   13
    3932   13
    3933   13
    3934   13
    3935   13
    3936   13
    3937   13
    3938   13
    3939   13
    3940   13
    3941   13
    3942   13
    3943   13
    3944   13
    3945   13
    3946   13
    3947   13
    3948   13
    3949   13
    3950   13
    3951   13
    3952   13
    3953   13
    3954   13
    3955   13
    3956   13
    3957    8
    3958   13
    3959   14
    3960   14
    3961   14
    3962   14
    3963   14
    3964   14
    3965   14
    3966   14
    3967   14
    3968   14
    3969   14
    3970   12
    3971   12
    3972   12
    3973   12
    3974   12
    3975   12
    3976   12
    3977   12
    3978   12
    3979   12
    3980   12
    3981   12
    3982   12
    3983    7
    3984   12
    3985   13
    3986   13
    3987   13
    3988   13
    3989   13
    3990   13
    3991   13
    3992   13
    3993   13
    3994   13
    3995   13
    3996   13
    3997   13
    3998   13
    3999   13
    4000   13
    4001   13
    4002   13
    4003   13
    4004   13
    4005   13
    4006   13
    4007   13
    4008   13
    4009   13
    4010   13
    4011   13
    4012   13
    4013   13
    4014   13
    4015   13
    4016   13
    4017   13
    4018   13
    4019   13
    4020   13
    4021   13
    4022   13
    4023   13
    4024   13
    4025   13
    4026   13
    4027   13
    4028   13
    4029   13
    4030   13
    4031   13
    4032   13
    4033   13
    4034   13
    4035   13
    4036   13
    4037   13
    4038   13
    4039   13
    4040   13
    4041   13
    4042   13
    4043   13
    4044   13
    4045   13
    4046   13
    4047   13
    4048   13
    4049   13
    4050   13
    4051   13
    4052   13
    4053   13
    4054   13
    4055   13
    4056   13
    4057   13
    4058   13
    4059   13
    4060   13
    4061   13
    4062   13
    4063   13
    4064   13
    4065   13
    4066   13
    4067   13
    4068   13
    4069   13
    4070   13
    4071    8
    4072   12
    4073    7
    4074   12
    4075   12
    4076   12
    4077   12
    4078   12
    4079   12
    4080   12
    4081    1
    4082    1
    4083    1
    4084    4
    4085    5
    4086    6
    4087    5
    4088    4
    4089    4
    4090   12
    4091   12
    4092   12
    4093   12
    4094   12
    4095   12
    4096   12
    4097   12
    4098   12
    4099   12
    4100   12
    4101    1
    4102    1
    4103    1
    4104   12
    4105   12
    4106   12
    4107   12
    4108   12
    4109   12
    4110    6
    4111    5
    4112    3
    4113    3
    4114    3
    4115    1
    4116    1
    4117    1
    4118    1
    4119    3
    4120    6
    4121    6
    4122    3
    4123    1
    4124    1
    4125    1
    4126    1
    4127    1
    4128   12
    4129   12
    4130   12
    4131    1
    4132    1
    4133    1
    4134    1
    4135    1
    4136    1
    4137    1
    4138    1
    4139    1
    4140    1
    4141    3
    4142    3
    4143    5
    4144    6
    4145   12
    4146   12
    4147   13
    4148   13
    4149   13
    4150   13
    4151   13
    4152   13
    4153   13
    4154   13
    4155   13
    4156   13
    4157   13
    4158   13
    4159   13
    4160   13
    4161   13
    4162   13
    4163   13
    4164   13
    4165   13
    4166   13
    4167   13
    4168   13
    4169   13
    4170   13
    4171   13
    4172   13
    4173   13
    4174   13
    4175   13
    4176   13
    4177   13
    4178   13
    4179   13
    4180   13
    4181   13
    4182   13
    4183   13
    4184   13
    4185   13
    4186   13
    4187   13
    4188   13
    4189   13
    4190   13
    4191   13
    4192   13
    4193   13
    4194   13
    4195   13
    4196   13
    4197   13
    4198   13
    4199   13
    4200   13
    4201   13
    4202   13
    4203   13
    4204   13
    4205   13
    4206   13
    4207   13
    4208   13
    4209   13
    4210   13
    4211   13
    4212   13
    4213   13
    4214   13
    4215   13
    4216   13
    4217   13
    4218   13
    4219   13
    4220   13
    4221   13
    4222   13
    4223   13
    4224   13
    4225   13
    4226   13
    4227   13
    4228   13
    4229   13
    4230   13
    4231   13
    4232   13
    4233   13
    4234   13
    4235   13
    4236   13
    4237   13
    4238   13
    4239   13
    4240   13
    4241   13
    4242   13
    4243   13
    4244   13
    4245   13
    4246   13
    4247   13
    4248   13
    4249   13
    4250   13
    4251   13
    4252   13
    4253   13
    4254   13
    4255   13
    4256   13
    4257   13
    4258   13
    4259   13
    4260   13
    4261   13
    4262   13
    4263   13
    4264   13
    4265   13
    4266   13
    4267   13
    4268   13
    4269   13
    4270   13
    4271   13
    4272   13
    4273   13
    4274   13
    4275   13
    4276   13
    4277   13
    4278   13
    4279   13
    4280   14
    4281   14
    4282   14
    4283   14
    4284   14
    4285   14
    4286   14
    4287   14
    4288   14
    4289   14
    4290   14
    4291   13
    4292   13
    4293   13
    4294   13
    4295   13
    4296   13
    4297   13
    4298   13
    4299   13
    4300   13
    4301   13
    4302   13
    4303   13
    4304   13
    4305   13
    4306   13
    4307   13
    4308   14
    4309   14
    4310   14
    4311   13
    4312   13
    4313   13
    4314   13
    4315   13
    4316   13
    4317   13
    4318   13
    4319   13
    4320   13
    4321   13
    4322   13
    4323   13
    4324   13
    4325   13
    4326   13
    4327   13
    4328   13
    4329   13
    4330   13
    4331   13
    4332   13
    4333   13
    4334   13
    4335   13
    4336   13
    4337   13
    4338   13
    4339   13
    4340   13
    4341   13
    4342   13
    4343   13
    4344   13
    4345   13
    4346   13
    4347   13
    4348   13
    4349   13
    4350   13
    4351   13
    4352   13
    4353   14
    4354   14
    4355   14
    4356   13
    4357   13
    4358   13
    4359   13
    4360   13
    4361   13
    4362   13
    4363   13
    4364   13
    4365   13
    4366   13
    4367   13
    4368   13
    4369   13
    4370   13
    4371   13
    4372   13
    4373   13
    4374   13
    4375   13
    4376   13
    4377   13
    4378   13
    4379   13
    4380   13
    4381   13
    4382   13
    4383   13
    4384   13
    4385   13
    4386   13
    4387   13
    4388   13
    4389   13
    4390   13
    4391   13
    4392   13
    4393   13
    4394   13
    4395   13
    4396   13
    4397   13
    4398   13
    4399   13
    4400   13
    4401   13
    4402   13
    4403   13
    4404   13
    4405   13
    4406   13
    4407   13
    4408   13
    4409   13
    4410   13
    4411   13
    4412   13
    4413   13
    4414   13
    4415   13
    4416   13
    4417   13
    4418   13
    4419   13
    4420   13
    4421   13
    4422   13
    4423   13
    4424   13
    4425   13
    4426   13
    4427   13
    4428   13
    4429   13
    4430   13
    4431   13
    4432   13
    4433   13
    4434   13
    4435   13
    4436   13
    4437   13
    4438   13
    4439   13
    4440   13
    4441   13
    4442   13
    4443   13
    4444   13
    4445   13
    4446   13
    4447   13
    4448   14
    4449   14
    4450   14
    4451   13
    4452   13
    4453   13
    4454   13
    4455   13
    4456   13
    4457   13
    4458   13
    4459   13
    4460   13
    4461   13
    4462   13
    4463   13
    4464   13
    4465   13
    4466   13
    4467   13
    4468   13
    4469   13
    4470   13
    4471   13
    4472   13
    4473   13
    4474   13
    4475   13
    4476   13
    4477   13
    4478   13
    4479   13
    4480   13
    4481   13
    4482   13
    4483   13
    4484   13
    4485   13
    4486   13
    4487   13
    4488   13
    4489   13
    4490   13
    4491   13
    4492   13
    4493   13
    4494   13
    4495   13
    4496   13
    4497   13
    4498   13
    4499   13
    4500   13
    4501   13
    4502   13
    4503   13
    4504   13
    4505   13
    4506   13
    4507   13
    4508   13
    4509   13
    4510   13
    4511   13
    4512   13
    4513   13
    4514   13
    4515   13
    4516   13
    4517   13
    4518   13
    4519   13
    4520   13
    4521   13
    4522   13
    4523   13
    4524   13
    4525   13
    4526   13
    4527   13
    4528   13
    4529   13
    4530   13
    4531   13
    4532   13
    4533   13
    4534   13
    4535   13
    4536   13
    4537   13
    4538   13
    4539   13
    4540   13
    4541   13
    4542   13
    4543   13
    4544   13
    4545   13
    4546   13
    4547   13
    4548   13
    4549   13
    4550   13
    4551   13
    4552   13
    4553   13
    4554   13
    4555   13
    4556   13
    4557   13
    4558   13
    4559   13
    4560   13
    4561   13
    4562   13
    4563   13
    4564   13
    4565   13
    4566   13
    4567   13
    4568   13
    4569   13
    4570   13
    4571   13
    4572   13
    4573   13
    4574   13
    4575   13
    4576   13
    4577   13
    4578   13
    4579   13
    4580   13
    4581   13
    4582   13
    4583   13
    4584   13
    4585   13
    4586   13
    4587   13
    4588   13
    4589   13
    4590   13
    4591   13
    4592   13
    4593   13
    4594   13
    4595   13
    4596   13
    4597   13
    4598   13
    4599   13
    4600   13
    4601   13
    4602   13
    4603   13
    4604   13
    4605   13
    4606   13
    4607   13
    4608   13
    4609   13
    4610   13
    4611   13
    4612   13
    4613   13
    4614   13
    4615   13
    4616   13
    4617   13
    4618   13
    4619   13
    4620   13
    4621   13
    4622   13
    4623   13
    4624   13
    4625   13
    4626   13
    4627   13
    4628   13
    4629   13
    4630   13
    4631   13
    4632   13
    4633   13
    4634   13
    4635   13
    4636   13
    4637   13
    4638   13
    4639   13
    4640   13
    4641   13
    4642   13
    4643   13
    4644   13
    4645   13
    4646   13
    4647   13
    4648   13
    4649   13
    4650   13
    4651   13
    4652   13
    4653   13
    4654   13
    4655   13
    4656   13
    4657   13
    4658   13
    4659   13
    4660   13
    4661   13
    4662   13
    4663   13
    4664   13
    4665   13
    4666   13
    4667   13
    4668   13
    4669   13
    4670   13
    4671   13
    4672   13
    4673   13
    4674   13
    4675   13
    4676   13
    4677   13
    4678   13
    4679   13
    4680   13
    4681   13
    4682   13
    4683   13
    4684   13
    4685   13
    4686   13
    4687   13
    4688   13
    4689   13
    4690   13
    4691   13
    4692   13
    4693   13
    4694   13
    4695   13
    4696   13
    4697   13
    4698   13
    4699   14
    4700   14
    4701   14
    4702   14
    4703   14
    4704   14
    4705   14
    4706   14
    4707   13
    4708   13
    4709   13
    4710   13
    4711   13
    4712   13
    4713   13
    4714   13
    4715   13
    4716   13
    4717   13
    4718   13
    4719   13
    4720   13
    4721   13
    4722   13
    4723   13
    4724   13
    4725   13
    4726   13
    4727   13
    4728   13
    4729   13
    4730   13
    4731   13
    4732   13
    4733   13
    4734   13
    4735   14
    4736   14
    4737   14
    4738   14
    4739   14
    4740   14
    4741   14
    4742   14
    4743   14
    4744   14
    4745   13
    4746   13
    4747   13
    4748   13
    4749   13
    4750   13
    4751   13
    4752   13
    4753   13
    4754   13
    4755   13
    4756   13
    4757   13
    4758   13
    4759   13
    4760   13
    4761   13
    4762   14
    4763   14
    4764   14
    4765   13
    4766   13
    4767   13
    4768   13
    4769   13
    4770   13
    4771   13
    4772   13
    4773   13
    4774   13
    4775   13
    4776   13
    4777   13
    4778   13
    4779   13
    4780   13
    4781   13
    4782   13
    4783   13
    4784   13
    4785   13
    4786   13
    4787   13
    4788   13
    4789   13
    4790   13
    4791   13
    4792   13
    4793   13
    4794   13
    4795   13
    4796   13
    4797   13
    4798   13
    4799   13
    4800   13
    4801   13
    4802   13
    4803   13
    4804   13
    4805   13
    4806   13
    4807   13
    4808   13
    4809   13
    4810   13
    4811   13
    4812   13
    4813   13
    4814   13
    4815   13
    4816   13
    4817   13
    4818   13
    4819   13
    4820   13
    4821   13
    4822   13
    4823   13
    4824   13
    4825   13
    4826   13
    4827   13
    4828   13
    4829   13
    4830   13
    4831   13
    4832   13
    4833   13
    4834   13
    4835   13
    4836   13
    4837   13
    4838   13
    4839   13
    4840   13
    4841   13
    4842   13
    4843   13
    4844   13
    4845   13
    4846   13
    4847   13
    4848   13
    4849   13
    4850   13
    4851   13
    4852   13
    4853   13
    4854   13
    4855   13
    4856   13
    4857   13
    4858   13
    4859   13
    4860   13
    4861   13
    4862   13
    4863   13
    4864   13
    4865   13
    4866   13
    4867   13
    4868   13
    4869   13
    4870   13
    4871   13
    4872   13
    4873   14
    4874   14
    4875   14
    4876   14
    4877   14
    4878   13
    4879   13
    4880   14
    4881   13
    4882   13
    4883   14
    4884   14
    4885   14
    4886   14
    4887   14
    4888   14
    4889   13
    4890   13
    4891   13
    4892   13
    4893   13
    4894   13
    4895   13
    4896   13
    4897   13
    4898   13
    4899   13
    4900   13
    4901   13
    4902   13
    4903   13
    4904   13
    4905   13
    4906   13
    4907   13
    4908   13
    4909   13
    4910   13
    4911   13
    4912   13
    4913   13
    4914   13
    4915   13
    4916   13
    4917   13
    4918   13
    4919   13
    4920   13
    4921   13
    4922   13
    4923   13
    4924   13
    4925   13
    4926   13
    4927   13
    4928   13
    4929   13
    4930   13
    4931   13
    4932   13
    4933   13
    4934   13
    4935   13
    4936   13
    4937   13
    4938   13
    4939   13
    4940   13
    4941   13
    4942   13
    4943   13
    4944   13
    4945   13
    4946   13
    4947   13
    4948   13
    4949   13
    4950   13
    4951   13
    4952   13
    4953   13
    4954   13
    4955   13
    4956   13
    4957   13
    4958   13
    4959   13
    4960   13
    4961   13
    4962   13
    4963   13
    4964   13
    4965   13
    4966   13
    4967   13
    4968   13
    4969   13
    4970   13
    4971   13
    4972   13
    4973   13
    4974   13
    4975   13
    4976   13
    4977   13
    4978   13
    4979   13
    4980   13
    4981   13
    4982   13
    4983   13
    4984   13
    4985   13
    4986   13
    4987   13
    4988   13
    4989   13
    4990   13
    4991   10
    4992   10
    4993   10
    4994   10
    4995   10
    4996   10
    4997   10
    4998   12
    4999   12
    5000   12
