23610304	23610536	
22149990	22150205	
43622327	43622586	
36331158	36331361	
22528549	22528763	
24859920	24860133	
36024867	36025073	
23095299	23095486	
38147122	38147327	
35749172	35749358	
37221657	37221870	
26404789	26405012	
23752115	23752304	
39620109	39620316	
20638255	20638433	
31783996	31784184	
25932535	25932733	
37392556	37392757	
42980944	42981138	
38262191	38262373	
43300967	43301149	
44517016	44517212	
30204208	30204395	
44896618	44896817	
22041094	22041283	
44961786	44961977	
22599591	22599796	
43739649	43739825	
26416728	26416908	
41744791	41744975	
30780155	30780338	
43878531	43878776	
44627797	44627972	
30315829	30316033	
23317109	23317289	
37873250	37873425	
38358508	38358699	
35946136	35946320	
37871924	37872123	
21806983	21807238	
27235919	27236093	
30603986	30604169	
36015569	36015743	
24627553	24627739	
38836627	38836795	
24329967	24330171	
39785863	39786055	
25133039	25133214	
37238551	37238732	
28893895	28894076	
26101387	26101576	
25605585	25605781	
25138132	25138303	
38700206	38700378	
24615884	24616068	
23586687	23586875	
28060052	28060226	
25133921	25134088	
37771888	37772055	
23301578	23301756	
24358046	24358227	
21296010	21296169	
35664283	35664456	
20022568	20022743	
29448486	29448644	
40092181	40092340	
37248190	37248356	
43148091	43148276	
24421632	24421817	
25109687	25109853	
37324418	37324589	
25299372	25299547	
37026822	37026997	
28429132	28429313	
23902932	23903108	
38255422	38255593	
38375302	38375474	
39559605	39559777	
41982730	41982904	
36527461	36527640	
29961149	29961305	
30840437	30840596	
27960916	27961098	
31776119	31776275	
38438428	38438594	
21301486	21301653	
31014534	31014689	
32244118	32244276	
26540480	26540640	
31162322	31162481	
30485562	30485736	
40369271	40369417	
21608512	21608667	
32519308	32519469	
30102319	30102475	
33147384	33147542	
24705385	24705553	
28962356	28962505	
25891330	25891488	
26130684	26130850	
33225434	33225593	
44280668	44280841	
36710535	36710702	
20351157	20351328	
22143426	22143599	
29146128	29146255	
39504674	39504823	
44887336	44887493	
31174191	31174343	
38972276	38972421	
24852067	24852216	
41042761	41042916	
34360653	34360805	
32982756	32982896	
35559950	35560085	
35956709	35956876	
41980490	41980630	
23470040	23470183	
22122602	22122737	
31483103	31483260	
26707190	26707452	
30549849	30549992	
35577136	35577277	
32840200	32840331	
22822361	22822505	
28136364	28136508	
35075381	35075532	
23125756	23125909	
28666353	28666492	
31023334	31023482	
41085251	41085394	
23584627	23584765	
34863389	34863539	
24441726	24441859	
35764932	35765057	
27200672	27200848	
22766092	22766264	
33972597	33972724	
20198439	20198561	
39936056	39936194	
37893224	37893358	
44236087	44236222	
37549786	37549920	
33090460	33090602	
40272263	40272395	
22491942	22492114	
32250419	32250550	
34173934	34174063	
37241289	37241406	
23397375	23397498	
20212475	20212622	
31528317	31528434	
33283057	33283186	
42916172	42916305	
30452758	30452897	
33463357	33463481	
33498972	33499116	
39781909	39782038	
37274588	37274716	
44025579	44025741	
28452014	28452131	
28118030	28118159	
35464613	35464739	
44471046	44471186	
43760951	43761061	
43479534	43479646	
23312790	23312923	
33935025	33935136	
37956800	37956915	
23502588	23502698	
28966760	28966884	
21293810	21293933	
26331371	26331485	
43994259	43994381	
33147060	33147196	
29917833	29917950	
30391940	30392046	
29229461	29229563	
41736163	41736272	
38145632	38145735	
26409289	26409390	
23978685	23978786	
32530576	32530674	
22589995	22590102	
26726106	26726230	
40644565	40644675	
43850276	43850401	
31673652	31673751	
44059919	44060026	
44605229	44605328	
37941011	37941062	
36406857	36406955	
31413153	31413223	
25431024	25431128	
32886360	32886482	
25019171	25019288	
31822176	31822272	
36358778	36358882	
26118630	26118688	
28101850	28102040	
28961552	28961644	
44388083	44388183	
36513100	36513202	
27616118	27616203	
33784024	33784119	
27784782	27784972	
20480484	20480565	
42882936	42883026	
23224683	23224873	
22768189	22768279	
39493483	39493575	
44347082	44347165	
25429268	25429339	
37382383	37382573	
33374155	33374216	
32387009	32387105	
22563692	22563784	
37535293	37535483	
29142316	29142371	
20817706	20817896	
34636666	34636746	
28663663	28663735	
27729352	27729413	
36061011	36061201	
33756313	33756503	
22021251	22021338	
38385330	38385401	
42016856	42016946	
34715484	34715674	
44111987	44112177	
43494762	43494824	
33797284	33797474	
37067239	37067429	
22541142	22541225	
30588477	30588667	
41932050	41932240	
27814438	27814628	
22539789	22539979	
21565729	21565919	
26893513	26893703	
28400478	28400668	
44254043	44254233	
22893699	22893777	
27973911	27974101	
28336615	28336805	
44678911	44679101	
44503123	44503313	
25935057	25935247	
33847464	33847654	
38414111	38414301	
42054331	42054521	
25019718	25019908	
34131035	34131225	
42730731	42730921	
34967642	34967832	
32101837	32102027	
41928770	41928960	
24630901	24631091	
21547335	21547525	
34470053	34470243	
35754624	35754814	
38407839	38408029	
38403114	38403304	
25199692	25199882	
42019477	42019667	
22700454	22700644	
44574257	44574447	
26721521	26721711	
44284008	44284198	
23736674	23736864	
30978455	30978645	
27701827	27702017	
27183443	27183633	
39991202	39991392	
32397224	32397414	
21730436	21730626	
32731606	32731796	
26324760	26324950	
20237543	20237733	
30101528	30101718	
43692051	43692241	
43518723	43518913	
21340407	21340597	
30114134	30114324	
29788006	29788196	
24935736	24935926	
27190479	27190669	
21450649	21450839	
30324514	30324704	
27250057	27250247	
28579281	28579471	
32805381	32805571	
25608581	25608771	
28788974	28789164	
23053912	23054102	
31017597	31017787	
40238895	40239085	
28182332	28182522	
35077548	35077738	
44170763	44170953	
43495931	43496121	
44121924	44122114	
31853902	31854092	
29628873	29629063	
33570374	33570564	
28133344	28133534	
29986549	29986739	
37069078	37069268	
35767300	35767490	
33149143	33149333	
30059142	30059332	
34799255	34799445	
29995840	29996030	
44837055	44837245	
26237793	26237983	
25894256	25894446	
30436103	30436293	
20687900	20688090	
42925858	42926048	
24762655	24762845	
44300930	44301120	
43431209	43431399	
42871345	42871535	
32676453	32676643	
44415075	44415265	
29675381	29675571	
36999870	37000060	
35841467	35841657	
28312058	28312248	
35470268	35470458	
36480600	36480790	
20257093	20257283	
44808054	44808244	
27645397	27645587	
28521086	28521276	
43839314	43839504	
32204305	32204495	
28486405	28486595	
40546868	40547058	
21385111	21385301	
35770171	35770361	
43393558	43393748	
40487047	40487237	
31866253	31866443	
21392270	21392460	
44672861	44673051	
21333462	21333652	
28519331	28519521	
26008162	26008352	
44313703	44313893	
37375906	37376096	
28455561	28455751	
37666040	37666230	
23509393	23509583	
23316019	23316209	
21985156	21985346	
37598003	37598193	
28589456	28589646	
36167077	36167267	
28654824	28655014	
36991016	36991206	
22772444	22772634	
26900086	26900276	
43217402	43217592	
25760029	25760219	
43111362	43111552	
25024834	25025024	
26318489	26318679	
27275045	27275235	
35715943	35716133	
20075131	20075321	
20153113	20153303	
28549397	28549587	
38491536	38491726	
20442357	20442547	
37805639	37805829	
40802952	40803142	
24934576	24934766	
21395011	21395201	
32082608	32082798	
24755508	24755698	
30206041	30206231	
41751403	41751593	
35095476	35095666	
28338610	28338800	
20259161	20259351	
36171765	36171955	
22336646	22336836	
34940552	34940742	
30325663	30325853	
40174436	40174626	
37058707	37058897	
35769050	35769240	
30783112	30783302	
33714552	33714742	
37007014	37007204	
44121101	44121291	
31232626	31232816	
30301673	30301863	
28880194	28880384	
24795318	24795508	
43688398	43688588	
28550625	28550815	
33231048	33231238	
38409543	38409733	
35798246	35798436	
44673352	44673542	
23052495	23052685	
20370257	20370447	
37826938	37827128	
38389586	38389776	
22335674	22335864	
43689409	43689599	
34205653	34205843	
44854675	44854865	
31818075	31818265	
40873489	40873679	
41771869	41772059	
29153558	29153748	
40720382	40720572	
23694218	23694408	
20874373	20874563	
44812586	44812776	
28793680	28793870	
43630597	43630787	
36721865	36722055	
