       1   12
       2   12
       3   12
       4   12
       5   12
       6   12
       7   12
       8   12
       9    8
      10   12
      11   12
      12   12
      13   12
      14   12
      15   12
      16    8
      17    8
      18    7
      19    8
      20    8
      21   15
      22   15
      23   15
      24   15
      25   15
      26   15
      27   15
      28   15
      29   15
      30   15
      31   15
      32   15
      33   15
      34   15
      35   15
      36   15
      37   15
      38   15
      39   15
      40    7
      41    8
      42   12
      43   12
      44   12
      45   12
      46   12
      47   12
      48   12
      49   12
      50   12
      51   12
      52   12
      53   12
      54   12
      55   12
      56   12
      57   12
      58   12
      59   12
      60   12
      61   12
      62   12
      63   12
      64    8
      65   12
      66   12
      67   12
      68   12
      69    7
      70    4
      71    4
      72    5
      73    5
      74    5
      75   12
      76   12
      77   12
      78    7
      79   12
      80    8
      81   12
      82   12
      83   12
      84    8
      85   12
      86   12
      87    1
      88    1
      89    1
      90   12
      91    8
      92   12
      93   12
      94   12
      95   12
      96   12
      97   12
      98    8
      99    8
     100   12
     101    7
     102   12
     103    8
     104    8
     105    8
     106   12
     107   12
     108   12
     109   12
     110   12
     111   12
     112   12
     113   12
     114    1
     115    1
     116    1
     117   12
     118   12
     119    8
     120   12
     121   12
     122   12
     123   12
     124   12
     125   12
     126   12
     127   12
     128   12
     129   12
     130   12
     131   12
     132   12
     133   12
     134   12
     135    9
     136   12
     137   12
     138   12
     139   12
     140   12
     141   12
     142   12
     143   12
     144   12
     145   12
     146   12
     147   12
     148   12
     149    2
     150    2
     151    2
     152    2
     153    2
     154    2
     155    3
     156    5
     157    5
     158    4
     159    5
     160    7
     161   12
     162   12
     163    9
     164   12
     165   12
     166   12
     167   12
     168    6
     169    5
     170    3
     171    2
     172    1
     173    1
     174    1
     175    1
     176    1
     177   12
     178   12
     179   12
     180   12
     181   12
     182   12
     183   12
     184   12
     185   12
     186   12
     187   12
     188   12
     189   12
     190   12
     191    9
     192    6
     193    4
     194    4
     195    4
     196    4
     197    4
     198    4
     199    4
     200    4
     201    4
     202    4
     203    4
     204    4
     205    4
     206    4
     207    4
     208   12
     209   12
     210   12
     211   12
     212   12
     213   12
     214   12
     215   12
     216   12
     217    1
     218    1
     219   12
     220   12
     221   12
     222   12
     223   12
     224   12
     225   12
     226   12
     227   12
     228   12
     229   12
     230   12
     231   12
     232   12
     233   12
     234    8
     235   15
     236   15
     237   15
     238   15
     239   15
     240   15
     241   15
     242   15
     243   15
     244   15
     245   15
     246   15
     247   15
     248   15
     249   15
     250   15
     251   15
     252   15
     253   15
     254   15
     255   15
     256   15
     257   15
     258   15
     259   15
     260   15
     261   15
     262   15
     263    8
     264    8
     265   12
     266    8
     267    8
     268   12
     269   12
     270   12
     271   12
     272   12
     273    7
     274   12
     275   12
     276   12
     277   12
     278   12
     279   12
     280   12
     281   15
     282   15
     283   15
     284   15
     285   15
     286   15
     287   15
     288   15
     289   15
     290   15
     291   15
     292    8
     293   12
     294   12
     295   12
     296   12
     297   12
     298   12
     299   12
     300   12
     301   12
     302   12
     303   12
     304   12
     305   12
     306   12
     307   12
     308   12
     309   12
     310   12
     311   12
     312   10
     313    9
     314   13
     315   13
     316   13
     317   13
     318   13
     319   13
     320   13
     321   13
     322   13
     323   13
     324   13
     325   13
     326   13
     327   13
     328   13
     329   13
     330   13
     331   13
     332   13
     333   13
     334   12
     335   12
     336   12
     337   12
     338    8
     339   12
     340   12
     341   12
     342   12
     343   12
     344   12
     345   12
     346   12
     347   12
     348   12
     349   12
     350   12
     351    7
     352   12
     353   12
     354    8
     355   12
     356   12
     357   12
     358   12
     359   12
     360   12
     361   12
     362    8
     363   12
     364    9
     365    9
     366    1
     367    1
     368    1
     369    1
     370    1
     371    1
     372    1
     373    1
     374    1
     375    6
     376    5
     377    1
     378    1
     379    1
     380    1
     381    6
     382   12
     383   12
     384    1
     385    1
     386    1
     387    1
     388    3
     389    5
     390    5
     391    4
     392    6
     393    5
     394    4
     395    5
     396    4
     397    7
     398   12
     399   12
     400    8
     401    8
     402    8
     403   12
     404   12
     405   12
     406   12
     407    8
     408    7
     409   12
     410    7
     411    6
     412    5
     413    6
     414    8
     415    8
     416   12
     417    8
     418   12
     419   12
     420   12
     421   12
     422   12
     423   12
     424   12
     425   12
     426   12
     427   12
     428   12
     429    7
     430    8
     431   12
     432   12
     433   12
     434    8
     435   12
     436   12
     437   12
     438    8
     439   12
     440   12
     441   12
     442   12
     443   12
     444   12
     445   12
     446   12
     447   12
     448   12
     449   12
     450   12
     451   12
     452   12
     453   12
     454   12
     455   12
     456   12
     457    8
     458   12
     459    7
     460    8
     461    8
     462   12
     463   12
     464   12
     465   12
     466   12
     467   12
     468   12
     469    7
     470    8
     471    8
     472   12
     473   12
     474   12
     475   12
     476    8
     477   12
     478   12
     479   12
     480   12
     481   12
     482   12
     483   12
     484   12
     485   12
     486   12
     487   12
     488   12
     489   12
     490   12
     491   12
     492   12
     493   12
     494   12
     495   12
     496   12
     497   12
     498   12
     499    8
     500   12
     501   12
     502   12
     503   12
     504   12
     505   12
     506   12
     507   12
     508   12
     509   12
     510   12
     511   12
     512   12
     513   12
     514    8
     515   15
     516   15
     517   15
     518   15
     519    8
     520   15
     521   15
     522   15
     523   15
     524   15
     525   15
     526   15
     527   15
     528   15
     529   15
     530   15
     531   15
     532   15
     533   15
     534   15
     535   15
     536   15
     537   15
     538    8
     539    8
     540   12
     541    7
     542   12
     543   12
     544   12
     545    8
     546   12
     547   12
     548   12
     549   12
     550   12
     551   12
     552   12
     553    8
     554   12
     555   12
     556   12
     557   12
     558   12
     559   12
     560   12
     561   12
     562    7
     563   12
     564   12
     565    8
     566    8
     567    8
     568   12
     569   12
     570   12
     571    8
     572   12
     573   12
     574    8
     575   12
     576   12
     577   12
     578   12
     579   10
     580   10
     581   12
     582   12
     583   12
     584   12
     585   12
     586   12
     587   12
     588   12
     589   12
     590   12
     591   12
     592   12
     593   12
     594   12
     595   12
     596   12
     597   12
     598   12
     599   12
     600   12
     601   12
     602   12
     603   12
     604   12
     605    8
     606    8
     607    8
     608   12
     609   12
     610   12
     611   12
     612   12
     613    7
     614    2
     615    2
     616    1
     617    1
     618    1
     619    1
     620    1
     621    4
     622    5
     623    4
     624    4
     625    4
     626    4
     627    5
     628    5
     629    7
     630    8
     631    8
     632   12
     633   12
     634    7
     635    8
     636    8
     637    9
     638    9
     639    9
     640    9
     641   12
     642   12
     643   12
     644   12
     645   12
     646    8
     647   12
     648   12
     649    1
     650    1
     651    1
     652    4
     653    4
     654    4
     655    5
     656    5
     657    1
     658    1
     659    3
     660    3
     661    3
     662    5
     663    6
     664    4
     665    4
     666   12
     667   12
     668   12
     669   12
     670   12
     671   12
     672   12
     673   12
     674   12
     675   12
     676   12
     677    8
     678   12
     679   12
     680   12
     681   12
     682   12
     683    8
     684    8
     685   12
     686   12
     687   12
     688   12
     689   12
     690   12
     691   12
     692   12
     693   12
     694   12
     695   12
     696   12
     697   12
     698   12
     699   12
     700   12
     701   12
     702   12
     703   12
     704   12
     705    8
     706   12
     707   12
     708   12
     709   12
     710   12
     711   12
     712   12
     713   12
     714   12
     715   12
     716   12
     717   12
     718   12
     719   12
     720   12
     721   12
     722   12
     723   12
     724   12
     725   12
     726   12
     727   12
     728   10
     729   10
     730   10
     731   12
     732   12
     733   12
     734    8
     735   12
     736   12
     737   12
     738   12
     739   12
     740   12
     741   12
     742   12
     743   12
     744   12
     745   12
     746   12
     747   12
     748   12
     749   12
     750   12
     751   12
     752   12
     753   12
     754   12
     755   12
     756   12
     757   12
     758   12
     759   12
     760   12
     761   12
     762   12
     763   12
     764   12
     765   12
     766   12
     767    7
     768   12
     769   12
     770   12
     771   12
     772   12
     773   13
     774   13
     775   13
     776   13
     777   13
     778   13
     779   13
     780   13
     781   13
     782   13
     783   13
     784   13
     785   13
     786   13
     787   13
     788   13
     789   13
     790   13
     791   13
     792   13
     793   13
     794   13
     795   13
     796   13
     797   13
     798   13
     799   13
     800   12
     801   12
     802   12
     803   12
     804   12
     805   12
     806   12
     807   12
     808   12
     809   12
     810   12
     811   12
     812   12
     813   12
     814   12
     815    7
     816    1
     817    1
     818    1
     819    1
     820    1
     821    1
     822    1
     823    1
     824    1
     825    1
     826    5
     827    6
     828    1
     829    1
     830   12
     831    7
     832   12
     833    6
     834    3
     835    3
     836    2
     837    2
     838    2
     839    6
     840   12
     841   12
     842   12
     843   12
     844   12
     845    8
     846   12
     847   12
     848   12
     849   12
     850   12
     851   12
     852   12
     853   12
     854   12
     855    7
     856    6
     857    4
     858    5
     859    5
     860    4
     861    4
     862    5
     863    4
     864    4
     865    4
     866    4
     867    5
     868    4
     869    5
     870    4
     871    4
     872    4
     873    4
     874    4
     875    4
     876    5
     877    5
     878    4
     879    4
     880    6
     881    4
     882    4
     883    4
     884    4
     885    6
     886    3
     887    3
     888    1
     889    1
     890    8
     891   12
     892   12
     893    9
     894    9
     895   12
     896   12
     897   12
     898   12
     899   12
     900   12
     901   12
     902   12
     903   12
     904   12
     905   12
     906   12
     907    8
     908    8
     909    8
     910    8
     911   12
     912   12
     913   12
     914   12
     915   12
     916   12
     917   12
     918   12
     919   12
     920    9
     921    8
     922    8
     923    8
     924   12
     925   12
     926   12
     927   12
     928   12
     929   12
     930   12
     931    2
     932    6
     933    6
     934    3
     935    3
     936    3
     937    3
     938    2
     939    2
     940    9
     941   11
     942    9
     943   12
     944   12
     945    1
     946    1
     947    1
     948    1
     949    1
     950    1
     951    1
     952    1
     953    5
     954    3
     955    3
     956    6
     957   15
     958   15
     959   15
     960   15
     961   15
     962   15
     963   15
     964   15
     965   15
     966   15
     967   15
     968   15
     969   15
     970    8
     971   12
     972   12
     973    9
     974    9
     975    9
     976   12
     977   12
     978   12
     979   12
     980    1
     981    2
     982    2
     983    2
     984    2
     985    2
     986    1
     987    1
     988    1
     989    5
     990    5
     991    1
     992    1
     993    1
     994    1
     995    6
     996   12
     997   12
     998   12
     999    7
    1000    5
    1001    4
    1002    4
    1003    4
    1004    4
    1005    5
    1006    3
    1007    1
    1008    1
    1009    1
    1010    1
    1011    1
    1012    1
    1013    1
    1014    1
    1015    1
    1016    1
    1017    6
    1018    2
    1019    9
    1020    8
    1021    8
    1022    8
    1023    9
    1024    8
    1025   12
    1026    8
    1027   12
    1028   12
    1029   12
    1030   12
    1031   12
    1032    6
    1033    1
    1034   12
    1035   12
    1036   12
    1037    1
    1038    1
    1039    1
    1040    1
    1041    1
    1042    1
    1043    1
    1044    1
    1045    1
    1046    7
    1047   12
    1048   12
    1049   12
    1050   12
    1051   12
    1052   12
    1053    8
    1054   12
    1055    7
    1056    5
    1057    4
    1058    4
    1059    4
    1060    4
    1061    4
    1062    4
    1063    4
    1064    4
    1065    4
    1066    4
    1067    4
    1068    5
    1069    4
    1070    4
    1071    4
    1072    4
    1073    4
    1074   12
    1075   12
    1076   12
    1077    8
    1078   12
    1079    1
    1080    1
    1081    1
    1082    1
    1083    1
    1084    1
    1085   12
    1086   12
    1087   12
    1088   12
    1089   12
    1090   12
    1091   12
    1092   12
    1093   12
    1094   12
    1095    8
    1096   15
    1097   15
    1098   15
    1099   15
    1100   15
    1101   15
    1102   15
    1103   15
    1104   15
    1105   15
    1106   15
    1107   15
    1108   15
    1109   15
    1110   15
    1111   15
    1112   15
    1113   15
    1114   15
    1115   15
    1116   15
    1117   15
    1118    7
    1119   12
    1120   12
    1121   12
    1122   12
    1123   12
    1124    8
    1125   12
    1126    8
    1127   12
    1128    7
    1129   12
    1130    8
    1131    8
    1132   12
    1133   12
    1134   12
    1135   12
    1136    7
    1137    7
    1138   12
    1139   12
    1140   12
    1141   12
    1142   12
    1143   12
    1144    7
    1145    1
    1146    1
    1147    1
    1148    3
    1149    3
    1150    6
    1151   12
    1152   12
    1153    2
    1154    2
    1155    2
    1156    9
    1157    8
    1158    9
    1159   12
    1160   12
    1161   12
    1162    1
    1163    7
    1164    7
    1165    8
    1166   12
    1167   12
    1168    8
    1169   12
    1170   12
    1171   12
    1172   12
    1173   12
    1174   12
    1175   12
    1176   12
    1177   12
    1178   12
    1179   12
    1180    8
    1181   12
    1182   12
    1183   12
    1184   12
    1185   12
    1186   12
    1187    9
    1188   12
    1189   12
    1190   12
    1191    8
    1192    8
    1193    8
    1194    2
    1195    2
    1196    2
    1197    6
    1198   12
    1199   12
    1200    6
    1201    1
    1202    1
    1203    1
    1204    1
    1205   12
    1206    7
    1207   12
    1208   12
    1209   12
    1210    8
    1211   12
    1212    7
    1213   12
    1214   12
    1215   12
    1216   12
    1217   12
    1218    9
    1219   12
    1220   12
    1221   12
    1222   12
    1223   12
    1224   12
    1225   12
    1226   12
    1227   12
    1228   12
    1229   12
    1230   12
    1231   12
    1232   12
    1233   12
    1234   12
    1235   12
    1236   12
    1237   12
    1238   12
    1239    9
    1240    8
    1241   12
    1242   12
    1243    9
    1244   12
    1245    8
    1246   12
    1247   12
    1248   12
    1249   12
    1250   12
    1251   12
    1252   12
    1253   12
    1254   12
    1255   12
    1256   12
    1257    2
    1258    1
    1259    1
    1260    1
    1261   12
    1262   12
    1263   12
    1264    2
    1265    2
    1266    2
    1267    2
    1268    2
    1269    2
    1270    3
    1271    3
    1272    5
    1273    6
    1274    3
    1275    4
    1276   12
    1277   12
    1278   12
    1279   12
    1280   12
    1281   12
    1282   12
    1283   12
    1284   12
    1285   12
    1286   12
    1287   12
    1288   12
    1289   12
    1290    8
    1291   12
    1292   12
    1293   12
    1294   12
    1295    7
    1296    7
    1297    8
    1298    8
    1299   12
    1300    9
    1301   12
    1302   12
    1303    8
    1304    8
    1305   12
    1306    5
    1307    6
    1308   12
    1309   12
    1310   12
    1311    6
    1312    4
    1313    4
    1314    4
    1315   12
    1316   12
    1317   12
    1318   12
    1319    2
    1320    1
    1321    6
    1322    3
    1323    3
    1324    3
    1325    3
    1326    1
    1327    5
    1328    5
    1329    3
    1330    1
    1331    1
    1332    1
    1333    5
    1334    1
    1335    1
    1336    1
    1337    9
    1338   12
    1339   12
    1340   12
    1341   12
    1342   12
    1343   12
    1344    2
    1345    3
    1346    3
    1347    6
    1348    6
    1349   12
    1350   12
    1351   12
    1352   12
    1353   12
    1354   12
    1355   12
    1356   12
    1357   12
    1358   12
    1359    6
    1360    3
    1361    1
    1362    1
    1363    1
    1364    1
    1365    1
    1366    1
    1367    1
    1368    1
    1369    1
    1370    1
    1371    1
    1372    1
    1373    4
    1374    4
    1375    1
    1376    5
    1377    6
    1378    7
    1379   12
    1380   12
    1381   12
    1382   12
    1383   12
    1384   12
    1385   12
    1386   12
    1387   12
    1388   12
    1389   12
    1390   12
    1391   12
    1392   12
    1393   12
    1394   12
    1395   12
    1396   12
    1397   12
    1398   12
    1399   12
    1400    1
    1401    2
    1402    2
    1403    2
    1404    6
    1405    5
    1406    4
    1407    4
    1408    4
    1409    4
    1410    4
    1411    6
    1412   12
    1413   12
    1414    8
    1415    1
    1416    1
    1417    1
    1418    1
    1419    1
    1420    1
    1421    1
    1422    1
    1423    3
    1424    3
    1425    3
    1426    3
    1427    3
    1428    6
    1429    6
    1430    6
    1431    1
    1432    1
    1433    1
    1434    1
    1435    1
    1436    1
    1437    1
    1438    1
    1439    1
    1440    1
    1441    1
    1442    1
    1443    1
    1444    1
    1445    1
    1446    1
    1447    1
    1448    1
    1449    1
    1450    1
    1451    1
    1452    1
    1453    1
    1454    1
    1455    1
    1456    1
    1457    1
    1458    1
    1459    1
    1460    1
    1461   12
    1462   12
    1463   12
    1464   12
    1465   12
    1466   12
    1467    8
    1468    6
    1469    5
    1470    3
    1471   12
    1472   12
    1473    7
    1474   12
    1475   12
    1476   12
    1477   12
    1478   12
    1479   12
    1480   12
    1481   12
    1482   12
    1483   12
    1484   12
    1485   12
    1486   12
    1487   12
    1488   12
    1489   12
    1490   12
    1491   12
    1492   12
    1493   12
    1494   12
    1495   12
    1496   12
    1497   12
    1498   12
    1499   12
    1500   12
    1501   12
    1502   12
    1503   12
    1504   12
    1505   12
    1506   12
    1507   12
    1508   12
    1509   12
    1510   15
    1511   15
    1512   15
    1513   15
    1514    9
    1515   12
    1516   12
    1517   12
    1518   12
    1519    9
    1520    9
    1521   12
    1522   12
    1523   12
    1524   12
    1525   12
    1526   12
    1527   12
    1528   12
    1529   12
    1530   12
    1531   12
    1532   12
    1533   12
    1534   12
    1535   12
    1536   12
    1537   12
    1538   12
    1539   12
    1540   12
    1541   12
    1542   12
    1543    8
    1544    8
    1545   12
    1546    7
    1547    8
    1548   12
    1549   12
    1550   12
    1551   12
    1552   12
    1553   12
    1554   12
    1555   12
    1556    1
    1557    1
    1558    1
    1559    1
    1560    1
    1561    6
    1562   12
    1563   12
    1564   10
    1565   10
    1566   10
    1567   10
    1568   10
    1569   10
    1570   10
    1571   10
    1572   10
    1573   10
    1574    6
    1575    3
    1576    3
    1577    1
    1578    1
    1579    1
    1580    1
    1581    1
    1582    1
    1583    1
    1584    1
    1585    7
    1586    2
    1587   12
    1588   12
    1589   12
    1590   12
    1591   12
    1592   12
    1593   12
    1594   12
    1595   12
    1596   12
    1597   12
    1598   12
    1599   12
    1600   12
    1601   12
    1602   12
    1603    8
    1604   12
    1605   12
    1606   12
    1607   12
    1608   12
    1609   12
    1610   12
    1611   12
    1612   12
    1613   12
    1614   12
    1615   12
    1616   12
    1617   12
    1618   12
    1619   12
    1620   12
    1621   12
    1622   12
    1623   12
    1624   12
    1625   12
    1626   12
    1627   12
    1628   12
    1629   12
    1630   12
    1631   12
    1632   12
    1633   12
    1634   12
    1635   12
    1636   12
    1637   12
    1638   12
    1639    9
    1640    2
    1641    2
    1642    2
    1643    2
    1644    2
    1645    2
    1646    2
    1647    2
    1648    2
    1649    2
    1650    2
    1651    2
    1652    1
    1653   12
    1654   12
    1655   12
    1656   12
    1657   12
    1658   12
    1659   12
    1660    1
    1661   12
    1662    1
    1663    1
    1664    1
    1665    1
    1666   14
    1667   14
    1668   14
    1669    2
    1670    2
    1671    2
    1672    2
    1673    2
    1674    2
    1675    1
    1676    5
    1677    2
    1678    2
    1679    2
    1680    2
    1681   12
    1682    4
    1683    4
    1684    4
    1685    4
    1686    4
    1687    4
    1688    4
    1689    6
    1690    6
    1691    8
    1692   12
    1693   12
    1694   12
    1695   12
    1696   12
    1697   12
    1698   12
    1699   12
    1700   12
    1701   12
    1702   12
    1703    2
    1704   13
    1705   13
    1706   13
    1707   13
    1708   13
    1709   13
    1710   13
    1711   13
    1712   13
    1713   13
    1714   13
    1715   13
    1716   13
    1717   13
    1718   13
    1719   13
    1720   13
    1721   13
    1722   13
    1723   13
    1724   14
    1725   14
    1726   14
    1727   12
    1728   12
    1729   12
    1730   12
    1731   12
    1732   12
    1733    1
    1734    1
    1735    1
    1736    1
    1737    1
    1738    1
    1739    1
    1740    1
    1741    1
    1742    1
    1743   12
    1744   12
    1745   12
    1746   12
    1747    1
    1748    1
    1749    1
    1750   12
    1751   12
    1752   12
    1753   12
    1754   12
    1755   12
    1756   12
    1757   12
    1758   12
    1759   12
    1760   12
    1761   12
    1762   12
    1763   12
    1764   12
    1765    1
    1766   12
    1767   12
    1768   12
    1769   12
    1770   12
    1771    4
    1772    4
    1773    4
    1774    5
    1775    4
    1776    4
    1777    4
    1778    4
    1779    4
    1780    4
    1781    4
    1782    4
    1783    4
    1784    4
    1785    4
    1786    4
    1787    4
    1788    4
    1789    4
    1790    4
    1791    4
    1792    4
    1793    4
    1794    4
    1795   12
    1796   12
    1797   12
    1798   12
    1799    1
    1800    1
    1801    4
    1802    4
    1803    4
    1804    4
    1805    4
    1806    4
    1807    4
    1808    4
    1809    4
    1810    4
    1811    4
    1812    5
    1813    5
    1814    4
    1815    4
    1816    4
    1817    4
    1818    4
    1819    4
    1820    4
    1821    4
    1822    4
    1823    4
    1824    4
    1825    4
    1826    5
    1827    5
    1828    5
    1829    4
    1830    5
    1831    4
    1832    4
    1833    4
    1834    4
    1835    4
    1836    4
    1837    4
    1838    4
    1839    4
    1840    4
    1841    4
    1842    4
    1843    5
    1844    4
    1845    4
    1846    5
    1847    5
    1848    5
    1849    6
    1850    4
    1851    4
    1852    4
    1853    4
    1854    4
    1855    4
    1856    4
    1857    4
    1858    6
    1859    5
    1860    4
    1861    5
    1862    5
    1863    6
    1864   15
    1865   15
    1866   15
    1867   15
    1868   15
    1869   15
    1870   15
    1871   15
    1872   15
    1873   15
    1874   15
    1875   15
    1876    8
    1877   15
    1878   14
    1879   14
    1880   14
    1881   14
    1882   14
    1883   13
    1884   13
    1885   13
    1886   13
    1887   13
    1888   13
    1889   13
    1890   13
    1891   13
    1892   13
    1893   13
    1894   13
    1895   13
    1896   13
    1897   13
    1898   13
    1899   13
    1900   13
    1901   13
    1902   13
    1903   13
    1904   13
    1905   13
    1906   13
    1907   13
    1908   13
    1909   13
    1910   13
    1911   13
    1912   13
    1913   13
    1914   13
    1915   13
    1916   13
    1917   13
    1918   13
    1919   13
    1920   13
    1921   13
    1922   13
    1923   13
    1924   13
    1925   13
    1926   13
    1927   13
    1928   13
    1929   13
    1930   13
    1931   14
    1932   14
    1933   14
    1934   13
    1935   13
    1936   13
    1937   13
    1938   13
    1939   13
    1940   13
    1941   13
    1942   13
    1943   13
    1944   13
    1945   13
    1946   13
    1947   13
    1948   13
    1949   13
    1950   13
    1951   13
    1952   15
    1953   15
    1954   15
    1955   15
    1956   15
    1957   15
    1958   15
    1959   15
    1960   15
    1961   15
    1962   15
    1963   15
    1964   15
    1965   15
    1966   15
    1967   15
    1968   15
    1969   15
    1970   15
    1971   15
    1972   15
    1973   15
    1974   15
    1975   15
    1976   15
    1977   15
    1978   15
    1979   15
    1980   15
    1981   15
    1982   15
    1983   15
    1984   15
    1985   15
    1986   15
    1987   15
    1988   15
    1989   15
    1990   15
    1991   15
    1992    8
    1993   15
    1994   15
    1995   15
    1996   15
    1997   15
    1998   15
    1999   15
    2000   15
    2001   15
    2002   15
    2003   15
    2004   15
    2005   15
    2006   15
    2007   15
    2008   15
    2009   15
    2010   15
    2011   15
    2012   15
    2013   15
    2014   15
    2015   15
    2016   15
    2017   15
    2018   15
    2019   15
    2020   15
    2021   15
    2022   15
    2023   15
    2024   15
    2025   15
    2026   15
    2027   15
    2028   15
    2029   15
    2030   15
    2031   15
    2032   15
    2033    8
    2034   12
    2035   12
    2036   12
    2037   12
    2038   12
    2039   12
    2040    8
    2041   12
    2042   12
    2043   12
    2044   12
    2045   12
    2046   12
    2047    7
    2048   15
    2049   15
    2050   15
    2051   15
    2052   15
    2053   15
    2054   15
    2055   15
    2056   15
    2057   15
    2058   15
    2059   15
    2060   15
    2061   15
    2062   15
    2063   15
    2064   15
    2065   15
    2066   15
    2067   15
    2068   15
    2069   15
    2070   15
    2071   15
    2072   15
    2073    8
    2074   12
    2075   12
    2076   12
    2077   12
    2078   12
    2079   12
    2080   12
    2081   12
    2082   12
    2083   12
    2084   12
    2085   12
    2086   12
    2087   12
    2088   12
    2089   12
    2090   13
    2091   13
    2092   13
    2093   13
    2094   13
    2095   13
    2096   13
    2097   13
    2098   13
    2099   13
    2100   13
    2101   13
    2102   12
    2103   12
    2104   12
    2105   12
    2106    8
    2107   12
    2108   12
    2109    8
    2110    8
    2111   12
    2112   12
    2113   12
    2114   12
    2115   12
    2116   12
    2117   12
    2118   12
    2119   12
    2120   12
    2121   12
    2122   12
    2123   12
    2124   12
    2125    8
    2126   12
    2127   12
    2128   12
    2129   12
    2130    6
    2131    3
    2132    3
    2133    3
    2134    3
    2135    3
    2136    1
    2137    1
    2138    1
    2139    6
    2140   12
    2141    1
    2142    1
    2143    1
    2144    1
    2145    1
    2146    1
    2147    1
    2148   12
    2149    7
    2150   12
    2151   12
    2152   12
    2153    8
    2154    7
    2155    7
    2156   12
    2157   12
    2158   12
    2159    6
    2160    2
    2161    2
    2162    2
    2163    2
    2164    2
    2165    2
    2166    2
    2167    2
    2168    2
    2169   12
    2170   12
    2171   12
    2172   12
    2173   12
    2174   12
    2175   12
    2176   12
    2177   12
    2178   12
    2179   12
    2180   12
    2181    8
    2182    8
    2183   12
    2184   12
    2185   12
    2186   12
    2187    9
    2188    8
    2189    8
    2190   12
    2191    8
    2192   12
    2193   12
    2194   12
    2195   12
    2196   12
    2197   12
    2198   12
    2199   12
    2200   12
    2201   12
    2202   12
    2203    8
    2204    7
    2205    8
    2206   15
    2207   15
    2208   15
    2209   15
    2210   15
    2211   15
    2212   15
    2213   15
    2214    8
    2215   15
    2216   15
    2217   15
    2218   15
    2219   15
    2220   15
    2221   15
    2222   15
    2223   15
    2224   12
    2225   12
    2226    1
    2227    1
    2228    5
    2229    5
    2230    1
    2231    1
    2232   12
    2233   12
    2234    4
    2235    4
    2236    4
    2237    4
    2238    4
    2239    4
    2240    4
    2241    4
    2242    4
    2243    4
    2244    4
    2245    4
    2246    6
    2247    6
    2248    4
    2249    4
    2250    4
    2251    4
    2252    4
    2253    4
    2254    4
    2255    4
    2256    4
    2257    4
    2258    4
    2259    4
    2260    4
    2261    4
    2262    6
    2263    4
    2264    4
    2265    4
    2266    4
    2267    4
    2268    4
    2269    4
    2270    4
    2271    6
    2272    4
    2273    4
    2274    4
    2275    4
    2276    4
    2277    4
    2278    4
    2279    4
    2280    4
    2281    5
    2282    4
    2283    4
    2284    6
    2285    8
    2286    8
    2287   12
    2288   12
    2289   12
    2290   12
    2291   12
    2292    7
    2293   12
    2294   12
    2295   12
    2296   12
    2297   12
    2298   12
    2299   12
    2300   15
    2301   15
    2302   15
    2303   15
    2304   15
    2305   15
    2306   15
    2307   12
    2308    8
    2309   12
    2310    8
    2311   15
    2312   15
    2313   15
    2314   15
    2315   15
    2316   15
    2317   15
    2318    7
    2319   12
    2320   12
    2321   12
    2322   12
    2323   12
    2324    1
    2325    1
    2326    8
    2327    7
    2328   12
    2329   12
    2330    8
    2331    7
    2332   12
    2333   12
    2334   12
    2335    2
    2336    2
    2337    2
    2338    2
    2339    2
    2340    1
    2341    1
    2342    1
    2343    1
    2344    5
    2345    6
    2346    5
    2347    3
    2348    3
    2349    5
    2350    5
    2351    5
    2352    5
    2353    5
    2354    5
    2355    4
    2356    6
    2357   12
    2358   12
    2359   12
    2360    8
    2361    7
    2362   12
    2363    8
    2364   12
    2365    8
    2366    8
    2367   12
    2368   12
    2369    8
    2370    7
    2371    7
    2372    1
    2373    1
    2374    1
    2375    7
    2376   12
    2377    1
    2378    1
    2379   12
    2380    9
    2381    2
    2382    2
    2383    2
    2384    6
    2385    7
    2386   12
    2387   12
    2388    8
    2389   12
    2390   12
    2391    8
    2392   12
    2393   12
    2394   12
    2395   12
    2396    8
    2397   12
    2398   12
    2399   12
    2400   12
    2401    8
    2402   12
    2403   12
    2404   12
    2405    8
    2406   12
    2407   12
    2408   12
    2409   12
    2410   12
    2411   12
    2412   12
    2413   12
    2414   12
    2415   12
    2416   12
    2417   12
    2418   12
    2419    9
    2420   10
    2421   12
    2422   12
    2423   12
    2424   12
    2425   12
    2426   12
    2427   12
    2428   12
    2429   12
    2430   12
    2431    1
    2432    1
    2433   12
    2434    7
    2435   12
    2436   12
    2437   12
    2438    8
    2439   12
    2440   12
    2441   12
    2442    9
    2443    8
    2444    8
    2445   12
    2446   12
    2447   12
    2448   12
    2449   12
    2450    8
    2451   12
    2452   12
    2453   12
    2454   12
    2455   12
    2456   12
    2457   12
    2458   12
    2459    7
    2460   12
    2461    9
    2462   10
    2463    8
    2464    8
    2465   12
    2466   12
    2467   12
    2468   12
    2469   12
    2470   12
    2471   12
    2472   12
    2473   12
    2474    8
    2475   12
    2476   12
    2477   12
    2478   12
    2479   12
    2480   12
    2481   12
    2482    5
    2483    9
    2484    2
    2485    2
    2486   11
    2487   11
    2488   11
    2489    9
    2490    2
    2491    2
    2492    9
    2493    9
    2494   10
    2495   10
    2496   12
    2497   12
    2498   12
    2499   12
    2500   12
    2501   12
    2502   12
    2503   12
    2504   12
    2505   12
    2506   12
    2507   12
    2508   12
    2509   12
    2510   12
    2511   12
    2512    8
    2513   12
    2514   12
    2515   12
    2516    7
    2517   12
    2518    7
    2519    7
    2520   12
    2521    8
    2522   12
    2523   12
    2524   12
    2525   12
    2526    8
    2527    8
    2528    8
    2529   12
    2530   12
    2531    8
    2532   12
    2533   12
    2534   12
    2535   12
    2536   12
    2537   12
    2538   12
    2539   12
    2540    8
    2541   12
    2542   12
    2543    8
    2544    9
    2545    8
    2546    9
    2547    8
    2548   12
    2549   12
    2550   12
    2551   12
    2552   12
    2553   12
    2554   12
    2555   12
    2556   12
    2557   12
    2558   12
    2559    8
    2560   12
    2561   12
    2562   12
    2563    9
    2564    9
    2565   12
    2566   12
    2567   12
    2568   12
    2569   12
    2570    8
    2571   12
    2572   12
    2573   12
    2574   12
    2575   12
    2576    8
    2577    8
    2578    8
    2579    8
    2580   12
    2581   12
    2582    9
    2583    9
    2584   12
    2585   12
    2586   12
    2587   12
    2588    7
    2589    8
    2590    9
    2591    9
    2592    8
    2593    8
    2594   12
    2595   12
    2596   12
    2597   12
    2598   12
    2599    8
    2600    7
    2601    9
    2602    2
    2603    2
    2604    2
    2605    5
    2606    5
    2607    5
    2608    1
    2609    1
    2610    7
    2611    5
    2612    2
    2613   12
    2614    7
    2615    8
    2616    7
    2617    1
    2618    7
    2619    1
    2620    1
    2621    1
    2622    1
    2623    1
    2624    1
    2625   12
    2626   11
    2627   11
    2628    9
    2629    2
    2630    2
    2631    2
    2632   12
    2633    1
    2634   12
    2635   12
    2636   12
    2637   12
    2638   12
    2639    9
    2640    9
    2641    2
    2642    9
    2643    9
    2644    9
    2645    2
    2646    2
    2647    9
    2648    9
    2649    6
    2650    3
    2651    5
    2652    2
    2653    2
    2654    2
    2655    2
    2656    2
    2657    2
    2658    7
    2659   12
    2660    7
    2661    8
    2662    2
    2663    2
    2664    2
    2665    2
    2666    2
    2667    2
    2668   12
    2669    7
    2670    5
    2671    2
    2672    2
    2673    5
    2674    2
    2675    9
    2676    9
    2677   12
    2678   12
    2679   12
    2680   12
    2681   12
    2682   12
    2683   12
    2684   12
    2685    8
    2686    7
    2687   12
    2688   12
    2689    8
    2690    7
    2691    2
    2692    2
    2693    2
    2694    2
    2695    9
    2696    9
    2697    9
    2698    9
    2699   12
    2700   12
    2701    8
    2702    8
    2703    8
    2704   12
    2705   12
    2706   12
    2707   12
    2708   12
    2709   12
    2710   12
    2711   12
    2712   12
    2713   12
    2714   12
    2715    7
    2716   12
    2717   12
    2718   12
    2719    9
    2720    4
    2721    4
    2722    6
    2723    2
    2724    2
    2725    2
    2726    2
    2727    5
    2728    1
    2729    4
    2730    4
    2731    4
    2732    4
    2733    6
    2734   12
    2735   12
    2736   12
    2737    2
    2738    2
    2739    2
    2740    5
    2741    5
    2742    6
    2743    8
    2744    7
    2745    4
    2746    5
    2747   12
    2748    2
    2749    8
    2750   12
    2751   14
    2752   14
    2753   14
    2754    2
    2755    5
    2756    4
    2757    5
    2758    6
    2759    7
    2760   12
    2761   12
    2762    8
    2763    8
    2764   12
    2765   12
    2766   12
    2767   12
    2768   12
    2769    9
    2770    9
    2771    9
    2772    9
    2773   12
    2774   12
    2775    2
    2776    2
    2777    3
    2778    3
    2779    5
    2780    6
    2781   12
    2782   12
    2783   12
    2784   12
    2785   12
    2786   12
    2787   12
    2788   12
    2789   12
    2790   12
    2791   12
    2792   12
    2793    7
    2794   12
    2795   12
    2796   12
    2797   12
    2798    1
    2799    1
    2800    1
    2801    1
    2802    1
    2803    1
    2804    1
    2805    1
    2806    1
    2807    1
    2808    2
    2809    1
    2810    7
    2811   12
    2812   12
    2813   12
    2814   12
    2815    7
    2816    1
    2817    1
    2818    4
    2819    6
    2820    6
    2821    5
    2822    5
    2823    2
    2824    2
    2825    2
    2826    2
    2827    2
    2828   12
    2829   12
    2830    7
    2831   12
    2832   12
    2833   12
    2834   12
    2835   12
    2836   12
    2837    9
    2838    9
    2839    9
    2840   12
    2841   12
    2842   12
    2843   12
    2844   12
    2845    8
    2846    8
    2847    9
    2848    9
    2849   12
    2850   12
    2851    5
    2852    5
    2853    6
    2854    8
    2855   12
    2856   12
    2857   12
    2858   12
    2859   12
    2860   12
    2861   12
    2862   12
    2863   12
    2864    8
    2865   12
    2866   12
    2867   12
    2868   12
    2869   12
    2870   12
    2871   12
    2872   12
    2873   12
    2874   12
    2875    8
    2876    8
    2877    8
    2878   12
    2879    8
    2880   12
    2881    8
    2882    7
    2883    7
    2884    8
    2885    8
    2886   12
    2887    8
    2888    8
    2889    8
    2890   12
    2891   12
    2892   12
    2893   12
    2894    8
    2895   12
    2896    8
    2897   12
    2898    8
    2899    8
    2900   12
    2901   12
    2902    8
    2903   12
    2904    8
    2905    8
    2906   12
    2907   12
    2908    7
    2909    9
    2910   10
    2911   12
    2912   12
    2913    7
    2914    7
    2915    8
    2916   12
    2917   12
    2918   12
    2919   12
    2920    8
    2921    8
    2922    8
    2923   12
    2924   12
    2925    9
    2926    9
    2927    9
    2928    9
    2929    8
    2930    8
    2931   12
    2932   12
    2933   12
    2934   12
    2935    8
    2936   12
    2937    8
    2938    8
    2939    8
    2940    8
    2941    5
    2942    6
    2943    6
    2944   12
    2945   12
    2946   12
    2947   12
    2948   12
    2949    9
    2950   12
    2951    7
    2952    8
    2953   12
    2954    1
    2955   12
    2956    9
    2957   10
    2958   12
    2959    7
    2960   12
    2961   12
    2962    2
    2963    2
    2964    5
    2965    5
    2966    8
    2967   12
    2968    8
    2969   12
    2970    9
    2971   12
    2972   12
    2973    8
    2974    8
    2975   12
    2976   12
    2977    8
    2978   11
    2979    9
    2980    2
    2981    2
    2982    2
    2983    6
    2984    2
    2985    6
    2986    8
    2987   10
    2988   10
    2989   10
    2990    9
    2991    9
    2992   12
    2993   12
    2994   12
    2995   12
    2996   12
    2997   12
    2998    8
    2999   12
    3000   12
    3001   12
    3002    8
    3003    8
    3004    8
    3005   12
    3006   12
    3007   12
    3008   12
    3009   12
    3010   12
    3011    9
    3012    9
    3013   12
    3014   12
    3015   12
    3016   12
    3017   12
    3018   12
    3019   12
    3020   12
    3021   12
    3022   12
    3023   15
    3024   15
    3025   15
    3026   15
    3027   15
    3028   15
    3029   15
    3030   15
    3031   15
    3032   15
    3033   15
    3034   15
    3035   15
    3036   15
    3037   15
    3038   15
    3039   15
    3040   15
    3041   15
    3042   15
    3043   15
    3044   15
    3045   15
    3046   15
    3047   15
    3048   15
    3049   15
    3050   15
    3051   15
    3052   15
    3053   15
    3054    8
    3055   15
    3056   15
    3057   15
    3058   15
    3059   15
    3060   15
    3061   15
    3062   15
    3063   15
    3064   15
    3065    8
    3066    8
    3067    8
    3068    8
    3069   12
    3070   12
    3071    8
    3072   12
    3073   12
    3074   12
    3075   12
    3076   12
    3077   12
    3078    6
    3079    5
    3080    4
    3081    5
    3082    2
    3083    2
    3084    2
    3085   12
    3086   12
    3087   12
    3088    6
    3089    4
    3090    4
    3091    4
    3092    4
    3093    4
    3094    4
    3095    4
    3096    4
    3097    4
    3098    4
    3099    4
    3100    4
    3101    4
    3102    4
    3103    5
    3104   12
    3105   12
    3106   12
    3107   12
    3108   12
    3109   12
    3110   12
    3111   12
    3112   12
    3113   12
    3114    6
    3115    5
    3116    4
    3117    5
    3118    5
    3119    4
    3120    4
    3121    5
    3122    4
    3123    5
    3124    4
    3125    4
    3126    4
    3127    4
    3128    4
    3129    4
    3130    4
    3131    3
    3132    3
    3133    3
    3134    1
    3135    1
    3136    1
    3137    1
    3138    1
    3139    1
    3140    1
    3141    1
    3142    1
    3143    1
    3144    5
    3145    5
    3146   12
    3147   12
    3148    6
    3149    3
    3150    2
    3151    2
    3152    2
    3153    9
    3154   12
    3155   12
    3156   12
    3157   12
    3158    1
    3159    1
    3160    2
    3161    2
    3162    2
    3163    2
    3164    2
    3165    1
    3166   12
    3167   12
    3168    4
    3169    4
    3170    4
    3171    4
    3172    4
    3173    4
    3174    4
    3175    4
    3176    4
    3177    4
    3178    4
    3179   12
    3180    4
    3181    4
    3182    4
    3183    4
    3184    4
    3185    4
    3186    4
    3187    4
    3188    4
    3189    4
    3190    4
    3191    4
    3192    4
    3193    4
    3194    4
    3195    4
    3196    4
    3197    4
    3198    4
    3199    4
    3200    4
    3201    4
    3202    4
    3203    4
    3204    4
    3205    4
    3206    6
    3207    8
    3208    8
    3209    8
    3210   12
    3211   12
    3212   12
    3213   12
    3214   12
    3215    7
    3216    7
    3217    8
    3218   12
    3219   12
    3220   12
    3221    8
    3222    7
    3223    8
    3224    8
    3225    8
    3226   12
    3227   12
    3228    8
    3229    8
    3230    8
    3231   12
    3232   12
    3233    1
    3234    1
    3235    1
    3236    1
    3237    1
    3238    1
    3239    4
    3240    4
    3241    4
    3242    5
    3243    6
    3244    1
    3245    1
    3246    3
    3247    3
    3248    3
    3249    3
    3250    6
    3251    3
    3252    3
    3253    1
    3254    1
    3255    1
    3256    1
    3257    1
    3258   12
    3259   12
    3260   12
    3261    1
    3262    1
    3263    1
    3264    1
    3265   12
    3266   12
    3267   12
    3268   12
    3269    6
    3270    3
    3271    3
    3272    3
    3273    1
    3274   12
    3275   12
    3276   12
    3277    8
    3278   15
    3279   15
    3280   15
    3281   15
    3282   15
    3283    7
    3284   15
    3285   15
    3286   15
    3287   15
    3288   15
    3289   15
    3290   15
    3291   15
    3292   15
    3293   15
    3294   15
    3295   15
    3296   15
    3297    6
    3298    5
    3299    3
    3300    3
    3301    3
    3302    3
    3303    3
    3304    3
    3305    3
    3306    3
    3307    3
    3308    3
    3309    1
    3310    3
    3311    3
    3312    1
    3313    1
    3314    2
    3315    2
    3316   12
    3317   12
    3318    9
    3319   12
    3320    6
    3321    1
    3322    5
    3323    1
    3324    1
    3325    1
    3326    5
    3327    2
    3328    2
    3329    2
    3330    2
    3331    2
    3332    2
    3333    2
    3334    2
    3335    2
    3336    6
    3337    8
    3338   12
    3339    6
    3340    4
    3341    4
    3342    4
    3343    2
    3344    2
    3345    2
    3346    2
    3347    2
    3348    2
    3349    2
    3350    2
    3351    7
    3352    7
    3353   12
    3354   12
    3355    6
    3356    1
    3357    1
    3358    1
    3359   12
    3360   12
    3361    7
    3362    7
    3363   12
    3364   12
    3365    2
    3366    3
    3367    3
    3368    6
    3369   12
    3370   12
    3371    1
    3372    6
    3373    6
    3374    4
    3375    6
    3376    4
    3377    4
    3378    4
    3379    1
    3380    1
    3381    5
    3382    2
    3383    2
    3384    2
    3385    2
    3386    2
    3387    9
    3388    9
    3389   12
    3390   12
    3391    8
    3392   12
    3393   12
    3394    8
    3395   12
    3396   12
    3397    9
    3398    2
    3399    1
    3400    1
    3401    4
    3402    4
    3403    6
    3404    1
    3405    1
    3406    3
    3407    3
    3408    3
    3409    1
    3410    1
    3411    2
    3412    5
    3413    1
    3414    3
    3415    6
    3416    6
    3417   12
    3418    8
    3419    8
    3420   15
    3421   15
    3422   15
    3423   15
    3424   15
    3425   15
    3426   15
    3427   15
    3428   15
    3429   15
    3430   15
    3431   15
    3432   15
    3433   15
    3434   15
    3435   15
    3436   15
    3437   15
    3438   15
    3439    6
    3440    4
    3441    1
    3442    1
    3443    1
    3444    5
    3445    6
    3446    5
    3447    3
    3448    5
    3449    4
    3450    4
    3451    4
    3452    3
    3453    1
    3454    1
    3455    2
    3456    2
    3457    2
    3458    2
    3459    2
    3460    2
    3461    9
    3462    9
    3463    9
    3464    9
    3465    2
    3466    2
    3467    2
    3468    6
    3469    8
    3470    8
    3471   12
    3472   12
    3473   12
    3474    9
    3475    1
    3476    1
    3477    1
    3478    1
    3479   12
    3480   12
    3481   12
    3482   12
    3483   12
    3484   12
    3485   12
    3486   12
    3487   12
    3488   12
    3489   12
    3490   12
    3491    1
    3492    5
    3493    6
    3494    6
    3495    6
    3496    1
    3497    6
    3498   12
    3499   12
    3500   12
    3501   12
    3502   12
    3503   12
    3504   12
    3505   12
    3506   12
    3507    1
    3508    1
    3509    1
    3510    1
    3511    2
    3512    2
    3513    5
    3514    4
    3515    4
    3516    4
    3517    4
    3518    4
    3519    4
    3520    4
    3521    3
    3522    5
    3523    4
    3524    4
    3525    4
    3526    4
    3527    4
    3528    4
    3529    4
    3530    4
    3531    4
    3532    4
    3533    9
    3534    9
    3535    9
    3536   11
    3537    9
    3538    9
    3539    9
    3540    9
    3541    2
    3542    2
    3543    2
    3544    2
    3545    2
    3546    2
    3547    9
    3548    8
    3549   12
    3550    8
    3551    8
    3552    6
    3553    7
    3554    8
    3555    8
    3556   12
    3557   12
    3558   12
    3559    8
    3560    8
    3561    8
    3562   12
    3563   12
    3564    8
    3565    8
    3566    8
    3567    8
    3568    8
    3569   12
    3570   12
    3571    8
    3572   12
    3573   12
    3574   12
    3575   12
    3576   12
    3577   12
    3578   12
    3579    9
    3580    8
    3581    5
    3582    5
    3583    6
    3584   12
    3585   12
    3586   12
    3587   12
    3588   12
    3589    9
    3590    9
    3591   11
    3592   11
    3593    2
    3594    2
    3595    5
    3596    1
    3597    1
    3598    1
    3599    3
    3600    3
    3601    5
    3602    6
    3603    1
    3604    1
    3605    1
    3606   12
    3607   12
    3608    6
    3609    7
    3610   12
    3611    9
    3612   12
    3613   12
    3614   12
    3615   12
    3616    8
    3617   12
    3618    8
    3619    8
    3620   12
    3621   12
    3622    9
    3623    9
    3624   12
    3625   12
    3626   12
    3627    8
    3628   12
    3629   12
    3630    8
    3631   12
    3632   12
    3633   12
    3634   12
    3635   12
    3636   12
    3637   12
    3638   12
    3639   12
    3640    8
    3641   12
    3642   12
    3643   12
    3644   12
    3645   12
    3646   12
    3647   12
    3648   12
    3649   12
    3650    9
    3651   12
    3652   12
    3653    2
    3654    2
    3655    2
    3656    2
    3657    2
    3658    2
    3659    2
    3660    2
    3661    2
    3662    5
    3663    4
    3664    4
    3665    4
    3666    4
    3667    4
    3668    4
    3669    4
    3670    4
    3671    4
    3672    5
    3673    4
    3674    4
    3675    4
    3676    4
    3677    4
    3678    4
    3679    5
    3680    5
    3681    5
    3682    7
    3683   12
    3684   12
    3685   12
    3686    8
    3687   12
    3688   12
    3689   12
    3690   12
    3691   12
    3692   12
    3693   12
    3694   12
    3695   12
    3696    8
    3697    7
    3698   12
    3699   12
    3700   12
    3701    9
    3702   12
    3703   12
    3704    2
    3705    2
    3706    2
    3707    2
    3708   12
    3709    9
    3710    2
    3711    2
    3712    2
    3713    2
    3714    2
    3715    2
    3716    6
    3717   12
    3718   12
    3719    8
    3720   12
    3721   12
    3722   12
    3723    8
    3724    8
    3725    8
    3726   12
    3727   12
    3728   12
    3729   12
    3730   12
    3731   12
    3732   12
    3733    8
    3734    8
    3735    8
    3736   12
    3737   12
    3738   12
    3739   12
    3740   12
    3741   12
    3742   12
    3743   12
    3744   12
    3745   12
    3746   12
    3747    9
    3748    9
    3749   12
    3750   12
    3751   12
    3752   12
    3753   12
    3754   12
    3755   12
    3756    8
    3757   12
    3758   12
    3759   12
    3760   12
    3761    9
    3762   13
    3763   13
    3764   13
    3765   13
    3766   13
    3767   13
    3768   13
    3769   13
    3770   13
    3771   13
    3772   13
    3773   13
    3774   13
    3775   13
    3776   13
    3777   13
    3778   13
    3779   13
    3780   13
    3781   13
    3782   13
    3783   13
    3784   13
    3785   13
    3786   13
    3787   13
    3788   13
    3789   13
    3790   13
    3791   13
    3792   13
    3793   13
    3794   13
    3795   13
    3796   13
    3797   13
    3798   13
    3799   13
    3800   13
    3801   13
    3802   13
    3803   13
    3804   12
    3805   12
    3806   12
    3807   12
    3808   12
    3809   12
    3810   12
    3811   12
    3812   12
    3813   12
    3814   12
    3815    8
    3816   12
    3817   12
    3818   12
    3819   12
    3820    8
    3821   12
    3822   12
    3823   12
    3824   12
    3825   12
    3826   12
    3827    8
    3828   12
    3829   12
    3830   12
    3831   12
    3832   12
    3833   12
    3834   12
    3835   12
    3836   12
    3837   12
    3838   12
    3839   12
    3840   12
    3841    7
    3842   12
    3843    5
    3844    2
    3845    2
    3846    2
    3847    2
    3848    5
    3849    4
    3850    4
    3851    6
    3852    8
    3853   12
    3854   12
    3855   12
    3856   12
    3857    7
    3858   12
    3859   12
    3860   12
    3861   12
    3862   12
    3863    7
    3864    6
    3865    2
    3866    2
    3867    2
    3868    2
    3869    2
    3870    6
    3871    4
    3872    1
    3873    1
    3874    1
    3875    1
    3876    1
    3877    2
    3878    2
    3879   12
    3880   12
    3881   12
    3882   12
    3883    9
    3884    9
    3885   12
    3886   12
    3887   12
    3888   12
    3889   12
    3890   12
    3891   12
    3892   12
    3893   12
    3894   12
    3895    8
    3896    8
    3897   12
    3898   12
    3899   12
    3900    8
    3901   12
    3902   12
    3903   12
    3904   12
    3905   12
    3906   12
    3907    8
    3908    7
    3909   12
    3910   12
    3911   12
    3912   12
    3913   12
    3914   12
    3915    8
    3916   12
    3917   12
    3918   12
    3919   12
    3920   12
    3921   12
    3922   12
    3923   12
    3924   12
    3925   12
    3926   12
    3927   12
    3928   12
    3929   12
    3930   12
    3931   12
    3932   12
    3933    8
    3934    8
    3935    8
    3936    8
    3937    8
    3938   12
    3939   12
    3940   12
    3941   12
    3942   12
    3943   12
    3944    8
    3945    9
    3946    8
    3947    8
    3948   12
    3949    8
    3950   12
    3951   12
    3952   12
    3953   12
    3954   12
    3955   12
    3956   12
    3957   12
    3958   12
    3959   12
    3960   12
    3961   12
    3962   12
    3963   12
    3964   12
    3965   12
    3966   12
    3967   12
    3968   12
    3969   12
    3970   12
    3971   12
    3972   12
    3973   12
    3974   12
    3975   12
    3976   12
    3977    8
    3978    6
    3979   12
    3980   12
    3981   12
    3982   12
    3983   12
    3984   12
    3985   12
    3986   12
    3987   12
    3988   12
    3989   12
    3990   12
    3991   12
    3992   12
    3993   12
    3994   12
    3995   12
    3996   12
    3997   12
    3998   12
    3999   12
    4000   12
    4001   12
    4002   12
    4003    9
    4004   11
    4005   11
    4006   12
    4007   12
    4008   12
    4009   12
    4010   12
    4011    8
    4012    9
    4013    9
    4014    8
    4015    8
    4016    8
    4017   12
    4018   12
    4019    9
    4020   12
    4021   12
    4022   12
    4023    8
    4024   12
    4025    8
    4026    8
    4027   12
    4028    8
    4029    7
    4030    5
    4031    4
    4032    5
    4033    4
    4034    4
    4035    4
    4036    1
    4037    1
    4038    5
    4039    4
    4040    5
    4041    1
    4042    2
    4043    2
    4044   12
    4045   12
    4046   12
    4047   12
    4048   12
    4049   12
    4050   12
    4051   12
    4052   12
    4053   12
    4054   12
    4055    2
    4056    2
    4057    2
    4058    2
    4059    2
    4060    2
    4061    2
    4062    2
    4063    2
    4064    2
    4065    2
    4066    2
    4067    5
    4068    4
    4069    5
    4070    5
    4071    4
    4072    4
    4073    4
    4074    4
    4075    3
    4076    3
    4077    3
    4078    5
    4079    5
    4080    6
    4081    7
    4082   12
    4083    8
    4084   12
    4085   12
    4086   12
    4087   12
    4088   12
    4089    8
    4090   12
    4091   12
    4092   12
    4093    8
    4094    8
    4095   12
    4096   12
    4097   12
    4098   12
    4099   12
    4100   12
    4101   12
    4102   12
    4103   12
    4104   12
    4105    1
    4106    1
    4107    1
    4108    1
    4109    1
    4110    3
    4111    6
    4112    5
    4113    3
    4114    3
    4115    3
    4116    3
    4117    1
    4118    1
    4119    1
    4120    4
    4121    4
    4122    4
    4123    4
    4124    4
    4125   12
    4126    2
    4127    9
    4128   12
    4129   12
    4130   12
    4131   12
    4132    9
    4133    9
    4134   12
    4135   12
    4136    7
    4137    8
    4138   12
    4139   12
    4140   12
    4141    7
    4142    2
    4143    3
    4144    1
    4145    1
    4146    1
    4147   12
    4148   12
    4149   12
    4150   15
    4151   15
    4152   15
    4153   15
    4154   15
    4155   15
    4156   15
    4157   15
    4158   15
    4159   15
    4160   15
    4161    9
    4162   10
    4163   12
    4164   12
    4165   12
    4166   12
    4167   12
    4168   12
    4169   12
    4170   12
    4171   12
    4172   12
    4173   12
    4174   12
    4175   12
    4176   12
    4177   12
    4178   12
    4179    7
    4180    6
    4181    4
    4182    5
    4183    2
    4184    2
    4185    2
    4186    2
    4187    2
    4188    2
    4189    2
    4190    1
    4191    1
    4192    1
    4193   12
    4194   12
    4195   12
    4196   12
    4197   12
    4198   12
    4199   12
    4200   12
    4201   12
    4202   12
    4203   12
    4204   12
    4205    7
    4206   12
    4207    8
    4208    8
    4209   12
    4210   12
    4211   12
    4212   12
    4213    6
    4214    4
    4215    5
    4216    3
    4217    3
    4218    3
    4219    3
    4220    3
    4221    3
    4222    3
    4223    3
    4224    3
    4225    3
    4226    1
    4227    1
    4228    4
    4229    4
    4230    4
    4231    5
    4232    4
    4233    4
    4234    4
    4235    4
    4236    4
    4237   12
    4238   12
    4239   12
    4240    1
    4241    1
    4242    1
    4243   12
    4244   12
    4245   12
    4246   12
    4247    4
    4248    4
    4249    1
    4250   12
    4251   12
    4252    9
    4253   10
    4254    8
    4255    8
    4256   12
    4257   12
    4258   12
    4259   12
    4260   12
    4261   12
    4262   12
    4263   12
    4264   12
    4265   12
    4266   12
    4267   12
    4268   12
    4269   12
    4270   12
    4271   12
    4272    9
    4273    9
    4274    9
    4275    9
    4276   12
    4277   12
    4278   12
    4279   12
    4280   12
    4281    7
    4282   12
    4283   12
    4284    9
    4285    8
    4286    7
    4287   12
    4288    9
    4289   10
    4290   10
    4291    9
    4292   11
    4293    9
    4294    9
    4295    4
    4296    4
    4297   12
    4298   12
    4299   12
    4300    8
    4301    8
    4302   12
    4303   12
    4304   12
    4305   12
    4306   12
    4307   12
    4308   10
    4309    9
    4310   12
    4311   12
    4312   12
    4313   12
    4314   12
    4315   12
    4316   12
    4317   12
    4318   12
    4319    8
    4320   12
    4321   12
    4322   12
    4323   12
    4324   12
    4325   12
    4326   12
    4327   12
    4328   12
    4329    9
    4330   11
    4331    9
    4332    9
    4333   12
    4334    1
    4335    1
    4336    1
    4337    1
    4338    6
    4339    3
    4340    3
    4341    1
    4342    1
    4343    1
    4344    1
    4345    1
    4346    5
    4347    2
    4348    2
    4349    2
    4350    2
    4351   12
    4352    8
    4353   12
    4354    8
    4355    8
    4356   12
    4357   12
    4358   12
    4359   12
    4360   12
    4361   12
    4362   12
    4363   12
    4364   12
    4365   12
    4366   12
    4367    8
    4368   12
    4369   12
    4370   12
    4371   12
    4372   12
    4373   12
    4374   12
    4375   12
    4376    8
    4377   12
    4378   12
    4379    7
    4380    8
    4381    8
    4382    8
    4383   12
    4384   12
    4385   12
    4386    9
    4387   11
    4388   12
    4389   12
    4390   12
    4391    8
    4392   12
    4393   12
    4394    9
    4395   11
    4396    9
    4397    8
    4398   12
    4399   12
    4400   12
    4401   12
    4402   12
    4403   12
    4404    8
    4405   12
    4406   12
    4407   12
    4408   12
    4409   12
    4410   12
    4411   12
    4412   12
    4413   12
    4414   12
    4415   12
    4416    1
    4417    1
    4418    1
    4419    1
    4420    1
    4421    1
    4422    1
    4423    1
    4424    4
    4425    4
    4426    6
    4427    8
    4428   12
    4429   12
    4430   12
    4431    6
    4432    4
    4433    4
    4434    5
    4435    4
    4436    4
    4437   12
    4438    2
    4439    5
    4440    4
    4441    4
    4442   12
    4443   12
    4444   12
    4445    8
    4446   12
    4447   12
    4448   12
    4449   12
    4450   12
    4451   12
    4452   12
    4453   12
    4454    2
    4455    2
    4456    2
    4457    2
    4458    2
    4459    2
    4460    2
    4461    2
    4462    2
    4463   12
    4464   12
    4465   12
    4466   12
    4467   12
    4468   12
    4469   12
    4470   12
    4471   12
    4472   12
    4473   12
    4474   12
    4475   12
    4476   12
    4477   12
    4478   12
    4479   12
    4480   12
    4481   12
    4482   12
    4483   12
    4484    8
    4485   12
    4486   12
    4487   12
    4488   12
    4489   12
    4490   12
    4491   12
    4492   12
    4493   12
    4494   12
    4495   12
    4496   12
    4497    9
    4498   12
    4499    8
    4500   12
    4501   12
    4502   12
    4503   12
    4504   12
    4505   12
    4506   12
    4507   12
    4508   12
    4509   12
    4510    2
    4511    2
    4512    2
    4513    2
    4514   14
    4515   14
    4516   14
    4517   14
    4518   14
    4519   14
    4520   14
    4521   14
    4522   14
    4523   14
    4524   14
    4525   14
    4526   14
    4527   14
    4528   14
    4529   14
    4530   14
    4531   14
    4532   14
    4533   14
    4534   14
    4535   14
    4536   14
    4537   14
    4538   14
    4539   14
    4540   14
    4541   14
    4542   14
    4543   14
    4544   14
    4545   14
    4546   14
    4547   14
    4548   14
    4549   14
    4550   14
    4551   14
    4552   14
    4553   14
    4554   14
    4555   14
    4556   14
    4557   14
    4558   14
    4559   14
    4560   14
    4561   14
    4562   14
    4563   14
    4564   14
    4565   14
    4566   14
    4567   14
    4568   14
    4569   14
    4570   14
    4571   14
    4572   14
    4573   14
    4574   14
    4575   14
    4576   14
    4577   14
    4578   14
    4579   14
    4580   14
    4581   14
    4582   14
    4583   14
    4584   14
    4585   14
    4586   14
    4587   14
    4588   14
    4589   14
    4590   14
    4591   14
    4592   14
    4593   14
    4594   14
    4595   14
    4596   14
    4597   14
    4598   14
    4599   13
    4600   13
    4601   13
    4602   13
    4603   13
    4604   13
    4605   13
    4606   13
    4607   13
    4608   13
    4609   13
    4610   10
    4611   10
    4612   10
    4613   12
    4614    8
    4615    8
    4616   15
    4617   15
    4618   15
    4619   15
    4620   15
    4621   15
    4622   15
    4623   15
    4624   15
    4625   13
    4626   13
    4627   13
    4628   13
    4629   13
    4630   13
    4631   13
    4632   13
    4633   13
    4634   13
    4635   13
    4636   13
    4637   13
    4638   13
    4639   13
    4640   13
    4641   13
    4642   13
    4643   13
    4644   13
    4645   13
    4646   13
    4647   13
    4648   13
    4649   13
    4650   13
    4651   14
    4652   14
    4653   14
    4654   14
    4655   14
    4656   14
    4657   14
    4658   14
    4659   14
    4660   14
    4661   14
    4662   14
    4663   14
    4664   14
    4665   14
    4666   14
    4667   14
    4668   14
    4669   14
    4670   14
    4671   14
    4672   14
    4673   14
    4674   14
    4675   14
    4676   14
    4677   14
    4678   13
    4679   13
    4680   13
    4681   13
    4682   13
    4683   13
    4684   13
    4685   13
    4686   13
    4687   13
    4688   13
    4689   13
    4690   13
    4691   13
    4692   13
    4693   13
    4694   13
    4695   12
    4696   13
    4697   12
    4698   12
    4699   12
    4700   12
    4701   12
    4702   12
    4703   12
    4704   12
    4705   12
    4706   12
    4707   12
    4708    8
    4709   12
    4710   12
    4711   12
    4712   12
    4713   12
    4714   12
    4715   12
    4716    8
    4717   12
    4718   12
    4719   12
    4720   12
    4721   12
    4722   12
    4723   12
    4724   12
    4725   12
    4726   12
    4727   12
    4728   12
    4729   12
    4730   12
    4731   12
    4732   12
    4733   12
    4734   12
    4735   12
    4736   12
    4737   12
    4738   12
    4739   12
    4740   12
    4741   12
    4742   12
    4743   12
    4744   12
    4745   12
    4746   12
    4747    8
    4748   12
    4749   12
    4750   12
    4751   12
    4752    8
    4753    7
    4754   12
    4755   12
    4756   12
    4757   12
    4758   12
    4759   12
    4760   12
    4761   12
    4762   12
    4763   12
    4764    8
    4765   12
    4766   12
    4767   12
    4768   12
    4769   12
    4770   12
    4771   12
    4772   12
    4773   12
    4774   12
    4775   12
    4776    8
    4777    6
    4778    5
    4779    5
    4780    4
    4781    4
    4782   12
    4783    2
    4784    2
    4785    2
    4786    2
    4787    2
    4788    2
    4789   11
    4790   11
    4791   11
    4792   11
    4793   11
    4794    9
    4795    2
    4796    2
    4797    2
    4798    2
    4799   12
    4800   12
    4801   12
    4802   12
    4803   12
    4804    8
    4805    8
    4806   12
    4807   12
    4808   12
    4809   12
    4810   12
    4811   12
    4812   12
    4813   12
    4814   12
    4815   12
    4816   12
    4817   12
    4818   12
    4819   12
    4820   12
    4821   12
    4822   12
    4823   12
    4824   12
    4825   12
    4826   12
    4827   12
    4828   12
    4829   12
    4830   12
    4831   12
    4832   12
    4833   12
    4834   12
    4835   12
    4836   12
    4837   13
    4838   13
    4839   13
    4840   13
    4841   13
    4842   13
    4843   13
    4844   13
    4845   13
    4846   13
    4847   13
    4848   13
    4849   13
    4850   13
    4851   13
    4852   13
    4853   13
    4854   13
    4855   13
    4856   13
    4857   13
    4858   13
    4859   13
    4860   13
    4861   13
    4862   13
    4863   13
    4864   13
    4865   13
    4866   13
    4867   13
    4868   13
    4869   13
    4870   13
    4871   13
    4872   13
    4873   13
    4874   13
    4875   13
    4876   13
    4877   13
    4878   13
    4879   13
    4880   13
    4881   13
    4882   13
    4883   13
    4884   13
    4885   13
    4886   13
    4887   13
    4888   13
    4889   13
    4890   13
    4891   13
    4892   13
    4893   13
    4894   13
    4895   13
    4896   13
    4897   13
    4898   13
    4899   13
    4900   13
    4901   13
    4902   13
    4903   13
    4904   13
    4905   13
    4906   13
    4907   13
    4908   13
    4909   13
    4910   13
    4911   13
    4912   13
    4913   13
    4914   13
    4915   13
    4916   13
    4917   13
    4918   13
    4919   13
    4920   13
    4921   13
    4922   13
    4923   13
    4924   13
    4925   13
    4926   13
    4927   13
    4928   13
    4929   13
    4930   13
    4931   12
    4932    8
    4933    8
    4934   12
    4935   12
    4936   12
    4937   12
    4938   12
    4939   12
    4940   12
    4941   12
    4942   12
    4943   12
    4944   12
    4945   12
    4946   12
    4947   12
    4948   12
    4949   12
    4950   12
    4951   12
    4952   12
    4953    8
    4954   12
    4955   12
    4956   12
    4957   12
    4958   12
    4959   12
    4960   12
    4961   12
    4962   12
    4963   12
    4964   12
    4965   12
    4966   12
    4967   12
    4968    8
    4969    8
    4970   12
    4971   12
    4972   12
    4973   12
    4974   12
    4975    8
    4976    8
    4977   12
    4978   12
    4979   12
    4980   12
    4981    7
    4982   12
    4983    8
    4984    8
    4985    8
    4986    8
    4987   12
    4988   12
    4989   12
    4990   12
    4991   12
    4992   12
    4993   12
    4994   12
    4995   12
    4996   12
    4997   12
    4998   12
    4999   12
    5000   12
