       1   12
       2   12
       3   12
       4   12
       5   12
       6   12
       7   12
       8    8
       9    8
      10   12
      11   12
      12   12
      13   12
      14   12
      15   12
      16   12
      17   12
      18   12
      19   12
      20   12
      21   12
      22   12
      23   12
      24   12
      25   12
      26   12
      27   12
      28   12
      29   12
      30   12
      31   12
      32   12
      33   12
      34   12
      35   12
      36   12
      37   12
      38   12
      39   12
      40   12
      41   12
      42    4
      43    4
      44    4
      45    4
      46    4
      47    4
      48    4
      49    4
      50    4
      51    4
      52    4
      53    6
      54    7
      55   15
      56   15
      57   15
      58   15
      59   15
      60   15
      61   15
      62   15
      63   15
      64   15
      65   15
      66   15
      67   15
      68   15
      69   15
      70   15
      71   15
      72   15
      73   15
      74   15
      75   15
      76   15
      77   15
      78   15
      79   15
      80   15
      81   15
      82   15
      83   15
      84   15
      85   15
      86   15
      87   15
      88    9
      89    9
      90   15
      91   15
      92   15
      93   15
      94    7
      95   15
      96   15
      97   15
      98   15
      99   15
     100   15
     101   15
     102   15
     103   15
     104   15
     105   15
     106   15
     107   15
     108   15
     109   15
     110   15
     111   15
     112   15
     113   15
     114   15
     115   15
     116   15
     117   15
     118   15
     119   15
     120   12
     121    6
     122    6
     123    4
     124    4
     125    6
     126    4
     127    4
     128    4
     129    4
     130    4
     131    4
     132    4
     133    4
     134    4
     135    4
     136    4
     137    4
     138    4
     139    4
     140    4
     141    4
     142    4
     143    4
     144    4
     145   12
     146   12
     147    1
     148    1
     149    1
     150    1
     151    1
     152    1
     153    1
     154    1
     155    1
     156    1
     157    1
     158    1
     159    1
     160    1
     161    1
     162    1
     163    1
     164    1
     165    7
     166   15
     167   15
     168   15
     169   15
     170   15
     171   15
     172   15
     173   15
     174   15
     175   15
     176   15
     177   15
     178   15
     179   15
     180   15
     181   15
     182   15
     183   15
     184   15
     185   15
     186   15
     187   15
     188   15
     189   15
     190   15
     191   15
     192   15
     193   15
     194   15
     195   15
     196   15
     197   15
     198   15
     199   15
     200   15
     201   15
     202   15
     203   15
     204   15
     205   15
     206   15
     207   15
     208   15
     209   15
     210   15
     211   15
     212   15
     213   15
     214   15
     215   15
     216   12
     217   12
     218   12
     219   12
     220   12
     221   12
     222    4
     223    5
     224    6
     225    5
     226    4
     227    4
     228    4
     229    4
     230    4
     231    4
     232    4
     233    4
     234    4
     235    4
     236    4
     237    4
     238    4
     239    4
     240    4
     241    4
     242    4
     243    4
     244    4
     245    4
     246    1
     247    1
     248    1
     249    1
     250    1
     251    1
     252    3
     253    3
     254    3
     255    1
     256    1
     257    1
     258    1
     259    1
     260    1
     261    1
     262    1
     263    1
     264    1
     265    1
     266    1
     267    1
     268    1
     269    1
     270    4
     271    4
     272    4
     273    4
     274    4
     275    4
     276    6
     277    7
     278   15
     279   15
     280   15
     281   15
     282   15
     283   15
     284   15
     285   15
     286   15
     287   15
     288   15
     289   15
     290   15
     291   15
     292   15
     293   15
     294   15
     295   15
     296   15
     297   15
     298   15
     299   15
     300   15
     301   15
     302   15
     303   15
     304   15
     305   15
     306   15
     307   15
     308   15
     309   15
     310   15
     311   15
     312   12
     313   12
     314   12
     315   12
     316    1
     317    1
     318    1
     319    1
     320    3
     321    3
     322    3
     323    3
     324    3
     325    3
     326    3
     327    3
     328    3
     329    3
     330    5
     331    5
     332    6
     333    4
     334   12
     335   12
     336   12
     337   12
     338    8
     339    8
     340   12
     341   12
     342    8
     343   15
     344   15
     345   15
     346   15
     347   15
     348   15
     349   12
     350    2
     351    3
     352    5
     353    6
     354   12
     355    6
     356    5
     357    8
     358   12
     359   12
     360   12
     361   12
     362   12
     363   12
     364   12
     365   12
     366   12
     367   12
     368   12
     369   12
     370   12
     371   12
     372   12
     373   12
     374   12
     375   12
     376   12
     377    8
     378   15
     379   15
     380   15
     381   15
     382   15
     383   15
     384   15
     385   15
     386   15
     387   15
     388   15
     389   15
     390   15
     391   15
     392   15
     393   15
     394   15
     395   15
     396   15
     397   15
     398   15
     399   15
     400   15
     401   15
     402   15
     403   15
     404   15
     405   15
     406   15
     407   15
     408   15
     409   15
     410   15
     411   15
     412    8
     413   12
     414    8
     415   12
     416   12
     417   12
     418   15
     419   15
     420   15
     421   15
     422   15
     423   15
     424   15
     425   12
     426   12
     427   12
     428   12
     429   12
     430   12
     431   12
     432   12
     433   12
     434   12
     435   12
     436   12
     437   12
     438   12
     439   12
     440   12
     441   12
     442   12
     443    9
     444    9
     445    9
     446   13
     447   13
     448   13
     449   13
     450   14
     451   14
     452   14
     453   14
     454   14
     455   15
     456   15
     457   15
     458   15
     459   15
     460   15
     461   15
     462   15
     463   15
     464   15
     465   15
     466   15
     467   15
     468   15
     469   15
     470   15
     471    8
     472   15
     473   15
     474   15
     475   15
     476   15
     477   15
     478   15
     479   15
     480   15
     481   15
     482   15
     483   15
     484   15
     485   15
     486   15
     487   15
     488   15
     489   15
     490   15
     491   15
     492   15
     493   15
     494    9
     495   15
     496   15
     497   15
     498   15
     499   15
     500   15
     501   15
     502   15
     503   15
     504   15
     505   15
     506   15
     507   15
     508   15
     509   15
     510   15
     511   15
     512   15
     513   15
     514   15
     515   15
     516   15
     517   15
     518   15
     519   15
     520   15
     521   15
     522   15
     523    7
     524   15
     525   15
     526   15
     527   15
     528   15
     529   15
     530   15
     531   15
     532   15
     533   15
     534   15
     535   15
     536   15
     537   15
     538   15
     539   15
     540   15
     541   15
     542   15
     543   15
     544   15
     545   15
     546   15
     547   15
     548   15
     549   15
     550   15
     551   15
     552   15
     553   15
     554   15
     555   15
     556   15
     557   15
     558   15
     559   15
     560   15
     561    8
     562   15
     563   12
     564   12
     565   12
     566   14
     567   14
     568   14
     569   14
     570   14
     571   14
     572   14
     573   14
     574   14
     575   14
     576   14
     577   14
     578   14
     579   14
     580   14
     581   14
     582   14
     583   14
     584   14
     585   15
     586   15
     587   15
     588   15
     589   15
     590   15
     591   15
     592   13
     593   13
     594   13
     595   13
     596   13
     597   13
     598   13
     599   14
     600   14
     601   14
     602   14
     603   14
     604   14
     605   14
     606   14
     607   14
     608    2
     609    2
     610    2
     611    2
     612    2
     613   12
     614   12
     615    1
     616    1
     617    1
     618    3
     619    6
     620    8
     621   12
     622    8
     623   12
     624   12
     625   12
     626   12
     627    8
     628   12
     629    8
     630    7
     631   12
     632    8
     633    9
     634    9
     635    2
     636    2
     637    2
     638    2
     639    5
     640    5
     641    6
     642    6
     643    8
     644    8
     645    8
     646    8
     647   12
     648   12
     649   12
     650   12
     651   12
     652   12
     653   12
     654   12
     655   12
     656   12
     657   12
     658   11
     659    9
     660   10
     661   12
     662   12
     663   12
     664   12
     665   12
     666   12
     667    8
     668    8
     669   12
     670   12
     671    9
     672   12
     673   12
     674   12
     675   10
     676   10
     677   10
     678    9
     679    9
     680   11
     681   11
     682   11
     683    9
     684   11
     685   11
     686    9
     687    1
     688    1
     689    1
     690    1
     691    1
     692    1
     693    1
     694    1
     695    1
     696    1
     697    1
     698    4
     699    6
     700    7
     701   12
     702    6
     703    3
     704    1
     705    1
     706    1
     707    5
     708    1
     709   12
     710    7
     711   12
     712   12
     713    8
     714    8
     715    7
     716   12
     717   12
     718    7
     719   15
     720   15
     721   15
     722   15
     723   15
     724   15
     725   15
     726   15
     727   15
     728   15
     729   15
     730   15
     731   15
     732   15
     733   10
     734   10
     735   10
     736   10
     737   10
     738    7
     739   12
     740   12
     741   12
     742   12
     743   12
     744   12
     745   12
     746   12
     747   12
     748    9
     749    9
     750   13
     751   13
     752   13
     753   13
     754   13
     755   13
     756   13
     757   13
     758   13
     759   13
     760   13
     761   12
     762    9
     763   14
     764   14
     765   14
     766   14
     767   14
     768   14
     769   14
     770   14
     771   14
     772   14
     773   14
     774   14
     775   14
     776   14
     777   14
     778   14
     779   14
     780   14
     781   14
     782   13
     783   15
     784   15
     785   15
     786   15
     787   15
     788   15
     789   15
     790   15
     791   15
     792   15
     793   15
     794   15
     795   15
     796   15
     797   15
     798   15
     799    7
     800   12
     801   12
     802    8
     803   12
     804   12
     805   12
     806   12
     807    1
     808    1
     809    1
     810    1
     811    3
     812    3
     813    3
     814    5
     815    6
     816    3
     817    3
     818    3
     819    3
     820    3
     821    6
     822    7
     823   12
     824   12
     825   12
     826   12
     827   12
     828   12
     829   12
     830   12
     831   12
     832    5
     833    2
     834    5
     835    1
     836    6
     837   12
     838   12
     839   12
     840   12
     841    9
     842    9
     843    2
     844    2
     845    1
     846    1
     847    1
     848    3
     849    6
     850    1
     851    6
     852   12
     853   12
     854   12
     855    7
     856    7
     857    8
     858   12
     859    8
     860   12
     861   12
     862   12
     863    6
     864    2
     865    2
     866    2
     867    3
     868    3
     869    5
     870    6
     871    9
     872    9
     873    9
     874    9
     875    9
     876   11
     877    9
     878    9
     879   12
     880   12
     881   12
     882    7
     883    2
     884    2
     885    2
     886    2
     887    2
     888    2
     889    2
     890    6
     891    9
     892    9
     893   12
     894   12
     895   12
     896    9
     897    9
     898    2
     899    2
     900    6
     901   12
     902   12
     903   12
     904    6
     905    7
     906   12
     907   12
     908   12
     909   12
     910   12
     911   12
     912   12
     913   12
     914   12
     915    2
     916    6
     917   12
     918    8
     919    8
     920   12
     921   12
     922   12
     923   12
     924   12
     925    7
     926   12
     927   12
     928   12
     929   12
     930   12
     931    6
     932    6
     933    2
     934   12
     935   12
     936   12
     937    9
     938    9
     939   12
     940   12
     941   12
     942   12
     943    7
     944    2
     945    9
     946    9
     947    9
     948    9
     949   12
     950   12
     951   12
     952    6
     953    4
     954    4
     955    4
     956    4
     957    4
     958    4
     959    4
     960    4
     961    4
     962    4
     963    4
     964    4
     965    4
     966    4
     967    4
     968    4
     969    4
     970   12
     971   12
     972   12
     973   12
     974    8
     975    8
     976    8
     977   12
     978   12
     979   12
     980   12
     981   12
     982   12
     983   12
     984   12
     985   10
     986    9
     987    9
     988    9
     989   12
     990    1
     991    1
     992    6
     993   12
     994    8
     995   12
     996   12
     997   12
     998   12
     999   12
    1000   12
    1001   12
    1002   12
    1003    7
    1004   12
    1005    2
    1006    2
    1007    2
    1008    2
    1009    2
    1010    2
    1011    2
    1012    2
    1013    5
    1014    4
    1015    4
    1016    4
    1017    4
    1018    5
    1019    5
    1020    9
    1021   12
    1022   12
    1023   12
    1024   12
    1025   12
    1026   12
    1027    6
    1028    5
    1029    3
    1030    1
    1031    2
    1032   12
    1033   12
    1034    8
    1035   12
    1036   12
    1037    2
    1038    2
    1039    2
    1040    6
    1041    4
    1042    4
    1043    5
    1044    6
    1045   12
    1046   12
    1047    7
    1048   12
    1049   12
    1050   12
    1051   12
    1052   12
    1053   12
    1054   12
    1055    8
    1056   12
    1057    8
    1058   12
    1059    9
    1060    8
    1061    8
    1062   12
    1063   12
    1064   12
    1065   12
    1066   12
    1067    8
    1068   12
    1069   11
    1070    9
    1071    9
    1072    9
    1073   12
    1074   12
    1075   12
    1076    1
    1077    1
    1078    1
    1079    1
    1080    1
    1081    1
    1082    3
    1083    6
    1084   12
    1085    8
    1086   12
    1087   12
    1088    9
    1089    9
    1090    9
    1091   10
    1092    8
    1093    8
    1094   12
    1095    9
    1096    2
    1097    2
    1098    2
    1099    2
    1100    8
    1101    7
    1102   12
    1103   12
    1104    1
    1105    1
    1106    1
    1107    3
    1108    4
    1109    4
    1110    4
    1111    4
    1112    6
    1113    1
    1114    1
    1115    1
    1116    1
    1117    1
    1118    1
    1119    5
    1120    4
    1121    4
    1122    5
    1123    6
    1124   12
    1125   12
    1126   12
    1127   12
    1128   12
    1129   12
    1130   12
    1131   12
    1132   12
    1133   12
    1134   12
    1135    7
    1136   15
    1137   15
    1138   15
    1139   15
    1140   15
    1141   15
    1142   15
    1143   15
    1144   15
    1145   15
    1146   15
    1147   15
    1148   15
    1149   15
    1150   15
    1151   15
    1152   15
    1153   15
    1154   15
    1155   15
    1156    7
    1157   12
    1158    7
    1159    6
    1160    4
    1161    4
    1162    3
    1163    5
    1164    3
    1165    1
    1166    1
    1167    3
    1168    1
    1169    1
    1170    1
    1171    1
    1172    1
    1173    1
    1174    1
    1175   12
    1176   12
    1177   12
    1178   12
    1179    6
    1180    5
    1181    4
    1182    4
    1183    4
    1184    4
    1185    4
    1186    4
    1187    4
    1188    4
    1189    4
    1190    4
    1191    4
    1192    4
    1193    5
    1194    4
    1195    4
    1196    4
    1197    4
    1198    4
    1199    4
    1200    4
    1201    5
    1202    5
    1203    5
    1204    1
    1205    1
    1206    2
    1207    2
    1208   12
    1209   12
    1210   12
    1211   12
    1212   12
    1213   12
    1214    1
    1215    1
    1216    1
    1217    1
    1218    1
    1219    1
    1220    1
    1221    1
    1222    1
    1223    1
    1224    1
    1225    1
    1226    1
    1227    1
    1228    1
    1229   12
    1230   12
    1231    6
    1232    4
    1233    4
    1234    4
    1235    4
    1236    4
    1237    4
    1238    1
    1239    1
    1240    1
    1241    1
    1242    1
    1243   12
    1244   12
    1245   12
    1246   12
    1247    9
    1248   12
    1249   13
    1250   13
    1251   13
    1252   13
    1253   13
    1254   13
    1255   13
    1256   13
    1257   13
    1258   13
    1259   13
    1260   13
    1261   14
    1262   14
    1263    7
    1264    8
    1265   12
    1266   12
    1267   12
    1268   12
    1269   12
    1270   12
    1271   12
    1272   12
    1273   12
    1274   12
    1275    1
    1276    1
    1277    1
    1278    1
    1279    1
    1280    4
    1281    4
    1282    4
    1283    6
    1284    7
    1285   12
    1286   12
    1287   12
    1288    6
    1289    1
    1290    1
    1291    1
    1292    1
    1293    1
    1294    3
    1295    6
    1296    1
    1297    1
    1298    1
    1299    1
    1300    1
    1301    1
    1302    1
    1303    3
    1304    4
    1305    4
    1306    4
    1307    4
    1308    4
    1309    4
    1310    4
    1311    4
    1312    4
    1313    6
    1314   12
    1315   12
    1316    1
    1317   12
    1318    8
    1319   12
    1320   12
    1321   12
    1322    7
    1323   12
    1324   12
    1325   12
    1326    6
    1327    2
    1328    5
    1329   12
    1330   12
    1331   12
    1332    9
    1333   10
    1334   12
    1335   12
    1336   12
    1337   12
    1338   12
    1339   12
    1340   12
    1341   12
    1342    8
    1343    8
    1344   12
    1345   12
    1346   12
    1347    8
    1348   12
    1349    8
    1350    1
    1351    1
    1352   12
    1353   12
    1354    1
    1355    8
    1356    7
    1357    7
    1358   12
    1359   12
    1360   12
    1361   12
    1362    8
    1363    9
    1364   12
    1365   12
    1366   12
    1367   12
    1368    1
    1369    1
    1370    1
    1371    1
    1372    1
    1373    1
    1374   12
    1375   12
    1376   12
    1377   12
    1378   12
    1379   12
    1380   12
    1381   12
    1382   12
    1383   12
    1384   12
    1385    8
    1386    8
    1387    8
    1388   15
    1389   15
    1390   15
    1391   15
    1392   15
    1393   15
    1394   15
    1395   15
    1396    9
    1397    6
    1398    4
    1399    4
    1400    4
    1401    4
    1402    4
    1403    4
    1404    4
    1405    4
    1406    4
    1407    4
    1408    4
    1409    4
    1410    4
    1411    4
    1412    4
    1413    4
    1414    4
    1415    4
    1416   12
    1417   12
    1418   12
    1419   12
    1420   12
    1421   12
    1422   12
    1423    7
    1424    1
    1425   12
    1426   12
    1427   12
    1428    1
    1429    1
    1430    1
    1431    1
    1432    1
    1433   12
    1434   12
    1435   12
    1436    1
    1437    1
    1438   12
    1439   12
    1440   12
    1441    9
    1442    9
    1443    9
    1444    8
    1445    8
    1446    8
    1447    8
    1448    9
    1449    9
    1450    8
    1451    7
    1452    7
    1453    8
    1454   12
    1455   12
    1456    8
    1457   12
    1458   12
    1459   12
    1460    8
    1461    8
    1462   12
    1463    9
    1464   12
    1465   12
    1466   12
    1467   12
    1468   10
    1469    6
    1470    3
    1471    4
    1472    4
    1473    4
    1474    1
    1475    1
    1476    1
    1477    1
    1478    1
    1479   11
    1480    9
    1481    9
    1482    9
    1483    9
    1484   11
    1485    9
    1486    9
    1487   11
    1488    9
    1489    9
    1490   12
    1491   12
    1492    6
    1493    3
    1494    6
    1495    8
    1496    8
    1497   12
    1498   12
    1499   12
    1500   12
    1501   12
    1502    8
    1503    7
    1504    8
    1505   12
    1506    8
    1507    8
    1508    8
    1509    8
    1510   12
    1511   12
    1512   12
    1513   12
    1514   12
    1515    7
    1516    8
    1517    8
    1518   12
    1519   12
    1520   12
    1521   12
    1522   12
    1523   12
    1524   12
    1525    9
    1526    8
    1527   12
    1528    9
    1529   11
    1530    9
    1531   12
    1532   12
    1533   12
    1534   12
    1535   12
    1536   12
    1537   12
    1538   12
    1539   12
    1540    9
    1541   12
    1542   12
    1543   12
    1544   12
    1545   12
    1546   12
    1547   12
    1548   12
    1549   12
    1550   12
    1551   12
    1552   12
    1553   12
    1554   12
    1555   12
    1556   12
    1557   12
    1558   12
    1559   12
    1560   12
    1561   12
    1562   12
    1563   12
    1564   12
    1565   12
    1566   12
    1567    8
    1568   12
    1569   12
    1570   12
    1571   12
    1572   12
    1573   12
    1574   12
    1575   12
    1576   12
    1577    8
    1578    8
    1579   12
    1580   12
    1581   12
    1582   12
    1583   12
    1584   12
    1585   12
    1586   12
    1587   13
    1588   13
    1589   13
    1590   13
    1591   13
    1592   13
    1593   13
    1594   13
    1595   13
    1596   13
    1597   13
    1598   13
    1599   13
    1600   13
    1601   13
    1602   13
    1603   13
    1604   13
    1605   13
    1606   13
    1607   13
    1608   13
    1609   13
    1610   13
    1611   13
    1612   13
    1613   13
    1614   13
    1615   13
    1616    9
    1617    9
    1618   12
    1619   12
    1620   12
    1621    9
    1622   13
    1623   13
    1624   13
    1625   13
    1626   13
    1627   13
    1628   13
    1629   13
    1630   13
    1631   13
    1632   13
    1633   13
    1634   13
    1635   13
    1636   13
    1637   12
    1638   12
    1639    8
    1640   12
    1641   12
    1642   12
    1643   12
    1644   12
    1645   12
    1646   12
    1647   12
    1648   12
    1649   12
    1650   12
    1651   12
    1652    8
    1653    9
    1654    9
    1655   12
    1656   12
    1657   12
    1658    2
    1659    6
    1660    7
    1661   12
    1662   12
    1663    8
    1664    8
    1665   12
    1666   12
    1667    7
    1668    6
    1669    2
    1670   12
    1671    9
    1672   12
    1673    8
    1674    8
    1675   12
    1676   12
    1677   12
    1678   12
    1679    7
    1680    6
    1681    3
    1682    3
    1683    3
    1684    1
    1685    2
    1686    2
    1687    9
    1688    9
    1689    9
    1690   12
    1691    8
    1692    8
    1693   12
    1694    7
    1695   12
    1696   12
    1697   12
    1698    9
    1699   12
    1700   12
    1701   12
    1702   12
    1703   12
    1704   12
    1705   12
    1706   12
    1707   12
    1708   12
    1709   12
    1710    9
    1711   12
    1712   12
    1713   11
    1714    9
    1715    2
    1716    2
    1717    2
    1718    9
    1719   12
    1720   12
    1721    5
    1722    6
    1723    7
    1724    8
    1725    7
    1726   12
    1727   12
    1728   12
    1729    7
    1730   12
    1731   12
    1732    6
    1733    1
    1734    1
    1735    1
    1736    1
    1737    6
    1738    6
    1739    2
    1740    2
    1741    2
    1742    2
    1743    9
    1744    9
    1745   12
    1746    8
    1747    9
    1748   12
    1749    8
    1750   12
    1751   12
    1752    8
    1753    7
    1754    7
    1755    6
    1756    4
    1757    4
    1758    4
    1759    1
    1760    1
    1761    1
    1762   12
    1763    7
    1764   12
    1765   12
    1766   12
    1767    6
    1768    1
    1769    6
    1770    3
    1771    5
    1772    3
    1773    3
    1774    3
    1775    5
    1776   12
    1777    7
    1778    6
    1779    6
    1780    1
    1781    1
    1782    1
    1783    1
    1784    1
    1785    1
    1786    1
    1787    1
    1788   12
    1789   12
    1790   12
    1791    8
    1792    8
    1793   12
    1794   12
    1795   12
    1796   12
    1797    4
    1798    4
    1799    4
    1800    4
    1801    4
    1802    4
    1803    6
    1804    7
    1805   12
    1806   12
    1807   12
    1808   12
    1809   12
    1810    7
    1811    1
    1812    1
    1813    6
    1814    7
    1815   12
    1816   12
    1817    9
    1818    9
    1819   10
    1820   10
    1821   10
    1822   12
    1823   12
    1824    7
    1825   12
    1826    9
    1827   11
    1828    9
    1829    9
    1830    9
    1831   10
    1832   10
    1833   10
    1834   10
    1835   10
    1836   10
    1837   10
    1838   10
    1839   10
    1840   10
    1841   10
    1842   13
    1843   13
    1844   13
    1845   13
    1846   13
    1847   13
    1848   12
    1849   12
    1850   12
    1851   12
    1852   12
    1853   12
    1854   12
    1855   12
    1856   12
    1857   12
    1858   12
    1859   12
    1860   12
    1861   12
    1862   12
    1863   11
    1864    9
    1865   11
    1866    9
    1867   11
    1868    9
    1869    9
    1870   11
    1871   11
    1872   11
    1873    9
    1874   11
    1875    9
    1876    9
    1877    9
    1878    9
    1879   11
    1880   11
    1881   11
    1882    9
    1883   11
    1884    9
    1885    9
    1886   11
    1887   11
    1888   11
    1889    9
    1890   11
    1891   11
    1892   11
    1893   11
    1894    9
    1895    9
    1896   11
    1897   11
    1898   11
    1899   11
    1900    9
    1901   11
    1902   11
    1903   11
    1904    9
    1905   11
    1906   11
    1907   10
    1908   12
    1909   12
    1910    8
    1911    8
    1912   12
    1913    9
    1914   12
    1915   12
    1916    9
    1917   11
    1918   11
    1919   11
    1920   11
    1921    9
    1922    9
    1923   12
    1924   12
    1925    1
    1926    1
    1927    1
    1928    1
    1929    3
    1930    6
    1931    4
    1932    4
    1933    4
    1934    6
    1935    5
    1936    2
    1937    2
    1938    7
    1939    7
    1940   12
    1941   12
    1942   12
    1943    7
    1944    8
    1945   12
    1946   12
    1947    1
    1948    1
    1949    7
    1950    7
    1951   12
    1952    9
    1953    2
    1954    5
    1955    5
    1956    6
    1957    9
    1958    2
    1959    2
    1960    2
    1961    2
    1962    9
    1963   11
    1964   11
    1965    9
    1966   10
    1967   10
    1968   10
    1969   10
    1970   10
    1971   12
    1972   12
    1973   12
    1974   12
    1975   12
    1976   12
    1977   12
    1978   12
    1979   12
    1980   12
    1981   12
    1982   12
    1983   12
    1984    8
    1985   12
    1986   12
    1987   12
    1988    9
    1989   11
    1990    9
    1991    9
    1992    8
    1993    8
    1994    8
    1995    8
    1996    9
    1997   10
    1998   10
    1999   10
    2000   10
    2001   10
    2002   12
    2003   12
    2004   12
    2005   12
    2006   12
    2007   12
    2008   12
    2009   12
    2010    8
    2011   12
    2012   12
    2013   12
    2014    8
    2015    7
    2016   15
    2017   15
    2018   15
    2019   15
    2020   15
    2021   15
    2022   15
    2023   15
    2024   15
    2025   15
    2026   15
    2027   15
    2028   15
    2029   15
    2030   15
    2031   15
    2032   15
    2033   15
    2034   15
    2035   15
    2036   15
    2037   15
    2038   15
    2039   15
    2040   15
    2041   15
    2042   15
    2043   15
    2044   15
    2045   15
    2046   15
    2047   15
    2048   15
    2049   15
    2050   15
    2051   15
    2052   15
    2053   15
    2054   15
    2055   15
    2056   15
    2057   15
    2058   15
    2059   15
    2060   15
    2061   15
    2062   15
    2063   15
    2064   15
    2065   15
    2066   15
    2067   15
    2068   15
    2069   15
    2070   15
    2071   15
    2072   15
    2073   15
    2074   15
    2075   15
    2076   15
    2077   15
    2078    8
    2079   15
    2080   15
    2081   15
    2082    7
    2083   15
    2084   15
    2085   15
    2086   15
    2087   15
    2088   15
    2089   15
    2090   15
    2091   15
    2092   15
    2093   15
    2094   15
    2095   15
    2096   15
    2097   15
    2098   15
    2099   15
    2100   15
    2101   15
    2102   15
    2103   15
    2104   15
    2105   15
    2106   15
    2107   15
    2108   15
    2109   15
    2110   15
    2111   15
    2112   15
    2113   15
    2114   15
    2115   15
    2116   15
    2117   15
    2118   15
    2119   15
    2120   15
    2121   15
    2122   15
    2123   15
    2124   15
    2125   15
    2126   15
    2127   15
    2128   15
    2129   15
    2130   15
    2131   15
    2132   15
    2133   15
    2134   15
    2135   15
    2136   15
    2137   15
    2138   15
    2139   15
    2140   15
    2141   15
    2142   15
    2143   15
    2144   15
    2145   15
    2146   15
    2147   15
    2148   15
    2149   15
    2150   15
    2151   15
    2152   15
    2153   15
    2154   15
    2155   15
    2156   15
    2157   15
    2158   15
    2159   15
    2160    1
    2161    5
    2162   12
    2163   12
    2164    8
    2165   15
    2166   15
    2167   15
    2168   15
    2169   15
    2170   15
    2171   15
    2172   15
    2173   15
    2174   15
    2175   15
    2176   15
    2177   15
    2178   15
    2179   15
    2180   15
    2181   15
    2182   15
    2183   15
    2184   15
    2185   15
    2186   15
    2187   15
    2188   15
    2189   15
    2190   15
    2191   15
    2192   15
    2193   15
    2194   15
    2195   15
    2196   15
    2197   15
    2198   15
    2199   15
    2200   15
    2201   15
    2202   15
    2203   15
    2204   15
    2205   15
    2206   15
    2207   15
    2208   15
    2209   15
    2210   15
    2211   15
    2212   15
    2213   15
    2214   15
    2215    7
    2216    1
    2217    1
    2218    1
    2219    4
    2220    7
    2221    9
    2222    7
    2223    2
    2224    6
    2225   12
    2226    7
    2227    6
    2228    5
    2229    2
    2230    2
    2231    1
    2232    1
    2233    1
    2234    1
    2235    1
    2236    1
    2237    1
    2238    3
    2239    4
    2240    4
    2241    5
    2242    6
    2243    3
    2244    6
    2245    8
    2246   12
    2247    8
    2248   15
    2249   15
    2250   15
    2251   15
    2252   15
    2253    8
    2254   12
    2255   12
    2256   12
    2257   12
    2258   12
    2259    1
    2260    4
    2261    4
    2262    4
    2263    4
    2264    6
    2265    9
    2266    8
    2267   12
    2268   12
    2269    1
    2270    1
    2271    5
    2272    6
    2273    6
    2274    4
    2275    1
    2276    1
    2277    1
    2278    7
    2279    1
    2280    7
    2281   12
    2282    7
    2283    7
    2284    1
    2285    1
    2286    1
    2287    6
    2288   12
    2289   12
    2290   12
    2291   12
    2292   12
    2293   12
    2294    7
    2295    5
    2296    1
    2297    1
    2298    1
    2299    6
    2300    3
    2301    5
    2302    6
    2303    1
    2304    6
    2305    1
    2306    1
    2307    1
    2308   12
    2309    7
    2310    6
    2311    5
    2312    1
    2313    1
    2314    1
    2315    1
    2316    6
    2317   12
    2318   12
    2319    1
    2320    1
    2321    1
    2322    5
    2323    7
    2324   12
    2325   12
    2326    2
    2327    2
    2328    2
    2329    2
    2330    7
    2331   12
    2332    6
    2333    1
    2334    1
    2335    1
    2336    1
    2337    3
    2338    6
    2339    1
    2340    1
    2341    6
    2342    6
    2343    1
    2344    1
    2345    7
    2346    7
    2347    1
    2348    1
    2349    1
    2350    6
    2351   12
    2352   12
    2353   12
    2354   12
    2355   12
    2356   12
    2357   12
    2358   12
    2359   12
    2360   12
    2361    1
    2362    1
    2363    1
    2364    1
    2365    3
    2366    3
    2367    3
    2368    6
    2369    8
    2370   12
    2371    7
    2372    6
    2373    3
    2374   12
    2375   12
    2376    9
    2377   10
    2378   10
    2379   12
    2380   12
    2381   12
    2382   15
    2383    6
    2384    5
    2385    4
    2386   12
    2387   12
    2388   12
    2389   12
    2390   12
    2391   12
    2392    1
    2393   12
    2394   12
    2395   12
    2396    5
    2397    5
    2398    5
    2399    2
    2400    1
    2401    2
    2402    3
    2403    3
    2404    6
    2405    6
    2406    5
    2407    6
    2408    8
    2409   12
    2410   12
    2411    1
    2412    3
    2413    3
    2414    3
    2415    5
    2416    6
    2417   12
    2418   12
    2419   12
    2420   12
    2421    3
    2422    5
    2423    6
    2424    1
    2425    1
    2426    1
    2427    1
    2428    1
    2429    7
    2430    8
    2431    8
    2432    8
    2433   15
    2434   15
    2435   15
    2436   15
    2437   15
    2438   15
    2439   15
    2440   15
    2441   15
    2442   15
    2443   15
    2444   15
    2445   15
    2446    8
    2447   12
    2448   12
    2449   14
    2450   14
    2451   14
    2452   14
    2453   14
    2454   14
    2455   14
    2456   14
    2457   14
    2458   14
    2459   14
    2460   14
    2461   15
    2462   15
    2463   15
    2464   15
    2465   15
    2466   15
    2467   14
    2468   14
    2469   14
    2470   14
    2471   15
    2472   15
    2473   15
    2474   15
    2475   12
    2476    8
    2477    2
    2478    3
    2479    6
    2480    7
    2481    8
    2482   15
    2483   15
    2484   15
    2485   15
    2486   15
    2487   15
    2488    8
    2489   12
    2490    1
    2491    1
    2492    1
    2493    3
    2494    6
    2495   12
    2496    6
    2497    5
    2498    1
    2499    1
    2500    7
    2501    7
    2502   12
    2503   12
    2504    6
    2505    6
    2506    2
    2507    2
    2508    2
    2509    2
    2510    2
    2511    2
    2512    2
    2513    2
    2514    2
    2515    2
    2516    2
    2517    2
    2518    2
    2519    2
    2520    2
    2521    9
    2522    9
    2523    9
    2524    6
    2525    2
    2526    9
    2527    9
    2528    8
    2529   12
    2530    1
    2531    1
    2532    1
    2533    1
    2534    1
    2535    1
    2536    1
    2537    1
    2538   12
    2539   12
    2540   12
    2541   12
    2542   12
    2543   12
    2544   12
    2545   12
    2546   12
    2547    8
    2548   12
    2549   12
    2550   12
    2551   12
    2552   12
    2553   12
    2554   12
    2555   12
    2556   12
    2557   12
    2558   12
    2559   12
    2560    4
    2561    4
    2562    4
    2563    4
    2564    6
    2565   12
    2566   12
    2567   12
    2568   12
    2569    7
    2570    6
    2571    6
    2572    2
    2573    9
    2574    9
    2575   12
    2576    6
    2577    2
    2578    2
    2579    2
    2580    2
    2581    2
    2582    6
    2583    6
    2584    2
    2585    2
    2586    2
    2587    2
    2588    6
    2589    5
    2590    1
    2591    1
    2592    1
    2593    1
    2594    1
    2595    1
    2596    7
    2597    6
    2598    1
    2599    6
    2600    9
    2601    9
    2602    9
    2603    9
    2604    9
    2605    9
    2606   14
    2607   14
    2608   14
    2609   14
    2610   14
    2611   14
    2612   14
    2613   14
    2614   14
    2615   12
    2616   12
    2617    7
    2618   12
    2619   12
    2620   12
    2621   12
    2622   12
    2623    9
    2624    9
    2625    9
    2626    9
    2627    9
    2628    2
    2629    6
    2630    9
    2631    9
    2632    9
    2633    7
    2634   12
    2635    6
    2636    1
    2637    1
    2638    1
    2639    1
    2640    1
    2641    1
    2642    1
    2643    1
    2644    3
    2645    5
    2646    5
    2647    6
    2648    7
    2649    9
    2650   12
    2651    9
    2652   12
    2653   12
    2654   12
    2655   12
    2656    7
    2657    8
    2658    7
    2659    8
    2660   12
    2661   12
    2662   12
    2663   12
    2664   12
    2665    9
    2666    9
    2667    7
    2668   15
    2669   15
    2670   15
    2671   15
    2672   15
    2673   15
    2674   15
    2675   15
    2676   15
    2677   15
    2678   15
    2679   15
    2680   15
    2681   15
    2682   15
    2683   15
    2684   15
    2685   15
    2686   15
    2687   15
    2688   15
    2689   15
    2690   15
    2691   15
    2692   15
    2693   15
    2694   15
    2695   15
    2696   15
    2697   15
    2698   15
    2699   15
    2700   15
    2701   15
    2702   15
    2703   15
    2704   15
    2705   15
    2706   15
    2707   15
    2708   15
    2709   15
    2710   15
    2711   15
    2712   15
    2713   15
    2714   15
    2715   15
    2716   15
    2717   15
    2718   15
    2719   15
    2720   15
    2721   15
    2722   15
    2723   15
    2724   15
    2725   15
    2726   15
    2727   15
    2728   15
    2729   15
    2730   15
    2731   15
    2732   15
    2733   15
    2734   15
    2735   15
    2736   15
    2737   15
    2738   15
    2739   15
    2740   15
    2741   15
    2742   15
    2743   15
    2744   15
    2745   15
    2746   15
    2747   15
    2748   15
    2749   15
    2750   15
    2751   15
    2752   15
    2753   15
    2754   15
    2755   15
    2756   15
    2757   15
    2758   15
    2759   15
    2760   15
    2761   15
    2762   15
    2763    7
    2764   15
    2765   15
    2766   15
    2767   15
    2768   15
    2769   15
    2770   15
    2771   15
    2772   15
    2773   15
    2774   15
    2775   15
    2776   15
    2777   15
    2778   15
    2779   15
    2780   15
    2781   15
    2782   15
    2783   15
    2784   15
    2785   15
    2786   15
    2787   15
    2788   15
    2789   15
    2790   15
    2791   15
    2792   15
    2793   15
    2794   15
    2795   15
    2796   15
    2797   15
    2798   15
    2799   15
    2800   15
    2801   15
    2802   15
    2803   15
    2804   15
    2805   15
    2806   15
    2807   15
    2808   15
    2809   15
    2810   15
    2811   15
    2812   15
    2813   15
    2814   15
    2815   15
    2816   15
    2817   15
    2818   15
    2819   15
    2820   15
    2821   15
    2822   15
    2823   15
    2824   15
    2825   15
    2826   15
    2827   15
    2828   15
    2829   15
    2830   15
    2831   15
    2832   15
    2833   15
    2834   15
    2835   15
    2836   15
    2837   15
    2838   15
    2839   15
    2840   15
    2841   15
    2842   15
    2843   15
    2844   15
    2845   15
    2846   15
    2847   15
    2848   15
    2849   15
    2850   10
    2851   10
    2852   12
    2853    1
    2854    1
    2855   12
    2856    1
    2857    4
    2858   12
    2859   12
    2860   12
    2861    4
    2862    6
    2863   15
    2864   15
    2865   15
    2866   15
    2867   15
    2868   15
    2869   15
    2870   15
    2871   15
    2872   15
    2873   15
    2874   15
    2875   15
    2876   15
    2877   15
    2878   15
    2879   15
    2880   15
    2881   15
    2882   15
    2883   15
    2884   15
    2885   15
    2886   15
    2887   15
    2888   15
    2889   15
    2890   15
    2891   15
    2892   15
    2893   15
    2894   15
    2895   15
    2896   15
    2897   15
    2898   15
    2899   15
    2900   15
    2901   15
    2902   15
    2903   15
    2904   15
    2905   15
    2906   15
    2907   15
    2908   15
    2909   15
    2910   15
    2911   15
    2912   15
    2913   15
    2914   15
    2915   15
    2916   15
    2917   15
    2918   15
    2919   15
    2920   15
    2921   15
    2922   15
    2923   15
    2924   15
    2925   15
    2926   15
    2927   15
    2928   15
    2929   15
    2930   15
    2931   15
    2932   15
    2933   15
    2934   15
    2935   15
    2936   15
    2937   15
    2938   15
    2939   12
    2940   12
    2941   12
    2942   12
    2943    5
    2944    6
    2945    4
    2946   15
    2947   15
    2948   15
    2949   15
    2950   15
    2951   15
    2952   15
    2953   15
    2954   15
    2955   15
    2956   15
    2957   15
    2958   15
    2959   15
    2960   15
    2961   15
    2962   15
    2963   15
    2964   15
    2965   15
    2966   15
    2967   15
    2968   15
    2969   15
    2970   15
    2971   15
    2972   15
    2973   15
    2974   15
    2975   15
    2976   15
    2977   15
    2978   15
    2979   15
    2980   15
    2981   15
    2982   15
    2983   15
    2984   15
    2985   15
    2986   15
    2987   15
    2988   15
    2989   15
    2990   15
    2991   15
    2992   15
    2993   15
    2994   15
    2995   15
    2996   15
    2997    9
    2998    9
    2999   13
    3000   13
    3001   13
    3002   13
    3003   13
    3004   13
    3005   13
    3006   13
    3007   13
    3008   13
    3009   13
    3010   13
    3011   13
    3012   13
    3013   13
    3014   13
    3015   13
    3016   13
    3017   13
    3018   13
    3019   13
    3020   13
    3021   13
    3022   13
    3023   13
    3024   13
    3025   13
    3026   15
    3027   15
    3028   15
    3029   15
    3030   15
    3031   15
    3032   15
    3033   15
    3034   15
    3035   15
    3036   15
    3037   15
    3038   15
    3039   15
    3040   15
    3041   15
    3042   15
    3043   15
    3044   15
    3045   15
    3046   15
    3047   15
    3048   15
    3049   15
    3050   15
    3051   15
    3052   15
    3053   15
    3054   15
    3055   15
    3056   15
    3057   15
    3058   15
    3059   15
    3060   15
    3061   15
    3062   15
    3063   15
    3064   15
    3065   15
    3066   15
    3067   15
    3068   15
    3069   15
    3070   15
    3071   15
    3072   15
    3073   15
    3074   15
    3075   15
    3076   15
    3077   15
    3078   15
    3079   15
    3080   15
    3081   15
    3082   15
    3083   15
    3084   15
    3085   15
    3086   15
    3087   15
    3088   15
    3089   15
    3090   15
    3091   15
    3092   15
    3093   15
    3094   15
    3095   15
    3096   15
    3097   15
    3098   15
    3099   15
    3100   15
    3101   15
    3102   15
    3103   15
    3104   15
    3105   15
    3106   15
    3107   15
    3108   15
    3109   15
    3110   15
    3111   15
    3112   15
    3113   15
    3114   15
    3115   15
    3116   15
    3117   15
    3118   15
    3119   15
    3120   15
    3121   15
    3122   15
    3123   15
    3124   15
    3125   15
    3126   15
    3127   15
    3128   15
    3129   15
    3130   15
    3131   15
    3132   15
    3133   15
    3134   15
    3135   14
    3136   14
    3137   14
    3138   14
    3139   14
    3140   15
    3141   15
    3142   15
    3143   15
    3144   15
    3145   15
    3146   15
    3147   15
    3148   15
    3149   15
    3150   15
    3151   15
    3152   15
    3153   15
    3154   15
    3155   15
    3156   15
    3157   15
    3158   15
    3159   15
    3160   15
    3161   15
    3162   15
    3163   15
    3164   15
    3165   15
    3166   15
    3167   15
    3168   15
    3169   15
    3170   15
    3171   15
    3172   15
    3173   15
    3174   15
    3175   15
    3176   15
    3177   15
    3178   15
    3179   15
    3180   15
    3181   15
    3182   15
    3183   15
    3184   15
    3185   15
    3186   15
    3187   13
    3188   13
    3189   13
    3190   13
    3191   14
    3192   14
    3193   13
    3194   13
    3195   13
    3196   14
    3197   14
    3198   14
    3199   14
    3200   14
    3201   14
    3202   14
    3203   14
    3204   14
    3205   14
    3206   14
    3207   14
    3208   14
    3209   15
    3210   15
    3211   15
    3212   15
    3213   15
    3214   15
    3215   15
    3216   15
    3217   15
    3218   15
    3219   15
    3220   15
    3221   15
    3222   15
    3223   15
    3224   15
    3225   15
    3226   15
    3227   15
    3228   15
    3229   15
    3230   15
    3231   15
    3232   15
    3233   15
    3234   15
    3235   15
    3236   15
    3237   15
    3238   15
    3239   15
    3240   15
    3241   15
    3242   15
    3243   15
    3244   15
    3245   15
    3246   15
    3247   15
    3248   15
    3249   15
    3250   15
    3251   15
    3252   15
    3253   15
    3254   15
    3255   15
    3256   15
    3257   15
    3258   15
    3259   15
    3260   15
    3261   15
    3262   15
    3263   15
    3264   15
    3265   15
    3266   15
    3267   15
    3268   15
    3269   15
    3270   15
    3271   15
    3272   15
    3273   15
    3274   15
    3275   15
    3276   15
    3277   15
    3278   15
    3279   15
    3280   15
    3281   15
    3282   15
    3283   15
    3284   15
    3285   15
    3286   15
    3287   15
    3288   15
    3289   15
    3290   15
    3291   15
    3292   15
    3293   15
    3294   15
    3295   15
    3296   15
    3297   15
    3298   15
    3299   15
    3300   15
    3301   15
    3302   15
    3303   15
    3304   15
    3305   15
    3306   15
    3307   15
    3308   15
    3309   15
    3310   15
    3311   15
    3312   15
    3313   15
    3314   15
    3315   15
    3316   15
    3317   15
    3318   15
    3319   15
    3320   15
    3321   15
    3322   15
    3323   15
    3324   15
    3325   15
    3326   15
    3327   15
    3328   15
    3329   15
    3330   15
    3331   15
    3332   15
    3333   15
    3334   15
    3335   15
    3336   15
    3337   15
    3338   15
    3339   15
    3340   15
    3341   15
    3342   15
    3343   15
    3344   15
    3345   15
    3346   15
    3347   15
    3348   15
    3349   15
    3350   15
    3351   15
    3352   15
    3353   15
    3354   15
    3355   15
    3356   15
    3357   15
    3358   15
    3359   15
    3360   15
    3361   15
    3362   15
    3363   15
    3364   15
    3365   15
    3366   15
    3367   15
    3368   15
    3369   15
    3370   15
    3371   15
    3372   15
    3373   15
    3374   15
    3375   15
    3376   15
    3377   15
    3378   15
    3379    8
    3380   15
    3381   15
    3382   15
    3383   15
    3384   15
    3385   15
    3386   15
    3387   15
    3388   15
    3389   15
    3390   15
    3391   15
    3392   15
    3393   15
    3394   15
    3395   15
    3396   15
    3397   15
    3398   15
    3399   15
    3400   15
    3401   15
    3402   15
    3403   15
    3404   15
    3405   15
    3406   15
    3407   15
    3408   15
    3409   15
    3410   15
    3411   15
    3412   15
    3413   15
    3414   15
    3415   15
    3416   15
    3417   15
    3418   15
    3419   15
    3420   15
    3421   15
    3422   15
    3423   15
    3424   15
    3425   15
    3426   15
    3427   15
    3428   15
    3429   15
    3430   15
    3431   15
    3432   15
    3433   15
    3434    9
    3435   15
    3436   15
    3437   15
    3438   15
    3439   15
    3440   15
    3441   15
    3442   15
    3443   15
    3444   15
    3445   15
    3446   15
    3447   15
    3448   15
    3449   15
    3450   15
    3451   15
    3452   15
    3453   15
    3454   15
    3455   15
    3456   15
    3457   15
    3458   15
    3459   15
    3460   15
    3461   15
    3462   15
    3463   15
    3464   15
    3465   15
    3466   15
    3467   15
    3468   15
    3469   15
    3470   15
    3471   15
    3472   15
    3473   15
    3474   15
    3475   15
    3476   15
    3477   15
    3478   15
    3479   15
    3480   15
    3481   15
    3482   15
    3483   15
    3484   15
    3485   15
    3486   15
    3487   15
    3488   15
    3489   15
    3490   15
    3491   15
    3492   15
    3493   15
    3494   15
    3495   15
    3496   15
    3497   15
    3498   15
    3499   15
    3500   15
    3501   15
    3502   15
    3503   15
    3504   15
    3505   15
    3506   15
    3507   15
    3508   15
    3509   15
    3510   15
    3511   15
    3512   15
    3513   15
    3514   15
    3515   15
    3516    9
    3517    9
    3518   12
    3519   12
    3520   12
    3521   12
    3522   12
    3523   12
    3524   12
    3525   12
    3526   12
    3527   12
    3528   12
    3529   12
    3530    6
    3531    4
    3532    4
    3533    4
    3534    4
    3535    4
    3536    4
    3537    4
    3538    4
    3539    4
    3540    4
    3541    4
    3542   12
    3543   12
    3544   12
    3545   12
    3546   12
    3547   12
    3548   12
    3549   12
    3550   12
    3551   12
    3552   12
    3553   12
    3554   12
    3555   12
    3556   12
    3557   12
    3558   12
    3559   12
    3560   12
    3561   12
    3562   12
    3563   12
    3564   12
    3565    9
    3566   12
    3567   12
    3568   12
    3569   12
    3570   12
    3571   12
    3572    6
    3573    4
    3574    4
    3575    4
    3576   12
    3577   12
    3578   13
    3579   13
    3580   13
    3581   13
    3582   13
    3583   13
    3584   13
    3585   13
    3586   13
    3587   13
    3588   13
    3589   13
    3590   13
    3591   13
    3592   13
    3593   13
    3594   13
    3595   13
    3596   12
    3597   12
    3598   12
    3599    6
    3600    4
    3601   12
    3602   12
    3603    8
    3604    8
    3605    9
    3606   12
    3607   12
    3608    8
    3609    8
    3610    7
    3611   12
    3612   12
    3613   12
    3614   12
    3615    8
    3616   12
    3617   12
    3618   12
    3619   12
    3620   12
    3621   12
    3622   12
    3623    8
    3624    8
    3625   12
    3626   12
    3627   12
    3628   12
    3629   12
    3630   12
    3631   12
    3632   12
    3633   12
    3634   12
    3635   12
    3636   12
    3637   12
    3638   12
    3639   12
    3640    4
    3641    4
    3642   12
    3643   12
    3644    1
    3645    3
    3646    4
    3647    4
    3648    4
    3649    4
    3650    4
    3651    4
    3652    4
    3653    4
    3654    4
    3655    4
    3656    4
    3657    4
    3658    4
    3659    4
    3660    4
    3661    5
    3662    4
    3663    4
    3664    4
    3665    6
    3666   15
    3667   15
    3668   15
    3669   15
    3670   15
    3671   15
    3672   15
    3673   15
    3674   15
    3675   15
    3676   15
    3677   15
    3678   15
    3679   15
    3680   15
    3681   15
    3682    8
    3683    8
    3684   15
    3685   15
    3686   15
    3687   15
    3688   15
    3689   15
    3690   15
    3691   15
    3692   15
    3693   15
    3694   15
    3695   15
    3696   15
    3697   15
    3698   15
    3699   15
    3700   15
    3701   15
    3702   15
    3703   15
    3704   15
    3705   15
    3706   15
    3707   15
    3708    9
    3709    9
    3710   15
    3711   15
    3712   15
    3713   15
    3714   15
    3715   15
    3716   15
    3717   15
    3718   15
    3719   15
    3720   15
    3721   15
    3722   15
    3723   15
    3724   15
    3725   15
    3726   15
    3727   15
    3728   15
    3729   15
    3730   15
    3731   15
    3732   15
    3733   15
    3734   15
    3735   15
    3736   15
    3737   15
    3738   15
    3739   15
    3740   15
    3741   15
    3742   15
    3743   15
    3744   15
    3745   15
    3746   15
    3747   15
    3748   15
    3749   15
    3750   15
    3751   15
    3752   15
    3753   15
    3754   15
    3755   15
    3756   15
    3757   15
    3758   15
    3759   15
    3760   15
    3761   15
    3762    8
    3763   15
    3764   15
    3765   15
    3766   15
    3767   15
    3768   15
    3769   15
    3770   15
    3771   15
    3772   15
    3773   15
    3774   15
    3775   15
    3776   15
    3777   15
    3778   15
    3779   15
    3780   15
    3781   15
    3782   15
    3783   15
    3784   15
    3785   15
    3786   15
    3787   15
    3788   15
    3789   15
    3790   15
    3791   15
    3792   15
    3793   15
    3794   15
    3795   15
    3796   15
    3797   15
    3798   15
    3799   15
    3800   15
    3801   15
    3802   15
    3803   15
    3804   15
    3805   15
    3806   15
    3807   15
    3808   15
    3809   15
    3810   15
    3811   15
    3812    9
    3813   15
    3814   15
    3815   15
    3816   15
    3817   15
    3818   15
    3819   15
    3820   15
    3821   15
    3822   15
    3823   15
    3824   15
    3825   15
    3826   15
    3827   15
    3828   15
    3829   15
    3830   15
    3831   15
    3832   15
    3833   15
    3834    7
    3835    1
    3836    1
    3837   12
    3838   12
    3839   15
    3840   15
    3841   15
    3842   15
    3843   15
    3844   15
    3845   15
    3846   15
    3847    6
    3848    4
    3849    4
    3850    4
    3851    4
    3852    4
    3853    4
    3854    4
    3855    4
    3856    4
    3857    4
    3858    4
    3859    4
    3860    4
    3861    4
    3862    4
    3863   12
    3864   12
    3865   12
    3866   12
    3867   12
    3868   12
    3869   12
    3870   12
    3871   12
    3872   13
    3873   13
    3874   13
    3875   13
    3876   13
    3877   13
    3878   13
    3879   13
    3880   13
    3881   13
    3882   13
    3883   13
    3884   13
    3885   13
    3886   13
    3887   13
    3888   13
    3889   13
    3890   13
    3891   13
    3892   13
    3893   13
    3894   13
    3895   13
    3896   13
    3897   13
    3898   13
    3899   13
    3900   13
    3901   13
    3902   13
    3903   13
    3904   13
    3905   13
    3906   13
    3907   13
    3908   13
    3909   13
    3910   13
    3911   13
    3912   13
    3913    8
    3914   12
    3915   12
    3916   12
    3917   12
    3918   12
    3919   12
    3920   12
    3921    1
    3922    4
    3923    7
    3924   15
    3925   15
    3926   15
    3927   15
    3928   15
    3929   15
    3930   15
    3931   15
    3932   15
    3933    8
    3934   12
    3935   12
    3936   12
    3937   12
    3938   12
    3939   12
    3940   12
    3941   12
    3942    8
    3943    8
    3944   12
    3945   12
    3946   12
    3947   12
    3948   12
    3949   12
    3950   12
    3951   12
    3952   12
    3953   12
    3954   12
    3955   12
    3956    9
    3957   12
    3958    8
    3959    6
    3960    3
    3961    3
    3962    1
    3963    1
    3964    1
    3965    1
    3966    1
    3967    1
    3968    1
    3969    6
    3970    3
    3971    1
    3972    1
    3973    1
    3974    1
    3975    1
    3976    1
    3977    1
    3978    1
    3979   12
    3980   12
    3981   12
    3982   12
    3983    8
    3984   15
    3985   15
    3986   15
    3987   15
    3988   15
    3989   15
    3990   15
    3991   15
    3992    8
    3993   12
    3994   12
    3995   15
    3996   12
    3997   12
    3998   12
    3999   12
    4000    7
    4001    5
    4002    4
    4003    4
    4004    4
    4005    4
    4006    4
    4007    4
    4008    4
    4009    4
    4010    4
    4011    4
    4012    5
    4013    5
    4014    4
    4015    5
    4016    4
    4017    6
    4018    2
    4019   12
    4020   12
    4021    1
    4022    1
    4023    1
    4024    1
    4025    1
    4026    1
    4027    1
    4028    1
    4029    1
    4030    6
    4031   12
    4032   12
    4033   12
    4034    9
    4035    9
    4036   12
    4037   12
    4038   12
    4039   12
    4040   12
    4041   12
    4042   12
    4043    9
    4044    9
    4045   12
    4046   12
    4047   12
    4048   12
    4049   12
    4050   12
    4051   12
    4052   12
    4053   12
    4054   12
    4055   12
    4056    8
    4057   15
    4058   15
    4059   15
    4060   15
    4061   15
    4062   15
    4063   15
    4064   15
    4065   15
    4066   15
    4067   15
    4068   15
    4069   15
    4070   15
    4071   15
    4072   15
    4073   15
    4074   15
    4075   15
    4076    8
    4077    8
    4078   15
    4079   15
    4080   15
    4081   15
    4082   15
    4083   15
    4084   15
    4085   15
    4086   15
    4087   15
    4088   15
    4089    7
    4090   15
    4091   15
    4092   15
    4093   15
    4094   15
    4095   15
    4096   15
    4097   15
    4098   15
    4099   15
    4100   15
    4101   15
    4102    9
    4103    9
    4104   15
    4105   15
    4106   15
    4107   15
    4108   15
    4109   15
    4110   15
    4111   15
    4112    6
    4113    5
    4114    4
    4115    4
    4116    4
    4117    4
    4118    4
    4119    4
    4120    4
    4121    4
    4122    4
    4123    4
    4124    4
    4125    4
    4126   12
    4127    1
    4128   12
    4129   12
    4130   12
    4131   12
    4132   12
    4133   12
    4134    9
    4135   15
    4136   15
    4137   15
    4138   15
    4139   15
    4140   15
    4141   15
    4142   15
    4143   15
    4144   15
    4145   15
    4146   15
    4147   15
    4148   15
    4149   15
    4150   15
    4151   15
    4152   15
    4153   15
    4154   15
    4155   15
    4156   15
    4157   15
    4158   15
    4159   15
    4160   15
    4161   15
    4162   15
    4163   15
    4164   15
    4165   15
    4166   15
    4167   15
    4168   15
    4169   15
    4170   15
    4171   15
    4172   15
    4173   15
    4174   15
    4175   15
    4176   15
    4177   15
    4178   15
    4179   15
    4180    8
    4181    8
    4182   15
    4183   15
    4184   15
    4185   15
    4186   15
    4187   15
    4188   15
    4189   15
    4190   15
    4191   15
    4192   15
    4193   15
    4194   15
    4195   15
    4196   15
    4197    8
    4198    8
    4199    8
    4200   15
    4201   15
    4202   15
    4203   15
    4204   15
    4205   15
    4206   15
    4207   15
    4208   15
    4209   15
    4210   15
    4211   15
    4212   15
    4213   15
    4214   15
    4215   15
    4216   15
    4217   15
    4218   15
    4219   15
    4220   15
    4221   15
    4222   15
    4223   15
    4224    9
    4225   12
    4226    9
    4227    9
    4228    8
    4229    8
    4230    8
    4231    8
    4232   15
    4233   15
    4234   15
    4235   15
    4236   15
    4237   15
    4238    8
    4239   12
    4240   12
    4241   12
    4242    4
    4243    6
    4244    5
    4245    4
    4246    4
    4247    4
    4248    4
    4249    4
    4250    4
    4251    4
    4252    4
    4253    4
    4254    4
    4255    4
    4256    4
    4257    5
    4258    6
    4259    4
    4260    4
    4261    4
    4262    4
    4263    4
    4264    5
    4265    4
    4266    4
    4267   12
    4268   12
    4269   12
    4270   12
    4271    8
    4272   15
    4273   15
    4274   15
    4275   15
    4276   15
    4277   15
    4278   15
    4279   15
    4280   15
    4281   15
    4282   15
    4283   15
    4284   15
    4285   15
    4286   15
    4287   15
    4288   15
    4289   15
    4290   15
    4291    8
    4292   15
    4293   15
    4294   15
    4295   15
    4296   15
    4297   15
    4298   15
    4299   15
    4300    8
    4301    8
    4302   12
    4303    1
    4304    6
    4305    8
    4306   12
    4307   12
    4308   12
    4309   12
    4310   12
    4311   12
    4312    7
    4313   12
    4314   12
    4315   12
    4316    9
    4317   12
    4318   12
    4319   12
    4320   12
    4321   12
    4322   12
    4323   12
    4324   12
    4325    7
    4326    8
    4327   15
    4328   15
    4329   15
    4330   15
    4331   15
    4332   15
    4333   15
    4334   15
    4335   15
    4336   15
    4337   15
    4338   15
    4339    6
    4340    1
    4341    1
    4342   12
    4343   12
    4344   12
    4345   12
    4346   12
    4347   12
    4348   12
    4349    8
    4350    8
    4351   12
    4352   12
    4353   12
    4354   12
    4355   12
    4356   12
    4357   12
    4358   12
    4359   12
    4360   12
    4361   12
    4362   12
    4363   12
    4364    8
    4365   12
    4366   12
    4367   12
    4368   12
    4369   12
    4370   12
    4371   12
    4372   12
    4373   12
    4374   12
    4375   12
    4376   12
    4377    8
    4378    7
    4379   12
    4380   12
    4381   12
    4382   12
    4383   12
    4384   12
    4385   12
    4386   12
    4387   12
    4388   15
    4389   15
    4390   15
    4391   15
    4392   12
    4393   12
    4394   12
    4395   12
    4396   12
    4397   12
    4398   12
    4399   12
    4400   12
    4401   12
    4402   12
    4403   12
    4404   12
    4405   12
    4406   12
    4407   12
    4408   12
    4409   12
    4410   12
    4411   12
    4412   12
    4413   12
    4414   12
    4415   12
    4416   12
    4417   12
    4418   12
    4419   12
    4420   12
    4421   12
    4422   12
    4423   12
    4424   12
    4425    8
    4426   12
    4427   12
    4428   12
    4429   12
    4430   12
    4431   12
    4432   12
    4433   12
    4434   12
    4435   12
    4436   12
    4437   12
    4438   12
    4439    8
    4440   12
    4441   12
    4442   12
    4443   12
    4444   12
    4445   12
    4446   12
    4447   12
    4448   12
    4449   12
    4450   12
    4451   12
    4452   12
    4453   12
    4454    8
    4455    8
    4456   12
    4457   12
    4458   12
    4459   12
    4460   12
    4461   12
    4462   12
    4463   12
    4464   12
    4465   12
    4466   12
    4467   12
    4468   12
    4469   12
    4470   12
    4471   12
    4472   12
    4473    4
    4474    4
    4475    4
    4476    4
    4477    4
    4478    4
    4479    4
    4480    4
    4481    4
    4482    4
    4483    4
    4484    4
    4485    4
    4486    4
    4487    4
    4488    4
    4489    4
    4490    4
    4491    4
    4492    6
    4493   15
    4494   15
    4495   15
    4496   15
    4497   15
    4498   15
    4499   15
    4500   15
    4501   15
    4502   15
    4503   15
    4504   15
    4505   15
    4506   15
    4507   15
    4508   15
    4509   15
    4510   15
    4511   15
    4512   15
    4513   15
    4514   15
    4515   15
    4516   15
    4517   15
    4518   15
    4519   15
    4520   15
    4521   15
    4522   15
    4523   15
    4524   15
    4525   15
    4526   15
    4527   15
    4528   15
    4529   15
    4530   15
    4531   15
    4532    6
    4533    5
    4534    4
    4535    4
    4536    4
    4537    4
    4538    3
    4539    3
    4540    3
    4541    1
    4542    1
    4543    1
    4544   12
    4545   12
    4546   12
    4547   12
    4548   12
    4549    8
    4550   12
    4551   12
    4552   12
    4553   12
    4554   12
    4555   12
    4556    8
    4557   12
    4558   12
    4559   12
    4560   12
    4561    8
    4562   15
    4563   15
    4564   15
    4565   15
    4566   15
    4567    8
    4568   15
    4569   15
    4570   15
    4571   15
    4572    8
    4573    8
    4574   15
    4575   15
    4576   15
    4577   15
    4578   15
    4579   15
    4580   15
    4581   15
    4582    8
    4583    8
    4584   15
    4585   15
    4586   15
    4587   15
    4588   15
    4589   15
    4590   15
    4591   15
    4592   15
    4593   15
    4594   15
    4595   15
    4596   15
    4597   15
    4598   15
    4599   15
    4600   15
    4601   15
    4602   15
    4603   15
    4604   15
    4605   15
    4606   15
    4607   15
    4608    6
    4609    3
    4610    3
    4611    4
    4612   12
    4613   12
    4614   12
    4615   12
    4616   12
    4617   12
    4618   12
    4619   12
    4620   15
    4621   15
    4622   15
    4623   15
    4624   15
    4625   15
    4626   15
    4627   15
    4628   15
    4629   15
    4630   15
    4631   15
    4632   15
    4633    8
    4634   15
    4635   15
    4636   15
    4637   15
    4638   15
    4639   15
    4640   15
    4641   15
    4642   15
    4643   15
    4644   15
    4645   15
    4646   15
    4647   15
    4648   15
    4649   15
    4650   15
    4651   15
    4652   15
    4653   15
    4654    8
    4655    8
    4656   15
    4657   15
    4658   15
    4659   15
    4660   15
    4661   15
    4662    8
    4663   15
    4664   15
    4665   15
    4666   15
    4667   15
    4668   15
    4669   15
    4670   15
    4671   15
    4672   15
    4673   15
    4674   15
    4675   15
    4676   15
    4677   15
    4678   15
    4679   15
    4680   15
    4681   15
    4682   15
    4683   15
    4684   15
    4685   15
    4686   15
    4687   15
    4688   15
    4689   15
    4690   15
    4691   15
    4692   15
    4693   15
    4694   15
    4695   15
    4696   15
    4697   15
    4698   15
    4699   15
    4700   15
    4701   15
    4702   15
    4703   15
    4704   15
    4705   15
    4706   15
    4707   15
    4708   15
    4709   15
    4710   15
    4711   15
    4712   15
    4713   15
    4714   15
    4715   15
    4716   15
    4717   15
    4718   15
    4719   15
    4720   15
    4721   15
    4722   15
    4723   15
    4724   15
    4725   15
    4726   15
    4727   15
    4728   15
    4729   15
    4730   15
    4731   15
    4732   15
    4733   15
    4734   15
    4735   15
    4736   15
    4737   15
    4738   12
    4739   12
    4740    1
    4741    1
    4742   12
    4743   12
    4744    8
    4745    7
    4746   12
    4747   12
    4748   12
    4749   12
    4750    8
    4751    8
    4752   15
    4753   15
    4754   15
    4755   15
    4756   15
    4757   15
    4758   15
    4759   15
    4760   15
    4761   15
    4762   15
    4763   15
    4764   15
    4765   15
    4766   15
    4767   15
    4768    8
    4769   15
    4770   15
    4771   15
    4772   15
    4773   15
    4774   15
    4775   15
    4776   15
    4777   15
    4778   15
    4779   15
    4780   15
    4781   15
    4782   15
    4783   15
    4784   15
    4785   15
    4786    7
    4787   12
    4788   12
    4789   12
    4790    8
    4791   15
    4792   15
    4793   15
    4794   15
    4795   15
    4796   15
    4797   15
    4798   15
    4799   15
    4800    7
    4801    6
    4802    4
    4803    4
    4804    4
    4805    4
    4806    4
    4807    4
    4808    4
    4809    1
    4810    1
    4811   12
    4812   12
    4813   12
    4814   12
    4815   12
    4816    6
    4817    1
    4818    1
    4819    1
    4820    1
    4821    1
    4822    1
    4823    1
    4824    1
    4825    1
    4826    1
    4827    5
    4828    6
    4829    1
    4830    1
    4831    1
    4832   12
    4833   12
    4834   12
    4835   12
    4836   12
    4837   12
    4838   12
    4839    8
    4840    6
    4841    3
    4842    3
    4843    3
    4844    3
    4845    3
    4846    3
    4847    1
    4848   12
    4849   12
    4850   12
    4851   12
    4852    8
    4853   15
    4854   15
    4855   15
    4856   15
    4857   15
    4858   15
    4859   15
    4860   15
    4861   15
    4862   15
    4863   15
    4864   15
    4865    9
    4866   15
    4867   15
    4868   15
    4869   15
    4870   15
    4871   15
    4872   15
    4873   15
    4874   15
    4875   15
    4876   15
    4877   15
    4878   15
    4879   15
    4880    7
    4881   15
    4882   15
    4883   15
    4884   15
    4885   15
    4886   15
    4887   15
    4888   15
    4889    8
    4890   12
    4891   15
    4892    8
    4893   15
    4894   15
    4895   15
    4896   15
    4897   15
    4898   15
    4899   15
    4900   15
    4901   15
    4902   15
    4903   15
    4904   15
    4905   15
    4906   15
    4907   15
    4908   15
    4909   15
    4910   15
    4911   15
    4912    8
    4913   15
    4914   12
    4915   14
    4916   14
    4917   14
    4918   14
    4919   13
    4920   13
    4921   13
    4922   13
    4923   12
    4924   12
    4925   12
    4926    6
    4927    5
    4928    3
    4929    3
    4930    3
    4931    3
    4932    3
    4933    1
    4934   12
    4935   12
    4936   12
    4937   12
    4938   12
    4939   12
    4940   12
    4941   12
    4942   12
    4943   15
    4944    8
    4945    8
    4946   15
    4947   15
    4948   15
    4949   15
    4950    6
    4951    3
    4952    3
    4953    1
    4954    1
    4955   12
    4956   12
    4957   12
    4958   12
    4959   12
    4960   12
    4961   12
    4962   12
    4963   12
    4964   12
    4965   12
    4966   12
    4967   12
    4968   12
    4969   12
    4970   12
    4971   12
    4972    7
    4973    5
    4974    4
    4975    4
    4976    4
    4977    4
    4978    4
    4979    4
    4980    4
    4981    4
    4982    4
    4983    4
    4984    4
    4985    4
    4986    4
    4987    4
    4988    4
    4989    4
    4990    4
    4991    1
    4992    1
    4993    1
    4994    1
    4995    6
    4996    5
    4997    3
    4998    1
    4999    1
    5000   12
