35318200	35318728	
21596660	21597127	
38455673	38456079	
33238581	33238984	
36886402	36886790	
28184518	28184909	
31895572	31895941	
29529344	29529752	
23961402	23961822	
33761032	33761464	
32429732	32430081	
43994772	43995145	
26221873	26222277	
25427924	25428337	
41315684	41316083	
32059600	32059993	
41733835	41734228	
20042068	20042442	
24717765	24718143	
23984204	23984566	
28574968	28575360	
23866271	23866671	
40804382	40804771	
21694923	21695369	
27003967	27004382	
41314215	41314591	
29208531	29208959	
41239825	41240256	
33560598	33560960	
39876572	39876956	
26717999	26718323	
27714879	27715267	
44471308	44471665	
27370992	27371389	
23730417	23730826	
37116070	37116459	
20088675	20089067	
42638981	42639395	
41898391	41898776	
40439181	40439548	
26690303	26690687	
25015045	25015390	
41882727	41883151	
27115658	27116018	
36034525	36034889	
23425216	23425541	
27179553	27179959	
24397327	24397706	
38276734	38277106	
24136197	24136537	
40004887	40005233	
44683374	44683727	
26324618	26324975	
22743101	22743482	
23871210	23871548	
24098626	24098988	
33833384	33833741	
23302918	23303503	
36615110	36615484	
34098625	34098980	
37920435	37920798	
27423884	27424233	
36030243	36030615	
40119173	40119577	
23823527	23823914	
20820290	20820648	
29203717	29204082	
20848824	20849175	
36192438	36192806	
27627279	27627616	
35667725	35668041	
37952975	37953392	
32014509	32014860	
20244502	20244840	
27989679	27990034	
27293378	27293722	
35252073	35252406	
44502274	44502618	
41418160	41418537	
41077911	41078318	
32866404	32866767	
26431460	26431794	
36834625	36834966	
33764290	33764649	
35063555	35063881	
42039779	42040172	
24194776	24195136	
43692908	43693257	
33921461	33921798	
36181106	36181437	
39724348	39724693	
27372403	27372755	
33342234	33342601	
40123737	40124060	
33936093	33936427	
27721862	27722259	
33177711	33178170	
31252444	31252801	
20901731	20902070	
39052722	39053072	
20521660	20522050	
34078496	34078839	
26743555	26743908	
36765498	36765830	
31656779	31657152	
24711679	24712051	
40282434	40282759	
36653789	36654132	
25363650	25363985	
32211214	32211569	
23030910	23031314	
32681209	32681609	
24044968	24045342	
44783921	44784307	
24077808	24078176	
25224591	25224952	
20301287	20301611	
23000661	23000960	
24718836	24719152	
24913718	24914033	
31384242	31384586	
41957978	41958321	
27611207	27611529	
44400411	44400816	
37074850	37075198	
23963959	23964300	
31274577	31274920	
29111603	29111934	
27189209	27189547	
42642621	42642957	
35331967	35332364	
20031019	20031408	
41134602	41134901	
35147127	35147447	
27970387	27970762	
35916632	35916971	
38027389	38027714	
23188613	23188974	
32053393	32053719	
20208559	20208928	
41748375	41748729	
36981965	36982280	
24528356	24528699	
24741902	24742239	
22290497	22290845	
24716585	24716910	
37899936	37900269	
23290712	23291074	
30853267	30853568	
26560261	26560620	
30265871	30266207	
26648071	26648413	
21581671	21582033	
32029645	32029992	
38955485	38955808	
20959709	20960016	
42277657	42277967	
32879578	32879907	
32281562	32281905	
27659287	27659638	
22746936	22747275	
36240311	36240622	
20966630	20966979	
36554193	36554543	
43388620	43388963	
35325343	35325669	
33551959	33552307	
38068724	38069052	
27883222	27883561	
23215715	23216073	
42612548	42612851	
43222671	43222993	
27429195	27429526	
31181014	31181310	
24525777	24526093	
40265351	40265731	
32129417	32129740	
29572297	29572621	
43703781	43704107	
22602378	22602700	
27524441	27524746	
31402264	31402592	
33472835	33473158	
44229155	44229435	
21521682	21522004	
27324150	27324450	
25899224	25899568	
43243586	43243883	
20688322	20688658	
30176382	30176737	
31867529	31867827	
26471657	26471933	
33520770	33521143	
24018008	24018339	
43823741	43824079	
20703403	20703720	
38325806	38326124	
28417712	28418030	
35208321	35208616	
40544215	40544525	
26362433	26362759	
27935114	27935408	
38148075	38148376	
32913955	32914234	
39564344	39564653	
26137364	26137672	
25174425	25174763	
26496161	26496467	
21697072	21697362	
36808314	36808638	
27932871	27933206	
37169318	37169644	
27995652	27995964	
32098761	32099074	
30705183	30705481	
27481570	27481877	
34100465	34100790	
24275631	24276002	
26796850	26797163	
27743012	27743331	
43880359	43880670	
21543380	21543723	
44843896	44844204	
24243348	24243637	
40167535	40167861	
39649385	39649674	
43539348	43539619	
37019455	37019770	
38492327	38492640	
31192086	31192419	
25847006	25847306	
31635568	31635885	
41981802	41982167	
40609694	40609985	
24137304	24137632	
22432171	22432427	
40075305	40075625	
32469217	32469485	
29706032	29706339	
29658765	29659055	
25830314	25830625	
20539371	20539680	
36600363	36600675	
40904134	40904439	
28535417	28535706	
27684015	27684322	
32986019	32986323	
24476952	24477251	
21817339	21817636	
26865186	26865487	
36565233	36565553	
44513390	44513668	
26857666	26857965	
26946723	26947008	
24592896	24593158	
26606049	26606362	
21661215	21661556	
33684311	33684575	
31658543	31658822	
22458379	22458717	
24439069	24439373	
41414619	41414919	
26611576	26611902	
38484669	38484921	
21861336	21861592	
26826666	26826990	
25566389	25566692	
29524085	29524352	
26123338	26123622	
29839847	29840112	
20478862	20479182	
41779347	41779651	
23256862	23257143	
26124559	26124851	
26722819	26723086	
40618753	40618995	
21922105	21922367	
26019146	26019411	
36751131	36751373	
34925890	34926148	
22968601	22968864	
36348518	36348817	
39300998	39301236	
20427438	20427726	
27136556	27136831	
33338256	33338561	
26928894	26929135	
28844497	28844836	
32405473	32405737	
40385230	40385467	
41588836	41589113	
37041699	37042007	
40998578	40998832	
26612369	26612655	
39844035	39844250	
39853257	39853503	
21571547	21571828	
32443365	32443625	
44020144	44020406	
22266182	22266437	
26602071	26602361	
24484448	24484696	
28929436	28929675	
40071863	40072137	
41788582	41788878	
40870588	40870835	
41961288	41961562	
30170844	30171097	
33613595	33613838	
31894303	31894577	
21059598	21059860	
21558522	21558771	
43396752	43397007	
44412076	44412376	
41057906	41058158	
30584394	30584644	
39568287	39568474	
25531382	25531642	
28686211	28686487	
21544455	21544714	
25444032	25444250	
29063118	29063377	
43379104	43379352	
44460506	44460775	
23543232	23543543	
40042548	40042795	
22643829	22644089	
43231596	43231868	
38385022	38385256	
33466958	33467194	
43212900	43213135	
33516238	33516485	
20756995	20757234	
32914774	32915032	
37642922	37643181	
32421724	32421976	
32713807	32714057	
21982264	21982489	
27187747	27187983	
37789419	37789674	
41096284	41096473	
41488993	41489205	
20491976	20492167	
21900617	21900838	
22345829	22346063	
31188151	31188403	
26602370	26602624	
23035819	23036040	
32529118	32529304	
43609345	43609578	
27213703	27213932	
41979154	41979381	
29667448	29667707	
27623299	27623519	
30579030	30579263	
24868557	24868799	
31654384	31654628	
42065661	42065865	
31807972	31808174	
27204513	27204759	
40498085	40498235	
25945630	25945840	
40367990	40368218	
27435688	27435904	
41090821	41091051	
38157939	38158204	
39558111	39558324	
39429933	39430113	
30560404	30560621	
25850072	25850305	
23302918	23303503	
32782197	32782395	
21022938	21023236	
23511214	23511498	
27998791	27999026	
22534872	22535085	
40781011	40781262	
32254892	32255144	
43196831	43197021	
21985647	21985917	
42044744	42044886	
33577641	33577856	
44396231	44396439	
22331794	22331995	
35764214	35764414	
30322051	30322214	
42780222	42780417	
35811009	35811203	
35014911	35015087	
39657336	39657559	
31255278	31255488	
32181333	32181544	
29508475	29508659	
24481987	24482190	
44119150	44119347	
41235603	41235754	
37974916	37975058	
31869549	31869662	
22992314	22992532	
38440741	38440984	
21815245	21815468	
24181171	24181385	
35686675	35686891	
35253813	35253970	
42977328	42977538	
32575022	32575248	
29780088	29780269	
26163727	26164151	
25475261	25475421	
23536816	23537072	
28439684	28439859	
28266890	28267098	
32149721	32149949	
43403046	43403193	
40550450	40550648	
23407983	23408152	
26021714	26021936	
21837845	21837989	
41115668	41116092	
36010793	36010899	
27438537	27438961	
40648652	40649076	
36565545	36565884	
26070721	26070940	
37329896	37330047	
32800804	32800923	
21029022	21029164	
30129305	30129729	
22349449	22349667	
44557923	44558140	
25157294	25157445	
27728930	27729094	
25814045	25814469	
43540019	43540198	
27087825	27087934	
44056176	44056282	
24285323	24285747	
28867310	28867516	
29562883	29562991	
41328223	41328416	
43201909	43202111	
41410093	41410230	
29220330	29220450	
22029901	22030023	
36690465	36690661	
26924019	26924443	
27699447	27699634	
44399897	44400181	
24635149	24635573	
27177868	27178005	
26910590	26911014	
37008631	37008768	
20414284	20414460	
22984850	22985274	
23058451	23058632	
41909905	41910329	
25828367	25828510	
34106662	34107086	
43782509	43782933	
43043690	43043873	
25935043	25935467	
25176312	25176461	
28694732	28694924	
28052210	28052331	
23991818	23991978	
44170522	44170946	
24853834	24853945	
43849108	43849532	
38506137	38506561	
24961716	24962140	
27895005	27895429	
38503329	38503753	
38537514	38537938	
31450046	31450470	
34479563	34479987	
39658263	39658413	
43312207	43312346	
25937393	25937817	
26864434	26864858	
25656501	25656679	
31655448	31655599	
29741943	29742367	
27633247	27633671	
41469390	41469814	
38341528	38341952	
20198650	20199074	
23892686	23893110	
24354544	24354968	
28907680	28908104	
32135649	32136073	
24072019	24072443	
31197017	31197441	
27453864	27454288	
41949903	41950327	
41503738	41504162	
27695347	27695771	
35012591	35013015	
37939206	37939630	
38965975	38966399	
31270650	31270793	
25235958	25236382	
43690741	43691165	
22307212	22307361	
26356495	26356611	
27693056	27693208	
33206940	33207364	
32569795	32570219	
21866470	21866650	
29360345	29360769	
39073910	39074334	
23345603	23346027	
27834713	27835137	
29172806	29172991	
37980200	37980624	
25894746	25895170	
44760362	44760786	
23854384	23854808	
33603403	33603827	
22108880	22109304	
32083755	32084179	
36993939	36994363	
25188699	25189123	
42261033	42261457	
36683211	36683635	
26215971	26216395	
39357364	39357788	
33399117	33399313	
20989856	20990280	
25942536	25942960	
26144565	26144989	
27935272	27935696	
24580068	24580492	
35057810	35058234	
28967270	28967694	
40185696	40186120	
39595123	39595547	
36111646	36112070	
37562128	37562552	
28306119	28306543	
25395290	25395714	
25586205	25586629	
32952851	32953275	
41884411	41884835	
42810032	42810197	
26685184	26685608	
21308383	21308807	
24469015	24469439	
20543095	20543519	
27462396	27462820	
34090513	34090937	
28414317	28414741	
31932849	31933273	
33520770	33521183	
39283837	39284261	
21795093	21795517	
21038220	21038644	
28980366	28980790	
32228202	32228626	
36915442	36915866	
42969990	42970414	
39972853	39973277	
41826695	41827119	
44569073	44569497	
20137693	20138117	
32230738	32231162	
20901892	20902316	
30186685	30187109	
41321156	41321580	
38401646	38402070	
20125917	20126341	
39873419	39873843	
28261339	28261763	
39731892	39732316	
25258761	25259185	
25695692	25696116	
35225300	35225724	
28762707	28763131	
28046082	28046506	
22160504	22160928	
38604083	38604507	
27152839	27153263	
41728643	41729067	
44827107	44827531	
40771133	40771557	
42945215	42945639	
30923425	30923849	
40119374	40119798	
27942973	27943397	
25343835	25344259	
44513534	44513958	
27729445	27729869	
25365680	25366104	
27849549	27849973	
26561543	26561967	
29738338	29738762	
35909611	35910035	
32705879	32706303	
20559824	20560248	
21931461	21931885	
36562597	36563021	
24477104	24477528	
36911891	36912315	
27718623	27719047	
25729308	25729732	
33004592	33005016	
36941445	36941869	
33293957	33294381	
29443897	29444321	
20913669	20914093	
28969494	28969918	
25616569	25616993	
38440874	38441298	
33252599	33253023	
40663310	40663734	
25616776	25617200	
41236427	41236851	
29557402	29557826	
31318738	31319162	
27147167	27147591	
43388774	43389198	
33966132	33966556	
38479830	38480254	
44468283	44468707	
34579467	34579891	
21984239	21984663	
35208462	35208886	
44634340	44634764	
32405572	32405996	
38087790	38088214	
24401781	24402205	
28362897	28363321	
26421099	26421523	
28736214	28736638	
35247569	35247993	
40138254	40138678	
24919979	24920403	
37197321	37197745	
38494199	38494623	
38231685	38232109	
37856774	37857198	
44487396	44487820	
22208540	22208964	
21629144	21629568	
24125050	24125474	
42220070	42220494	
40183447	40183871	
21309993	21310417	
44780085	44780509	
31250638	31251062	
23215889	23216313	
32689358	32689782	
25364290	25364714	
29566748	29567172	
43156467	43156891	
20820477	20820901	
24747988	24748412	
26231395	26231819	
22981087	22981511	
24123281	24123705	
29742827	29743251	
42334213	42334637	
36323413	36323837	
27823205	27823629	
37550964	37551388	
38260471	38260895	
21023364	21023608	
34119831	34120255	
42384356	42384780	
37943870	37944294	
23505439	23505863	
32403805	32404229	
36365542	36365966	
26688056	26688480	
20597937	20598361	
29083354	29083778	
29450943	29451367	
38356029	38356453	
27336408	27336832	
22643951	22644375	
36675351	36675775	
41961403	41961827	
35652467	35652891	
32599025	32599449	
26989693	26990117	
21648445	21648869	
26530419	26530843	
44501514	44501938	
23857827	23858251	
27873733	27874157	
25916599	25917023	
35350509	35350933	
36320861	36321285	
25364503	25364927	
26027110	26027534	
37468492	37468916	
31982900	31983324	
32222847	32223271	
43326310	43326734	
30349704	30350128	
33194825	33195249	
30385182	30385606	
25161428	25161852	
39876767	39877191	
28797917	28798341	
42401860	42402284	
29119141	29119565	
44702136	44702560	
20151599	20152023	
41966659	41967083	
21596660	21597127	
25847150	25847574	
26051953	26052377	
20656251	20656675	
23881392	23881816	
24894513	24894937	
20966793	20967217	
20795879	20796303	
43229845	43230269	
27659443	27659867	
26330863	26331287	
33352173	33352597	
34864492	34864916	
27732321	27732745	
34078656	34079080	
22558427	22558851	
20569592	20570016	
24306625	24307049	
29582950	29583374	
40804565	40804989	
42612686	42613110	
38869388	38869812	
37486251	37486675	
25071243	25071667	
41705932	41706356	
26336570	26336994	
32225129	32225553	
23374159	23374583	
20521855	20522279	
32135867	32136291	
38618411	38618835	
25574194	25574618	
37868819	37869243	
27989842	27990266	
28013206	28013630	
22279453	22279877	
23680649	23681073	
40075461	40075885	
35247768	35248192	
24643105	24643529	
37329959	37330383	
32816667	32817091	
25768531	25768955	
41798599	41799023	
23075938	23076362	
24716737	24717161	
26868237	26868661	
33804982	33805406	
32300116	32300540	
26284124	26284548	
24621171	24621595	
26560440	26560864	
30881534	30881958	
24042839	24043263	
41860635	41861059	
31384386	31384810	
37808313	37808737	
23156783	23157207	
40562866	40563290	
20757113	20757537	
27719302	27719726	
43833901	43834325	
40776587	40777011	
42123440	42123864	
27177931	27178355	
27149493	27149917	
31687582	31688006	
39081371	39081795	
21697204	21697628	
24373646	24374070	
39472402	39472826	
42732210	42732634	
25695895	25696319	
37078474	37078898	
36951223	36951647	
43123717	43124141	
39873618	39874042	
23999493	23999917	
36626712	36627136	
42623277	42623701	
23161301	23161725	
20980773	20981197	
25945732	25946156	
41239825	41240256	
26516844	26517268	
29208531	29208959	
27985604	27986028	
20693550	20693974	
44309310	44309734	
26503591	26504015	
36635104	36635528	
37979264	37979688	
22366013	22366437	
39554376	39554800	
31874043	31874467	
39516960	39517384	
41796994	41797418	
21616998	21617422	
25106176	25106600	
20284315	20284739	
20818232	20818656	
41941874	41942298	
22976780	22977204	
26690487	26690911	
27983060	27983484	
33175074	33175498	
30525061	30525485	
36030430	36030854	
38987706	38988130	
38037073	38037497	
25236158	25236582	
40165076	40165500	
42869663	42870087	
44441754	44442178	
23542480	23542904	
40368090	40368514	
38086402	38086826	
