       1   13
       2   13
       3   13
       4   13
       5   13
       6   13
       7   13
       8   13
       9   13
      10   13
      11   13
      12   13
      13   13
      14   13
      15   13
      16   13
      17   13
      18   13
      19   13
      20   13
      21   13
      22   13
      23   13
      24   13
      25   13
      26   13
      27   13
      28   13
      29   13
      30   13
      31   13
      32   12
      33   12
      34   12
      35    1
      36    1
      37    1
      38    1
      39    1
      40    1
      41    1
      42    1
      43    1
      44    1
      45    3
      46    3
      47    3
      48    3
      49    3
      50    6
      51    6
      52    7
      53    8
      54    8
      55    7
      56    8
      57   15
      58   15
      59   15
      60   15
      61   15
      62   15
      63   15
      64   15
      65   15
      66   15
      67   15
      68   15
      69    7
      70    8
      71   15
      72   15
      73    7
      74    7
      75   12
      76   12
      77   13
      78   13
      79   13
      80   13
      81   13
      82   13
      83   13
      84   13
      85   13
      86   13
      87   13
      88   13
      89   13
      90   13
      91   13
      92   13
      93   13
      94   13
      95   13
      96   13
      97   13
      98   13
      99   13
     100   13
     101   13
     102   13
     103   13
     104   13
     105   13
     106   13
     107   13
     108   13
     109   13
     110   13
     111   13
     112   13
     113   13
     114   13
     115   13
     116   15
     117   15
     118   15
     119   15
     120   15
     121   15
     122   15
     123   15
     124    8
     125   12
     126   12
     127   10
     128   12
     129   13
     130   13
     131   13
     132   13
     133   13
     134   13
     135   13
     136   13
     137   13
     138   13
     139   13
     140   13
     141   13
     142   13
     143   13
     144   10
     145   15
     146   15
     147   15
     148    7
     149   15
     150   12
     151   12
     152   12
     153   10
     154   10
     155   10
     156   10
     157   10
     158   10
     159   10
     160   10
     161   10
     162   10
     163   10
     164   10
     165    9
     166    9
     167    9
     168   10
     169   15
     170   15
     171   15
     172   15
     173   15
     174   15
     175    9
     176   10
     177   13
     178   13
     179   13
     180   13
     181   13
     182   13
     183   13
     184   13
     185   13
     186   13
     187   13
     188   13
     189   13
     190   13
     191   13
     192   13
     193   13
     194   13
     195   13
     196   13
     197   13
     198   13
     199   13
     200   13
     201   13
     202   13
     203   13
     204   13
     205   13
     206   13
     207   13
     208   13
     209   13
     210   13
     211   13
     212   13
     213   13
     214   13
     215   13
     216   13
     217   13
     218   13
     219   13
     220   13
     221   13
     222   13
     223   13
     224   13
     225   13
     226   13
     227   13
     228   13
     229   13
     230   13
     231   13
     232   13
     233   13
     234   13
     235   13
     236   13
     237   10
     238   10
     239   10
     240   10
     241   10
     242   10
     243   10
     244   10
     245   10
     246   10
     247   10
     248   10
     249   10
     250   10
     251   10
     252   10
     253   10
     254   10
     255   10
     256   10
     257   10
     258   10
     259   10
     260   12
     261   12
     262   12
     263   12
     264   12
     265   12
     266   12
     267   12
     268   12
     269   12
     270   12
     271   12
     272   12
     273   12
     274   12
     275   12
     276   12
     277   12
     278    8
     279    8
     280    8
     281   12
     282   12
     283   12
     284   12
     285   12
     286   12
     287   12
     288   12
     289    8
     290    8
     291   12
     292    8
     293    6
     294    5
     295    3
     296   12
     297   12
     298   12
     299   12
     300   12
     301   12
     302   12
     303   12
     304   12
     305   12
     306   12
     307   12
     308   12
     309   12
     310   12
     311   12
     312   12
     313   12
     314   12
     315   10
     316   10
     317   10
     318   10
     319   10
     320   10
     321   10
     322   10
     323   10
     324   10
     325   10
     326   10
     327   10
     328   10
     329   10
     330   10
     331   13
     332   13
     333   13
     334   13
     335   13
     336   13
     337   13
     338   13
     339   13
     340   13
     341   13
     342   13
     343   13
     344   13
     345   13
     346   13
     347   13
     348   13
     349   13
     350   10
     351   10
     352   10
     353   13
     354   13
     355   13
     356   13
     357   13
     358   13
     359   13
     360   13
     361   13
     362   13
     363   13
     364   13
     365   13
     366   13
     367   13
     368   13
     369   13
     370   13
     371   13
     372   13
     373   13
     374   13
     375   13
     376   13
     377   13
     378   10
     379   10
     380   10
     381   10
     382   10
     383   10
     384   10
     385   10
     386   10
     387   10
     388   10
     389   10
     390   10
     391   10
     392   10
     393   10
     394   10
     395   10
     396   11
     397    9
     398   10
     399   10
     400   10
     401   10
     402   10
     403   10
     404   10
     405   10
     406   10
     407   10
     408   10
     409   10
     410   10
     411   10
     412   10
     413   10
     414   10
     415   10
     416   10
     417   10
     418   10
     419   10
     420   10
     421   10
     422   10
     423   10
     424    9
     425   15
     426   15
     427   15
     428   10
     429    8
     430    8
     431   12
     432    7
     433    8
     434   12
     435   12
     436   12
     437   12
     438   12
     439    8
     440   12
     441    8
     442    7
     443   12
     444   12
     445   12
     446   12
     447   12
     448   12
     449   12
     450   12
     451   12
     452   12
     453   12
     454   12
     455   12
     456   12
     457   12
     458   12
     459   12
     460   12
     461   12
     462   12
     463   12
     464   12
     465   12
     466   12
     467   12
     468    7
     469   12
     470   12
     471    8
     472    8
     473    8
     474    8
     475    8
     476   12
     477    7
     478    7
     479   15
     480   15
     481   15
     482    7
     483    8
     484   12
     485   12
     486   12
     487   12
     488    8
     489   12
     490   12
     491    1
     492    1
     493    1
     494    6
     495    1
     496    8
     497   12
     498    8
     499    1
     500    1
     501    1
     502    1
     503    1
     504    1
     505    1
     506    1
     507    6
     508   15
     509   15
     510   15
     511   15
     512   15
     513   12
     514   12
     515   12
     516   12
     517   12
     518   12
     519   12
     520    6
     521    1
     522    1
     523    1
     524   12
     525   12
     526   12
     527    8
     528   12
     529   12
     530   12
     531   12
     532    1
     533    1
     534    1
     535    1
     536    1
     537    2
     538    2
     539    3
     540    6
     541    6
     542    5
     543    5
     544    6
     545    3
     546    5
     547    6
     548    6
     549    6
     550    8
     551    7
     552    7
     553    6
     554    8
     555   15
     556   15
     557   15
     558   15
     559   15
     560   15
     561   15
     562   15
     563   15
     564    8
     565   12
     566   12
     567   12
     568   12
     569   12
     570    3
     571    5
     572    6
     573    8
     574   15
     575   15
     576   15
     577   15
     578    6
     579    6
     580    5
     581   12
     582   12
     583   12
     584   12
     585   15
     586   15
     587   15
     588   15
     589   15
     590   15
     591   12
     592   12
     593   12
     594   12
     595   12
     596    1
     597    1
     598    1
     599    1
     600    1
     601    1
     602    1
     603    1
     604   12
     605   12
     606    4
     607    4
     608    4
     609    4
     610    6
     611    8
     612    7
     613   15
     614   15
     615   15
     616    8
     617   15
     618   15
     619    8
     620    8
     621    8
     622    8
     623   12
     624   12
     625   12
     626   12
     627   12
     628    6
     629    6
     630    4
     631   12
     632   12
     633   12
     634   12
     635   12
     636   12
     637   12
     638   12
     639   12
     640   12
     641   12
     642   12
     643   12
     644    6
     645    3
     646    5
     647    1
     648    1
     649   12
     650    8
     651    8
     652    8
     653    8
     654    8
     655    8
     656    8
     657    8
     658   12
     659    8
     660   15
     661   15
     662    8
     663   15
     664   15
     665   15
     666   15
     667    6
     668    5
     669    3
     670    1
     671    1
     672    1
     673    1
     674    1
     675    1
     676    1
     677    6
     678    1
     679    3
     680    3
     681    3
     682    3
     683    3
     684    3
     685    3
     686    3
     687    3
     688    3
     689    3
     690    3
     691    3
     692    3
     693    5
     694    6
     695    3
     696    3
     697    3
     698    3
     699    3
     700    5
     701    6
     702    6
     703    6
     704   12
     705   12
     706    7
     707   12
     708    1
     709    3
     710    3
     711    3
     712    3
     713    5
     714    6
     715   12
     716   12
     717   12
     718   10
     719   10
     720   10
     721   10
     722    8
     723   15
     724   15
     725   15
     726   15
     727    6
     728    8
     729    8
     730   12
     731   12
     732   12
     733   12
     734   12
     735   12
     736   12
     737   10
     738   10
     739   10
     740   10
     741   10
     742   10
     743   10
     744   15
     745   15
     746   15
     747    8
     748   15
     749   15
     750   15
     751   15
     752    7
     753   15
     754   15
     755   15
     756   15
     757   15
     758   15
     759    8
     760   15
     761   15
     762   15
     763   15
     764   15
     765   15
     766   15
     767   15
     768    7
     769    8
     770   15
     771   15
     772   15
     773   15
     774   15
     775   15
     776   15
     777   15
     778   15
     779   15
     780   15
     781   15
     782   15
     783   15
     784   10
     785   10
     786   10
     787   10
     788   10
     789   10
     790   12
     791   10
     792   10
     793   10
     794   10
     795   12
     796   12
     797   12
     798   12
     799   10
     800   10
     801   10
     802   13
     803   13
     804   13
     805   13
     806   13
     807   13
     808   13
     809   13
     810   13
     811   13
     812   13
     813   13
     814   13
     815   13
     816   13
     817   13
     818   13
     819   13
     820   13
     821   13
     822   13
     823   13
     824   13
     825   13
     826   13
     827   13
     828   13
     829   10
     830   10
     831   10
     832   10
     833   10
     834   10
     835   10
     836   10
     837   10
     838   13
     839   13
     840   13
     841   13
     842   13
     843   13
     844   13
     845   10
     846   10
     847   10
     848   10
     849   10
     850   10
     851   10
     852   10
     853   10
     854   10
     855   10
     856   10
     857   10
     858   13
     859   12
     860   12
     861   12
     862   12
     863   13
     864   13
     865   10
     866   10
     867   10
     868   10
     869   10
     870   10
     871   10
     872   10
     873   10
     874   10
     875   10
     876   10
     877   10
     878   10
     879   10
     880   10
     881   10
     882   10
     883   10
     884   10
     885   10
     886   10
     887   10
     888   10
     889   10
     890   10
     891   10
     892   10
     893   10
     894   10
     895   10
     896   10
     897   10
     898   10
     899   10
     900   10
     901   12
     902   12
     903    8
     904   10
     905   10
     906   10
     907   10
     908   10
     909   10
     910   10
     911   10
     912   10
     913   10
     914   10
     915   10
     916   10
     917   10
     918   10
     919   10
     920   10
     921   10
     922    6
     923    4
     924    4
     925    4
     926    4
     927    4
     928    4
     929    4
     930    4
     931    4
     932    4
     933   12
     934   12
     935   12
     936   12
     937   12
     938   12
     939    1
     940    1
     941    1
     942    1
     943    1
     944    1
     945    1
     946   12
     947   12
     948   12
     949   12
     950   12
     951   12
     952    8
     953    8
     954   12
     955   12
     956   12
     957    8
     958   10
     959    9
     960    9
     961    8
     962   12
     963    7
     964    1
     965   12
     966    7
     967    5
     968    1
     969    1
     970    1
     971    1
     972    6
     973    5
     974    1
     975    1
     976    1
     977    1
     978    1
     979    1
     980    1
     981    1
     982    1
     983    3
     984    1
     985    3
     986    3
     987    3
     988    5
     989    6
     990    6
     991    4
     992    6
     993    4
     994    4
     995    4
     996    4
     997    4
     998    4
     999    4
    1000    4
    1001    4
    1002    6
    1003    6
    1004    7
    1005   15
    1006   15
    1007   15
    1008   15
    1009   15
    1010   15
    1011   15
    1012   15
    1013    8
    1014   11
    1015   11
    1016   10
    1017    9
    1018   10
    1019   11
    1020    8
    1021    8
    1022    8
    1023   15
    1024   15
    1025   15
    1026    7
    1027   12
    1028   12
    1029   12
    1030   12
    1031    2
    1032    6
    1033    7
    1034   12
    1035   12
    1036   12
    1037   12
    1038   12
    1039   12
    1040   12
    1041   12
    1042   12
    1043    7
    1044    7
    1045    8
    1046   10
    1047   10
    1048   10
    1049   10
    1050   10
    1051   10
    1052   10
    1053   10
    1054   10
    1055   10
    1056   10
    1057   10
    1058   10
    1059   10
    1060   10
    1061   10
    1062   10
    1063   10
    1064   10
    1065   10
    1066   10
    1067   10
    1068   10
    1069   10
    1070   10
    1071   10
    1072   10
    1073   10
    1074   10
    1075   10
    1076   10
    1077   10
    1078   10
    1079   10
    1080   10
    1081   10
    1082   10
    1083   10
    1084   10
    1085   10
    1086   10
    1087   10
    1088   10
    1089   10
    1090   10
    1091   10
    1092   10
    1093   10
    1094   10
    1095   10
    1096   10
    1097   10
    1098   10
    1099   10
    1100   10
    1101   10
    1102   10
    1103   10
    1104   10
    1105   10
    1106    8
    1107    7
    1108   10
    1109   10
    1110   10
    1111   10
    1112   10
    1113   10
    1114   10
    1115   10
    1116   10
    1117   10
    1118   10
    1119   10
    1120   10
    1121    9
    1122   10
    1123   10
    1124   10
    1125   10
    1126   10
    1127   10
    1128   10
    1129   10
    1130   10
    1131   10
    1132   10
    1133   10
    1134   10
    1135   10
    1136   10
    1137   10
    1138   10
    1139   10
    1140   10
    1141   10
    1142   10
    1143   10
    1144   10
    1145   10
    1146   10
    1147   10
    1148   10
    1149   10
    1150   10
    1151   10
    1152   10
    1153    8
    1154    7
    1155    8
    1156    9
    1157   10
    1158   10
    1159   10
    1160   10
    1161   10
    1162   10
    1163   10
    1164   10
    1165   10
    1166   10
    1167   10
    1168   10
    1169   10
    1170   10
    1171   10
    1172   12
    1173   12
    1174    8
    1175   12
    1176   12
    1177    7
    1178    7
    1179    7
    1180    7
    1181   10
    1182   10
    1183   10
    1184   10
    1185   10
    1186    9
    1187    7
    1188   15
    1189   15
    1190   15
    1191   15
    1192   15
    1193    8
    1194   12
    1195   12
    1196    7
    1197    7
    1198    7
    1199   10
    1200   10
    1201   10
    1202   10
    1203   10
    1204   10
    1205   10
    1206   10
    1207   10
    1208   10
    1209   10
    1210   10
    1211   10
    1212   10
    1213   10
    1214   10
    1215   10
    1216   10
    1217   10
    1218   10
    1219   10
    1220   10
    1221   10
    1222   10
    1223   10
    1224   10
    1225   10
    1226    8
    1227   12
    1228   10
    1229   10
    1230   10
    1231   10
    1232   10
    1233   10
    1234   10
    1235   10
    1236   10
    1237   10
    1238    6
    1239    6
    1240    4
    1241    4
    1242   12
    1243   12
    1244    5
    1245    5
    1246    3
    1247    6
    1248    6
    1249    3
    1250    3
    1251   12
    1252   12
    1253   12
    1254    7
    1255    8
    1256   15
    1257   15
    1258    8
    1259   15
    1260   15
    1261   15
    1262   15
    1263   15
    1264    8
    1265    8
    1266    6
    1267   12
    1268   12
    1269   12
    1270   12
    1271   12
    1272   12
    1273   12
    1274   12
    1275   12
    1276   12
    1277   12
    1278   12
    1279   12
    1280   12
    1281   12
    1282   12
    1283   12
    1284   10
    1285   10
    1286   10
    1287    7
    1288    8
    1289    8
    1290    8
    1291    7
    1292    8
    1293   15
    1294   15
    1295   15
    1296    8
    1297   10
    1298   10
    1299   10
    1300   10
    1301   10
    1302   10
    1303   10
    1304   10
    1305   10
    1306   10
    1307    9
    1308   11
    1309   11
    1310   11
    1311   10
    1312   10
    1313   10
    1314   10
    1315   10
    1316   10
    1317   10
    1318   10
    1319   10
    1320   10
    1321   10
    1322   10
    1323   10
    1324   11
    1325   11
    1326   11
    1327   11
    1328   11
    1329   11
    1330   11
    1331    9
    1332   11
    1333   11
    1334   11
    1335    9
    1336   10
    1337   10
    1338   10
    1339   10
    1340   10
    1341   10
    1342   10
    1343   10
    1344   12
    1345    8
    1346   12
    1347   12
    1348   10
    1349   10
    1350   10
    1351   10
    1352   10
    1353   10
    1354   10
    1355   10
    1356   10
    1357   10
    1358   10
    1359   10
    1360   10
    1361   10
    1362   10
    1363   10
    1364   10
    1365   10
    1366   10
    1367   10
    1368   10
    1369   10
    1370   10
    1371   12
    1372   12
    1373   12
    1374   12
    1375   12
    1376   12
    1377   12
    1378   12
    1379    8
    1380    7
    1381    8
    1382   10
    1383   10
    1384   10
    1385   10
    1386   10
    1387   10
    1388   10
    1389   10
    1390   10
    1391   10
    1392   10
    1393   10
    1394   10
    1395   10
    1396   10
    1397   10
    1398   10
    1399   10
    1400   10
    1401   10
    1402   10
    1403   10
    1404   10
    1405   10
    1406   10
    1407   10
    1408   10
    1409   10
    1410   10
    1411   10
    1412   10
    1413   10
    1414   10
    1415   10
    1416   10
    1417   10
    1418   10
    1419   10
    1420   10
    1421   10
    1422   10
    1423   10
    1424   10
    1425   10
    1426   10
    1427   11
    1428   11
    1429   11
    1430   11
    1431   11
    1432   11
    1433   11
    1434   11
    1435   11
    1436   11
    1437   11
    1438   11
    1439   11
    1440    9
    1441   11
    1442   11
    1443   11
    1444   11
    1445   11
    1446   11
    1447   11
    1448   11
    1449   11
    1450   11
    1451   11
    1452   11
    1453   11
    1454   11
    1455   11
    1456   11
    1457   11
    1458   11
    1459   11
    1460   10
    1461   10
    1462   10
    1463   10
    1464   10
    1465   10
    1466   10
    1467   10
    1468   10
    1469   10
    1470   10
    1471   10
    1472   10
    1473   10
    1474   10
    1475   10
    1476   10
    1477   10
    1478   10
    1479   10
    1480    6
    1481   12
    1482   12
    1483   12
    1484   12
    1485   12
    1486   12
    1487   12
    1488   12
    1489   12
    1490   12
    1491   12
    1492   11
    1493   11
    1494   11
    1495   11
    1496   12
    1497   12
    1498   12
    1499   11
    1500   11
    1501   11
    1502   11
    1503   11
    1504   11
    1505   12
    1506   12
    1507   12
    1508   12
    1509   12
    1510   12
    1511   12
    1512    1
    1513    1
    1514    1
    1515    1
    1516    1
    1517   12
    1518   12
    1519   12
    1520   12
    1521   12
    1522   12
    1523   12
    1524   12
    1525   12
    1526   12
    1527   12
    1528   12
    1529    8
    1530   12
    1531    1
    1532    1
    1533    1
    1534    1
    1535    1
    1536    1
    1537    1
    1538    3
    1539    3
    1540    6
    1541    8
    1542   12
    1543    7
    1544   15
    1545   15
    1546   15
    1547   15
    1548   15
    1549   15
    1550   15
    1551   15
    1552   15
    1553   15
    1554    8
    1555    6
    1556    6
    1557    4
    1558    1
    1559    1
    1560    1
    1561    1
    1562    1
    1563    1
    1564    1
    1565    1
    1566    1
    1567    1
    1568    1
    1569    1
    1570    1
    1571    1
    1572    1
    1573    1
    1574   12
    1575   11
    1576   11
    1577   11
    1578   11
    1579   11
    1580   11
    1581   11
    1582   11
    1583   11
    1584   10
    1585   10
    1586   10
    1587   10
    1588   10
    1589   10
    1590   10
    1591   10
    1592   10
    1593   10
    1594   10
    1595   10
    1596   10
    1597   10
    1598   10
    1599   10
    1600   10
    1601   10
    1602   10
    1603   10
    1604   10
    1605   10
    1606   10
    1607   10
    1608   10
    1609   10
    1610   10
    1611   10
    1612   10
    1613   10
    1614   10
    1615    7
    1616   10
    1617   10
    1618   10
    1619   10
    1620   10
    1621   10
    1622   10
    1623   10
    1624   10
    1625   10
    1626   10
    1627   10
    1628   10
    1629   10
    1630   10
    1631   10
    1632   10
    1633   10
    1634   10
    1635   10
    1636   10
    1637   10
    1638   10
    1639   10
    1640   10
    1641   10
    1642   10
    1643   10
    1644   10
    1645   10
    1646   10
    1647   10
    1648   10
    1649   10
    1650   10
    1651   10
    1652   10
    1653   10
    1654   10
    1655   10
    1656   10
    1657   10
    1658   10
    1659   13
    1660   13
    1661   13
    1662   13
    1663   13
    1664   13
    1665   13
    1666   13
    1667   13
    1668   10
    1669   10
    1670   10
    1671   10
    1672   10
    1673   10
    1674   10
    1675   10
    1676   10
    1677   10
    1678   10
    1679   10
    1680   10
    1681   10
    1682   10
    1683   10
    1684   12
    1685   12
    1686   12
    1687   12
    1688   12
    1689    8
    1690   12
    1691   12
    1692   12
    1693   12
    1694   12
    1695   10
    1696   10
    1697   10
    1698   10
    1699   10
    1700   10
    1701   10
    1702   12
    1703   10
    1704   10
    1705   10
    1706   10
    1707   10
    1708   10
    1709   10
    1710   10
    1711   10
    1712   10
    1713   10
    1714   12
    1715   12
    1716   12
    1717   12
    1718   12
    1719   12
    1720   12
    1721   12
    1722   12
    1723   12
    1724   12
    1725   10
    1726   12
    1727    8
    1728   12
    1729   12
    1730   12
    1731   12
    1732   12
    1733   12
    1734   12
    1735   12
    1736   12
    1737   12
    1738   12
    1739   12
    1740   12
    1741   10
    1742   10
    1743   10
    1744   10
    1745   11
    1746   12
    1747   12
    1748   12
    1749   12
    1750   10
    1751   10
    1752   10
    1753   10
    1754   10
    1755   10
    1756   12
    1757   12
    1758   12
    1759   12
    1760   12
    1761   12
    1762   12
    1763   10
    1764   10
    1765   10
    1766   10
    1767   10
    1768   10
    1769   10
    1770   10
    1771   10
    1772   10
    1773   10
    1774   10
    1775   10
    1776   10
    1777   10
    1778   10
    1779   10
    1780   10
    1781   10
    1782   10
    1783   10
    1784   10
    1785   10
    1786   10
    1787   10
    1788   10
    1789   10
    1790   10
    1791   10
    1792    8
    1793    8
    1794   12
    1795   12
    1796   12
    1797   12
    1798   12
    1799   12
    1800   12
    1801   12
    1802   12
    1803   12
    1804   12
    1805   12
    1806   12
    1807   12
    1808   12
    1809   12
    1810   12
    1811   12
    1812   12
    1813   12
    1814   12
    1815   10
    1816   10
    1817   10
    1818   10
    1819   10
    1820   10
    1821   12
    1822   12
    1823   12
    1824   12
    1825   12
    1826   12
    1827   12
    1828   12
    1829   12
    1830   12
    1831   12
    1832   12
    1833   12
    1834   12
    1835   12
    1836   12
    1837   12
    1838   12
    1839   12
    1840   12
    1841   12
    1842   12
    1843   12
    1844   12
    1845   12
    1846   10
    1847   10
    1848   10
    1849   12
    1850   12
    1851   12
    1852   12
    1853   12
    1854   12
    1855   12
    1856   12
    1857   12
    1858   12
    1859   12
    1860   12
    1861   12
    1862   11
    1863   11
    1864   11
    1865   11
    1866   11
    1867    9
    1868   11
    1869   10
    1870   10
    1871   10
    1872   10
    1873   10
    1874   10
    1875   10
    1876   10
    1877   10
    1878   10
    1879   10
    1880   10
    1881   10
    1882   10
    1883   10
    1884   10
    1885   10
    1886   10
    1887   10
    1888   10
    1889   10
    1890   10
    1891   10
    1892   10
    1893   10
    1894   10
    1895   10
    1896   10
    1897   10
    1898   10
    1899   10
    1900   10
    1901   10
    1902   10
    1903   10
    1904   10
    1905   10
    1906   10
    1907   10
    1908   10
    1909   10
    1910   10
    1911   10
    1912   10
    1913   10
    1914   10
    1915   10
    1916   10
    1917   10
    1918   10
    1919   10
    1920   10
    1921   10
    1922   10
    1923   10
    1924   10
    1925   10
    1926   10
    1927   12
    1928   12
    1929    7
    1930   12
    1931   12
    1932   12
    1933   12
    1934   12
    1935   12
    1936    8
    1937    5
    1938    4
    1939    4
    1940    4
    1941    4
    1942    4
    1943    4
    1944    6
    1945    7
    1946   15
    1947   15
    1948   15
    1949   15
    1950   15
    1951   15
    1952    8
    1953   12
    1954   12
    1955   12
    1956   12
    1957    7
    1958    8
    1959   15
    1960   15
    1961   15
    1962   15
    1963   15
    1964   15
    1965   15
    1966    7
    1967    8
    1968    8
    1969    7
    1970   12
    1971   12
    1972   12
    1973   12
    1974   12
    1975   12
    1976    8
    1977    8
    1978    8
    1979   12
    1980   12
    1981   12
    1982   12
    1983   12
    1984   12
    1985   12
    1986    8
    1987   12
    1988   12
    1989   12
    1990   12
    1991   10
    1992   11
    1993   10
    1994   10
    1995   10
    1996   10
    1997   10
    1998   10
    1999   10
    2000   10
    2001   10
    2002   10
    2003   10
    2004   10
    2005   10
    2006   10
    2007   12
    2008   12
    2009   12
    2010    1
    2011    1
    2012    5
    2013    6
    2014    5
    2015    4
    2016    4
    2017    1
    2018    1
    2019    1
    2020    1
    2021    1
    2022   12
    2023    1
    2024   12
    2025   12
    2026   12
    2027   12
    2028   12
    2029   12
    2030   12
    2031   12
    2032   12
    2033   12
    2034    7
    2035    7
    2036    5
    2037    6
    2038    8
    2039    8
    2040    7
    2041   12
    2042    8
    2043    8
    2044   12
    2045   12
    2046   10
    2047   10
    2048   10
    2049   10
    2050   10
    2051   10
    2052   10
    2053   10
    2054   10
    2055   10
    2056   10
    2057   10
    2058   10
    2059   10
    2060    8
    2061    8
    2062    8
    2063    8
    2064    7
    2065    6
    2066    4
    2067    4
    2068    4
    2069    4
    2070    4
    2071    4
    2072    6
    2073    4
    2074    4
    2075    4
    2076    4
    2077    6
    2078    5
    2079    1
    2080    8
    2081   12
    2082   12
    2083   12
    2084   12
    2085   12
    2086   12
    2087   12
    2088   12
    2089   12
    2090   12
    2091   12
    2092    8
    2093    1
    2094    1
    2095    1
    2096   12
    2097   12
    2098   12
    2099   12
    2100   12
    2101    8
    2102    8
    2103    7
    2104   12
    2105   12
    2106   12
    2107    1
    2108    6
    2109    9
    2110   12
    2111   12
    2112    8
    2113    8
    2114   12
    2115   12
    2116   12
    2117    1
    2118    1
    2119    1
    2120    5
    2121    1
    2122    1
    2123    1
    2124    1
    2125    4
    2126    6
    2127    6
    2128    3
    2129    3
    2130    3
    2131    3
    2132    3
    2133    1
    2134    1
    2135    1
    2136    1
    2137    1
    2138   12
    2139   12
    2140   11
    2141   11
    2142   11
    2143   11
    2144   11
    2145   11
    2146   11
    2147   11
    2148   11
    2149   11
    2150   11
    2151   10
    2152   10
    2153   10
    2154   10
    2155   12
    2156    8
    2157    8
    2158    8
    2159    8
    2160    7
    2161    8
    2162    6
    2163    3
    2164    1
    2165    1
    2166    1
    2167    1
    2168    1
    2169    1
    2170   12
    2171   12
    2172   12
    2173    1
    2174    1
    2175    1
    2176    1
    2177    1
    2178    1
    2179    1
    2180    1
    2181    1
    2182    1
    2183    1
    2184    1
    2185    1
    2186    8
    2187    7
    2188    8
    2189    8
    2190    7
    2191    7
    2192    7
    2193    8
    2194    8
    2195    8
    2196   10
    2197   10
    2198   10
    2199   10
    2200   10
    2201   10
    2202    9
    2203   11
    2204   11
    2205   11
    2206   11
    2207   11
    2208   11
    2209   11
    2210   11
    2211   11
    2212   11
    2213   11
    2214   11
    2215   11
    2216   11
    2217   11
    2218   11
    2219   11
    2220   11
    2221   11
    2222   11
    2223   11
    2224   11
    2225   11
    2226   10
    2227   10
    2228   10
    2229   10
    2230   10
    2231   10
    2232   10
    2233   10
    2234   10
    2235   13
    2236   13
    2237   13
    2238   13
    2239   13
    2240   13
    2241   13
    2242   13
    2243   13
    2244   13
    2245   13
    2246   13
    2247   13
    2248   13
    2249   13
    2250   13
    2251   13
    2252   13
    2253   13
    2254   13
    2255   13
    2256   13
    2257   13
    2258   13
    2259   13
    2260   13
    2261   13
    2262   13
    2263   13
    2264   13
    2265   13
    2266   10
    2267   10
    2268   10
    2269   10
    2270   10
    2271   10
    2272   10
    2273   10
    2274   10
    2275   10
    2276   10
    2277   10
    2278   10
    2279   10
    2280   10
    2281   10
    2282   10
    2283   10
    2284   10
    2285   10
    2286   10
    2287   12
    2288   12
    2289   12
    2290   12
    2291   12
    2292   12
    2293   12
    2294   12
    2295   12
    2296   12
    2297   12
    2298   12
    2299   12
    2300   12
    2301   12
    2302   12
    2303   10
    2304   13
    2305   13
    2306   13
    2307   13
    2308   13
    2309   13
    2310   13
    2311   13
    2312   13
    2313   13
    2314   13
    2315   13
    2316   13
    2317   13
    2318   13
    2319   13
    2320   13
    2321   13
    2322   13
    2323   13
    2324   13
    2325   13
    2326   13
    2327   13
    2328   13
    2329   13
    2330   13
    2331   13
    2332   13
    2333   13
    2334   13
    2335   13
    2336   13
    2337   13
    2338   13
    2339   13
    2340   13
    2341   13
    2342   13
    2343   13
    2344   13
    2345   13
    2346   13
    2347   13
    2348   13
    2349   13
    2350   13
    2351   13
    2352   10
    2353   10
    2354   10
    2355   10
    2356   13
    2357   13
    2358   13
    2359   13
    2360   13
    2361   13
    2362   13
    2363   13
    2364   13
    2365   13
    2366   13
    2367   13
    2368   13
    2369   13
    2370   13
    2371   13
    2372   13
    2373   13
    2374   13
    2375   13
    2376   13
    2377   13
    2378   13
    2379   13
    2380   13
    2381   13
    2382   13
    2383   13
    2384   13
    2385   13
    2386   13
    2387   13
    2388   13
    2389   13
    2390   13
    2391   13
    2392   13
    2393   13
    2394   13
    2395   13
    2396   13
    2397   13
    2398   13
    2399   13
    2400   13
    2401   13
    2402   13
    2403   13
    2404   13
    2405   13
    2406   13
    2407   13
    2408   13
    2409   13
    2410   13
    2411   13
    2412   13
    2413   13
    2414   13
    2415   13
    2416   13
    2417   13
    2418   13
    2419   13
    2420   13
    2421   13
    2422   13
    2423   13
    2424   13
    2425   13
    2426   13
    2427   13
    2428   13
    2429   13
    2430   13
    2431   13
    2432   13
    2433   13
    2434   13
    2435   13
    2436   13
    2437   13
    2438   13
    2439   13
    2440   13
    2441   13
    2442   13
    2443   13
    2444   13
    2445   13
    2446   13
    2447   13
    2448   13
    2449   13
    2450   13
    2451   13
    2452   13
    2453   13
    2454   13
    2455   13
    2456   13
    2457   13
    2458   13
    2459   13
    2460   13
    2461   13
    2462   13
    2463   13
    2464   13
    2465   13
    2466   13
    2467    9
    2468   10
    2469   10
    2470   10
    2471   10
    2472   10
    2473   10
    2474   10
    2475   10
    2476   10
    2477   10
    2478   12
    2479   12
    2480   12
    2481   12
    2482   12
    2483   12
    2484   12
    2485   12
    2486   12
    2487   12
    2488   12
    2489   12
    2490   10
    2491   10
    2492   10
    2493   10
    2494   10
    2495   10
    2496   10
    2497   10
    2498   10
    2499   10
    2500    9
    2501   12
    2502    9
    2503   12
    2504    8
    2505    6
    2506    6
    2507    6
    2508    6
    2509    6
    2510    5
    2511    3
    2512    3
    2513    3
    2514    3
    2515    3
    2516    3
    2517    1
    2518    1
    2519    1
    2520    1
    2521    1
    2522    1
    2523    1
    2524    1
    2525    5
    2526    1
    2527   12
    2528   12
    2529   12
    2530   12
    2531    7
    2532   12
    2533   12
    2534    8
    2535   12
    2536    8
    2537    8
    2538   12
    2539    8
    2540    6
    2541    7
    2542    7
    2543    7
    2544    7
    2545   12
    2546   12
    2547   12
    2548   12
    2549   12
    2550   12
    2551   12
    2552    8
    2553    6
    2554    6
    2555    4
    2556    4
    2557    4
    2558   12
    2559   12
    2560   12
    2561   12
    2562   12
    2563    8
    2564    8
    2565   12
    2566   12
    2567   12
    2568   12
    2569   12
    2570   12
    2571   12
    2572   12
    2573    8
    2574   12
    2575   12
    2576   12
    2577    8
    2578   12
    2579   12
    2580   12
    2581    1
    2582    3
    2583    5
    2584    5
    2585    6
    2586    6
    2587    8
    2588    7
    2589    7
    2590    1
    2591    1
    2592    1
    2593    1
    2594    1
    2595    3
    2596    6
    2597    8
    2598    8
    2599    7
    2600    8
    2601    8
    2602   12
    2603    1
    2604    1
    2605    1
    2606    1
    2607    7
    2608   12
    2609   12
    2610    1
    2611    1
    2612    1
    2613    3
    2614    3
    2615    3
    2616    5
    2617    4
    2618    5
    2619    3
    2620    6
    2621   12
    2622   12
    2623    8
    2624    8
    2625    8
    2626    1
    2627    1
    2628    3
    2629    6
    2630    8
    2631   12
    2632   12
    2633    7
    2634   12
    2635   10
    2636   13
    2637   13
    2638   13
    2639   13
    2640   13
    2641   13
    2642   13
    2643   13
    2644   13
    2645   13
    2646   13
    2647   13
    2648   13
    2649   13
    2650   13
    2651   13
    2652   13
    2653   13
    2654   13
    2655   13
    2656   13
    2657   13
    2658   13
    2659   13
    2660   13
    2661   13
    2662   13
    2663   13
    2664   13
    2665   13
    2666   13
    2667   13
    2668   13
    2669   13
    2670   13
    2671   13
    2672   13
    2673   13
    2674   13
    2675   13
    2676   13
    2677   13
    2678   13
    2679   13
    2680   13
    2681   13
    2682   13
    2683   13
    2684   13
    2685   13
    2686   13
    2687   13
    2688   13
    2689   13
    2690   13
    2691   13
    2692   13
    2693   13
    2694   13
    2695   13
    2696   13
    2697   13
    2698   13
    2699   13
    2700   13
    2701   13
    2702   13
    2703   13
    2704   13
    2705   13
    2706   13
    2707   13
    2708   13
    2709   13
    2710   13
    2711   13
    2712   13
    2713   13
    2714   13
    2715   13
    2716   13
    2717   13
    2718   13
    2719   13
    2720   13
    2721   13
    2722   13
    2723   13
    2724   13
    2725   13
    2726   13
    2727   13
    2728   13
    2729   13
    2730   13
    2731   13
    2732   13
    2733   13
    2734   13
    2735   13
    2736   13
    2737   13
    2738   13
    2739   13
    2740   13
    2741   13
    2742   13
    2743   13
    2744   13
    2745   13
    2746   13
    2747   13
    2748   13
    2749   13
    2750   13
    2751   10
    2752   10
    2753   10
    2754   13
    2755   13
    2756   13
    2757   13
    2758   13
    2759   13
    2760   13
    2761   13
    2762   13
    2763   13
    2764   13
    2765   13
    2766   13
    2767   13
    2768   13
    2769   13
    2770   13
    2771   13
    2772   13
    2773   13
    2774   13
    2775   13
    2776   13
    2777   13
    2778   13
    2779   13
    2780   13
    2781   13
    2782   13
    2783   13
    2784   12
    2785   10
    2786   10
    2787   10
    2788   10
    2789   10
    2790   13
    2791   13
    2792   13
    2793   13
    2794   13
    2795   13
    2796   13
    2797   13
    2798   13
    2799   13
    2800   13
    2801   13
    2802   13
    2803   13
    2804   13
    2805   13
    2806   13
    2807   13
    2808   13
    2809   13
    2810   13
    2811   13
    2812   13
    2813   13
    2814   13
    2815   13
    2816   13
    2817   13
    2818   13
    2819   13
    2820   13
    2821   13
    2822   13
    2823   13
    2824   13
    2825   13
    2826   13
    2827   13
    2828   13
    2829   13
    2830   13
    2831   13
    2832   13
    2833   13
    2834   13
    2835   13
    2836   13
    2837   13
    2838   13
    2839   13
    2840   13
    2841   13
    2842   13
    2843   13
    2844   13
    2845   13
    2846   13
    2847   14
    2848   14
    2849   14
    2850   14
    2851   14
    2852   14
    2853   14
    2854   14
    2855   14
    2856   14
    2857   14
    2858   13
    2859   13
    2860   13
    2861   13
    2862   13
    2863   13
    2864   13
    2865   13
    2866   13
    2867   13
    2868   13
    2869   13
    2870   13
    2871   13
    2872   13
    2873   13
    2874   14
    2875   14
    2876   14
    2877   14
    2878   14
    2879   14
    2880   14
    2881   14
    2882   14
    2883   14
    2884   14
    2885   14
    2886   14
    2887   14
    2888   14
    2889   14
    2890   14
    2891   14
    2892   14
    2893   13
    2894   13
    2895   13
    2896   13
    2897   13
    2898   14
    2899   14
    2900   14
    2901   14
    2902   14
    2903   14
    2904   14
    2905   14
    2906   14
    2907   14
    2908   14
    2909   14
    2910   13
    2911   13
    2912   14
    2913   14
    2914   14
    2915   14
    2916   14
    2917   13
    2918   13
    2919   13
    2920   13
    2921   13
    2922   13
    2923   13
    2924   13
    2925   14
    2926   14
    2927   14
    2928   14
    2929   13
    2930   13
    2931   13
    2932   13
    2933   13
    2934   13
    2935   13
    2936   13
    2937   13
    2938   13
    2939   13
    2940   13
    2941   13
    2942   13
    2943   13
    2944   13
    2945   13
    2946   13
    2947   13
    2948   13
    2949   13
    2950   13
    2951   13
    2952   13
    2953   13
    2954   13
    2955   13
    2956   13
    2957   13
    2958   13
    2959   13
    2960   13
    2961   13
    2962   13
    2963   13
    2964   13
    2965   13
    2966   13
    2967   13
    2968   13
    2969   13
    2970   13
    2971   13
    2972    8
    2973   12
    2974   12
    2975   12
    2976   12
    2977   12
    2978   12
    2979   12
    2980   12
    2981    8
    2982   12
    2983   12
    2984   12
    2985   12
    2986   12
    2987   12
    2988   12
    2989   12
    2990   12
    2991   12
    2992   12
    2993   12
    2994   12
    2995    8
    2996   12
    2997   12
    2998   12
    2999   12
    3000   12
    3001   12
    3002   12
    3003   12
    3004   12
    3005   12
    3006    8
    3007    6
    3008    6
    3009    1
    3010    1
    3011    4
    3012    4
    3013    4
    3014    5
    3015    6
    3016   12
    3017   12
    3018   10
    3019   12
    3020   12
    3021   12
    3022   12
    3023   12
    3024   12
    3025   12
    3026   12
    3027   12
    3028   15
    3029   15
    3030   15
    3031   15
    3032   15
    3033   15
    3034   15
    3035   15
    3036   15
    3037   15
    3038   15
    3039   15
    3040   15
    3041   15
    3042   15
    3043   15
    3044   15
    3045   15
    3046   15
    3047   15
    3048   13
    3049   13
    3050   13
    3051   13
    3052   13
    3053   13
    3054   13
    3055   13
    3056   10
    3057   10
    3058   10
    3059   10
    3060   10
    3061   13
    3062   13
    3063   13
    3064   13
    3065   13
    3066   13
    3067   13
    3068   13
    3069   13
    3070   13
    3071   13
    3072   13
    3073   13
    3074   13
    3075   13
    3076   13
    3077   13
    3078   13
    3079   13
    3080   13
    3081   10
    3082   10
    3083   10
    3084   10
    3085   10
    3086   10
    3087   10
    3088   10
    3089   10
    3090   10
    3091   10
    3092   10
    3093   10
    3094   10
    3095   10
    3096   10
    3097   12
    3098   12
    3099   12
    3100    8
    3101   12
    3102   12
    3103   12
    3104   12
    3105   12
    3106   12
    3107   12
    3108   12
    3109   12
    3110   12
    3111   12
    3112   12
    3113   10
    3114   10
    3115   10
    3116   10
    3117   10
    3118   10
    3119   10
    3120   10
    3121   10
    3122   10
    3123   10
    3124   10
    3125   10
    3126   10
    3127   10
    3128   10
    3129   10
    3130   10
    3131   10
    3132   12
    3133   12
    3134    1
    3135    1
    3136    1
    3137    5
    3138    3
    3139    1
    3140    1
    3141    1
    3142    3
    3143    4
    3144    4
    3145    5
    3146    6
    3147    6
    3148   10
    3149   10
    3150   10
    3151   10
    3152   10
    3153    8
    3154   10
    3155   10
    3156   10
    3157   10
    3158    8
    3159   10
    3160   10
    3161   10
    3162   10
    3163   10
    3164   10
    3165   12
    3166   12
    3167    6
    3168    6
    3169    4
    3170    4
    3171    4
    3172    4
    3173    4
    3174    4
    3175    4
    3176    4
    3177    4
    3178    4
    3179    4
    3180    4
    3181    4
    3182    3
    3183    1
    3184    1
    3185    1
    3186    1
    3187    1
    3188    1
    3189   12
    3190   12
    3191   12
    3192   10
    3193   10
    3194   10
    3195   10
    3196   10
    3197   10
    3198   10
    3199   10
    3200   10
    3201   10
    3202   10
    3203   10
    3204   10
    3205   10
    3206   10
    3207   10
    3208   10
    3209   10
    3210   10
    3211   10
    3212   11
    3213   11
    3214   11
    3215   11
    3216   11
    3217   11
    3218   11
    3219   11
    3220   11
    3221   11
    3222   11
    3223   11
    3224   11
    3225   11
    3226    9
    3227   11
    3228   11
    3229   11
    3230   11
    3231   10
    3232   10
    3233   10
    3234   10
    3235   10
    3236   10
    3237    8
    3238    7
    3239   12
    3240   10
    3241   10
    3242   10
    3243   10
    3244   10
    3245   10
    3246   10
    3247   10
    3248    8
    3249    8
    3250   12
    3251    8
    3252   10
    3253   10
    3254   10
    3255   10
    3256   10
    3257   10
    3258   10
    3259   10
    3260   10
    3261   10
    3262   11
    3263   11
    3264   11
    3265   11
    3266   11
    3267   11
    3268    9
    3269   11
    3270    9
    3271   10
    3272   10
    3273   10
    3274   11
    3275   11
    3276   10
    3277   10
    3278   10
    3279   10
    3280   10
    3281    9
    3282   12
    3283   12
    3284   12
    3285    7
    3286    6
    3287    3
    3288    3
    3289    3
    3290    3
    3291    1
    3292    1
    3293    1
    3294    1
    3295    1
    3296    1
    3297    1
    3298    1
    3299   11
    3300   10
    3301   10
    3302    9
    3303   10
    3304   10
    3305   10
    3306   10
    3307   10
    3308   10
    3309   10
    3310   10
    3311   10
    3312   10
    3313    8
    3314   11
    3315   11
    3316   11
    3317   11
    3318   10
    3319   10
    3320   10
    3321   10
    3322   10
    3323   10
    3324   10
    3325   10
    3326   10
    3327   10
    3328   10
    3329   10
    3330   10
    3331   10
    3332   10
    3333   11
    3334   11
    3335   11
    3336   11
    3337   10
    3338   10
    3339   10
    3340   10
    3341   10
    3342   10
    3343   10
    3344   10
    3345   10
    3346   10
    3347   10
    3348   10
    3349   10
    3350   10
    3351   10
    3352   10
    3353   10
    3354   10
    3355   10
    3356   10
    3357   10
    3358   10
    3359   12
    3360   12
    3361   12
    3362   13
    3363   13
    3364   13
    3365   13
    3366   13
    3367   13
    3368   13
    3369   13
    3370   13
    3371   13
    3372   13
    3373   13
    3374   13
    3375   13
    3376   13
    3377   13
    3378   13
    3379   10
    3380   10
    3381   10
    3382   10
    3383   10
    3384   10
    3385   10
    3386   10
    3387   10
    3388   10
    3389   10
    3390   10
    3391   12
    3392   12
    3393   12
    3394   12
    3395   12
    3396   12
    3397   12
    3398   12
    3399   12
    3400   12
    3401   12
    3402   10
    3403   10
    3404   10
    3405   10
    3406   10
    3407   12
    3408   12
    3409   12
    3410   12
    3411   12
    3412   12
    3413   12
    3414   12
    3415   12
    3416   12
    3417   12
    3418   12
    3419   12
    3420   12
    3421   12
    3422   12
    3423   12
    3424   12
    3425   12
    3426   12
    3427   12
    3428   10
    3429   10
    3430   10
    3431   10
    3432   12
    3433   12
    3434   12
    3435   12
    3436   12
    3437   12
    3438   12
    3439   12
    3440   12
    3441   12
    3442    8
    3443   12
    3444   12
    3445   12
    3446   12
    3447   12
    3448   12
    3449   12
    3450   12
    3451   10
    3452   10
    3453   10
    3454   10
    3455   10
    3456   10
    3457   10
    3458   10
    3459   10
    3460   10
    3461   10
    3462   10
    3463   10
    3464   10
    3465   12
    3466   12
    3467   12
    3468   12
    3469   12
    3470   12
    3471   12
    3472   12
    3473   12
    3474   12
    3475   12
    3476    7
    3477   12
    3478    7
    3479    7
    3480   12
    3481   12
    3482   12
    3483   12
    3484   12
    3485   12
    3486   12
    3487   12
    3488   12
    3489    8
    3490   10
    3491   10
    3492   10
    3493   10
    3494   10
    3495   10
    3496   10
    3497   10
    3498   10
    3499   10
    3500   10
    3501   13
    3502   13
    3503   13
    3504   13
    3505   13
    3506   13
    3507   13
    3508   13
    3509   13
    3510   13
    3511   13
    3512   13
    3513   13
    3514   13
    3515   13
    3516   13
    3517   13
    3518   13
    3519   13
    3520   13
    3521   13
    3522   13
    3523   13
    3524   13
    3525   13
    3526   13
    3527   13
    3528   13
    3529   13
    3530   13
    3531   13
    3532   13
    3533   13
    3534   13
    3535   13
    3536   13
    3537   13
    3538   13
    3539   13
    3540   13
    3541   13
    3542   13
    3543   13
    3544   13
    3545   13
    3546   13
    3547   13
    3548   13
    3549   13
    3550   13
    3551   13
    3552   13
    3553   13
    3554   13
    3555   13
    3556   13
    3557   12
    3558   12
    3559    8
    3560   12
    3561   12
    3562   12
    3563   12
    3564   12
    3565   12
    3566   12
    3567   12
    3568   12
    3569   12
    3570   12
    3571   12
    3572   12
    3573   12
    3574    8
    3575   12
    3576   12
    3577   12
    3578   12
    3579   12
    3580   12
    3581   12
    3582   12
    3583   12
    3584   12
    3585   12
    3586   12
    3587   12
    3588    8
    3589   12
    3590    8
    3591    8
    3592    8
    3593    8
    3594   15
    3595   15
    3596   15
    3597   15
    3598   15
    3599   15
    3600   15
    3601   15
    3602    7
    3603    8
    3604   12
    3605    8
    3606   15
    3607   15
    3608   15
    3609   15
    3610   15
    3611   15
    3612   15
    3613   15
    3614   15
    3615   15
    3616   15
    3617   15
    3618   15
    3619   15
    3620   15
    3621    8
    3622   12
    3623   12
    3624   12
    3625   12
    3626   12
    3627   12
    3628   12
    3629   12
    3630   12
    3631   12
    3632   12
    3633    7
    3634   15
    3635   15
    3636   15
    3637   15
    3638   15
    3639   15
    3640   15
    3641   15
    3642   15
    3643    6
    3644    5
    3645    5
    3646    4
    3647    4
    3648    1
    3649    1
    3650    1
    3651    1
    3652    1
    3653    1
    3654   12
    3655   11
    3656   11
    3657   11
    3658   11
    3659    9
    3660   11
    3661   11
    3662   11
    3663   11
    3664   11
    3665   11
    3666   11
    3667   11
    3668   11
    3669    8
    3670    7
    3671    8
    3672   12
    3673    8
    3674    7
    3675    6
    3676    6
    3677    5
    3678    3
    3679    5
    3680    3
    3681    3
    3682    3
    3683    1
    3684   12
    3685   12
    3686   12
    3687   12
    3688   12
    3689   10
    3690    9
    3691   10
    3692   10
    3693   12
    3694   12
    3695   12
    3696   12
    3697   12
    3698   12
    3699   10
    3700   10
    3701   10
    3702   10
    3703   13
    3704   13
    3705   13
    3706   13
    3707   13
    3708   13
    3709   13
    3710   13
    3711   13
    3712   13
    3713   13
    3714   13
    3715   13
    3716   13
    3717   13
    3718   13
    3719   13
    3720   13
    3721   13
    3722   13
    3723   13
    3724   13
    3725   10
    3726   10
    3727   10
    3728   10
    3729   10
    3730   10
    3731   10
    3732   10
    3733   10
    3734   10
    3735   10
    3736   10
    3737   10
    3738   10
    3739   10
    3740   10
    3741   10
    3742   10
    3743   10
    3744   10
    3745   10
    3746   10
    3747   10
    3748   10
    3749   10
    3750   10
    3751   12
    3752   12
    3753    1
    3754    1
    3755    1
    3756    1
    3757    1
    3758    1
    3759    1
    3760    1
    3761    1
    3762    1
    3763    1
    3764    1
    3765    1
    3766    1
    3767   12
    3768   12
    3769   12
    3770   12
    3771   12
    3772   12
    3773   12
    3774   12
    3775   12
    3776   12
    3777   12
    3778   12
    3779    1
    3780    1
    3781    1
    3782   12
    3783   12
    3784   12
    3785   12
    3786   12
    3787   12
    3788   12
    3789    6
    3790   12
    3791   12
    3792   12
    3793    8
    3794   10
    3795   10
    3796   10
    3797   10
    3798   10
    3799   10
    3800   10
    3801   10
    3802   10
    3803   10
    3804   10
    3805   10
    3806   10
    3807   10
    3808   10
    3809   10
    3810    6
    3811   12
    3812   12
    3813   12
    3814   11
    3815   11
    3816   10
    3817   10
    3818   10
    3819   10
    3820   10
    3821   10
    3822   10
    3823   10
    3824   10
    3825   10
    3826   10
    3827   10
    3828   10
    3829   10
    3830   10
    3831   10
    3832   10
    3833   10
    3834   10
    3835   10
    3836   10
    3837   10
    3838   10
    3839   10
    3840   10
    3841   10
    3842   10
    3843   10
    3844   10
    3845   10
    3846   10
    3847   10
    3848   10
    3849   10
    3850   10
    3851   10
    3852   10
    3853   10
    3854   10
    3855   10
    3856   10
    3857   10
    3858   10
    3859   10
    3860   10
    3861   10
    3862   10
    3863   10
    3864   10
    3865   10
    3866   10
    3867   10
    3868   10
    3869   10
    3870   10
    3871   10
    3872   10
    3873   10
    3874   10
    3875   10
    3876   10
    3877   10
    3878   10
    3879   10
    3880   10
    3881   10
    3882   10
    3883   10
    3884   10
    3885   10
    3886   10
    3887   10
    3888   10
    3889   10
    3890   10
    3891   10
    3892   10
    3893   10
    3894   10
    3895   10
    3896   10
    3897   10
    3898   10
    3899    9
    3900   10
    3901   10
    3902   10
    3903   10
    3904   10
    3905   10
    3906   10
    3907   10
    3908   10
    3909    8
    3910   10
    3911   10
    3912   10
    3913   10
    3914   10
    3915   10
    3916   10
    3917   10
    3918   10
    3919   10
    3920   10
    3921    6
    3922    1
    3923   12
    3924    8
    3925    8
    3926    8
    3927   12
    3928   12
    3929    8
    3930    8
    3931    8
    3932    6
    3933    6
    3934    4
    3935    4
    3936    4
    3937    4
    3938    4
    3939    4
    3940    4
    3941    4
    3942    4
    3943    4
    3944    4
    3945    1
    3946    1
    3947    1
    3948    1
    3949    1
    3950    1
    3951    1
    3952    6
    3953   12
    3954    7
    3955    8
    3956   12
    3957   12
    3958   10
    3959   10
    3960   10
    3961   12
    3962   12
    3963   12
    3964   12
    3965   12
    3966   12
    3967   12
    3968    8
    3969    8
    3970    8
    3971   10
    3972   10
    3973   10
    3974   10
    3975   10
    3976   10
    3977   11
    3978   11
    3979   10
    3980   10
    3981   10
    3982   10
    3983   10
    3984   10
    3985   10
    3986   10
    3987   10
    3988   10
    3989   10
    3990   10
    3991   10
    3992   10
    3993   10
    3994   10
    3995   10
    3996   12
    3997    6
    3998    6
    3999    3
    4000    4
    4001    4
    4002    4
    4003    4
    4004    4
    4005    4
    4006    4
    4007    4
    4008    1
    4009    1
    4010    1
    4011    1
    4012    1
    4013    1
    4014    1
    4015    4
    4016    4
    4017    4
    4018    4
    4019    5
    4020    1
    4021   12
    4022   12
    4023   12
    4024   12
    4025    1
    4026    1
    4027   12
    4028   12
    4029   12
    4030   12
    4031   12
    4032   12
    4033    3
    4034    6
    4035   10
    4036   10
    4037   10
    4038   10
    4039   10
    4040   10
    4041   10
    4042   10
    4043   10
    4044   10
    4045   10
    4046   10
    4047   10
    4048   10
    4049   10
    4050   10
    4051   10
    4052   13
    4053   13
    4054   13
    4055   10
    4056   13
    4057   13
    4058   13
    4059   13
    4060   13
    4061   13
    4062   13
    4063   13
    4064   13
    4065   13
    4066   13
    4067   13
    4068   13
    4069   13
    4070   13
    4071   13
    4072   12
    4073   12
    4074   12
    4075   12
    4076   12
    4077    7
    4078    8
    4079    8
    4080   12
    4081   12
    4082   12
    4083   12
    4084   12
    4085   12
    4086   12
    4087   12
    4088   12
    4089   12
    4090   12
    4091   12
    4092   12
    4093   12
    4094   12
    4095   12
    4096   12
    4097   12
    4098   12
    4099   12
    4100   12
    4101   12
    4102   12
    4103   12
    4104   12
    4105   12
    4106   12
    4107   12
    4108   12
    4109   12
    4110   12
    4111   12
    4112   12
    4113   12
    4114   12
    4115   12
    4116   12
    4117   12
    4118    8
    4119   12
    4120   12
    4121   12
    4122   12
    4123   12
    4124   12
    4125   13
    4126   13
    4127   13
    4128   13
    4129   13
    4130   13
    4131   13
    4132   13
    4133   13
    4134   13
    4135   13
    4136   13
    4137   13
    4138   13
    4139   13
    4140   13
    4141   13
    4142   13
    4143   13
    4144   13
    4145   13
    4146   13
    4147   13
    4148   13
    4149   13
    4150   13
    4151   13
    4152   13
    4153   13
    4154   13
    4155   13
    4156   13
    4157   13
    4158   13
    4159   13
    4160   13
    4161   13
    4162   13
    4163   13
    4164   13
    4165   13
    4166   13
    4167   13
    4168   13
    4169   13
    4170   13
    4171   13
    4172   13
    4173   13
    4174   13
    4175   13
    4176   13
    4177   13
    4178   13
    4179   13
    4180   13
    4181   13
    4182   13
    4183   13
    4184   13
    4185   13
    4186   13
    4187   13
    4188   13
    4189   13
    4190   13
    4191   13
    4192   13
    4193   13
    4194   13
    4195   13
    4196   13
    4197   13
    4198   13
    4199   13
    4200   13
    4201   13
    4202   13
    4203   13
    4204   13
    4205   13
    4206   13
    4207   13
    4208   13
    4209   13
    4210   13
    4211   13
    4212   13
    4213   13
    4214   13
    4215   13
    4216   13
    4217   13
    4218   13
    4219   13
    4220   13
    4221   13
    4222   13
    4223   13
    4224   13
    4225   13
    4226   13
    4227   13
    4228   13
    4229   13
    4230   13
    4231   13
    4232   13
    4233   13
    4234   13
    4235   13
    4236   13
    4237   13
    4238   13
    4239   13
    4240   13
    4241   13
    4242   13
    4243   13
    4244   13
    4245   13
    4246   13
    4247   13
    4248   13
    4249   13
    4250   13
    4251   13
    4252   13
    4253   13
    4254   13
    4255   13
    4256   13
    4257   13
    4258   13
    4259   13
    4260   13
    4261   13
    4262   13
    4263   13
    4264   13
    4265   13
    4266   13
    4267   13
    4268   13
    4269   13
    4270   13
    4271   13
    4272   13
    4273   13
    4274   13
    4275   13
    4276   13
    4277   13
    4278   13
    4279   13
    4280   13
    4281   13
    4282   13
    4283   13
    4284   13
    4285   13
    4286   13
    4287   13
    4288   13
    4289   13
    4290   13
    4291   13
    4292   13
    4293   13
    4294   13
    4295   13
    4296   13
    4297   13
    4298   13
    4299   13
    4300   13
    4301   13
    4302   13
    4303   13
    4304   13
    4305   13
    4306   13
    4307   13
    4308   13
    4309   13
    4310   13
    4311   13
    4312   13
    4313   13
    4314   13
    4315   13
    4316   13
    4317   13
    4318   13
    4319   13
    4320   13
    4321   13
    4322   13
    4323   13
    4324   13
    4325   13
    4326   13
    4327   13
    4328   13
    4329   13
    4330   13
    4331   13
    4332   13
    4333   13
    4334   13
    4335   13
    4336   13
    4337   13
    4338   13
    4339   13
    4340   13
    4341   13
    4342   13
    4343   13
    4344   13
    4345   13
    4346   13
    4347   13
    4348   13
    4349   13
    4350   13
    4351   13
    4352   13
    4353   13
    4354   13
    4355   13
    4356   13
    4357   13
    4358   13
    4359   13
    4360   13
    4361   13
    4362   13
    4363   13
    4364   13
    4365   13
    4366   13
    4367   13
    4368   13
    4369   13
    4370   13
    4371   13
    4372   13
    4373   13
    4374   13
    4375   13
    4376   13
    4377   13
    4378   13
    4379   13
    4380   13
    4381   13
    4382   13
    4383   13
    4384   13
    4385   13
    4386   13
    4387   13
    4388   13
    4389   13
    4390   13
    4391   13
    4392   13
    4393   13
    4394   13
    4395   13
    4396   10
    4397   10
    4398   10
    4399   10
    4400   10
    4401   10
    4402   10
    4403   10
    4404   10
    4405   10
    4406   10
    4407   10
    4408   10
    4409   10
    4410   10
    4411   10
    4412   10
    4413   10
    4414   10
    4415   10
    4416   10
    4417   10
    4418   10
    4419   10
    4420   10
    4421   10
    4422   10
    4423   10
    4424   10
    4425   10
    4426   10
    4427   10
    4428   10
    4429   10
    4430   10
    4431   10
    4432   10
    4433   10
    4434   10
    4435   10
    4436   10
    4437   10
    4438   10
    4439   10
    4440   10
    4441   10
    4442   10
    4443   10
    4444   12
    4445   12
    4446   12
    4447   12
    4448   12
    4449   12
    4450   12
    4451   10
    4452   10
    4453   10
    4454   10
    4455   10
    4456   10
    4457   13
    4458   13
    4459   13
    4460   13
    4461   13
    4462   13
    4463   13
    4464   13
    4465   13
    4466   13
    4467   13
    4468   13
    4469   13
    4470   13
    4471   13
    4472   13
    4473   13
    4474   13
    4475   13
    4476   13
    4477   13
    4478   13
    4479   13
    4480   13
    4481   13
    4482   13
    4483   13
    4484   13
    4485   13
    4486   13
    4487   13
    4488   13
    4489   13
    4490   13
    4491   13
    4492   13
    4493   13
    4494   13
    4495   13
    4496   13
    4497   13
    4498   13
    4499   13
    4500   13
    4501   13
    4502   13
    4503   13
    4504   13
    4505   13
    4506   13
    4507   13
    4508   13
    4509   13
    4510   13
    4511   13
    4512   13
    4513   13
    4514   13
    4515   13
    4516   13
    4517   13
    4518   13
    4519   13
    4520   13
    4521   13
    4522   13
    4523   13
    4524   13
    4525   13
    4526   13
    4527   13
    4528   13
    4529   10
    4530   12
    4531    8
    4532   12
    4533   12
    4534   12
    4535   12
    4536   12
    4537   12
    4538   12
    4539   12
    4540   12
    4541   12
    4542   12
    4543   12
    4544   12
    4545   10
    4546   10
    4547   10
    4548   10
    4549    7
    4550   12
    4551   12
    4552   12
    4553   13
    4554   13
    4555   13
    4556   13
    4557   13
    4558   13
    4559   13
    4560   13
    4561   13
    4562   13
    4563   13
    4564   13
    4565   13
    4566   13
    4567   13
    4568   13
    4569   13
    4570   13
    4571   13
    4572   13
    4573   10
    4574   10
    4575   10
    4576   10
    4577   10
    4578   10
    4579   10
    4580   10
    4581   12
    4582   12
    4583   12
    4584   15
    4585    7
    4586    8
    4587   12
    4588   12
    4589   12
    4590    6
    4591    1
    4592    3
    4593    3
    4594    6
    4595    3
    4596    8
    4597    7
    4598   12
    4599   12
    4600    8
    4601   12
    4602    8
    4603    8
    4604    8
    4605    7
    4606    8
    4607    8
    4608    8
    4609    8
    4610   12
    4611   12
    4612    8
    4613    8
    4614    7
    4615    8
    4616   12
    4617   12
    4618   12
    4619    7
    4620   12
    4621   12
    4622    7
    4623    8
    4624   12
    4625   12
    4626   12
    4627   12
    4628    8
    4629    8
    4630    9
    4631   10
    4632   10
    4633   10
    4634   10
    4635   10
    4636   10
    4637   10
    4638   10
    4639   10
    4640   10
    4641   10
    4642   10
    4643   10
    4644   10
    4645   10
    4646   10
    4647   10
    4648   10
    4649   10
    4650   10
    4651   10
    4652   10
    4653   10
    4654   10
    4655   10
    4656   10
    4657    9
    4658   10
    4659   10
    4660   10
    4661   10
    4662   10
    4663   10
    4664   10
    4665   10
    4666   10
    4667   10
    4668   10
    4669   10
    4670   10
    4671   10
    4672   10
    4673   10
    4674   10
    4675   10
    4676   10
    4677   10
    4678   10
    4679   10
    4680   10
    4681   10
    4682   10
    4683   10
    4684   10
    4685   10
    4686   10
    4687   10
    4688   10
    4689   10
    4690   10
    4691   10
    4692   10
    4693   10
    4694   10
    4695   10
    4696   10
    4697   10
    4698   10
    4699   10
    4700   11
    4701   11
    4702   11
    4703   11
    4704   11
    4705   11
    4706   11
    4707   11
    4708   11
    4709   11
    4710   11
    4711   11
    4712   11
    4713   11
    4714   11
    4715   11
    4716   10
    4717   10
    4718   10
    4719   10
    4720   10
    4721    8
    4722    8
    4723    8
    4724    6
    4725    4
    4726    4
    4727    1
    4728    1
    4729    1
    4730    1
    4731    1
    4732    1
    4733    1
    4734    1
    4735    1
    4736    1
    4737    3
    4738    3
    4739    3
    4740    3
    4741    4
    4742    4
    4743    4
    4744    4
    4745    4
    4746    4
    4747    4
    4748    4
    4749    3
    4750    3
    4751    3
    4752    3
    4753    6
    4754    6
    4755    7
    4756   12
    4757   12
    4758    8
    4759    6
    4760    6
    4761    5
    4762    1
    4763    1
    4764    1
    4765    1
    4766    1
    4767    1
    4768    1
    4769    1
    4770   10
    4771   10
    4772   10
    4773   10
    4774    9
    4775    9
    4776   10
    4777   12
    4778   12
    4779   12
    4780   12
    4781    6
    4782    6
    4783    1
    4784    1
    4785    4
    4786    4
    4787    4
    4788    5
    4789    6
    4790   12
    4791   12
    4792   12
    4793    6
    4794   12
    4795   12
    4796   12
    4797   12
    4798   12
    4799   12
    4800   12
    4801    7
    4802    7
    4803   12
    4804    1
    4805    1
    4806    1
    4807    1
    4808    1
    4809    1
    4810    1
    4811    6
    4812    8
    4813    8
    4814    8
    4815    6
    4816    6
    4817    5
    4818    1
    4819    1
    4820    2
    4821    2
    4822    2
    4823    2
    4824    6
    4825    8
    4826   12
    4827   12
    4828   12
    4829   12
    4830    5
    4831    3
    4832    6
    4833   12
    4834   12
    4835   12
    4836   12
    4837    7
    4838    8
    4839    8
    4840   10
    4841   10
    4842   10
    4843   10
    4844   12
    4845   12
    4846    8
    4847    8
    4848    6
    4849    1
    4850    8
    4851    8
    4852    8
    4853   11
    4854   11
    4855   11
    4856    9
    4857   11
    4858   11
    4859    9
    4860   11
    4861   11
    4862   11
    4863   11
    4864   11
    4865   11
    4866   11
    4867   11
    4868   11
    4869   11
    4870   11
    4871   11
    4872   11
    4873   10
    4874   10
    4875   10
    4876   10
    4877   10
    4878   10
    4879   10
    4880   10
    4881   12
    4882   12
    4883    2
    4884    2
    4885    2
    4886    2
    4887    2
    4888    2
    4889    3
    4890    3
    4891    1
    4892    1
    4893    3
    4894    3
    4895    3
    4896    3
    4897    3
    4898    3
    4899    3
    4900    3
    4901    3
    4902    3
    4903    3
    4904    3
    4905    5
    4906    7
    4907    8
    4908   15
    4909   15
    4910   15
    4911   15
    4912   15
    4913   15
    4914   15
    4915   15
    4916    8
    4917    8
    4918    8
    4919    8
    4920    6
    4921    6
    4922    6
    4923    3
    4924    6
    4925   12
    4926   12
    4927   12
    4928    8
    4929    6
    4930    4
    4931    3
    4932    3
    4933    1
    4934    5
    4935    6
    4936    3
    4937    1
    4938    1
    4939    1
    4940    1
    4941    1
    4942    1
    4943    1
    4944    1
    4945    1
    4946    1
    4947    1
    4948    1
    4949    1
    4950   12
    4951   12
    4952   12
    4953    8
    4954   12
    4955   12
    4956    8
    4957    6
    4958    5
    4959    1
    4960    6
    4961    2
    4962   12
    4963   12
    4964   12
    4965   12
    4966    8
    4967    6
    4968    2
    4969   12
    4970   12
    4971   12
    4972    2
    4973    3
    4974    3
    4975    3
    4976    5
    4977    6
    4978   12
    4979    8
    4980   12
    4981   12
    4982   12
    4983    5
    4984    6
    4985    6
    4986   12
    4987   12
    4988   12
    4989   12
    4990   12
    4991   12
    4992    7
    4993   15
    4994   15
    4995   15
    4996   15
    4997   15
    4998    8
    4999    7
    5000   12
