       1   12
       2   12
       3   11
       4   11
       5   10
       6   10
       7   10
       8   10
       9   10
      10   10
      11   10
      12   10
      13   10
      14   10
      15   10
      16   10
      17   10
      18   11
      19   11
      20   11
      21   11
      22   11
      23   11
      24   11
      25    9
      26    4
      27    4
      28    4
      29    6
      30    6
      31    7
      32    6
      33   12
      34    7
      35    8
      36   12
      37   12
      38   12
      39    1
      40    1
      41    1
      42    3
      43    1
      44    1
      45    1
      46    3
      47    3
      48    3
      49    5
      50    3
      51    3
      52    3
      53    5
      54    5
      55    5
      56    6
      57   12
      58   12
      59    7
      60   10
      61   10
      62   10
      63   12
      64   12
      65   12
      66   12
      67   12
      68   12
      69    8
      70    8
      71   12
      72   12
      73   12
      74   12
      75   12
      76   12
      77   12
      78   10
      79   10
      80    7
      81   12
      82   12
      83   12
      84   12
      85   12
      86   12
      87   12
      88   12
      89    8
      90   12
      91   12
      92   12
      93   12
      94    7
      95   12
      96   12
      97   12
      98    8
      99   12
     100   12
     101   12
     102    6
     103    6
     104    5
     105    4
     106    5
     107    3
     108    5
     109    3
     110    3
     111    6
     112    4
     113    4
     114    4
     115    4
     116    4
     117    4
     118    4
     119    4
     120    1
     121    5
     122    1
     123    1
     124    1
     125    1
     126    1
     127    1
     128    1
     129    5
     130    1
     131    1
     132    1
     133    1
     134    1
     135    1
     136    1
     137    1
     138   12
     139    8
     140   12
     141   12
     142   12
     143    8
     144    8
     145    7
     146    7
     147   12
     148   12
     149   12
     150   12
     151   12
     152   12
     153   12
     154   12
     155   12
     156   12
     157   12
     158   10
     159   10
     160   12
     161    1
     162    1
     163    1
     164    1
     165    1
     166    1
     167    3
     168    5
     169    5
     170    6
     171    6
     172    3
     173    1
     174    1
     175    1
     176    1
     177    1
     178    1
     179    1
     180    1
     181    1
     182    1
     183    1
     184    1
     185    1
     186    1
     187    1
     188    1
     189    1
     190    1
     191   12
     192    7
     193   12
     194   12
     195   12
     196   12
     197   12
     198   12
     199    1
     200    1
     201    1
     202   12
     203   12
     204   12
     205    1
     206    1
     207    1
     208    1
     209    1
     210    1
     211    1
     212    1
     213    3
     214    3
     215    3
     216    3
     217    1
     218    3
     219    5
     220    6
     221   12
     222   12
     223   12
     224   12
     225   12
     226   12
     227   10
     228   10
     229   10
     230   12
     231    8
     232   10
     233   10
     234   10
     235   10
     236   10
     237   10
     238    1
     239    1
     240    1
     241    1
     242    1
     243    1
     244   12
     245   12
     246   12
     247   12
     248   12
     249   12
     250   12
     251   12
     252    7
     253    6
     254    1
     255    8
     256    1
     257    1
     258    5
     259    1
     260    1
     261    1
     262    1
     263   12
     264   12
     265   12
     266   12
     267    9
     268   10
     269   10
     270   10
     271    8
     272   12
     273   12
     274   12
     275   12
     276    8
     277   12
     278   12
     279    8
     280    8
     281   12
     282   12
     283    8
     284   10
     285   10
     286   10
     287   10
     288   10
     289   10
     290   10
     291   10
     292   10
     293   12
     294   12
     295    8
     296   12
     297   10
     298   10
     299   10
     300   12
     301   12
     302    1
     303    1
     304    1
     305    1
     306    1
     307    3
     308    3
     309    3
     310    5
     311    5
     312    3
     313    3
     314    5
     315    6
     316   12
     317   12
     318   12
     319    8
     320    8
     321   12
     322   12
     323   12
     324    6
     325    6
     326    6
     327    5
     328    5
     329    5
     330    5
     331    3
     332    3
     333    3
     334    3
     335    5
     336    5
     337    5
     338    6
     339    5
     340    3
     341    3
     342    3
     343    3
     344    3
     345    1
     346   12
     347   12
     348   12
     349   12
     350   12
     351   12
     352   12
     353   12
     354   12
     355   12
     356   12
     357    8
     358    8
     359   12
     360   12
     361   12
     362   12
     363   12
     364    6
     365    6
     366    7
     367    7
     368    6
     369    8
     370    7
     371    8
     372    7
     373    7
     374    6
     375    6
     376    8
     377    8
     378   12
     379    7
     380   12
     381   12
     382    8
     383   12
     384   12
     385   12
     386   12
     387   12
     388   12
     389   12
     390   12
     391   12
     392   12
     393   12
     394   12
     395    8
     396   12
     397   12
     398   12
     399   12
     400   12
     401   12
     402   12
     403   12
     404    8
     405    8
     406    7
     407   12
     408    8
     409    8
     410    8
     411   12
     412   12
     413   12
     414    8
     415   15
     416   15
     417   15
     418    8
     419    8
     420   12
     421    8
     422   15
     423   15
     424   15
     425   15
     426   15
     427   15
     428    7
     429    6
     430    7
     431   12
     432    8
     433    7
     434    8
     435   12
     436   12
     437   12
     438   12
     439   12
     440   12
     441   12
     442   12
     443   12
     444   12
     445   12
     446   12
     447   12
     448   12
     449   12
     450    8
     451   12
     452   12
     453   12
     454   12
     455   12
     456   12
     457   12
     458   12
     459   12
     460   12
     461   12
     462    8
     463   12
     464   12
     465   12
     466   12
     467   12
     468    7
     469   12
     470   12
     471    7
     472   12
     473    8
     474   15
     475   15
     476   15
     477   15
     478   15
     479   15
     480   15
     481   15
     482   15
     483   15
     484   15
     485   15
     486   15
     487   15
     488   15
     489   15
     490   15
     491   15
     492   15
     493   15
     494   15
     495   15
     496   15
     497   15
     498    8
     499   12
     500   12
     501   12
     502   12
     503    8
     504    8
     505   12
     506   12
     507   12
     508   12
     509   12
     510    8
     511   15
     512   15
     513   15
     514   15
     515   15
     516   15
     517    8
     518    8
     519    8
     520    8
     521    8
     522    8
     523   12
     524   12
     525   12
     526   12
     527    7
     528    6
     529    6
     530    5
     531    6
     532    6
     533    1
     534    1
     535    1
     536    1
     537    1
     538    5
     539    5
     540    5
     541    1
     542    1
     543   12
     544   12
     545   12
     546   12
     547   12
     548    1
     549    6
     550    6
     551    6
     552    5
     553    3
     554    1
     555    1
     556    1
     557    1
     558    7
     559   12
     560    1
     561    1
     562   12
     563   12
     564   12
     565   12
     566   12
     567    8
     568    8
     569    8
     570   12
     571   12
     572   12
     573   12
     574   12
     575   10
     576   10
     577   10
     578   10
     579   10
     580   10
     581   10
     582   10
     583    8
     584    9
     585    8
     586   10
     587   10
     588   10
     589   10
     590   10
     591   10
     592   10
     593    9
     594   12
     595    1
     596    1
     597    1
     598    1
     599    1
     600    6
     601    5
     602    6
     603   12
     604    8
     605   12
     606   12
     607   12
     608   12
     609   12
     610   12
     611    7
     612    6
     613    1
     614   12
     615   12
     616   12
     617    6
     618    6
     619    5
     620    1
     621    7
     622    7
     623   12
     624    8
     625    7
     626   12
     627   12
     628   12
     629   12
     630    6
     631    5
     632    3
     633    1
     634    6
     635    6
     636    2
     637   12
     638   10
     639   10
     640   10
     641   10
     642   10
     643   10
     644   10
     645   10
     646   10
     647   10
     648   10
     649   10
     650   10
     651   10
     652   10
     653   10
     654   10
     655   10
     656   10
     657   10
     658   10
     659   10
     660   10
     661   12
     662   12
     663   12
     664   12
     665   12
     666   12
     667   12
     668   12
     669   12
     670    1
     671    1
     672    1
     673    1
     674    1
     675    1
     676    1
     677    3
     678    3
     679    3
     680    6
     681    7
     682    7
     683    8
     684   12
     685   12
     686   12
     687   12
     688   12
     689   12
     690   12
     691   12
     692    6
     693    6
     694    3
     695    1
     696    1
     697    1
     698    1
     699    5
     700    1
     701    1
     702    1
     703    1
     704    1
     705    1
     706    1
     707    1
     708    1
     709   12
     710   12
     711   12
     712   12
     713    8
     714   12
     715   12
     716   12
     717   12
     718   12
     719    9
     720   10
     721   10
     722   10
     723   10
     724    9
     725   10
     726   10
     727   10
     728   10
     729    9
     730   10
     731   10
     732   10
     733   10
     734   10
     735   10
     736   10
     737   10
     738   10
     739   10
     740   10
     741   10
     742   12
     743    8
     744   12
     745   12
     746   12
     747   12
     748   12
     749   12
     750   12
     751   12
     752   12
     753   10
     754   12
     755    9
     756   12
     757   12
     758   12
     759   12
     760   12
     761    8
     762    8
     763   12
     764   12
     765   12
     766   12
     767   12
     768   12
     769    8
     770   15
     771   15
     772   15
     773   15
     774   15
     775   15
     776   15
     777   15
     778    7
     779   12
     780   12
     781   12
     782   12
     783   12
     784   12
     785    8
     786   12
     787   13
     788   13
     789   13
     790   13
     791   13
     792   13
     793   13
     794   13
     795   13
     796   13
     797   13
     798   13
     799   13
     800   13
     801   10
     802   10
     803   10
     804   10
     805   10
     806   10
     807   10
     808   10
     809    8
     810   12
     811   12
     812   12
     813   12
     814   12
     815    8
     816   12
     817   12
     818   12
     819   10
     820   10
     821   10
     822   10
     823   10
     824   10
     825   10
     826   10
     827   10
     828   10
     829   10
     830   10
     831   13
     832   13
     833   13
     834   10
     835   13
     836   13
     837   13
     838   13
     839   13
     840   13
     841   13
     842   13
     843   13
     844   13
     845   13
     846   13
     847   13
     848   13
     849   13
     850   13
     851   13
     852   13
     853   13
     854   10
     855   10
     856   10
     857   10
     858   10
     859   10
     860   10
     861   10
     862   10
     863   10
     864   10
     865   10
     866   10
     867   10
     868   10
     869   10
     870   10
     871   10
     872   10
     873   10
     874   10
     875   10
     876   10
     877   10
     878   10
     879   10
     880   10
     881   10
     882   10
     883   10
     884   10
     885   10
     886   10
     887   10
     888   10
     889   10
     890   10
     891   10
     892   10
     893   10
     894   10
     895   10
     896   10
     897   10
     898    8
     899   10
     900   10
     901   10
     902   10
     903   10
     904   10
     905   12
     906   12
     907    8
     908   10
     909   10
     910   10
     911   10
     912   10
     913   10
     914   10
     915   10
     916   10
     917   10
     918   10
     919   10
     920   10
     921   10
     922   10
     923    9
     924   10
     925   10
     926    6
     927    1
     928    1
     929    1
     930    1
     931    1
     932    1
     933    1
     934    8
     935    8
     936   12
     937   12
     938   12
     939   12
     940   12
     941    8
     942   12
     943   12
     944    8
     945   12
     946   12
     947    8
     948    8
     949    8
     950    6
     951    6
     952    5
     953    6
     954    8
     955    8
     956   15
     957   15
     958   15
     959   15
     960   15
     961   15
     962   15
     963   15
     964   15
     965   15
     966   15
     967   15
     968   15
     969   15
     970   15
     971   15
     972    8
     973   12
     974   12
     975   12
     976   12
     977   12
     978   12
     979   12
     980   12
     981   12
     982   12
     983   12
     984    6
     985    5
     986    4
     987    4
     988    4
     989    4
     990    5
     991    6
     992    6
     993    5
     994    5
     995    5
     996    6
     997    5
     998    3
     999    3
    1000    3
    1001    3
    1002    3
    1003    1
    1004    1
    1005    1
    1006    1
    1007    1
    1008    1
    1009   12
    1010   12
    1011    7
    1012   10
    1013   10
    1014   10
    1015   10
    1016   12
    1017   12
    1018   12
    1019   12
    1020   12
    1021   12
    1022   10
    1023   10
    1024   10
    1025   10
    1026   10
    1027   10
    1028   10
    1029   10
    1030   10
    1031   12
    1032   12
    1033    7
    1034    7
    1035   12
    1036   12
    1037   12
    1038   12
    1039   12
    1040   12
    1041   12
    1042   12
    1043   12
    1044   12
    1045   12
    1046   12
    1047   12
    1048   12
    1049   12
    1050   12
    1051   12
    1052   12
    1053   12
    1054    8
    1055   12
    1056   12
    1057   12
    1058   12
    1059   12
    1060    8
    1061   12
    1062   12
    1063    8
    1064   12
    1065   12
    1066   12
    1067   12
    1068   10
    1069   10
    1070   10
    1071   10
    1072   10
    1073   10
    1074   10
    1075   10
    1076   10
    1077   10
    1078    9
    1079   10
    1080   10
    1081   10
    1082   10
    1083   10
    1084   10
    1085   10
    1086   10
    1087   10
    1088   10
    1089   10
    1090   10
    1091   10
    1092   10
    1093   10
    1094    9
    1095   10
    1096   10
    1097   10
    1098   10
    1099   10
    1100   10
    1101   10
    1102   10
    1103   10
    1104   10
    1105   10
    1106   10
    1107   10
    1108   10
    1109   10
    1110   10
    1111    6
    1112    5
    1113    5
    1114    3
    1115    1
    1116    1
    1117    1
    1118    1
    1119    1
    1120    1
    1121    1
    1122    1
    1123    1
    1124    1
    1125   12
    1126   12
    1127   12
    1128   10
    1129    9
    1130   12
    1131   12
    1132   12
    1133    7
    1134   10
    1135   10
    1136    6
    1137    6
    1138    5
    1139    3
    1140    3
    1141    3
    1142    3
    1143    1
    1144    1
    1145    1
    1146    5
    1147    1
    1148    1
    1149    1
    1150    1
    1151    1
    1152    1
    1153    1
    1154    1
    1155    1
    1156    1
    1157    1
    1158    1
    1159    1
    1160   12
    1161    8
    1162   12
    1163   12
    1164   12
    1165   12
    1166   12
    1167   12
    1168    1
    1169    8
    1170    8
    1171    8
    1172    7
    1173    1
    1174    1
    1175    1
    1176   12
    1177   12
    1178   12
    1179    1
    1180    7
    1181   12
    1182   12
    1183   12
    1184   12
    1185   12
    1186   12
    1187   12
    1188   12
    1189    7
    1190   12
    1191   12
    1192   12
    1193    8
    1194    7
    1195    8
    1196   12
    1197    1
    1198    5
    1199    6
    1200    6
    1201   12
    1202   12
    1203   12
    1204   12
    1205    8
    1206   12
    1207   12
    1208    7
    1209    4
    1210    6
    1211    5
    1212    5
    1213    3
    1214    3
    1215    1
    1216    3
    1217    3
    1218    3
    1219    1
    1220    1
    1221    1
    1222    1
    1223   12
    1224   12
    1225   12
    1226   12
    1227   12
    1228   10
    1229   10
    1230   10
    1231   10
    1232   12
    1233    8
    1234   11
    1235   11
    1236    9
    1237   12
    1238   12
    1239   12
    1240   12
    1241   12
    1242    1
    1243    1
    1244    1
    1245    1
    1246    1
    1247    1
    1248    1
    1249    1
    1250    1
    1251    1
    1252    1
    1253    1
    1254    1
    1255    1
    1256    1
    1257    1
    1258    1
    1259    3
    1260    5
    1261    3
    1262    5
    1263    1
    1264    3
    1265    5
    1266    6
    1267   12
    1268   12
    1269   12
    1270    6
    1271    6
    1272    5
    1273    3
    1274    3
    1275    1
    1276    1
    1277    1
    1278    1
    1279    1
    1280    1
    1281    1
    1282    1
    1283    1
    1284   12
    1285   12
    1286   12
    1287   12
    1288   10
    1289    9
    1290    9
    1291    9
    1292   11
    1293   11
    1294    9
    1295   11
    1296   11
    1297   11
    1298   11
    1299   11
    1300    9
    1301   11
    1302   11
    1303    9
    1304   11
    1305   11
    1306   11
    1307   11
    1308   11
    1309   11
    1310   11
    1311   11
    1312   11
    1313   11
    1314   11
    1315   11
    1316   12
    1317   12
    1318   12
    1319   12
    1320   12
    1321    7
    1322   12
    1323   12
    1324   12
    1325   12
    1326   12
    1327   12
    1328   12
    1329   12
    1330   12
    1331   12
    1332   12
    1333   12
    1334   12
    1335   12
    1336   12
    1337   12
    1338   12
    1339    8
    1340   12
    1341   12
    1342   12
    1343   12
    1344   12
    1345   12
    1346   12
    1347   12
    1348   12
    1349   12
    1350   12
    1351   12
    1352   12
    1353   12
    1354   12
    1355   12
    1356   12
    1357   12
    1358   12
    1359   12
    1360   12
    1361   12
    1362   12
    1363   12
    1364   11
    1365   11
    1366    9
    1367    9
    1368    8
    1369    8
    1370   12
    1371   12
    1372   12
    1373    8
    1374    8
    1375    8
    1376    8
    1377   10
    1378   10
    1379   10
    1380   10
    1381   10
    1382   10
    1383   10
    1384   10
    1385   10
    1386   11
    1387   11
    1388   11
    1389   11
    1390   11
    1391    9
    1392   10
    1393   10
    1394   10
    1395   10
    1396   10
    1397   10
    1398   10
    1399   10
    1400   10
    1401   10
    1402   10
    1403   10
    1404   10
    1405    7
    1406   12
    1407   12
    1408   12
    1409   12
    1410   12
    1411   12
    1412   12
    1413   12
    1414    8
    1415    7
    1416   10
    1417   10
    1418   10
    1419    8
    1420   10
    1421    8
    1422   10
    1423   10
    1424   10
    1425   10
    1426   10
    1427   10
    1428   10
    1429   10
    1430   10
    1431   10
    1432   10
    1433   10
    1434   12
    1435   12
    1436   12
    1437    7
    1438   10
    1439   10
    1440   10
    1441   10
    1442   10
    1443   10
    1444   10
    1445   10
    1446   10
    1447   10
    1448    9
    1449   10
    1450   10
    1451    6
    1452    6
    1453    1
    1454    1
    1455    1
    1456   12
    1457   12
    1458   12
    1459   12
    1460   12
    1461   12
    1462   12
    1463   12
    1464   10
    1465   10
    1466   10
    1467   10
    1468   10
    1469   10
    1470   10
    1471   10
    1472   10
    1473   10
    1474   10
    1475   10
    1476   10
    1477   10
    1478   10
    1479   10
    1480   12
    1481   12
    1482   12
    1483   12
    1484    1
    1485    1
    1486    1
    1487    1
    1488    1
    1489    1
    1490    1
    1491    1
    1492    6
    1493   12
    1494    8
    1495    7
    1496    8
    1497   12
    1498   12
    1499   12
    1500    8
    1501   12
    1502   11
    1503   11
    1504   11
    1505   10
    1506   10
    1507   10
    1508   10
    1509   10
    1510   10
    1511   10
    1512   10
    1513   10
    1514   10
    1515   10
    1516   10
    1517   10
    1518   10
    1519   10
    1520   10
    1521   10
    1522    8
    1523   12
    1524   10
    1525   10
    1526   10
    1527   10
    1528   10
    1529   10
    1530    6
    1531    5
    1532    1
    1533    1
    1534    1
    1535   12
    1536   12
    1537   12
    1538   12
    1539   12
    1540   12
    1541   12
    1542   12
    1543   12
    1544   12
    1545   12
    1546   12
    1547   12
    1548   12
    1549   10
    1550    9
    1551   10
    1552   10
    1553   10
    1554   10
    1555   10
    1556   10
    1557   10
    1558   10
    1559   10
    1560   10
    1561   10
    1562   10
    1563   10
    1564   10
    1565   10
    1566   10
    1567   10
    1568   10
    1569   10
    1570   10
    1571   10
    1572   10
    1573   10
    1574   10
    1575   10
    1576   10
    1577   10
    1578   10
    1579   10
    1580   10
    1581   10
    1582   10
    1583   10
    1584   10
    1585   10
    1586   10
    1587   10
    1588   10
    1589   10
    1590   10
    1591   10
    1592   10
    1593   10
    1594   10
    1595   10
    1596   10
    1597   10
    1598   10
    1599   10
    1600   10
    1601   10
    1602   10
    1603   10
    1604   10
    1605   10
    1606   10
    1607   10
    1608   10
    1609   10
    1610   10
    1611   10
    1612   10
    1613   12
    1614   12
    1615    1
    1616    1
    1617    1
    1618    1
    1619    1
    1620    6
    1621    5
    1622    1
    1623    5
    1624    6
    1625   10
    1626   10
    1627   10
    1628   10
    1629   10
    1630   10
    1631   10
    1632    6
    1633    5
    1634    4
    1635    4
    1636    4
    1637    4
    1638    4
    1639    4
    1640   12
    1641   12
    1642   12
    1643   12
    1644   12
    1645   12
    1646   12
    1647   12
    1648   12
    1649   12
    1650   12
    1651    8
    1652   12
    1653   12
    1654   12
    1655   12
    1656   12
    1657   12
    1658   12
    1659   12
    1660    7
    1661    6
    1662    3
    1663    3
    1664    1
    1665    1
    1666    1
    1667    1
    1668    1
    1669    1
    1670    5
    1671    1
    1672    1
    1673    5
    1674    1
    1675    1
    1676   12
    1677   12
    1678   12
    1679   12
    1680   12
    1681   12
    1682   12
    1683   12
    1684   12
    1685   12
    1686   10
    1687   10
    1688   10
    1689   13
    1690   13
    1691   13
    1692   13
    1693   13
    1694   13
    1695   13
    1696   13
    1697   13
    1698   13
    1699   13
    1700   13
    1701   13
    1702   13
    1703   13
    1704   13
    1705   13
    1706   13
    1707   13
    1708   13
    1709   13
    1710   13
    1711   13
    1712   13
    1713   13
    1714   13
    1715   13
    1716   13
    1717   13
    1718   13
    1719   13
    1720   13
    1721   13
    1722   13
    1723   13
    1724   13
    1725   13
    1726   13
    1727   13
    1728   13
    1729   13
    1730   13
    1731   13
    1732   13
    1733   13
    1734   13
    1735   13
    1736   13
    1737   13
    1738   13
    1739   13
    1740   13
    1741   13
    1742   13
    1743   13
    1744   13
    1745   10
    1746   10
    1747   13
    1748   13
    1749   13
    1750   13
    1751   13
    1752   13
    1753   13
    1754   13
    1755   13
    1756   13
    1757   13
    1758   10
    1759   10
    1760   10
    1761   10
    1762   10
    1763   10
    1764   10
    1765   10
    1766   10
    1767   10
    1768   12
    1769   12
    1770   12
    1771   12
    1772   12
    1773   12
    1774   12
    1775   12
    1776   12
    1777   12
    1778    8
    1779   12
    1780   12
    1781   12
    1782   12
    1783   12
    1784   12
    1785   12
    1786   12
    1787   12
    1788    7
    1789   12
    1790   12
    1791   12
    1792   12
    1793   12
    1794    1
    1795    1
    1796    1
    1797    1
    1798    6
    1799    5
    1800    5
    1801    6
    1802    3
    1803    3
    1804    3
    1805    3
    1806    3
    1807    5
    1808    6
    1809    6
    1810    6
    1811    6
    1812   12
    1813    8
    1814    7
    1815   12
    1816   12
    1817    8
    1818   12
    1819    8
    1820   12
    1821   12
    1822    8
    1823   12
    1824    8
    1825   12
    1826   12
    1827    8
    1828   12
    1829    8
    1830    7
    1831    8
    1832   12
    1833   12
    1834   12
    1835   12
    1836    8
    1837    8
    1838    8
    1839   12
    1840   10
    1841   10
    1842   10
    1843   10
    1844   10
    1845   10
    1846   10
    1847   10
    1848   10
    1849   10
    1850   10
    1851   10
    1852   10
    1853   10
    1854   10
    1855   10
    1856   10
    1857   10
    1858   10
    1859   10
    1860   10
    1861   10
    1862   10
    1863   10
    1864    9
    1865   10
    1866   10
    1867   10
    1868   10
    1869   10
    1870   10
    1871   12
    1872   12
    1873    1
    1874    1
    1875    1
    1876    1
    1877    1
    1878    1
    1879    1
    1880    1
    1881    3
    1882    5
    1883    6
    1884    1
    1885    1
    1886    1
    1887    1
    1888    1
    1889    5
    1890    6
    1891    7
    1892   12
    1893   12
    1894    8
    1895   12
    1896   12
    1897   12
    1898    8
    1899   12
    1900    6
    1901    5
    1902    5
    1903    6
    1904    6
    1905    6
    1906    5
    1907    5
    1908    6
    1909    6
    1910    6
    1911    5
    1912    3
    1913    3
    1914    5
    1915    6
    1916    6
    1917    5
    1918    6
    1919    6
    1920    5
    1921    3
    1922    1
    1923    1
    1924    5
    1925    2
    1926    2
    1927    2
    1928    2
    1929    1
    1930    1
    1931    1
    1932    5
    1933    6
    1934   12
    1935   12
    1936   12
    1937   12
    1938   12
    1939   12
    1940   12
    1941   12
    1942   12
    1943   12
    1944    8
    1945   12
    1946   12
    1947   12
    1948   12
    1949    7
    1950   12
    1951   12
    1952   12
    1953   12
    1954   12
    1955   12
    1956   12
    1957   12
    1958   12
    1959   12
    1960    6
    1961    5
    1962    3
    1963    1
    1964    1
    1965   12
    1966   12
    1967   12
    1968    1
    1969    6
    1970    9
    1971   10
    1972   10
    1973   10
    1974   10
    1975   10
    1976    8
    1977    7
    1978    6
    1979    5
    1980    1
    1981    1
    1982    1
    1983    1
    1984    1
    1985   14
    1986   14
    1987   14
    1988   12
    1989   12
    1990    1
    1991    1
    1992    1
    1993    2
    1994    5
    1995    1
    1996    1
    1997    3
    1998    5
    1999    5
    2000    6
    2001    3
    2002    3
    2003    5
    2004    5
    2005    6
    2006    6
    2007    8
    2008   12
    2009    6
    2010    7
    2011    8
    2012   15
    2013   15
    2014   15
    2015   15
    2016   15
    2017    7
    2018   12
    2019   12
    2020    8
    2021   12
    2022   12
    2023   10
    2024   10
    2025   10
    2026    9
    2027    9
    2028   10
    2029   10
    2030   10
    2031   10
    2032   10
    2033   10
    2034   10
    2035    8
    2036    8
    2037   12
    2038   12
    2039   12
    2040   12
    2041    8
    2042   12
    2043   12
    2044   12
    2045   12
    2046   12
    2047   12
    2048   12
    2049   12
    2050   12
    2051   12
    2052   12
    2053   12
    2054    7
    2055    1
    2056    1
    2057    1
    2058    1
    2059    1
    2060    1
    2061    1
    2062    1
    2063    1
    2064    3
    2065    3
    2066    3
    2067    5
    2068    5
    2069    6
    2070    1
    2071    1
    2072    1
    2073    1
    2074    1
    2075    1
    2076    1
    2077    1
    2078    1
    2079    1
    2080    5
    2081    6
    2082    5
    2083    5
    2084    5
    2085    5
    2086    6
    2087    5
    2088    5
    2089    5
    2090    6
    2091    6
    2092    6
    2093    6
    2094    5
    2095    6
    2096    7
    2097    8
    2098   12
    2099    7
    2100    7
    2101    7
    2102   12
    2103    8
    2104    8
    2105   12
    2106   12
    2107   12
    2108   12
    2109   12
    2110   12
    2111   12
    2112    9
    2113   12
    2114   12
    2115   12
    2116   12
    2117   12
    2118    6
    2119    6
    2120    5
    2121    3
    2122    3
    2123    5
    2124    5
    2125    3
    2126    3
    2127    3
    2128    3
    2129    3
    2130    3
    2131    5
    2132    5
    2133    3
    2134    3
    2135    3
    2136    3
    2137    3
    2138    3
    2139    3
    2140    1
    2141    3
    2142    3
    2143    1
    2144    1
    2145   12
    2146    8
    2147    7
    2148    1
    2149    1
    2150    7
    2151   12
    2152   12
    2153   12
    2154   12
    2155    8
    2156    8
    2157   12
    2158   12
    2159    8
    2160   12
    2161   12
    2162   11
    2163   12
    2164   12
    2165   11
    2166   11
    2167   11
    2168   11
    2169   11
    2170   11
    2171   11
    2172   11
    2173   11
    2174   10
    2175   10
    2176   10
    2177   10
    2178   10
    2179   10
    2180   10
    2181   10
    2182   12
    2183    7
    2184   12
    2185   12
    2186   12
    2187   10
    2188   10
    2189   10
    2190   10
    2191    9
    2192    8
    2193    8
    2194   12
    2195   12
    2196    1
    2197    1
    2198    1
    2199    1
    2200    1
    2201    1
    2202    1
    2203    1
    2204    1
    2205    3
    2206    4
    2207    4
    2208    4
    2209    4
    2210    6
    2211   12
    2212   12
    2213   12
    2214   12
    2215    9
    2216    9
    2217    9
    2218    6
    2219    9
    2220   12
    2221   12
    2222    1
    2223    1
    2224    1
    2225    1
    2226    1
    2227    1
    2228    1
    2229    1
    2230    1
    2231    3
    2232    6
    2233    8
    2234    8
    2235    8
    2236    7
    2237    6
    2238    5
    2239    1
    2240    5
    2241    6
    2242    3
    2243    1
    2244    1
    2245    1
    2246    1
    2247    1
    2248    3
    2249    3
    2250    5
    2251    6
    2252   11
    2253   11
    2254   11
    2255   11
    2256   11
    2257   12
    2258   12
    2259   12
    2260   12
    2261   12
    2262    8
    2263   12
    2264    7
    2265   12
    2266    8
    2267   12
    2268    8
    2269   12
    2270   12
    2271   12
    2272   12
    2273   12
    2274   12
    2275   12
    2276   12
    2277   12
    2278    7
    2279    8
    2280    6
    2281    6
    2282    1
    2283    1
    2284    1
    2285    1
    2286    1
    2287    1
    2288   12
    2289    7
    2290   12
    2291   12
    2292   12
    2293   12
    2294    7
    2295    8
    2296   12
    2297   12
    2298   12
    2299    6
    2300    5
    2301    2
    2302    2
    2303    2
    2304    2
    2305    2
    2306   11
    2307   11
    2308   11
    2309   11
    2310   11
    2311   11
    2312   11
    2313   11
    2314   11
    2315   11
    2316   11
    2317   11
    2318   11
    2319   11
    2320   11
    2321   11
    2322   11
    2323   11
    2324   11
    2325   11
    2326   11
    2327   11
    2328   11
    2329   10
    2330   10
    2331   10
    2332   10
    2333   10
    2334   10
    2335   10
    2336   10
    2337   10
    2338   10
    2339   10
    2340   10
    2341   10
    2342   10
    2343   10
    2344   11
    2345   11
    2346   11
    2347   11
    2348   11
    2349   11
    2350   11
    2351   11
    2352   11
    2353   11
    2354   11
    2355   11
    2356   11
    2357   11
    2358   11
    2359   11
    2360   11
    2361   11
    2362   10
    2363   10
    2364   10
    2365   10
    2366   10
    2367   10
    2368   10
    2369   10
    2370   10
    2371   10
    2372   10
    2373   10
    2374   10
    2375   10
    2376   10
    2377   12
    2378    6
    2379    6
    2380    5
    2381    3
    2382    3
    2383    3
    2384    3
    2385    5
    2386    3
    2387    1
    2388    3
    2389    3
    2390    1
    2391    1
    2392    3
    2393    3
    2394    3
    2395    3
    2396    3
    2397    1
    2398    1
    2399    1
    2400    1
    2401    1
    2402    1
    2403    1
    2404   12
    2405    9
    2406   10
    2407   10
    2408   10
    2409   10
    2410   10
    2411   10
    2412   10
    2413   10
    2414   10
    2415   10
    2416   10
    2417   10
    2418   10
    2419    8
    2420    8
    2421    8
    2422   12
    2423   12
    2424    8
    2425   12
    2426   12
    2427   12
    2428   12
    2429   12
    2430    8
    2431   12
    2432    7
    2433    8
    2434    7
    2435    1
    2436    1
    2437    1
    2438    1
    2439    1
    2440    5
    2441    6
    2442   10
    2443   10
    2444   10
    2445    9
    2446    9
    2447    9
    2448    9
    2449   10
    2450   10
    2451   10
    2452   10
    2453   10
    2454   10
    2455   10
    2456   10
    2457   10
    2458   10
    2459   10
    2460   10
    2461   10
    2462   10
    2463   10
    2464   10
    2465   10
    2466   10
    2467   10
    2468   10
    2469   10
    2470   10
    2471   10
    2472   10
    2473   10
    2474   10
    2475   10
    2476   10
    2477   10
    2478   10
    2479   10
    2480   10
    2481   10
    2482   10
    2483   10
    2484   10
    2485   10
    2486   10
    2487   10
    2488   10
    2489   10
    2490   10
    2491   10
    2492   10
    2493   10
    2494   10
    2495   10
    2496   13
    2497   13
    2498   13
    2499   13
    2500   13
    2501   13
    2502   13
    2503   13
    2504   13
    2505   13
    2506   13
    2507   13
    2508   13
    2509   13
    2510   10
    2511   10
    2512   10
    2513   10
    2514   10
    2515   10
    2516   10
    2517   10
    2518   10
    2519   10
    2520   10
    2521   10
    2522   10
    2523   10
    2524   10
    2525   10
    2526   10
    2527   10
    2528   10
    2529   10
    2530   10
    2531   12
    2532   12
    2533   12
    2534   10
    2535   10
    2536   10
    2537   10
    2538   10
    2539   10
    2540   10
    2541   10
    2542   10
    2543   10
    2544   10
    2545   10
    2546   10
    2547   10
    2548   13
    2549   13
    2550   13
    2551   13
    2552   13
    2553   13
    2554   13
    2555   13
    2556   13
    2557   13
    2558   13
    2559   13
    2560   13
    2561   13
    2562   13
    2563   13
    2564   13
    2565   13
    2566   13
    2567   13
    2568   13
    2569   13
    2570   13
    2571   13
    2572   13
    2573   13
    2574   13
    2575   13
    2576   13
    2577   13
    2578   13
    2579   13
    2580   10
    2581   10
    2582   10
    2583   10
    2584   10
    2585   10
    2586   10
    2587   13
    2588   13
    2589   12
    2590   12
    2591   12
    2592   12
    2593   12
    2594   12
    2595   10
    2596   10
    2597   10
    2598    9
    2599   11
    2600   12
    2601   12
    2602   12
    2603   12
    2604   12
    2605   12
    2606   10
    2607   10
    2608   10
    2609   10
    2610   10
    2611   10
    2612   10
    2613   10
    2614   10
    2615   10
    2616   10
    2617   10
    2618   10
    2619   10
    2620   10
    2621   10
    2622   10
    2623   10
    2624   10
    2625   10
    2626   10
    2627   10
    2628   12
    2629   12
    2630   12
    2631    1
    2632    1
    2633    1
    2634    1
    2635    1
    2636    1
    2637    6
    2638    6
    2639   12
    2640   10
    2641   10
    2642   10
    2643   10
    2644   10
    2645   10
    2646   10
    2647   10
    2648   10
    2649   10
    2650   10
    2651   10
    2652   10
    2653   10
    2654   10
    2655   10
    2656   10
    2657   10
    2658    9
    2659   11
    2660   11
    2661   11
    2662   11
    2663    9
    2664   10
    2665   10
    2666   10
    2667   10
    2668   12
    2669   12
    2670   12
    2671   12
    2672   12
    2673    1
    2674    2
    2675    6
    2676    6
    2677    8
    2678   12
    2679   12
    2680   12
    2681   12
    2682   12
    2683    6
    2684    5
    2685    1
    2686    1
    2687    1
    2688    1
    2689    1
    2690    1
    2691    1
    2692    1
    2693    1
    2694    1
    2695    1
    2696    1
    2697    1
    2698    6
    2699    1
    2700    1
    2701    1
    2702    1
    2703    1
    2704    1
    2705    8
    2706   12
    2707    8
    2708   12
    2709   12
    2710   12
    2711   12
    2712   12
    2713   12
    2714   12
    2715   12
    2716   12
    2717   12
    2718   12
    2719   12
    2720   12
    2721    8
    2722   12
    2723   12
    2724   12
    2725   12
    2726    1
    2727    1
    2728    1
    2729    1
    2730    1
    2731    1
    2732    1
    2733    1
    2734    3
    2735    3
    2736    3
    2737    3
    2738    3
    2739    5
    2740    3
    2741    3
    2742    3
    2743    3
    2744    3
    2745    3
    2746    5
    2747    5
    2748    6
    2749    5
    2750    5
    2751    5
    2752    5
    2753    6
    2754    6
    2755    8
    2756    7
    2757   12
    2758    7
    2759    7
    2760    7
    2761    7
    2762    8
    2763   12
    2764   12
    2765   12
    2766   12
    2767   12
    2768   12
    2769   12
    2770   12
    2771   12
    2772   12
    2773   12
    2774   12
    2775   12
    2776   12
    2777   12
    2778   12
    2779   12
    2780   12
    2781   12
    2782    1
    2783    5
    2784    3
    2785    5
    2786    5
    2787    5
    2788    6
    2789    6
    2790    1
    2791    1
    2792    1
    2793    1
    2794    1
    2795    1
    2796    1
    2797    6
    2798    1
    2799    1
    2800    1
    2801    1
    2802    1
    2803    1
    2804    3
    2805    6
    2806    1
    2807    1
    2808    5
    2809    6
    2810   10
    2811   10
    2812   10
    2813   10
    2814   10
    2815   10
    2816   10
    2817    7
    2818   12
    2819    7
    2820    8
    2821    6
    2822    5
    2823    3
    2824    1
    2825    1
    2826    6
    2827    8
    2828   12
    2829   12
    2830   12
    2831   12
    2832   12
    2833   12
    2834   12
    2835   10
    2836   10
    2837   10
    2838    9
    2839   10
    2840   10
    2841   10
    2842   10
    2843   10
    2844   10
    2845   10
    2846   10
    2847   10
    2848    9
    2849    1
    2850    1
    2851    1
    2852    1
    2853    1
    2854    1
    2855    1
    2856    2
    2857    6
    2858    7
    2859    6
    2860    1
    2861    1
    2862    1
    2863    1
    2864    2
    2865   11
    2866   11
    2867   11
    2868   10
    2869   10
    2870   10
    2871   10
    2872   10
    2873   10
    2874   10
    2875   10
    2876   11
    2877   11
    2878   11
    2879   11
    2880   11
    2881   11
    2882   11
    2883   11
    2884   11
    2885   11
    2886   11
    2887   10
    2888   10
    2889   10
    2890   10
    2891   11
    2892   11
    2893   11
    2894   11
    2895   11
    2896   11
    2897   11
    2898    9
    2899   11
    2900   11
    2901   11
    2902   11
    2903   11
    2904   11
    2905   11
    2906   11
    2907   11
    2908   11
    2909   11
    2910   11
    2911   11
    2912   11
    2913   11
    2914   11
    2915   11
    2916   11
    2917    9
    2918   11
    2919   11
    2920   11
    2921   11
    2922   11
    2923   11
    2924   11
    2925   11
    2926   11
    2927   11
    2928   10
    2929   10
    2930   10
    2931   10
    2932   10
    2933   10
    2934    6
    2935    3
    2936    1
    2937    1
    2938    1
    2939    1
    2940    1
    2941    1
    2942    1
    2943    1
    2944    1
    2945    7
    2946   12
    2947   12
    2948    1
    2949    6
    2950    3
    2951    6
    2952    6
    2953   12
    2954    9
    2955    9
    2956   11
    2957   11
    2958    9
    2959   12
    2960    7
    2961   10
    2962    6
    2963    6
    2964    6
    2965    7
    2966    8
    2967   11
    2968   11
    2969   11
    2970   11
    2971   11
    2972   11
    2973   11
    2974   11
    2975   11
    2976    9
    2977   11
    2978   11
    2979   11
    2980   11
    2981   11
    2982   11
    2983   11
    2984   11
    2985   10
    2986   10
    2987   10
    2988   10
    2989   10
    2990   10
    2991   10
    2992   10
    2993   10
    2994    9
    2995   11
    2996    9
    2997   11
    2998   11
    2999   11
    3000   11
    3001   11
    3002   11
    3003   12
    3004   12
    3005   12
    3006   12
    3007   12
    3008   11
    3009   11
    3010   11
    3011   11
    3012   11
    3013   11
    3014   11
    3015   10
    3016   10
    3017   10
    3018   10
    3019   10
    3020   12
    3021   12
    3022    6
    3023    4
    3024    4
    3025    4
    3026   12
    3027   12
    3028   12
    3029   12
    3030   12
    3031   12
    3032   12
    3033    1
    3034   12
    3035   12
    3036   12
    3037   12
    3038   12
    3039   12
    3040   12
    3041   12
    3042   12
    3043   12
    3044   12
    3045   12
    3046   12
    3047   12
    3048   12
    3049   12
    3050   12
    3051   12
    3052   12
    3053   12
    3054   12
    3055   12
    3056   12
    3057    1
    3058    1
    3059    1
    3060    1
    3061    1
    3062    1
    3063   12
    3064   12
    3065    7
    3066    8
    3067    1
    3068    1
    3069    6
    3070    1
    3071    1
    3072    1
    3073    1
    3074    1
    3075    5
    3076    1
    3077    1
    3078    1
    3079    1
    3080    1
    3081    1
    3082    1
    3083    1
    3084    1
    3085    1
    3086    6
    3087    3
    3088    5
    3089    5
    3090    6
    3091    6
    3092    8
    3093    8
    3094   12
    3095   12
    3096    7
    3097    8
    3098   12
    3099   10
    3100   10
    3101   10
    3102   10
    3103   10
    3104   11
    3105   11
    3106   11
    3107    9
    3108    6
    3109    1
    3110    1
    3111    3
    3112    3
    3113    3
    3114    6
    3115    6
    3116   12
    3117    7
    3118    6
    3119    5
    3120    6
    3121    1
    3122    1
    3123    6
    3124   12
    3125   12
    3126    1
    3127    1
    3128    1
    3129    5
    3130    5
    3131    5
    3132    6
    3133    5
    3134    1
    3135    1
    3136    1
    3137    1
    3138    1
    3139    1
    3140    1
    3141    1
    3142    1
    3143    1
    3144    1
    3145    6
    3146    6
    3147    1
    3148    1
    3149    6
    3150    1
    3151    5
    3152    6
    3153    5
    3154    1
    3155    1
    3156    1
    3157    1
    3158    1
    3159    1
    3160    3
    3161    3
    3162    5
    3163    6
    3164    7
    3165    6
    3166   12
    3167   12
    3168   12
    3169   12
    3170   12
    3171   12
    3172   12
    3173    2
    3174    6
    3175    6
    3176    6
    3177   12
    3178    6
    3179    5
    3180    2
    3181    2
    3182    6
    3183    5
    3184    1
    3185   12
    3186   12
    3187   12
    3188   12
    3189    7
    3190   12
    3191   12
    3192    7
    3193   12
    3194   12
    3195   12
    3196   12
    3197    9
    3198    9
    3199   11
    3200    9
    3201    6
    3202    3
    3203    3
    3204    3
    3205    3
    3206    3
    3207    3
    3208    6
    3209    3
    3210    3
    3211    3
    3212    3
    3213    3
    3214    3
    3215    3
    3216    3
    3217    3
    3218    1
    3219    1
    3220    1
    3221    1
    3222    1
    3223    1
    3224    1
    3225    1
    3226    1
    3227    1
    3228    1
    3229    1
    3230    6
    3231    6
    3232    5
    3233    9
    3234    9
    3235    9
    3236    6
    3237   12
    3238    6
    3239    7
    3240   12
    3241    7
    3242    6
    3243   12
    3244    6
    3245   12
    3246   12
    3247    2
    3248    2
    3249    1
    3250    3
    3251    3
    3252    6
    3253    5
    3254    5
    3255    1
    3256    1
    3257   12
    3258   12
    3259    7
    3260   12
    3261   12
    3262   12
    3263    8
    3264    8
    3265   12
    3266   12
    3267   12
    3268   12
    3269   12
    3270    1
    3271    1
    3272    1
    3273    1
    3274   12
    3275   12
    3276   12
    3277   12
    3278    8
    3279   12
    3280    6
    3281    6
    3282    6
    3283    2
    3284    7
    3285   12
    3286    8
    3287    7
    3288    1
    3289    1
    3290    1
    3291    1
    3292    3
    3293    3
    3294    6
    3295    6
    3296    3
    3297    1
    3298    1
    3299    1
    3300    6
    3301    5
    3302    3
    3303    3
    3304    3
    3305    5
    3306    5
    3307    3
    3308    3
    3309    3
    3310    3
    3311    6
    3312    5
    3313    1
    3314    1
    3315   12
    3316   12
    3317   12
    3318   12
    3319   12
    3320   12
    3321   12
    3322    7
    3323    5
    3324    1
    3325    7
    3326   12
    3327   12
    3328   12
    3329   12
    3330   12
    3331   12
    3332   12
    3333   12
    3334    8
    3335    6
    3336    6
    3337   12
    3338   12
    3339   12
    3340   12
    3341   12
    3342   12
    3343   12
    3344   12
    3345   12
    3346   12
    3347   12
    3348   12
    3349   12
    3350   12
    3351   12
    3352   12
    3353   12
    3354   12
    3355   12
    3356   12
    3357   12
    3358   12
    3359   12
    3360   12
    3361   12
    3362    8
    3363   12
    3364   12
    3365    8
    3366    8
    3367   12
    3368    1
    3369    1
    3370    1
    3371    1
    3372    1
    3373    3
    3374    6
    3375    4
    3376    5
    3377    5
    3378    1
    3379    1
    3380    1
    3381    3
    3382    3
    3383    3
    3384    1
    3385    3
    3386    3
    3387    5
    3388    6
    3389    5
    3390    6
    3391   12
    3392   12
    3393   12
    3394   12
    3395   12
    3396   12
    3397   12
    3398   12
    3399   12
    3400    8
    3401   12
    3402   12
    3403   12
    3404   10
    3405   10
    3406   10
    3407   10
    3408   10
    3409   10
    3410   12
    3411   12
    3412    1
    3413    1
    3414    1
    3415    1
    3416    1
    3417    1
    3418    1
    3419    1
    3420    1
    3421    5
    3422    6
    3423   12
    3424   12
    3425    6
    3426    6
    3427    1
    3428    1
    3429    1
    3430    5
    3431    6
    3432    3
    3433    1
    3434    1
    3435    1
    3436    1
    3437    1
    3438    1
    3439    1
    3440    1
    3441    5
    3442    6
    3443    8
    3444    8
    3445    7
    3446    7
    3447    8
    3448    8
    3449    8
    3450    9
    3451   11
    3452   11
    3453   11
    3454   11
    3455    9
    3456   10
    3457   10
    3458   10
    3459   10
    3460    9
    3461   11
    3462    9
    3463   11
    3464   11
    3465   11
    3466   11
    3467   11
    3468    9
    3469   12
    3470   12
    3471    1
    3472    1
    3473    1
    3474    1
    3475    1
    3476    1
    3477    1
    3478    3
    3479    3
    3480    3
    3481    3
    3482    3
    3483    3
    3484    5
    3485    3
    3486    3
    3487    6
    3488    5
    3489    5
    3490    6
    3491    7
    3492   12
    3493   12
    3494   12
    3495   12
    3496   12
    3497   12
    3498   12
    3499   12
    3500   12
    3501   12
    3502   12
    3503   12
    3504    8
    3505    8
    3506    7
    3507    8
    3508    8
    3509   12
    3510   12
    3511   12
    3512   12
    3513   10
    3514    8
    3515    8
    3516   10
    3517   10
    3518   10
    3519   10
    3520   10
    3521   10
    3522   10
    3523   10
    3524   12
    3525   12
    3526   12
    3527   12
    3528    1
    3529    1
    3530    1
    3531    1
    3532    1
    3533    6
    3534    6
    3535    6
    3536   12
    3537   12
    3538   12
    3539   10
    3540   10
    3541   10
    3542   10
    3543   10
    3544   12
    3545    6
    3546    5
    3547    4
    3548    5
    3549    5
    3550    1
    3551    1
    3552    1
    3553    1
    3554    1
    3555    1
    3556    1
    3557    1
    3558    1
    3559   12
    3560   12
    3561   10
    3562   10
    3563   10
    3564   10
    3565   10
    3566   10
    3567   10
    3568   10
    3569   10
    3570   10
    3571   10
    3572    8
    3573   12
    3574   12
    3575   12
    3576    6
    3577   10
    3578   10
    3579   10
    3580   10
    3581   10
    3582   10
    3583   10
    3584   10
    3585   10
    3586   10
    3587   10
    3588   10
    3589   10
    3590   10
    3591   10
    3592   10
    3593   10
    3594   10
    3595   10
    3596   10
    3597   10
    3598    9
    3599   10
    3600   10
    3601   10
    3602    6
    3603    6
    3604    5
    3605    6
    3606   10
    3607   10
    3608   10
    3609   10
    3610   10
    3611   10
    3612   10
    3613    9
    3614    2
    3615    5
    3616    5
    3617    6
    3618    5
    3619    6
    3620   12
    3621    7
    3622    7
    3623   10
    3624   10
    3625   10
    3626   10
    3627   10
    3628   10
    3629   10
    3630   10
    3631   10
    3632   10
    3633   10
    3634   10
    3635   10
    3636   10
    3637   10
    3638   10
    3639   10
    3640   10
    3641   10
    3642   10
    3643   10
    3644   10
    3645   10
    3646   10
    3647   10
    3648   10
    3649   10
    3650   10
    3651   10
    3652   10
    3653   10
    3654   10
    3655   10
    3656   10
    3657   10
    3658   10
    3659   10
    3660   10
    3661   10
    3662   10
    3663   10
    3664   10
    3665   10
    3666   10
    3667   10
    3668   10
    3669   10
    3670   10
    3671   10
    3672   10
    3673   10
    3674   10
    3675   10
    3676   10
    3677   10
    3678   10
    3679   10
    3680   10
    3681   10
    3682   10
    3683   10
    3684   10
    3685   10
    3686   10
    3687   10
    3688   10
    3689   10
    3690   10
    3691   10
    3692   10
    3693   10
    3694   10
    3695   10
    3696   10
    3697   10
    3698   10
    3699   10
    3700   10
    3701   10
    3702   10
    3703   10
    3704   10
    3705   10
    3706   10
    3707   10
    3708   10
    3709   10
    3710   10
    3711   13
    3712   13
    3713   13
    3714   13
    3715   13
    3716   13
    3717   13
    3718   13
    3719   13
    3720   13
    3721   13
    3722   13
    3723   13
    3724   13
    3725   13
    3726   13
    3727   13
    3728   13
    3729   13
    3730   13
    3731   13
    3732   13
    3733   13
    3734   13
    3735   13
    3736   13
    3737   13
    3738   13
    3739   13
    3740   13
    3741   13
    3742   13
    3743   13
    3744   13
    3745   13
    3746   13
    3747   13
    3748   13
    3749   13
    3750   13
    3751   13
    3752   13
    3753   13
    3754   13
    3755   13
    3756   13
    3757   13
    3758   13
    3759   13
    3760   13
    3761   13
    3762   13
    3763   13
    3764   13
    3765   10
    3766   10
    3767   13
    3768   13
    3769   13
    3770   13
    3771   13
    3772   13
    3773   13
    3774   13
    3775   13
    3776   13
    3777   13
    3778   13
    3779   13
    3780   13
    3781   13
    3782   13
    3783   13
    3784   13
    3785   13
    3786   13
    3787   13
    3788   13
    3789   13
    3790   13
    3791   13
    3792   13
    3793   13
    3794   13
    3795   13
    3796   13
    3797   13
    3798   13
    3799   13
    3800   13
    3801   13
    3802   13
    3803   13
    3804   13
    3805   13
    3806   13
    3807   13
    3808   13
    3809   13
    3810   13
    3811   13
    3812   13
    3813   13
    3814   13
    3815   13
    3816   13
    3817   13
    3818   13
    3819   13
    3820   13
    3821   13
    3822   13
    3823   13
    3824   13
    3825   13
    3826   13
    3827   13
    3828   13
    3829   13
    3830   13
    3831   13
    3832   13
    3833   13
    3834   13
    3835   13
    3836   13
    3837   13
    3838   13
    3839   13
    3840   13
    3841   13
    3842   13
    3843   13
    3844   13
    3845   13
    3846   13
    3847   13
    3848   13
    3849   13
    3850   13
    3851   13
    3852   13
    3853   13
    3854   13
    3855   13
    3856   13
    3857   13
    3858   13
    3859   13
    3860   13
    3861   13
    3862   13
    3863   13
    3864   13
    3865   13
    3866   13
    3867   13
    3868   13
    3869   13
    3870   13
    3871   13
    3872   13
    3873   13
    3874   13
    3875   13
    3876   13
    3877   13
    3878   13
    3879   13
    3880   13
    3881   13
    3882   13
    3883   13
    3884   13
    3885   13
    3886   13
    3887   13
    3888   13
    3889   13
    3890   13
    3891   13
    3892   13
    3893   13
    3894   13
    3895   13
    3896   13
    3897   13
    3898   13
    3899   13
    3900   13
    3901   13
    3902   13
    3903   13
    3904   13
    3905   13
    3906   13
    3907   13
    3908   13
    3909   13
    3910   13
    3911   13
    3912   13
    3913   13
    3914   13
    3915   13
    3916   13
    3917   13
    3918   10
    3919    7
    3920    8
    3921   12
    3922   12
    3923   13
    3924   13
    3925   13
    3926   13
    3927   13
    3928   13
    3929   13
    3930   13
    3931   13
    3932   13
    3933   13
    3934   13
    3935   13
    3936   13
    3937   13
    3938   13
    3939   13
    3940   12
    3941   12
    3942    8
    3943    8
    3944   12
    3945   12
    3946   12
    3947   13
    3948   13
    3949   13
    3950   13
    3951   13
    3952   13
    3953   13
    3954   13
    3955   13
    3956   13
    3957   13
    3958   13
    3959   13
    3960   13
    3961   13
    3962   13
    3963   13
    3964   13
    3965   13
    3966   13
    3967   13
    3968   13
    3969   13
    3970   13
    3971   13
    3972   13
    3973   13
    3974   13
    3975   13
    3976   13
    3977   13
    3978   13
    3979   13
    3980   13
    3981   13
    3982   13
    3983   13
    3984   13
    3985   13
    3986   13
    3987   13
    3988   13
    3989   13
    3990   13
    3991   13
    3992   13
    3993   13
    3994   13
    3995   13
    3996   13
    3997   13
    3998   13
    3999   13
    4000   13
    4001   13
    4002   13
    4003   13
    4004   13
    4005   13
    4006   13
    4007   13
    4008   13
    4009   13
    4010   13
    4011   13
    4012   13
    4013   13
    4014   13
    4015   13
    4016   13
    4017   13
    4018   13
    4019   13
    4020   13
    4021   13
    4022   13
    4023   13
    4024   13
    4025   13
    4026   13
    4027   13
    4028   13
    4029   13
    4030   13
    4031   13
    4032   13
    4033   13
    4034   13
    4035   13
    4036   13
    4037   13
    4038   13
    4039   13
    4040   13
    4041   13
    4042   13
    4043   13
    4044   13
    4045   13
    4046   13
    4047   13
    4048   13
    4049   13
    4050   13
    4051   13
    4052   13
    4053   13
    4054   13
    4055   13
    4056   13
    4057   13
    4058   13
    4059   13
    4060   13
    4061   13
    4062   13
    4063   13
    4064   13
    4065   13
    4066   13
    4067   13
    4068   13
    4069   13
    4070   13
    4071   13
    4072   13
    4073   13
    4074   13
    4075   13
    4076   13
    4077   13
    4078   13
    4079   13
    4080   13
    4081   13
    4082   13
    4083   13
    4084   13
    4085   13
    4086   13
    4087   13
    4088   13
    4089   10
    4090   10
    4091   10
    4092   10
    4093   10
    4094    8
    4095   12
    4096   12
    4097   12
    4098   12
    4099   12
    4100   10
    4101   10
    4102   10
    4103   10
    4104   10
    4105   10
    4106   10
    4107   10
    4108   10
    4109   10
    4110   10
    4111   10
    4112   12
    4113   12
    4114   12
    4115    8
    4116   12
    4117   12
    4118   12
    4119    8
    4120   12
    4121   12
    4122   12
    4123   12
    4124    8
    4125    8
    4126    8
    4127   15
    4128   15
    4129   15
    4130   15
    4131   15
    4132   15
    4133   15
    4134   15
    4135    8
    4136    8
    4137   12
    4138    7
    4139    7
    4140   15
    4141   15
    4142   15
    4143    7
    4144   15
    4145   15
    4146   15
    4147   15
    4148   15
    4149   15
    4150   15
    4151   15
    4152   15
    4153   15
    4154   15
    4155   10
    4156   10
    4157   10
    4158   10
    4159   10
    4160   10
    4161   10
    4162   10
    4163   10
    4164   10
    4165   10
    4166   10
    4167   10
    4168   10
    4169   10
    4170   10
    4171   10
    4172   10
    4173   10
    4174   10
    4175   10
    4176   10
    4177   10
    4178   10
    4179   10
    4180   10
    4181   10
    4182   10
    4183   10
    4184   10
    4185   10
    4186   13
    4187   13
    4188   13
    4189   13
    4190   13
    4191   13
    4192   13
    4193   13
    4194   13
    4195   13
    4196   13
    4197   13
    4198   13
    4199   13
    4200   13
    4201   13
    4202   13
    4203   13
    4204   13
    4205   13
    4206   13
    4207   13
    4208   13
    4209   13
    4210   13
    4211   13
    4212   13
    4213   13
    4214   13
    4215   13
    4216   13
    4217   13
    4218   13
    4219   13
    4220   13
    4221   13
    4222   13
    4223   13
    4224   13
    4225   13
    4226   13
    4227   13
    4228   13
    4229   13
    4230   10
    4231   12
    4232   12
    4233   12
    4234   12
    4235    7
    4236    8
    4237    8
    4238    8
    4239    8
    4240    7
    4241   12
    4242   12
    4243   12
    4244   12
    4245   12
    4246    8
    4247    7
    4248   12
    4249   10
    4250   13
    4251   13
    4252   13
    4253   13
    4254   13
    4255   13
    4256   13
    4257   13
    4258   13
    4259   13
    4260   13
    4261   13
    4262   13
    4263   13
    4264   13
    4265   13
    4266   13
    4267   13
    4268   13
    4269   13
    4270   13
    4271   13
    4272   13
    4273   13
    4274   13
    4275   13
    4276   13
    4277   13
    4278   13
    4279   13
    4280   13
    4281    8
    4282    7
    4283    8
    4284   12
    4285   12
    4286   12
    4287   12
    4288   12
    4289    8
    4290   13
    4291   13
    4292   13
    4293   13
    4294   13
    4295   13
    4296   13
    4297   13
    4298   13
    4299   13
    4300   13
    4301   13
    4302   13
    4303   13
    4304   13
    4305   13
    4306   13
    4307   13
    4308   13
    4309   13
    4310   13
    4311   13
    4312   13
    4313   13
    4314   13
    4315   13
    4316   13
    4317   13
    4318   13
    4319   13
    4320   13
    4321   13
    4322   13
    4323   13
    4324   13
    4325   13
    4326   13
    4327   13
    4328   13
    4329   13
    4330   13
    4331   13
    4332   13
    4333   13
    4334    9
    4335   11
    4336   12
    4337   12
    4338   12
    4339   12
    4340   12
    4341   12
    4342   12
    4343   12
    4344   12
    4345   12
    4346   12
    4347   12
    4348   12
    4349   12
    4350    8
    4351    7
    4352    7
    4353   12
    4354    8
    4355   12
    4356   12
    4357   12
    4358   15
    4359    8
    4360    8
    4361    8
    4362    8
    4363   12
    4364    8
    4365   12
    4366   12
    4367   12
    4368    8
    4369   13
    4370   13
    4371   13
    4372   13
    4373   13
    4374   13
    4375   13
    4376   13
    4377   13
    4378   13
    4379   13
    4380   13
    4381   13
    4382   13
    4383   13
    4384   13
    4385   13
    4386   13
    4387   13
    4388   13
    4389   13
    4390   13
    4391   13
    4392   13
    4393   13
    4394   13
    4395   13
    4396   13
    4397   13
    4398   13
    4399   13
    4400   13
    4401   13
    4402   13
    4403   13
    4404   13
    4405   13
    4406   13
    4407   13
    4408   13
    4409   13
    4410   13
    4411   13
    4412   13
    4413   13
    4414   13
    4415   13
    4416   13
    4417   13
    4418   13
    4419   13
    4420   13
    4421   13
    4422   13
    4423   13
    4424   13
    4425   13
    4426   13
    4427   13
    4428   13
    4429   13
    4430   13
    4431   13
    4432   13
    4433   13
    4434   13
    4435   13
    4436   13
    4437   13
    4438   13
    4439   13
    4440   13
    4441   13
    4442   13
    4443   13
    4444   13
    4445   13
    4446   13
    4447   13
    4448   13
    4449   13
    4450   13
    4451   13
    4452   13
    4453   13
    4454   13
    4455   13
    4456   13
    4457   13
    4458   13
    4459   13
    4460   13
    4461   12
    4462   12
    4463   12
    4464   12
    4465    8
    4466   12
    4467   12
    4468   12
    4469   12
    4470   12
    4471    6
    4472    6
    4473    4
    4474   12
    4475   12
    4476   12
    4477   12
    4478    8
    4479   12
    4480   12
    4481   12
    4482   12
    4483   12
    4484   12
    4485   12
    4486   12
    4487   12
    4488   12
    4489   12
    4490   12
    4491    7
    4492    8
    4493   13
    4494   13
    4495   13
    4496   13
    4497   13
    4498   13
    4499   13
    4500   13
    4501   13
    4502   13
    4503   13
    4504   13
    4505   13
    4506   13
    4507   13
    4508   13
    4509   13
    4510   13
    4511   13
    4512   13
    4513   13
    4514   13
    4515   13
    4516   13
    4517   13
    4518   13
    4519   10
    4520   10
    4521    8
    4522    7
    4523   12
    4524   12
    4525   12
    4526   12
    4527   12
    4528   12
    4529   12
    4530    8
    4531   12
    4532    8
    4533   10
    4534   10
    4535   13
    4536   13
    4537   13
    4538   13
    4539   13
    4540   13
    4541   13
    4542   13
    4543   13
    4544   13
    4545   13
    4546   13
    4547   13
    4548   13
    4549   13
    4550   13
    4551   13
    4552   13
    4553   13
    4554   13
    4555   13
    4556   13
    4557   13
    4558   13
    4559   13
    4560   13
    4561   13
    4562   13
    4563   13
    4564   13
    4565   13
    4566   13
    4567   13
    4568   13
    4569   13
    4570   13
    4571   13
    4572   13
    4573   13
    4574   13
    4575   13
    4576   13
    4577   13
    4578   13
    4579   13
    4580   13
    4581   13
    4582   13
    4583   13
    4584   13
    4585   13
    4586   13
    4587   13
    4588   13
    4589   13
    4590   13
    4591   13
    4592   13
    4593   13
    4594   13
    4595   13
    4596   13
    4597   13
    4598   13
    4599   13
    4600   13
    4601   13
    4602   13
    4603   13
    4604   13
    4605   13
    4606   13
    4607   13
    4608   13
    4609   13
    4610   13
    4611   13
    4612   13
    4613   13
    4614   13
    4615   13
    4616   13
    4617   13
    4618   13
    4619   13
    4620   13
    4621   13
    4622   13
    4623   13
    4624   13
    4625   13
    4626   13
    4627   10
    4628   10
    4629   10
    4630   10
    4631   10
    4632   12
    4633   12
    4634   12
    4635   12
    4636   12
    4637   12
    4638   12
    4639   10
    4640   10
    4641   10
    4642   10
    4643   10
    4644   10
    4645   10
    4646   10
    4647   10
    4648   13
    4649   13
    4650   13
    4651   13
    4652   13
    4653   13
    4654   13
    4655   13
    4656   13
    4657   13
    4658   13
    4659   13
    4660   13
    4661   13
    4662   13
    4663   13
    4664   13
    4665   13
    4666   13
    4667   13
    4668   13
    4669   13
    4670   13
    4671   13
    4672   13
    4673   13
    4674   13
    4675   13
    4676   13
    4677   13
    4678   13
    4679   13
    4680   13
    4681   13
    4682   13
    4683   13
    4684   13
    4685   13
    4686   13
    4687   13
    4688   13
    4689   13
    4690   13
    4691   13
    4692   13
    4693   13
    4694   13
    4695   13
    4696   13
    4697   13
    4698   13
    4699   13
    4700   13
    4701   13
    4702   13
    4703   13
    4704   13
    4705   10
    4706   10
    4707   10
    4708   10
    4709   10
    4710   12
    4711   12
    4712   12
    4713   12
    4714   12
    4715   12
    4716   12
    4717   12
    4718   10
    4719   10
    4720   10
    4721   12
    4722   12
    4723   12
    4724    1
    4725    1
    4726    1
    4727    1
    4728    1
    4729    1
    4730    3
    4731    3
    4732    5
    4733    3
    4734    6
    4735    5
    4736    6
    4737   12
    4738   12
    4739   12
    4740   12
    4741   12
    4742   12
    4743    7
    4744   10
    4745   10
    4746   12
    4747   12
    4748   12
    4749   12
    4750   12
    4751    8
    4752    8
    4753    6
    4754    6
    4755    4
    4756    4
    4757    4
    4758    4
    4759    6
    4760    4
    4761    4
    4762    4
    4763    6
    4764    5
    4765    6
    4766    6
    4767    6
    4768    5
    4769    6
    4770    3
    4771    3
    4772    5
    4773    1
    4774    1
    4775    1
    4776    1
    4777    1
    4778    1
    4779    8
    4780   12
    4781   11
    4782   11
    4783    9
    4784   11
    4785   11
    4786   11
    4787   11
    4788   11
    4789   11
    4790   11
    4791   11
    4792   11
    4793    9
    4794    9
    4795   11
    4796    9
    4797    9
    4798   11
    4799   11
    4800   11
    4801   11
    4802   11
    4803   11
    4804   11
    4805   11
    4806    9
    4807   11
    4808   12
    4809    1
    4810    1
    4811    3
    4812    6
    4813    7
    4814    8
    4815    8
    4816    7
    4817    7
    4818   12
    4819   12
    4820    8
    4821    8
    4822    7
    4823    6
    4824    8
    4825    8
    4826   12
    4827    8
    4828    8
    4829    7
    4830    8
    4831    7
    4832   12
    4833    7
    4834    6
    4835    7
    4836    7
    4837    7
    4838   12
    4839   12
    4840    7
    4841   12
    4842   12
    4843    7
    4844    8
    4845   12
    4846   12
    4847   12
    4848   12
    4849    8
    4850    8
    4851    6
    4852    6
    4853    5
    4854    2
    4855   12
    4856   12
    4857    8
    4858    7
    4859    7
    4860   12
    4861   12
    4862   12
    4863   12
    4864   12
    4865    6
    4866    5
    4867    3
    4868    1
    4869    1
    4870    1
    4871    1
    4872    1
    4873    1
    4874    7
    4875    8
    4876   12
    4877   12
    4878   12
    4879   12
    4880    9
    4881   10
    4882    8
    4883   12
    4884   10
    4885   10
    4886    9
    4887   12
    4888   12
    4889   12
    4890   12
    4891   12
    4892   12
    4893   12
    4894   12
    4895    8
    4896    8
    4897   12
    4898   12
    4899   12
    4900    8
    4901    7
    4902    7
    4903   12
    4904    8
    4905    8
    4906    7
    4907    8
    4908   12
    4909    8
    4910   12
    4911   12
    4912    6
    4913    8
    4914   12
    4915    7
    4916    8
    4917   12
    4918   12
    4919   12
    4920    6
    4921    7
    4922    6
    4923    7
    4924    6
    4925    6
    4926    6
    4927    5
    4928    5
    4929    3
    4930    3
    4931    3
    4932    3
    4933    1
    4934    1
    4935    6
    4936    6
    4937    5
    4938    5
    4939    3
    4940    3
    4941    3
    4942    3
    4943    3
    4944    3
    4945    3
    4946    3
    4947    3
    4948    3
    4949    3
    4950    5
    4951    3
    4952    3
    4953    3
    4954    1
    4955    1
    4956    1
    4957    1
    4958    1
    4959   14
    4960   14
    4961   14
    4962   14
    4963   14
    4964   10
    4965   10
    4966   10
    4967    9
    4968   10
    4969   10
    4970   10
    4971   10
    4972   10
    4973   10
    4974   10
    4975   10
    4976   10
    4977   10
    4978   10
    4979   10
    4980   10
    4981   10
    4982   10
    4983   10
    4984   10
    4985   10
    4986   10
    4987   10
    4988   10
    4989   10
    4990   10
    4991   10
    4992   10
    4993   10
    4994   10
    4995   10
    4996   10
    4997   10
    4998   10
    4999   10
    5000   10
