-1	0
-1	0
-1	0
-1	0
-1	0
-1	0
-1	0
-1	0
-1	0
-1	0
-1	0
-1	0
-1	0
-1	0
-1	0
-1	1
-1	1
-1	1
-1	1
-1	1
-1	1
-1	1
-1	1
-1	1
-1	1
-1	1
-1	1
-1	1
-1	1
0	1
0	2
1	2
1	2
1	2
1	2
2	2
2	3
2	3
2	3
2	3
3	3
3	4
3	4
3	4
3	4
3	4
3	4
3	4
3	4
3	4
3	4
3	4
3	4
3	4
3	4
4	4
4	4
4	4
4	4
4	4
4	4
4	4
4	4
4	4
4	4
4	4
4	4
4	4
4	4
4	4
4	4
4	4
4	4
4	4
4	4
4	4
4	4
4	4
4	4
4	4
4	4
4	4
4	4
4	4
4	4
4	4
4	4
4	4
4	4
4	4
4	4
4	4
4	4
4	4
4	4
4	4
4	4
4	4
4	4
4	4
5	4
5	5
5	5
5	5
5	5
5	5
5	5
5	5
5	5
5	5
5	5
5	5
5	5
5	5
5	5
5	5
5	5
5	5
5	5
5	5
5	5
5	6
5	6
5	6
6	6
6	7
6	7
6	7
6	7
6	7
6	7
6	7
6	7
6	7
6	7
6	7
6	7
6	7
6	7
6	7
6	7
6	7
6	7
6	7
6	7
6	7
6	7
6	7
6	7
6	7
6	7
6	7
6	7
6	7
6	7
6	7
6	7
6	7
6	7
6	7
6	7
6	7
6	7
6	7
6	7
6	7
6	7
6	7
6	7
6	7
6	7
6	7
6	7
7	7
7	8
8	8
8	9
8	9
8	9
8	9
8	9
8	9
8	9
8	9
8	9
8	9
8	9
8	9
8	9
8	9
8	9
8	9
8	9
8	9
8	9
8	9
8	9
8	9
8	9
8	9
8	9
8	9
8	9
8	9
8	9
8	9
8	9
8	9
8	9
8	9
8	9
8	9
8	9
8	9
8	9
8	9
8	9
8	9
8	9
8	9
8	9
8	9
8	9
8	9
8	9
8	9
8	9
8	9
8	9
8	9
8	9
8	9
8	9
8	9
8	9
8	9
8	9
8	9
8	9
8	9
8	9
8	9
8	9
8	9
8	9
8	9
8	9
8	9
8	9
8	9
8	9
8	9
8	9
8	9
8	9
8	9
8	9
8	9
8	9
8	9
8	9
8	9
8	9
8	9
8	9
8	9
8	9
8	9
8	9
8	9
8	9
8	9
8	9
8	9
8	9
8	9
8	9
8	9
8	9
8	9
8	9
8	9
8	9
8	9
8	9
8	9
8	9
8	9
8	9
8	9
8	9
8	9
8	9
8	9
8	9
8	9
8	9
8	9
8	9
8	9
8	9
8	9
8	9
8	9
8	9
8	9
8	9
8	9
8	9
8	9
8	9
8	9
8	9
8	9
8	9
8	9
8	9
8	9
8	9
8	9
8	9
8	9
8	9
8	9
8	9
8	9
8	9
8	9
8	9
8	9
8	9
8	9
8	9
8	9
8	9
8	9
8	9
8	9
8	9
8	9
8	9
8	9
8	9
8	9
8	9
8	9
8	9
8	9
8	9
8	9
8	9
8	9
8	9
8	9
8	9
8	9
8	9
8	9
8	9
8	9
8	9
8	9
8	9
8	9
8	9
8	9
8	9
8	9
8	9
8	9
8	9
8	9
8	9
8	9
8	9
8	9
8	9
8	9
8	9
8	9
8	9
8	9
8	9
8	9
8	9
8	9
8	9
8	9
8	9
8	9
8	9
8	9
8	9
8	9
8	9
8	9
8	9
8	9
8	9
8	9
8	9
8	9
8	9
8	9
8	9
8	9
8	9
8	9
8	9
8	9
8	9
8	9
8	9
8	9
8	9
8	9
8	9
8	9
8	9
8	9
8	9
8	9
8	9
8	9
8	9
8	9
8	9
8	9
8	9
8	9
8	9
8	9
8	9
8	9
8	9
8	9
8	9
8	9
8	9
8	9
8	9
8	9
8	9
8	9
8	9
8	9
8	9
8	9
8	9
8	9
8	9
8	9
8	9
8	9
8	9
8	9
8	9
8	9
8	9
8	9
8	9
8	9
8	9
8	9
8	9
8	9
8	9
8	9
8	9
8	9
8	9
8	9
8	9
8	9
8	9
8	9
8	9
8	9
8	9
8	9
8	9
8	9
8	9
8	9
8	9
8	9
8	9
8	9
8	9
8	9
9	9
9	10
9	10
9	10
9	10
9	10
9	10
9	10
9	10
9	10
9	10
9	10
9	10
9	10
9	10
9	10
9	10
9	10
9	10
9	10
9	10
9	10
9	10
9	10
9	10
9	10
9	10
9	10
9	10
9	10
9	10
9	10
9	10
9	10
9	10
9	10
9	10
9	10
9	10
9	10
9	10
9	10
9	10
9	10
9	10
9	10
9	10
9	10
9	10
9	10
9	10
9	10
9	10
9	10
9	10
9	10
9	10
9	10
9	10
9	10
9	10
9	10
9	10
9	10
9	10
9	10
9	10
9	10
9	10
9	10
9	10
9	10
9	10
9	10
9	10
9	10
9	10
9	10
9	10
9	10
9	10
9	10
9	10
9	10
9	10
9	10
9	10
9	10
9	10
9	10
9	10
9	10
9	10
9	10
9	10
9	10
9	10
9	10
9	10
9	10
9	10
9	10
9	10
9	10
9	10
9	10
9	10
9	10
9	10
9	10
9	10
9	10
9	10
9	10
9	10
9	10
9	10
9	10
9	10
9	10
9	10
9	10
9	10
9	10
9	10
9	10
9	10
9	10
9	10
9	10
9	10
9	10
9	10
9	10
9	10
9	10
9	10
9	10
9	10
9	10
9	10
9	10
9	10
9	10
9	10
9	10
9	10
9	10
9	10
9	10
9	10
9	10
9	10
9	10
9	10
9	10
9	10
9	10
9	10
9	10
9	10
9	10
9	10
9	10
9	10
9	10
9	10
9	10
9	10
9	10
9	10
9	10
9	10
9	10
9	10
9	10
9	10
9	10
9	10
9	10
9	10
9	10
9	10
9	10
9	10
9	10
9	10
9	10
9	10
9	10
9	10
9	10
9	10
9	10
9	10
9	10
9	10
9	10
9	10
9	10
9	10
9	10
9	10
9	10
9	10
9	10
9	10
9	10
9	10
9	10
9	10
9	10
9	10
9	10
9	10
9	10
9	10
9	10
9	10
9	10
9	10
9	10
9	10
9	10
9	10
9	10
9	10
9	10
9	10
9	10
9	10
9	10
9	10
9	10
9	10
9	10
9	10
9	10
9	10
9	10
9	10
9	10
9	10
9	10
9	10
9	10
9	10
9	10
9	10
9	10
9	10
9	10
9	10
9	10
9	10
9	10
9	10
9	10
9	10
9	10
9	10
9	10
9	10
9	10
9	10
9	10
9	10
9	10
9	10
9	10
9	10
9	10
9	10
9	10
9	10
9	10
9	10
9	10
9	10
9	10
9	10
9	10
9	10
9	10
9	10
9	10
9	10
9	10
9	10
9	10
9	10
9	10
9	10
9	10
9	10
9	10
9	10
9	10
9	10
9	10
9	10
9	10
9	10
9	10
9	10
9	10
9	10
9	10
9	10
9	10
9	10
9	10
9	10
9	10
9	10
9	10
9	10
9	10
9	10
9	10
9	10
9	10
9	10
9	10
9	10
10	10
10	11
10	11
10	11
10	11
11	11
11	12
11	12
11	12
11	12
11	12
11	12
11	12
11	12
11	12
11	12
11	12
11	12
11	12
11	12
11	12
11	12
11	12
11	12
11	12
11	12
11	12
11	12
11	12
12	12
13	13
13	14
13	14
14	14
14	14
14	14
14	14
14	14
14	14
14	14
14	14
14	14
14	14
14	14
14	14
14	14
14	14
14	14
14	14
14	14
14	14
14	14
14	14
14	14
14	14
14	14
14	14
14	14
14	14
14	14
14	14
14	14
14	14
14	14
14	14
14	14
14	14
14	14
14	14
14	14
14	14
14	14
14	14
14	14
14	14
14	14
14	14
14	14
14	14
14	14
14	14
14	14
15	14
15	15
15	15
15	15
15	15
15	15
15	15
15	15
15	15
15	15
15	15
15	15
15	15
15	15
15	15
15	15
15	15
15	15
15	15
15	15
15	15
15	15
15	15
15	15
15	15
15	15
15	15
15	15
15	15
15	15
15	15
15	15
15	15
15	15
15	15
15	15
15	15
15	15
15	15
15	15
15	15
16	15
16	15
16	15
16	15
16	15
16	15
16	15
16	15
16	15
16	15
16	15
16	15
16	15
16	15
16	15
16	15
16	15
16	15
16	15
16	15
16	15
16	15
16	15
16	15
16	15
16	15
16	15
16	15
16	15
16	15
16	15
16	15
16	15
16	15
16	15
16	15
16	15
16	15
16	15
16	15
16	15
16	15
16	15
16	15
16	15
16	15
16	15
16	15
16	15
16	15
16	15
16	15
16	15
16	15
16	15
16	15
16	15
16	15
16	15
16	15
16	15
16	16
16	16
16	16
16	16
17	16
17	17
17	17
17	17
17	17
17	17
17	17
17	17
17	17
17	17
17	17
17	17
17	17
17	17
17	17
17	17
17	17
17	17
17	17
17	17
17	17
17	17
17	17
17	17
17	17
17	17
17	17
17	17
17	17
17	17
17	17
17	17
17	17
17	17
17	17
17	17
17	17
17	17
17	17
17	17
17	17
17	17
17	17
17	17
17	17
17	17
17	17
17	17
17	17
17	17
17	17
17	17
17	17
17	17
17	17
17	17
17	17
17	17
17	17
17	17
17	17
17	17
17	17
17	17
17	17
17	17
17	17
17	17
17	17
17	17
17	17
17	17
17	17
17	17
17	17
17	17
17	17
17	17
17	17
17	17
17	17
17	17
17	17
17	17
17	17
17	17
17	17
17	17
17	17
17	17
17	17
17	17
17	18
17	18
17	18
17	18
17	18
17	18
17	18
17	18
17	18
17	18
17	18
17	18
17	18
17	18
17	18
17	18
17	18
17	18
17	18
17	18
17	18
17	18
17	18
17	18
17	18
17	18
17	18
17	18
17	18
17	18
17	18
17	18
17	18
17	18
17	18
17	18
17	18
17	18
17	18
17	18
17	18
17	18
17	18
17	18
17	18
17	18
17	18
17	18
17	18
17	18
17	18
17	18
17	18
18	18
18	19
19	19
19	19
19	19
19	19
19	19
19	19
19	19
19	19
19	19
19	19
19	19
19	19
19	19
19	19
19	19
19	19
19	19
19	19
20	19
20	19
20	19
20	19
20	19
20	19
20	19
20	19
20	19
20	19
20	19
20	19
20	19
20	19
21	19
21	20
21	20
21	20
21	20
21	20
21	20
21	20
21	20
21	20
21	20
21	20
21	20
21	20
21	20
21	20
22	20
22	21
22	21
22	21
22	21
22	21
22	21
22	21
22	21
22	21
22	21
22	21
22	21
22	21
22	21
22	21
22	21
22	21
22	21
22	22
22	22
22	22
22	22
22	22
22	22
22	22
22	22
23	22
23	23
23	23
23	23
23	23
23	23
23	23
23	23
23	23
23	23
23	23
23	23
23	23
23	23
23	23
23	23
23	23
23	23
23	23
23	23
23	24
23	24
23	24
23	24
23	24
23	24
23	24
23	24
23	24
23	24
23	24
23	24
23	24
23	24
23	24
23	24
23	24
23	24
23	24
23	24
23	24
23	24
23	24
24	24
24	25
24	25
24	25
24	25
24	25
24	25
24	25
24	26
24	26
24	26
24	26
24	26
24	26
24	26
24	26
24	26
24	26
24	26
24	26
24	26
25	26
25	27
25	27
25	27
25	27
25	27
25	27
25	27
25	27
25	27
25	27
25	27
25	27
25	27
25	27
25	27
25	27
25	27
25	27
25	27
25	27
26	27
26	28
26	28
26	28
26	28
26	28
26	28
26	28
26	28
26	28
26	28
26	28
26	28
26	28
26	28
26	28
26	28
26	28
26	28
26	28
26	28
26	28
26	28
26	28
26	28
26	28
26	29
26	29
26	29
26	29
26	29
26	29
26	29
26	29
26	29
26	29
26	29
27	29
27	30
27	30
27	30
27	30
27	30
27	30
27	30
27	30
27	30
27	30
27	30
27	30
27	30
27	30
27	30
27	30
27	30
28	30
28	31
28	31
28	31
28	31
28	31
28	31
28	31
28	31
28	31
28	31
28	31
28	31
28	31
28	31
28	31
28	31
28	31
28	31
28	32
28	32
28	32
28	32
28	32
28	32
28	32
28	32
28	32
28	32
28	32
29	32
29	33
29	33
29	33
29	33
29	33
29	33
30	33
30	33
30	33
30	33
30	33
30	33
30	33
30	33
30	33
30	33
30	33
30	33
30	33
30	33
30	33
30	33
30	33
30	33
30	33
30	33
30	33
30	33
30	33
30	33
30	33
30	33
30	33
30	33
30	33
30	33
30	33
30	33
30	33
30	33
30	33
30	33
30	33
30	33
30	33
30	33
30	33
30	33
30	33
30	33
30	33
30	33
30	33
30	33
30	33
30	33
30	33
30	33
30	33
30	33
30	33
30	33
30	33
30	33
30	33
30	33
30	33
30	33
30	33
30	33
30	33
30	33
30	33
30	33
30	33
30	33
30	33
30	33
30	33
30	33
30	33
30	33
30	33
31	33
31	33
31	33
31	33
31	33
31	33
31	33
31	33
31	33
31	33
31	33
31	33
31	33
31	33
31	33
31	33
31	33
31	33
31	33
31	33
31	33
31	33
31	33
31	33
31	33
31	33
31	33
31	33
31	33
32	33
32	33
32	33
32	33
32	33
32	33
32	33
32	33
32	33
32	33
32	33
32	33
32	33
32	33
32	33
32	33
32	33
32	33
32	33
32	33
32	33
32	33
32	33
32	33
32	33
32	33
32	33
32	33
32	33
32	33
32	33
32	33
32	34
32	34
32	34
32	35
33	35
33	36
33	36
33	36
33	36
33	36
33	36
33	36
33	36
33	36
33	36
33	36
33	36
33	36
33	36
33	36
33	36
33	36
33	36
33	36
33	36
33	36
33	36
33	36
33	36
33	36
34	36
34	36
34	36
34	36
34	36
34	36
34	36
34	36
34	36
34	36
34	36
34	36
34	36
34	36
34	36
34	36
34	36
35	36
35	37
35	37
35	37
35	37
35	37
35	37
35	37
35	37
35	37
35	37
35	37
35	37
35	37
35	37
35	37
35	37
35	37
35	37
35	38
35	38
35	38
36	38
36	39
37	39
37	39
37	39
37	39
37	39
37	39
37	39
37	39
37	39
37	39
37	39
37	39
37	39
37	39
37	39
37	39
37	39
37	39
37	39
37	39
37	39
37	39
37	39
37	39
37	39
38	39
38	39
38	39
38	39
38	39
38	39
38	39
38	39
38	39
38	39
38	39
38	39
38	39
38	39
38	39
38	39
38	39
38	39
38	39
38	39
38	39
38	39
38	39
38	39
38	39
38	39
38	39
38	39
38	39
38	39
38	39
38	39
38	39
38	39
38	39
38	39
38	39
38	39
38	39
38	39
38	39
38	39
38	39
38	39
38	39
38	39
38	39
38	39
38	39
38	39
38	39
38	39
38	39
38	39
38	39
38	39
38	39
38	39
38	39
38	39
38	39
38	39
38	39
38	39
38	39
38	39
38	39
38	39
38	39
38	39
38	39
38	39
38	39
38	39
38	39
38	39
38	39
38	39
38	39
38	39
38	39
38	39
38	39
38	39
38	39
38	39
38	39
38	39
38	39
38	39
38	39
38	39
38	39
38	39
39	39
39	39
39	39
39	39
39	39
39	39
39	39
39	39
39	39
39	39
39	39
39	39
39	39
39	39
39	39
39	39
39	39
39	39
39	39
39	39
39	39
39	39
39	39
39	39
39	39
39	39
39	39
39	39
39	39
39	39
39	39
39	39
39	39
39	39
39	39
39	39
39	39
39	39
39	39
39	39
39	39
39	39
39	39
39	39
39	39
39	39
39	39
39	39
39	39
39	39
39	39
39	40
39	40
39	40
39	40
39	40
39	40
39	40
39	40
40	40
40	40
40	40
40	40
40	40
40	40
40	40
40	40
40	40
40	40
40	40
40	40
40	40
40	40
40	40
40	40
40	40
40	40
40	40
40	40
40	40
40	40
40	40
40	40
40	40
40	40
40	40
40	40
40	40
40	40
40	40
40	40
40	40
40	40
40	40
40	40
40	40
40	40
40	40
40	40
40	40
40	40
40	40
40	40
40	40
40	40
40	40
40	40
40	40
40	40
40	40
40	40
40	40
40	40
40	40
40	40
40	40
40	40
40	40
40	40
40	40
40	40
40	40
41	40
41	41
41	41
41	41
41	41
41	41
41	41
41	41
41	41
42	41
42	42
43	42
43	42
43	42
43	42
43	42
43	42
43	42
43	42
43	42
43	42
43	42
43	42
43	42
43	42
43	42
43	42
43	42
43	42
43	42
43	42
43	42
43	42
43	42
43	42
43	42
43	42
43	42
43	42
43	42
43	42
43	42
43	42
43	42
43	42
43	42
43	42
43	42
43	42
43	42
43	42
43	42
43	42
43	42
43	42
43	42
43	42
43	42
43	42
43	42
43	42
44	42
44	43
44	43
44	43
44	43
44	43
44	43
44	43
44	43
44	43
44	43
44	43
44	43
44	43
44	43
44	43
44	43
44	43
44	43
44	43
44	43
44	43
44	43
44	43
44	43
44	43
44	43
44	44
44	44
44	44
44	44
44	44
44	44
44	44
44	44
44	44
44	44
44	44
44	44
44	44
44	44
44	44
44	45
44	45
44	45
45	45
45	46
45	46
45	47
45	47
45	47
45	47
45	47
46	47
46	47
46	47
46	47
46	47
46	47
46	47
46	47
46	47
46	47
46	47
46	47
46	47
46	47
46	47
46	47
46	47
46	47
46	47
46	47
46	47
46	47
46	47
46	47
46	47
46	47
46	47
47	47
47	47
47	47
47	47
47	47
47	47
47	47
47	47
47	47
47	47
47	47
47	47
47	47
47	47
47	47
47	47
47	47
47	47
47	47
47	47
47	47
47	47
47	47
47	47
47	47
47	47
47	47
47	47
47	47
47	47
47	47
47	47
47	47
47	47
47	47
48	47
48	48
48	48
48	48
48	48
48	48
48	48
48	48
48	48
48	48
48	48
48	49
48	49
48	49
48	49
48	49
48	49
48	49
48	49
48	49
48	49
48	49
48	49
48	49
48	49
48	49
48	49
48	49
48	49
48	49
48	49
48	49
48	49
48	49
48	49
48	49
48	49
48	49
48	49
48	49
48	49
48	49
48	49
48	49
48	49
48	49
48	49
48	49
48	49
48	49
48	49
48	49
48	49
48	49
48	49
48	49
48	49
48	49
48	49
48	49
48	49
48	49
48	49
48	50
48	50
48	50
48	50
48	50
48	50
48	50
48	50
48	50
48	50
48	50
48	50
48	50
48	50
48	50
48	50
48	50
48	50
48	50
48	50
48	50
48	50
48	50
48	50
48	50
48	50
48	50
48	50
48	50
48	50
48	50
49	50
49	50
49	50
49	50
49	50
49	50
49	50
49	50
49	50
49	50
49	50
49	50
49	50
49	50
49	50
49	51
49	51
50	51
50	51
50	51
50	51
50	51
50	51
50	51
51	51
51	52
51	52
51	52
51	52
51	52
51	52
51	52
51	52
51	52
51	52
51	52
51	52
51	52
52	52
52	52
52	52
52	52
52	52
52	52
52	52
53	52
53	52
53	52
53	52
53	52
53	52
53	52
54	52
54	52
55	52
55	53
56	53
56	54
56	54
57	54
57	54
57	54
57	54
57	54
57	54
57	54
57	54
57	54
57	54
57	54
57	54
57	54
57	54
57	54
57	54
57	54
57	54
57	54
57	54
57	54
57	54
57	54
57	54
57	54
57	54
57	54
57	54
57	54
57	54
57	54
57	54
57	54
57	54
57	54
57	54
57	54
57	54
57	54
57	54
57	54
57	54
57	54
57	54
57	54
57	54
57	54
57	54
57	54
57	54
57	54
57	55
57	55
57	55
57	55
57	55
57	55
57	55
57	55
57	55
57	55
57	55
57	55
57	55
57	55
57	55
57	55
57	55
57	55
57	55
57	55
57	55
57	55
57	55
57	55
58	56
58	56
58	57
58	58
58	58
58	58
58	58
58	58
58	58
58	58
58	58
58	58
58	58
59	58
60	58
60	59
60	59
60	59
60	59
60	59
60	59
60	59
60	59
60	59
60	59
60	59
61	59
61	59
61	59
61	59
62	60
62	60
62	60
62	60
62	60
62	60
62	60
62	60
62	60
62	60
62	60
62	60
62	60
62	60
62	61
62	61
62	61
62	61
62	61
62	61
62	61
63	61
63	62
63	62
63	62
63	62
63	62
63	62
63	62
63	63
63	63
63	63
63	63
63	63
63	63
63	63
63	63
63	63
63	63
63	63
63	63
63	63
63	63
63	63
63	63
63	63
63	63
63	63
63	63
63	63
63	63
63	63
63	63
63	63
63	63
63	63
63	63
63	63
63	63
63	63
63	63
63	63
63	63
63	63
63	63
63	63
63	63
63	63
63	63
63	63
63	63
63	63
63	63
63	63
63	63
63	63
63	63
63	63
63	63
63	63
63	63
63	63
63	63
63	64
63	64
63	64
63	64
63	64
63	64
63	64
63	64
63	64
63	64
63	64
63	64
63	64
63	64
63	64
63	64
63	64
63	64
63	64
63	64
63	64
63	64
63	64
63	64
63	64
63	64
63	64
63	64
63	64
63	64
63	64
63	64
63	64
63	64
63	64
64	64
64	64
64	65
64	65
64	65
64	65
64	65
64	65
64	65
64	65
65	65
65	66
65	66
65	66
65	66
65	66
65	66
65	66
65	66
65	66
65	66
65	66
65	66
65	66
65	66
65	66
65	66
65	66
65	66
65	66
65	66
65	66
65	66
65	66
65	66
65	66
65	66
65	66
65	66
65	66
65	66
65	66
65	66
65	66
65	66
65	66
65	66
65	66
65	66
65	66
65	66
65	66
65	66
65	66
65	66
65	66
65	66
65	66
65	66
65	66
65	66
65	66
65	66
65	66
65	66
65	66
65	66
65	66
65	66
65	66
65	66
65	66
65	66
65	66
65	66
65	66
65	66
65	66
65	66
65	67
65	67
65	67
65	67
65	67
65	67
65	67
65	67
65	67
65	67
65	67
65	67
65	67
65	67
65	67
65	67
65	67
65	67
65	67
65	67
65	67
65	67
65	67
65	67
65	67
65	67
65	67
65	67
65	67
65	67
65	67
65	67
65	67
65	67
65	67
65	67
65	67
65	67
65	67
65	67
66	67
66	68
66	68
66	68
66	68
66	68
66	68
66	68
66	68
66	68
66	68
66	68
66	68
66	68
66	68
66	68
67	68
68	69
68	70
68	70
69	70
69	70
69	70
69	70
69	70
69	70
69	70
69	70
69	70
69	70
69	70
69	70
69	70
69	70
69	70
69	70
69	70
69	70
69	70
69	70
69	70
69	70
69	70
69	70
69	70
69	70
69	70
69	70
69	70
69	70
69	70
69	70
69	70
69	70
69	70
69	70
69	70
69	70
69	70
69	70
69	70
69	70
69	70
69	70
69	70
69	70
69	70
69	70
69	70
69	70
69	70
69	70
69	70
69	70
69	70
69	70
69	70
69	70
69	70
69	70
69	70
69	70
69	70
69	70
69	70
69	70
69	70
69	70
69	70
70	70
70	71
70	71
70	71
70	71
70	71
70	71
70	71
70	71
70	71
70	71
70	71
70	71
70	71
70	71
70	71
70	71
70	71
70	71
70	71
70	71
70	71
70	71
70	71
70	71
70	71
70	71
70	71
70	71
70	71
70	71
70	71
70	71
70	71
70	71
70	71
70	71
70	71
70	71
70	71
70	71
70	71
70	71
70	71
70	71
70	71
70	71
70	71
70	71
70	71
70	71
70	71
70	71
70	71
70	71
70	71
70	71
70	72
70	72
70	72
70	72
70	72
70	72
70	73
70	73
70	73
70	73
70	73
70	73
70	73
70	73
70	73
70	73
70	73
70	73
70	73
70	73
70	73
70	73
71	73
71	74
71	74
71	74
71	74
71	74
71	74
71	74
71	74
71	74
71	74
71	74
71	74
71	74
71	74
71	74
71	74
71	74
71	74
71	74
71	74
71	74
71	74
71	74
71	74
71	74
71	74
71	74
71	74
71	74
71	74
71	74
71	74
71	74
71	74
71	74
71	74
71	74
71	74
71	74
71	74
71	74
71	74
71	74
71	74
71	74
71	74
71	74
71	74
71	74
71	74
71	74
71	74
71	74
71	74
71	74
71	74
71	74
71	74
71	74
71	74
71	74
71	74
71	74
71	74
71	74
71	74
71	74
71	74
71	74
71	74
71	74
71	74
71	74
71	74
71	74
71	74
71	74
71	74
71	74
71	74
71	74
71	74
71	74
71	74
71	74
71	74
71	74
71	74
71	74
71	74
71	74
71	74
71	74
71	74
71	74
71	74
71	74
71	74
71	74
71	74
71	74
71	74
71	74
71	74
71	74
71	74
71	74
71	74
71	74
71	74
71	74
71	74
71	74
71	74
71	74
71	74
71	74
71	74
71	74
71	74
71	74
71	74
71	74
71	74
71	74
71	74
71	74
71	74
71	74
71	74
71	74
71	74
71	74
71	74
71	74
71	74
71	74
71	74
71	74
71	74
71	74
71	74
71	74
71	74
71	74
71	74
72	74
72	74
72	74
72	74
72	74
72	74
72	74
72	74
72	74
72	74
72	74
72	74
72	74
72	74
72	74
72	74
72	74
72	74
72	74
72	74
72	74
72	74
72	74
72	74
72	74
72	74
72	74
72	74
72	74
72	74
72	75
72	75
72	75
72	75
72	75
72	75
72	75
72	75
72	75
72	75
72	75
72	75
72	75
72	75
72	75
72	75
72	75
72	75
72	75
72	75
72	75
72	75
72	75
72	75
72	75
72	75
72	75
72	75
72	75
72	76
72	76
72	76
72	76
72	76
72	76
72	76
72	76
72	76
72	76
72	76
72	76
72	76
72	76
72	76
72	76
72	76
72	76
73	76
73	77
73	77
73	77
73	77
73	77
73	77
73	77
73	77
73	77
73	77
73	77
73	77
73	77
73	77
73	77
73	77
73	77
73	77
73	77
73	77
73	77
73	77
73	77
73	77
74	77
74	77
74	77
74	77
74	77
74	77
74	77
74	77
74	77
74	77
74	77
74	77
74	77
74	77
74	77
74	77
74	77
74	77
74	77
74	77
74	77
74	77
74	77
74	77
74	77
74	77
74	77
75	77
75	78
75	78
75	78
75	78
75	78
75	78
75	78
75	78
75	78
75	78
75	78
75	78
75	79
75	79
75	79
75	79
75	79
75	79
75	79
76	79
76	80
76	80
76	80
76	80
77	80
77	81
77	81
77	81
77	81
77	81
77	81
77	81
77	81
77	81
77	81
77	81
77	81
77	81
77	81
77	81
77	81
77	81
78	81
78	81
78	81
78	81
78	81
78	81
78	81
78	81
78	81
78	81
78	81
78	81
78	81
78	81
78	81
78	81
78	81
78	81
78	81
78	81
78	81
78	81
78	81
78	81
78	81
78	82
78	82
78	82
78	82
78	82
79	82
79	82
79	82
79	82
79	82
79	82
79	82
79	82
79	82
79	82
79	82
79	82
79	82
79	82
79	82
79	82
79	82
79	82
79	82
79	82
79	82
79	82
79	82
79	82
79	82
79	82
79	82
79	82
79	82
79	82
79	82
79	82
79	82
79	82
79	82
79	82
79	82
79	82
79	82
79	82
79	82
79	82
79	82
79	82
79	82
80	82
80	82
80	82
80	82
80	82
80	82
81	82
81	83
81	83
81	83
81	83
81	83
81	83
81	83
81	83
81	83
81	83
81	83
81	83
81	83
81	83
81	83
81	83
81	83
81	83
81	83
81	83
81	83
81	83
81	83
81	83
81	83
81	83
81	83
81	83
81	83
81	83
81	83
81	83
81	83
81	83
81	83
81	83
81	83
81	83
81	83
81	83
81	83
81	83
81	83
81	83
81	83
81	83
81	83
81	83
81	83
81	83
81	83
81	83
81	83
81	83
81	83
81	83
81	83
81	83
81	83
81	83
81	83
81	83
81	83
81	83
81	83
81	83
81	83
81	83
81	83
81	83
81	83
81	83
81	83
81	83
81	83
81	83
81	83
81	83
81	83
81	83
81	83
81	83
81	83
81	83
81	83
82	83
82	84
82	84
82	84
82	84
82	84
82	84
82	84
82	84
82	84
82	84
82	84
82	84
82	84
82	84
82	84
82	84
82	84
82	84
82	84
82	84
82	84
82	84
82	84
82	84
82	84
82	84
82	84
82	84
82	84
82	84
82	84
82	84
82	84
82	84
82	84
82	84
82	84
82	84
82	84
82	84
82	84
82	84
82	84
82	84
82	84
82	84
82	84
82	84
82	84
82	84
82	84
82	84
82	84
82	84
82	84
82	84
82	84
82	84
82	84
82	84
82	84
82	84
82	84
82	84
82	84
82	84
82	84
82	84
82	84
82	84
82	84
82	84
82	84
82	84
82	84
82	84
82	84
82	84
82	84
82	84
82	84
82	84
82	84
82	84
82	84
82	84
82	84
82	84
82	84
82	84
82	84
82	84
82	84
82	84
82	84
82	84
82	84
82	84
82	84
82	84
82	84
82	84
82	84
82	84
82	84
82	84
82	84
82	84
82	84
82	84
82	84
82	84
82	84
82	84
82	84
82	84
82	84
82	84
82	84
82	84
82	84
82	84
82	84
82	84
82	84
82	84
82	84
82	84
82	84
82	84
82	84
82	84
82	84
82	84
82	84
82	84
82	84
82	84
82	84
82	84
82	84
82	84
82	84
82	84
82	84
82	84
82	84
82	84
82	84
82	84
82	84
82	84
82	84
82	84
82	84
82	84
82	84
82	84
82	84
82	84
82	84
82	84
82	84
82	84
82	84
82	84
82	84
82	84
82	84
82	84
82	84
82	84
82	84
82	84
82	84
82	84
82	84
82	84
82	84
82	84
82	84
82	84
82	84
82	84
82	84
82	84
82	84
82	84
82	84
82	84
82	84
82	84
82	84
82	84
82	84
82	84
82	84
82	84
82	84
82	84
82	84
82	84
82	84
82	84
82	84
82	84
82	84
82	84
82	84
82	84
82	84
82	84
82	84
82	84
82	84
82	84
82	84
82	84
82	84
82	84
82	84
82	84
82	84
82	84
82	84
82	84
82	84
82	84
82	84
82	84
82	84
82	84
82	84
82	84
82	84
82	84
82	85
82	85
82	85
82	85
82	85
82	85
82	85
82	85
82	85
82	85
82	85
82	85
82	85
82	85
82	85
82	85
82	85
82	85
82	85
82	85
82	85
82	85
82	85
82	85
82	85
82	85
82	85
82	85
82	85
82	85
82	85
82	85
82	85
82	85
82	85
82	85
82	85
82	85
82	85
82	85
82	85
82	85
82	85
82	85
82	85
82	85
82	85
82	85
82	85
82	85
82	85
82	85
82	85
82	85
82	85
82	85
82	85
82	85
82	85
82	85
82	85
82	85
82	85
82	85
82	85
82	85
82	85
82	85
82	85
82	85
82	85
82	85
82	85
82	85
82	85
82	85
82	85
82	85
82	85
82	85
82	85
82	85
82	85
82	85
82	85
82	85
82	85
82	85
82	85
82	85
82	85
82	85
82	85
82	85
82	85
82	85
82	85
82	85
82	85
82	85
82	85
83	85
83	85
83	85
83	85
83	85
83	85
83	85
83	85
83	85
83	85
83	85
83	85
83	85
83	85
83	85
83	85
83	85
83	85
83	85
83	85
83	85
83	85
83	85
84	85
84	86
84	86
84	86
84	86
84	86
84	86
84	86
84	86
84	86
84	86
84	86
84	86
84	86
84	86
84	86
84	86
84	86
84	86
84	86
84	86
84	86
84	86
84	86
84	86
84	86
84	86
84	86
84	86
84	86
84	86
84	86
84	86
84	86
84	86
84	86
84	86
84	86
84	86
84	86
84	86
84	86
84	86
84	86
84	86
84	86
84	86
84	86
84	86
84	86
84	86
84	86
84	86
84	86
84	86
84	86
84	86
84	86
84	86
84	86
84	86
84	86
84	86
84	86
84	86
84	86
84	86
84	86
84	86
84	86
84	86
84	86
84	86
84	86
84	86
84	86
84	86
84	86
84	86
84	86
84	86
84	86
84	86
84	86
84	86
84	86
84	86
84	86
84	86
84	86
84	86
84	86
84	86
84	86
84	86
84	86
84	86
84	86
84	86
84	86
84	86
84	86
84	86
84	86
84	86
84	86
84	86
84	86
84	86
84	86
84	86
84	86
84	86
84	86
84	86
84	86
84	86
84	86
84	86
84	86
84	86
84	86
84	86
84	86
84	86
84	86
84	86
84	86
84	86
84	86
84	86
84	86
84	86
84	86
84	86
84	86
84	86
84	86
84	86
84	86
84	86
84	86
84	86
84	86
84	86
84	86
84	86
84	86
84	86
84	86
84	86
84	86
84	86
84	86
84	86
84	86
84	86
84	86
84	86
84	86
84	86
84	86
84	86
84	86
84	86
84	86
84	86
84	86
84	86
84	86
84	86
84	86
84	86
84	86
84	86
84	86
84	86
84	86
84	86
84	86
84	86
84	86
84	86
84	86
84	86
84	86
84	86
84	86
84	86
84	86
84	86
84	86
84	86
84	86
84	86
84	86
84	86
84	86
84	86
84	86
84	86
84	86
84	86
84	86
84	86
84	86
84	86
84	86
84	86
84	86
84	86
84	86
84	86
84	86
84	86
84	86
84	86
84	86
84	86
84	86
84	86
84	86
84	86
84	86
84	86
84	86
84	86
84	86
84	86
84	86
84	86
84	86
84	86
84	86
84	86
84	86
84	86
84	86
84	86
84	86
84	86
84	86
84	86
84	86
84	86
84	86
84	86
84	86
84	86
84	86
84	86
84	86
84	86
84	86
84	86
84	86
84	86
84	86
84	86
84	86
84	86
84	86
84	86
84	86
84	86
84	86
84	86
84	86
84	86
84	86
84	86
84	86
84	86
84	86
84	86
84	86
84	86
84	86
84	86
84	86
84	86
84	86
84	86
84	86
84	86
84	86
84	86
84	86
84	86
84	86
84	86
84	86
84	86
84	86
84	86
84	86
84	86
84	86
84	86
84	86
84	86
84	86
84	86
84	86
84	86
84	86
84	86
84	86
84	86
84	86
84	86
84	86
84	86
84	86
84	86
84	86
84	86
84	86
84	86
84	86
84	86
84	86
84	86
84	86
84	86
84	86
84	86
84	86
84	86
84	86
84	86
84	86
84	86
84	86
84	86
84	87
84	87
84	87
84	87
84	87
84	87
84	87
84	87
84	87
84	87
84	87
84	87
84	87
84	87
84	87
84	87
84	87
84	87
84	87
84	87
84	87
84	87
84	87
84	87
84	87
84	87
84	87
84	87
84	87
84	87
84	87
84	87
84	87
84	87
84	87
84	87
84	87
84	87
84	87
84	87
84	87
84	87
84	87
84	87
84	87
84	87
84	87
84	87
84	87
84	87
84	87
84	87
84	87
84	87
84	87
84	87
84	87
84	87
84	87
84	87
84	87
84	87
84	87
84	87
84	87
84	87
84	87
84	87
84	87
84	87
84	87
84	87
84	87
84	87
84	87
84	87
84	87
84	87
84	87
84	87
84	87
84	87
84	87
84	87
84	87
84	87
84	87
84	87
84	87
84	87
84	87
84	87
84	87
84	87
84	87
84	87
84	87
84	87
84	87
84	87
84	87
84	87
84	87
84	87
84	87
84	87
84	87
84	87
84	87
84	87
84	87
84	87
84	87
84	87
84	87
84	87
84	87
84	87
84	87
84	87
84	87
84	87
84	87
84	87
84	87
84	87
84	87
84	87
84	87
84	87
84	87
84	87
84	87
84	87
84	87
84	87
84	87
84	87
84	87
84	87
84	87
84	87
84	87
84	87
84	87
84	87
84	87
84	87
84	87
84	87
84	87
84	87
84	87
84	87
84	87
84	87
84	87
84	87
84	87
84	87
84	87
84	87
84	87
84	87
84	87
84	87
84	87
84	87
84	87
84	87
84	87
84	87
84	87
84	87
84	87
84	87
84	87
84	87
84	87
84	87
84	87
84	87
84	88
84	88
84	88
84	88
84	88
84	88
84	88
84	88
84	88
84	89
84	89
84	89
84	89
84	89
84	89
84	89
84	89
84	89
84	89
84	89
84	89
84	89
84	90
84	90
84	90
84	90
84	90
84	90
84	90
84	90
84	90
84	90
84	90
84	90
84	90
84	90
84	90
84	90
84	90
84	90
84	90
84	90
84	90
84	90
84	90
84	90
84	90
84	90
84	90
84	90
84	90
84	90
84	90
84	90
84	90
84	90
84	90
84	90
84	90
84	90
84	90
84	90
84	90
84	90
84	90
85	90
85	90
85	90
85	90
85	90
85	90
85	91
85	91
85	91
85	91
85	91
85	91
85	91
85	91
85	91
85	91
85	91
85	91
85	91
85	91
85	91
85	91
85	91
85	91
85	91
85	92
85	92
86	92
86	93
86	93
86	93
86	93
86	93
86	93
86	93
86	93
86	93
86	93
86	93
86	93
86	93
86	93
86	93
86	93
86	93
86	93
86	93
86	93
86	93
86	93
86	93
86	93
86	93
86	93
86	93
86	93
86	93
86	93
86	93
87	93
87	94
87	94
87	94
87	94
87	94
87	94
87	94
87	94
87	94
87	94
87	94
87	94
87	94
87	94
87	94
87	94
87	94
87	94
87	94
88	94
88	94
88	94
88	94
88	94
88	94
88	94
88	94
88	94
88	94
88	94
88	94
88	94
88	94
88	94
88	94
88	94
88	94
88	94
88	94
88	94
88	94
88	94
88	94
88	94
88	94
88	94
88	94
88	94
88	94
88	94
88	94
88	94
88	94
88	94
88	94
88	94
88	94
88	94
88	94
88	94
88	94
88	94
88	94
88	94
88	94
88	94
88	94
88	94
88	94
88	94
88	94
88	94
88	94
88	94
88	94
88	94
88	95
88	95
88	95
88	95
88	95
89	95
89	95
89	95
89	95
89	95
89	95
89	95
89	95
89	95
89	95
89	95
89	95
89	95
89	95
89	95
89	95
89	95
89	95
89	95
89	95
89	95
89	95
89	95
89	95
89	95
89	95
89	95
89	95
89	95
89	95
89	95
89	95
89	95
89	95
89	95
89	95
89	95
89	95
89	95
89	95
89	95
89	95
90	95
90	96
90	96
90	96
90	96
90	96
90	96
90	96
90	96
90	96
90	96
90	96
90	96
90	96
90	96
90	96
90	96
90	96
90	96
90	96
90	96
90	96
90	96
90	96
90	96
90	96
90	96
90	96
90	96
90	96
90	96
90	96
90	96
90	96
90	96
90	96
90	96
90	96
90	96
90	96
91	96
91	97
91	97
91	97
91	97
91	97
91	97
91	97
91	97
91	97
91	97
91	97
91	97
91	97
91	97
91	97
91	97
91	97
91	97
91	97
91	98
91	98
91	98
91	98
91	98
91	98
91	98
91	98
91	98
91	98
91	98
91	98
91	98
91	98
91	98
91	98
91	98
91	98
91	98
91	98
91	98
91	98
91	98
91	98
91	98
91	98
91	98
91	98
92	98
92	99
92	99
92	99
92	99
92	99
92	99
92	99
92	99
92	99
92	99
92	99
92	99
92	99
92	99
92	99
92	99
92	99
92	99
93	99
93	99
93	99
93	99
93	99
93	99
93	99
93	99
93	99
93	99
93	99
93	99
93	99
93	99
93	99
93	99
93	99
93	99
93	99
93	99
93	99
93	99
93	99
93	99
93	99
93	99
93	99
93	99
93	99
93	99
93	99
93	99
93	99
93	99
93	99
93	99
93	99
93	99
93	99
93	99
93	99
93	99
93	99
93	99
93	99
93	99
93	99
93	99
93	99
93	99
93	99
93	99
93	99
93	99
93	99
93	99
93	99
93	99
93	99
93	99
93	99
93	99
93	99
93	99
93	99
93	99
93	99
93	99
93	99
93	99
93	99
93	99
93	99
93	99
93	99
93	99
93	99
93	99
93	99
93	99
93	99
93	99
93	99
93	99
93	99
93	99
93	99
93	99
93	99
93	99
93	99
93	99
93	99
93	99
93	99
93	99
93	99
93	99
93	99
93	99
93	99
93	99
93	99
93	99
93	99
93	99
93	99
93	99
93	99
93	99
93	99
93	99
93	99
93	99
93	99
93	99
93	99
93	99
93	99
93	99
93	99
93	99
93	99
93	99
93	99
93	99
93	99
93	99
93	99
93	99
93	99
93	99
93	99
93	99
93	99
93	99
93	99
93	99
93	99
94	99
94	100
94	100
94	100
94	100
94	100
94	100
94	100
94	100
94	100
94	100
94	100
94	100
94	100
94	100
94	100
94	100
94	100
94	100
94	100
94	100
94	100
94	100
94	100
94	100
94	100
94	100
94	100
94	100
94	100
94	100
94	100
94	100
94	100
94	100
94	100
94	100
94	100
94	100
94	100
94	100
94	100
94	100
94	100
94	100
94	100
94	100
94	100
94	100
94	100
94	100
94	100
94	100
94	101
94	101
94	101
94	101
94	101
94	101
94	101
94	101
94	101
94	101
94	101
94	101
94	101
94	101
94	101
94	101
94	101
94	101
94	101
94	101
94	101
94	101
94	101
94	101
94	101
94	101
94	101
94	101
94	101
94	101
94	101
94	101
94	101
94	101
94	101
94	101
94	101
94	101
94	101
94	101
94	101
94	101
94	101
94	101
94	101
94	101
94	101
94	101
94	101
94	101
94	101
94	101
94	101
94	101
94	101
94	101
94	101
94	101
94	101
94	101
94	101
94	101
94	101
94	101
94	101
94	101
94	101
94	101
94	101
94	101
94	101
94	101
94	101
94	101
94	101
95	101
95	101
95	101
95	101
95	101
95	101
95	101
95	101
95	101
95	101
95	101
95	101
95	101
95	101
95	101
95	101
95	101
95	101
95	101
95	101
95	101
95	101
95	101
95	101
95	101
95	101
95	101
95	101
95	101
95	101
95	101
95	101
95	101
95	101
95	101
95	101
95	101
95	101
95	101
95	101
95	101
95	101
95	101
95	101
95	101
95	101
95	101
95	101
95	101
95	101
95	101
95	101
95	101
95	101
95	101
95	101
95	101
95	101
95	101
95	101
95	101
95	101
95	101
95	101
95	101
95	101
95	101
95	101
95	101
95	101
95	101
95	101
95	101
95	101
95	101
95	101
95	101
95	101
95	101
95	101
95	101
95	101
95	101
95	101
95	101
95	101
95	101
95	101
95	101
95	101
95	101
95	101
95	101
95	101
95	101
95	101
96	101
96	102
96	102
96	102
96	102
96	102
96	102
96	102
96	102
96	102
96	102
96	102
96	102
96	102
96	102
96	102
96	102
96	102
96	102
96	102
96	102
96	102
96	102
96	102
96	102
96	102
96	102
96	102
96	102
96	102
96	102
96	102
96	102
96	102
96	102
96	102
96	102
96	102
96	102
96	102
96	102
96	102
96	102
96	102
96	102
96	102
96	102
96	102
96	102
96	102
96	102
96	102
96	102
96	102
96	102
96	102
96	102
96	102
96	102
96	102
96	102
96	102
96	102
96	102
96	102
96	102
96	102
96	102
96	102
96	102
96	102
96	102
96	102
96	102
96	102
96	102
96	102
96	102
96	102
96	102
96	102
96	102
96	102
96	102
96	102
96	102
96	102
96	102
96	102
96	102
96	102
96	102
96	102
96	102
96	102
96	102
96	102
96	102
96	102
96	102
96	102
96	102
96	102
96	102
96	102
96	102
96	102
96	102
96	102
96	102
96	102
96	102
96	102
96	102
96	102
96	102
96	102
96	102
96	102
96	102
96	102
96	102
96	102
96	102
96	102
96	102
96	102
96	102
96	102
96	102
96	102
96	102
96	102
96	102
96	102
96	102
96	102
96	102
96	102
96	102
96	102
96	102
96	102
96	102
96	102
96	102
96	102
96	102
96	102
96	102
96	102
96	102
96	102
96	102
96	102
96	102
96	103
96	103
96	103
96	103
96	103
96	103
96	103
96	103
96	103
96	103
96	103
96	103
96	103
96	103
96	103
96	103
96	103
96	103
96	103
96	103
96	103
96	103
96	103
96	103
96	103
97	103
97	104
97	104
97	104
97	104
97	104
97	104
97	104
97	104
97	104
97	104
97	104
97	104
97	104
97	104
97	104
97	104
97	104
97	104
97	104
97	104
97	104
97	104
97	104
97	104
97	104
97	104
97	104
97	104
97	104
97	104
98	104
98	104
98	104
98	104
98	104
98	104
98	104
99	104
99	-1
99	-1
99	-1
99	-1
99	-1
99	-1
99	-1
