       1   10
       2   10
       3   10
       4   10
       5   10
       6   10
       7   10
       8   10
       9   10
      10   13
      11   13
      12   13
      13   13
      14   13
      15   13
      16   13
      17   13
      18   13
      19   13
      20   10
      21   10
      22   10
      23   10
      24   10
      25   10
      26   10
      27   10
      28   10
      29    9
      30   10
      31   10
      32   10
      33   10
      34   10
      35   10
      36   10
      37   10
      38   10
      39   10
      40   10
      41   10
      42   10
      43   10
      44   10
      45   10
      46   10
      47   12
      48    7
      49   10
      50   10
      51   10
      52   10
      53   10
      54   10
      55   10
      56   10
      57   10
      58   10
      59   10
      60   10
      61   10
      62   10
      63   10
      64   10
      65   10
      66   10
      67   10
      68   10
      69   10
      70   10
      71   10
      72   10
      73   10
      74   10
      75   10
      76   10
      77   10
      78   10
      79   12
      80    8
      81   12
      82   10
      83   10
      84   10
      85   10
      86   10
      87   10
      88   10
      89   10
      90    9
      91   10
      92   10
      93   12
      94   12
      95    7
      96   10
      97   10
      98   10
      99   10
     100   10
     101   10
     102   10
     103    9
     104    9
     105   11
     106   10
     107   10
     108   10
     109   10
     110   10
     111   10
     112   10
     113   10
     114   10
     115   10
     116   10
     117   10
     118   10
     119   10
     120   10
     121   10
     122   10
     123   10
     124    9
     125   10
     126   10
     127   10
     128   12
     129   12
     130   14
     131   14
     132   14
     133   14
     134   14
     135   14
     136   14
     137   14
     138   14
     139   14
     140   14
     141   14
     142   14
     143   14
     144   14
     145   14
     146   14
     147   14
     148   14
     149   14
     150   14
     151   14
     152   14
     153   14
     154   14
     155   14
     156   14
     157   14
     158   14
     159   14
     160   14
     161   14
     162   14
     163   14
     164   11
     165   11
     166   11
     167   11
     168   11
     169   11
     170    8
     171    7
     172    7
     173    7
     174   11
     175   10
     176   10
     177   11
     178   14
     179   14
     180   14
     181   14
     182   14
     183   14
     184   14
     185   14
     186   14
     187   14
     188   14
     189   14
     190   14
     191   14
     192   14
     193   14
     194   14
     195   14
     196   14
     197   14
     198   14
     199   14
     200   14
     201   14
     202   14
     203   14
     204   14
     205   14
     206   14
     207   14
     208   14
     209   14
     210   14
     211   14
     212   14
     213   14
     214   14
     215   14
     216   14
     217   14
     218   14
     219   14
     220   14
     221   14
     222   14
     223   14
     224   14
     225   14
     226   14
     227   14
     228   14
     229   14
     230   14
     231   14
     232   14
     233   14
     234   14
     235   14
     236   14
     237   14
     238   14
     239   14
     240   14
     241   14
     242   14
     243   14
     244   14
     245   14
     246   14
     247   14
     248   14
     249   14
     250   14
     251   14
     252   14
     253   14
     254   14
     255   14
     256   13
     257   13
     258   13
     259   13
     260   10
     261   10
     262   10
     263   10
     264   10
     265   10
     266   11
     267   10
     268   10
     269   10
     270    8
     271    7
     272   12
     273   11
     274   11
     275   11
     276   11
     277   11
     278   11
     279   11
     280   11
     281   11
     282   11
     283   12
     284    7
     285    8
     286   12
     287   11
     288   11
     289   11
     290   11
     291   11
     292   11
     293   11
     294   11
     295   11
     296   11
     297   11
     298   11
     299   11
     300   11
     301   11
     302   11
     303   11
     304   11
     305   11
     306   11
     307    7
     308   10
     309   10
     310   10
     311   11
     312   11
     313   11
     314   10
     315   10
     316   10
     317   10
     318    8
     319    7
     320    7
     321    7
     322   10
     323   10
     324   10
     325   10
     326   10
     327   10
     328   10
     329   10
     330   10
     331    8
     332    8
     333   10
     334    9
     335   10
     336   10
     337   10
     338   10
     339   10
     340   10
     341   10
     342   10
     343   10
     344   10
     345   11
     346   11
     347   11
     348   11
     349    8
     350    8
     351    8
     352   12
     353   12
     354   12
     355   12
     356   12
     357   11
     358   11
     359   11
     360   10
     361   10
     362   10
     363   10
     364   10
     365   10
     366   10
     367   10
     368   10
     369   10
     370   10
     371   10
     372   10
     373   10
     374   10
     375   10
     376   10
     377   10
     378   12
     379   12
     380   12
     381   12
     382   12
     383   12
     384   12
     385   12
     386   12
     387   12
     388   12
     389   12
     390   12
     391   12
     392   12
     393   12
     394   12
     395   12
     396   12
     397   12
     398   12
     399   12
     400   12
     401   12
     402   12
     403   12
     404   12
     405   12
     406    8
     407   12
     408   12
     409   12
     410   12
     411   12
     412    2
     413    9
     414   10
     415   10
     416   10
     417   10
     418   10
     419   10
     420   10
     421   10
     422   10
     423   10
     424   10
     425   10
     426   10
     427   10
     428   10
     429   10
     430   10
     431   10
     432   10
     433   10
     434   10
     435    7
     436    8
     437   10
     438   10
     439   10
     440   10
     441   10
     442   10
     443   10
     444   10
     445   10
     446   10
     447    8
     448    7
     449    7
     450   11
     451   11
     452   11
     453   11
     454    2
     455    7
     456    8
     457    7
     458    7
     459    8
     460    8
     461    6
     462    7
     463   10
     464   10
     465   10
     466    9
     467   11
     468   11
     469   11
     470   11
     471   11
     472   11
     473   11
     474   11
     475   11
     476   11
     477   11
     478   11
     479   11
     480   11
     481   11
     482   11
     483   10
     484   10
     485   10
     486   10
     487   10
     488   10
     489   10
     490   10
     491   10
     492    9
     493   10
     494   10
     495   10
     496   10
     497   10
     498   10
     499   10
     500   10
     501   10
     502   10
     503   10
     504   10
     505   10
     506   10
     507   10
     508   10
     509   10
     510   10
     511   10
     512   10
     513   12
     514   12
     515   12
     516   12
     517   12
     518   12
     519   12
     520   12
     521   12
     522   12
     523   12
     524   12
     525   12
     526   12
     527   12
     528   10
     529   10
     530   10
     531   10
     532   10
     533   10
     534   10
     535   12
     536   12
     537   12
     538   12
     539   12
     540   12
     541    8
     542    8
     543   12
     544   10
     545   10
     546   10
     547   10
     548   10
     549   10
     550   11
     551   12
     552   12
     553   12
     554   12
     555   12
     556   12
     557   12
     558   12
     559   12
     560   12
     561   12
     562   12
     563   12
     564   12
     565   12
     566   12
     567    7
     568   12
     569   12
     570   12
     571    8
     572    7
     573   15
     574   15
     575   15
     576   15
     577   15
     578   15
     579   15
     580   15
     581   15
     582   15
     583   15
     584   15
     585   15
     586   10
     587   10
     588   10
     589   10
     590   10
     591   10
     592   10
     593   12
     594   12
     595   12
     596   12
     597   12
     598   12
     599   12
     600   12
     601   10
     602   10
     603   10
     604   10
     605   10
     606   11
     607   11
     608   11
     609   11
     610   10
     611   10
     612   10
     613   10
     614   11
     615   11
     616   11
     617   11
     618   10
     619   10
     620   10
     621   10
     622   10
     623   10
     624   10
     625   11
     626   12
     627    8
     628    7
     629   12
     630    8
     631    7
     632    8
     633   12
     634   12
     635   12
     636   12
     637   12
     638    8
     639   12
     640   12
     641   12
     642   12
     643   10
     644   10
     645   10
     646   10
     647   10
     648   10
     649   10
     650   10
     651   11
     652   11
     653   11
     654   11
     655   11
     656   11
     657   10
     658   10
     659   10
     660   10
     661   10
     662   10
     663   10
     664   10
     665   10
     666   10
     667   10
     668   12
     669   14
     670   14
     671   14
     672   14
     673   14
     674   14
     675   14
     676   14
     677   14
     678   14
     679   14
     680   14
     681   14
     682   14
     683   14
     684   14
     685   14
     686   14
     687   14
     688   14
     689   14
     690   14
     691   14
     692   14
     693   14
     694   14
     695   14
     696   14
     697   14
     698   14
     699   14
     700   14
     701   14
     702   14
     703   14
     704   14
     705   14
     706   14
     707   14
     708   14
     709   14
     710   14
     711   14
     712   14
     713   14
     714   14
     715   14
     716   14
     717   14
     718   14
     719   14
     720   14
     721   14
     722   14
     723   14
     724   14
     725   14
     726   14
     727   14
     728   14
     729   14
     730   11
     731    9
     732   14
     733   14
     734   14
     735   14
     736   14
     737   14
     738   14
     739   14
     740   14
     741   14
     742   14
     743   14
     744   14
     745   14
     746   14
     747   14
     748   14
     749   14
     750   14
     751   14
     752   14
     753   14
     754    7
     755    7
     756    1
     757   12
     758   12
     759    2
     760    2
     761    2
     762    2
     763   14
     764   14
     765   14
     766   14
     767    8
     768    8
     769    7
     770    7
     771   12
     772   12
     773   12
     774   12
     775    8
     776   12
     777   11
     778   11
     779   11
     780   11
     781   11
     782   11
     783   11
     784   11
     785   11
     786   11
     787   11
     788   11
     789   11
     790   11
     791   11
     792   14
     793   14
     794   11
     795   14
     796   14
     797   14
     798   14
     799   14
     800   14
     801   14
     802   14
     803   10
     804   10
     805   10
     806   10
     807   10
     808   14
     809    8
     810   12
     811   12
     812   11
     813   11
     814   11
     815   11
     816   11
     817   11
     818   11
     819   11
     820   11
     821   11
     822   11
     823   11
     824   11
     825   11
     826   11
     827    2
     828    6
     829    9
     830   11
     831   11
     832   11
     833   11
     834   11
     835   11
     836   11
     837   11
     838   10
     839   10
     840   10
     841   10
     842   11
     843   11
     844   11
     845    9
     846   11
     847   11
     848   11
     849   11
     850    9
     851   11
     852   11
     853   11
     854   11
     855   11
     856   14
     857   14
     858   14
     859   14
     860   14
     861   14
     862   14
     863   14
     864   14
     865   14
     866   14
     867   14
     868   14
     869   10
     870   10
     871   10
     872   10
     873   10
     874   10
     875   14
     876   14
     877   11
     878   11
     879   11
     880   14
     881   14
     882   14
     883   14
     884   14
     885   14
     886   14
     887   14
     888   14
     889   14
     890   14
     891   14
     892   14
     893   14
     894   14
     895   11
     896   11
     897   11
     898   11
     899   11
     900   11
     901   11
     902   11
     903   11
     904   11
     905   11
     906   11
     907   11
     908   11
     909   11
     910   11
     911   11
     912   11
     913   11
     914   11
     915   11
     916   11
     917   10
     918   10
     919   10
     920   10
     921   10
     922   10
     923   10
     924   10
     925   10
     926   10
     927   10
     928   10
     929   10
     930   10
     931   10
     932   10
     933   10
     934   10
     935   10
     936    8
     937    7
     938    7
     939    1
     940    7
     941    7
     942    7
     943   12
     944   12
     945   12
     946    8
     947   12
     948    7
     949    7
     950   12
     951   11
     952   11
     953   11
     954   11
     955   14
     956   14
     957   14
     958   11
     959   10
     960   10
     961   10
     962   11
     963   11
     964   11
     965   11
     966   11
     967   11
     968   11
     969   11
     970   11
     971   11
     972   11
     973   11
     974   11
     975   11
     976   11
     977   11
     978   11
     979   11
     980    8
     981    8
     982    7
     983   10
     984   10
     985    8
     986    9
     987   10
     988   10
     989   10
     990   10
     991   10
     992   10
     993   10
     994   10
     995   10
     996   10
     997   10
     998   10
     999   10
    1000   10
    1001   10
    1002   10
    1003   10
    1004   10
    1005   10
    1006   10
    1007   10
    1008   10
    1009   12
    1010   12
    1011   12
    1012   12
    1013   12
    1014    8
    1015   12
    1016   12
    1017   12
    1018    1
    1019    1
    1020    1
    1021   12
    1022   12
    1023   12
    1024    7
    1025   12
    1026   12
    1027   12
    1028   12
    1029   12
    1030   12
    1031   12
    1032   12
    1033   12
    1034   12
    1035   12
    1036   12
    1037   12
    1038   12
    1039    8
    1040   12
    1041   12
    1042    7
    1043    8
    1044    8
    1045    8
    1046   12
    1047   12
    1048   12
    1049   12
    1050   12
    1051   12
    1052   12
    1053   12
    1054   12
    1055   12
    1056   12
    1057   12
    1058   12
    1059   12
    1060   12
    1061   12
    1062    1
    1063    4
    1064    4
    1065    2
    1066   12
    1067   12
    1068   12
    1069   12
    1070   12
    1071   12
    1072    4
    1073    4
    1074    4
    1075    4
    1076    4
    1077    4
    1078    4
    1079    6
    1080   10
    1081   10
    1082   10
    1083   10
    1084   10
    1085   10
    1086   10
    1087   10
    1088   10
    1089   10
    1090   11
    1091   11
    1092   11
    1093   11
    1094   11
    1095   11
    1096   11
    1097   10
    1098   10
    1099   10
    1100   10
    1101   10
    1102   10
    1103   10
    1104   10
    1105   10
    1106   10
    1107   13
    1108   13
    1109   14
    1110   14
    1111   14
    1112   14
    1113   14
    1114   13
    1115   13
    1116   13
    1117   13
    1118   13
    1119   13
    1120   13
    1121   10
    1122   10
    1123   10
    1124   10
    1125   10
    1126   11
    1127   11
    1128   11
    1129   11
    1130   11
    1131   11
    1132   11
    1133   10
    1134   10
    1135   10
    1136    8
    1137   12
    1138    7
    1139    7
    1140   10
    1141   10
    1142   10
    1143   10
    1144   10
    1145   10
    1146   10
    1147    7
    1148    8
    1149   10
    1150   10
    1151   10
    1152   10
    1153   10
    1154   10
    1155   10
    1156   10
    1157   10
    1158   10
    1159   10
    1160   10
    1161   10
    1162   10
    1163   10
    1164   10
    1165   10
    1166   10
    1167   10
    1168   10
    1169   10
    1170   10
    1171   10
    1172   10
    1173   10
    1174   10
    1175   10
    1176   10
    1177   10
    1178   10
    1179   10
    1180   10
    1181   10
    1182   10
    1183   11
    1184   11
    1185   11
    1186   11
    1187   11
    1188   10
    1189   10
    1190   10
    1191   10
    1192   10
    1193   11
    1194   11
    1195   11
    1196   11
    1197   11
    1198   11
    1199   11
    1200   11
    1201   11
    1202   11
    1203   11
    1204   11
    1205    6
    1206    5
    1207    5
    1208    5
    1209    3
    1210    3
    1211    3
    1212    3
    1213    3
    1214    1
    1215    5
    1216    5
    1217    1
    1218    6
    1219    3
    1220    3
    1221    1
    1222    3
    1223    3
    1224    5
    1225    2
    1226    2
    1227    2
    1228    2
    1229    2
    1230    2
    1231    2
    1232    6
    1233    1
    1234    1
    1235    1
    1236    5
    1237    1
    1238    1
    1239    1
    1240    1
    1241    1
    1242   10
    1243   10
    1244   10
    1245   10
    1246   10
    1247   10
    1248   10
    1249   10
    1250   10
    1251   10
    1252   10
    1253   10
    1254   10
    1255   10
    1256   10
    1257   10
    1258   10
    1259   10
    1260   10
    1261   10
    1262   10
    1263   10
    1264   10
    1265   10
    1266   10
    1267   10
    1268    9
    1269   11
    1270   11
    1271   11
    1272    2
    1273    2
    1274    2
    1275    2
    1276    2
    1277    3
    1278    5
    1279    3
    1280    3
    1281    5
    1282    3
    1283    3
    1284    3
    1285    3
    1286    3
    1287    4
    1288    4
    1289    4
    1290    4
    1291    3
    1292    5
    1293    3
    1294    3
    1295    3
    1296    3
    1297    3
    1298    6
    1299    6
    1300    8
    1301    8
    1302   12
    1303   12
    1304   12
    1305   12
    1306   12
    1307   12
    1308   12
    1309   12
    1310   12
    1311   12
    1312   12
    1313    1
    1314    1
    1315    1
    1316    1
    1317    3
    1318    3
    1319    3
    1320    3
    1321    1
    1322    1
    1323    3
    1324    3
    1325    1
    1326    3
    1327    3
    1328    3
    1329    3
    1330    3
    1331    3
    1332    5
    1333    5
    1334    5
    1335    6
    1336   12
    1337   12
    1338   12
    1339   12
    1340   12
    1341   12
    1342   12
    1343   12
    1344   12
    1345   12
    1346    7
    1347    8
    1348    8
    1349   12
    1350    7
    1351   12
    1352    6
    1353    1
    1354    1
    1355    1
    1356    1
    1357    1
    1358    1
    1359    1
    1360    1
    1361    1
    1362    1
    1363    1
    1364    1
    1365    5
    1366    5
    1367    1
    1368    1
    1369    1
    1370    1
    1371    1
    1372    1
    1373    1
    1374    3
    1375    3
    1376    5
    1377    6
    1378    7
    1379   12
    1380   12
    1381   12
    1382   12
    1383    1
    1384    1
    1385    6
    1386   10
    1387   10
    1388   10
    1389   10
    1390   10
    1391   10
    1392   10
    1393   10
    1394   10
    1395   10
    1396   10
    1397   10
    1398   10
    1399   10
    1400   10
    1401   10
    1402   10
    1403   10
    1404   10
    1405   10
    1406    7
    1407    7
    1408   12
    1409   12
    1410   12
    1411   12
    1412   13
    1413   13
    1414   13
    1415   13
    1416   13
    1417   13
    1418   13
    1419   13
    1420   13
    1421   13
    1422   13
    1423   13
    1424   13
    1425   13
    1426   13
    1427   13
    1428   13
    1429   13
    1430   13
    1431   13
    1432   13
    1433   13
    1434   13
    1435   13
    1436   13
    1437   13
    1438   13
    1439   13
    1440   13
    1441   13
    1442   13
    1443   13
    1444   13
    1445   13
    1446   12
    1447   12
    1448   12
    1449   12
    1450   12
    1451   12
    1452   12
    1453   12
    1454   12
    1455   12
    1456   12
    1457   12
    1458   12
    1459   12
    1460    8
    1461   12
    1462    8
    1463   12
    1464   12
    1465   12
    1466   12
    1467   12
    1468   12
    1469    7
    1470    8
    1471   10
    1472    8
    1473   12
    1474   10
    1475   10
    1476   10
    1477   10
    1478   12
    1479    7
    1480    8
    1481    8
    1482   10
    1483   10
    1484   10
    1485   10
    1486   10
    1487   10
    1488   10
    1489   10
    1490   10
    1491   10
    1492   10
    1493   10
    1494   10
    1495   10
    1496    8
    1497   10
    1498   10
    1499   10
    1500   10
    1501   10
    1502   10
    1503   10
    1504   10
    1505   10
    1506   10
    1507   10
    1508    9
    1509    6
    1510    4
    1511    4
    1512    3
    1513    3
    1514    3
    1515    3
    1516    3
    1517    3
    1518    3
    1519    3
    1520    3
    1521    3
    1522    5
    1523    1
    1524    1
    1525    1
    1526   10
    1527   10
    1528   10
    1529   10
    1530   10
    1531   10
    1532   10
    1533   10
    1534    9
    1535   10
    1536   10
    1537   10
    1538   10
    1539   10
    1540   10
    1541   10
    1542   10
    1543   10
    1544    8
    1545    8
    1546   10
    1547   10
    1548   10
    1549   10
    1550   10
    1551   10
    1552   10
    1553   10
    1554   10
    1555   10
    1556   10
    1557   10
    1558   10
    1559   10
    1560   10
    1561   10
    1562   10
    1563   10
    1564   10
    1565   10
    1566   10
    1567    8
    1568    8
    1569   10
    1570   10
    1571   10
    1572   10
    1573   12
    1574   12
    1575   12
    1576    7
    1577    7
    1578   12
    1579    8
    1580   12
    1581   12
    1582   12
    1583   12
    1584   12
    1585   12
    1586   12
    1587   12
    1588   12
    1589   12
    1590   12
    1591   12
    1592   12
    1593   12
    1594   12
    1595    8
    1596    7
    1597   12
    1598    7
    1599    8
    1600   10
    1601   10
    1602   10
    1603   10
    1604   10
    1605   10
    1606    8
    1607   10
    1608   10
    1609   10
    1610   10
    1611   10
    1612   10
    1613   10
    1614   10
    1615   10
    1616   10
    1617   10
    1618   10
    1619   10
    1620   10
    1621   10
    1622   10
    1623   10
    1624   10
    1625   10
    1626   10
    1627   10
    1628   10
    1629   10
    1630   10
    1631   10
    1632   10
    1633   10
    1634    9
    1635   11
    1636   11
    1637   11
    1638   11
    1639   11
    1640   11
    1641   11
    1642   10
    1643   10
    1644   10
    1645   10
    1646   10
    1647   10
    1648   13
    1649   13
    1650   13
    1651   13
    1652   12
    1653   12
    1654   12
    1655   10
    1656   10
    1657   10
    1658   10
    1659   10
    1660   10
    1661   10
    1662   12
    1663   12
    1664   12
    1665   12
    1666   12
    1667   12
    1668   12
    1669   12
    1670   10
    1671   10
    1672   10
    1673    9
    1674   10
    1675   10
    1676   10
    1677   10
    1678   10
    1679   10
    1680    9
    1681    9
    1682   11
    1683   11
    1684   11
    1685   11
    1686   11
    1687   11
    1688   11
    1689   11
    1690   11
    1691   11
    1692   11
    1693   11
    1694   11
    1695   11
    1696   11
    1697   11
    1698   11
    1699   11
    1700   11
    1701   11
    1702   10
    1703   10
    1704   10
    1705   10
    1706   10
    1707   10
    1708   10
    1709   10
    1710   10
    1711   10
    1712   10
    1713   11
    1714   11
    1715   11
    1716   11
    1717   11
    1718   11
    1719    9
    1720   11
    1721   11
    1722   11
    1723   11
    1724   10
    1725   10
    1726   10
    1727   10
    1728   10
    1729   10
    1730   10
    1731   10
    1732   10
    1733   10
    1734   10
    1735   11
    1736   11
    1737   11
    1738   11
    1739   11
    1740   11
    1741   11
    1742   11
    1743   11
    1744   11
    1745   11
    1746   10
    1747   10
    1748   10
    1749   10
    1750   10
    1751   10
    1752   10
    1753   10
    1754   10
    1755   10
    1756   10
    1757   10
    1758   10
    1759   10
    1760   10
    1761   10
    1762   10
    1763   10
    1764   10
    1765   10
    1766   10
    1767   10
    1768   10
    1769   10
    1770   10
    1771   10
    1772   10
    1773   10
    1774   10
    1775   10
    1776    8
    1777   10
    1778   10
    1779   10
    1780   15
    1781   15
    1782   15
    1783   15
    1784   15
    1785   15
    1786   15
    1787   15
    1788    8
    1789    8
    1790    8
    1791   12
    1792   12
    1793    8
    1794   15
    1795   15
    1796   15
    1797   15
    1798    7
    1799    7
    1800    7
    1801    7
    1802   12
    1803   12
    1804   12
    1805    8
    1806    7
    1807    6
    1808    8
    1809   12
    1810   12
    1811   12
    1812   12
    1813   12
    1814    8
    1815   12
    1816    7
    1817   12
    1818   12
    1819   12
    1820   12
    1821   12
    1822   12
    1823    7
    1824    7
    1825    7
    1826   12
    1827   12
    1828   12
    1829    7
    1830    8
    1831    8
    1832   15
    1833   15
    1834   15
    1835   15
    1836   15
    1837   15
    1838   15
    1839   15
    1840    8
    1841   12
    1842   12
    1843   12
    1844   12
    1845   12
    1846    7
    1847    7
    1848   15
    1849   15
    1850   15
    1851   15
    1852    8
    1853   10
    1854   10
    1855   10
    1856   10
    1857   10
    1858   10
    1859   10
    1860   10
    1861   10
    1862   10
    1863   10
    1864   10
    1865   10
    1866   10
    1867   10
    1868   10
    1869   10
    1870   10
    1871   10
    1872   10
    1873   10
    1874   10
    1875   10
    1876    8
    1877    7
    1878    8
    1879   11
    1880   11
    1881   11
    1882   11
    1883   11
    1884    9
    1885   10
    1886   10
    1887   10
    1888   10
    1889   10
    1890   10
    1891   10
    1892   10
    1893   10
    1894   10
    1895   10
    1896   10
    1897   10
    1898   10
    1899   10
    1900   10
    1901   10
    1902    8
    1903   12
    1904    8
    1905    7
    1906   10
    1907   10
    1908   10
    1909   10
    1910   10
    1911   10
    1912   10
    1913   10
    1914   10
    1915   10
    1916   10
    1917   10
    1918   10
    1919   10
    1920   10
    1921   10
    1922   10
    1923   10
    1924   10
    1925   10
    1926   10
    1927   10
    1928   10
    1929   10
    1930   10
    1931   10
    1932   10
    1933   10
    1934   10
    1935   10
    1936   10
    1937   11
    1938   11
    1939   11
    1940   11
    1941   11
    1942   11
    1943   11
    1944    9
    1945   10
    1946   10
    1947   10
    1948   10
    1949   10
    1950   10
    1951   10
    1952   10
    1953   10
    1954   10
    1955   10
    1956   10
    1957   10
    1958   10
    1959   10
    1960   10
    1961   10
    1962   10
    1963   10
    1964   10
    1965   10
    1966   10
    1967   10
    1968   10
    1969   10
    1970   10
    1971   10
    1972   10
    1973   10
    1974   10
    1975   10
    1976   10
    1977   10
    1978   10
    1979   12
    1980    3
    1981    5
    1982    3
    1983    3
    1984    5
    1985    5
    1986    6
    1987   12
    1988   12
    1989   12
    1990   12
    1991   12
    1992   12
    1993    7
    1994    7
    1995   12
    1996   12
    1997    1
    1998    1
    1999    1
    2000    1
    2001    6
    2002   12
    2003    7
    2004    8
    2005    7
    2006    1
    2007    1
    2008    1
    2009    1
    2010    1
    2011    3
    2012    3
    2013    3
    2014    3
    2015    1
    2016    3
    2017    3
    2018    5
    2019    6
    2020   12
    2021   12
    2022   12
    2023    7
    2024    7
    2025   12
    2026   12
    2027    7
    2028   12
    2029    7
    2030   12
    2031   12
    2032   12
    2033    7
    2034    8
    2035    1
    2036    6
    2037   12
    2038   12
    2039   12
    2040   12
    2041   12
    2042   12
    2043    1
    2044    1
    2045    1
    2046    1
    2047    3
    2048    3
    2049    5
    2050    6
    2051    3
    2052    1
    2053    1
    2054    1
    2055    3
    2056    3
    2057    3
    2058    3
    2059    3
    2060    3
    2061    5
    2062    5
    2063    3
    2064    3
    2065    3
    2066    3
    2067    3
    2068    6
    2069    7
    2070   12
    2071   12
    2072   12
    2073   12
    2074   12
    2075   12
    2076   12
    2077   12
    2078   12
    2079    7
    2080    7
    2081   12
    2082   12
    2083   12
    2084    1
    2085    1
    2086    1
    2087    1
    2088    4
    2089    4
    2090    6
    2091    4
    2092    4
    2093    3
    2094    1
    2095    1
    2096    1
    2097    1
    2098    1
    2099    1
    2100   12
    2101   12
    2102    7
    2103    6
    2104    1
    2105    1
    2106    1
    2107    1
    2108    1
    2109    1
    2110    1
    2111    1
    2112    1
    2113    1
    2114    1
    2115    1
    2116    3
    2117    3
    2118    6
    2119    3
    2120    3
    2121    3
    2122    3
    2123    3
    2124    3
    2125    6
    2126    3
    2127    3
    2128    1
    2129    1
    2130    1
    2131    1
    2132    1
    2133    1
    2134    1
    2135    1
    2136    5
    2137    1
    2138   12
    2139   12
    2140   12
    2141   12
    2142   12
    2143   12
    2144   12
    2145   12
    2146    1
    2147    1
    2148    1
    2149   12
    2150    8
    2151    8
    2152    6
    2153    3
    2154    3
    2155    3
    2156    1
    2157    1
    2158   12
    2159   12
    2160    8
    2161    7
    2162    8
    2163   12
    2164   12
    2165   12
    2166    8
    2167    8
    2168   12
    2169   12
    2170    8
    2171   12
    2172   12
    2173    8
    2174    6
    2175   12
    2176    7
    2177    8
    2178    8
    2179    8
    2180   12
    2181   10
    2182   10
    2183   10
    2184   10
    2185   10
    2186   10
    2187   10
    2188   10
    2189   10
    2190   10
    2191   10
    2192   10
    2193   12
    2194   12
    2195    7
    2196   12
    2197   12
    2198   12
    2199   11
    2200    9
    2201   11
    2202   11
    2203   11
    2204    8
    2205   12
    2206   12
    2207   12
    2208    1
    2209    1
    2210    1
    2211    1
    2212    5
    2213    1
    2214    1
    2215    1
    2216    1
    2217    1
    2218    1
    2219    1
    2220    1
    2221    1
    2222    1
    2223    1
    2224    1
    2225    1
    2226    1
    2227    1
    2228    5
    2229    1
    2230    1
    2231    5
    2232    4
    2233    5
    2234    1
    2235    1
    2236    1
    2237    1
    2238    1
    2239    1
    2240    1
    2241    1
    2242    1
    2243    1
    2244    1
    2245    1
    2246    1
    2247    1
    2248    1
    2249    4
    2250    4
    2251    4
    2252    4
    2253    4
    2254    4
    2255    6
    2256   10
    2257   10
    2258    9
    2259    6
    2260    1
    2261    1
    2262    1
    2263    1
    2264    1
    2265    1
    2266    1
    2267    5
    2268    1
    2269    7
    2270   10
    2271   10
    2272   10
    2273   10
    2274   10
    2275   10
    2276   10
    2277   10
    2278   10
    2279   10
    2280   10
    2281   10
    2282   10
    2283   10
    2284   10
    2285   10
    2286   10
    2287   10
    2288   10
    2289   10
    2290   10
    2291   10
    2292   10
    2293   10
    2294   10
    2295   10
    2296   10
    2297   10
    2298   10
    2299   10
    2300   10
    2301   10
    2302   10
    2303   10
    2304   11
    2305   11
    2306   11
    2307   11
    2308   11
    2309   10
    2310   10
    2311   10
    2312   10
    2313   10
    2314   10
    2315   10
    2316   10
    2317   13
    2318   13
    2319   13
    2320   13
    2321   13
    2322   13
    2323   13
    2324   13
    2325   13
    2326   13
    2327   12
    2328   10
    2329   10
    2330   10
    2331   10
    2332   10
    2333   10
    2334   11
    2335   11
    2336   11
    2337   11
    2338   11
    2339    9
    2340   10
    2341   10
    2342   10
    2343   10
    2344   10
    2345   10
    2346   10
    2347   10
    2348   10
    2349   10
    2350   10
    2351   10
    2352   12
    2353    2
    2354    2
    2355    2
    2356    2
    2357    6
    2358    9
    2359   10
    2360   10
    2361   10
    2362   10
    2363   10
    2364   10
    2365   10
    2366   10
    2367   10
    2368   10
    2369   13
    2370   13
    2371   13
    2372   13
    2373   13
    2374   13
    2375   13
    2376   13
    2377   13
    2378   13
    2379   13
    2380   13
    2381   13
    2382   10
    2383   10
    2384   10
    2385   10
    2386   10
    2387   10
    2388   10
    2389   10
    2390   10
    2391   11
    2392   11
    2393   11
    2394   11
    2395   11
    2396   11
    2397   11
    2398   11
    2399   11
    2400   11
    2401   11
    2402   11
    2403   11
    2404   11
    2405   11
    2406   11
    2407   11
    2408   11
    2409   11
    2410   11
    2411   11
    2412   11
    2413   11
    2414   11
    2415   10
    2416   10
    2417   10
    2418   10
    2419   10
    2420   10
    2421   10
    2422   10
    2423    9
    2424   11
    2425    9
    2426    9
    2427   10
    2428   10
    2429   10
    2430   10
    2431   10
    2432   10
    2433   10
    2434   10
    2435   10
    2436   10
    2437   10
    2438   10
    2439   10
    2440   10
    2441   10
    2442   10
    2443   10
    2444   10
    2445   10
    2446   10
    2447   10
    2448   11
    2449   11
    2450   11
    2451   11
    2452   11
    2453   11
    2454   11
    2455   11
    2456   11
    2457   11
    2458   11
    2459   11
    2460   11
    2461   11
    2462   10
    2463   10
    2464   10
    2465   10
    2466   10
    2467   10
    2468   10
    2469   10
    2470   10
    2471   10
    2472   10
    2473   10
    2474   11
    2475   11
    2476   11
    2477   11
    2478   11
    2479   11
    2480   11
    2481   12
    2482    8
    2483   15
    2484   15
    2485   15
    2486   15
    2487   15
    2488   15
    2489   15
    2490    8
    2491   12
    2492   12
    2493    8
    2494   12
    2495   12
    2496   12
    2497   12
    2498   12
    2499   12
    2500    8
    2501    7
    2502    8
    2503    7
    2504    8
    2505   12
    2506   12
    2507   12
    2508   12
    2509   12
    2510   12
    2511   12
    2512   12
    2513   12
    2514   12
    2515   12
    2516   12
    2517    7
    2518    7
    2519   12
    2520   12
    2521   12
    2522   12
    2523   12
    2524   10
    2525   10
    2526   10
    2527   10
    2528    6
    2529   12
    2530   12
    2531   12
    2532    7
    2533    6
    2534    5
    2535    4
    2536    5
    2537    3
    2538    3
    2539    3
    2540    3
    2541    3
    2542    3
    2543    3
    2544    5
    2545    1
    2546    1
    2547    1
    2548    1
    2549    1
    2550    1
    2551    1
    2552    1
    2553    1
    2554    1
    2555    1
    2556    1
    2557    1
    2558    1
    2559    5
    2560    1
    2561    1
    2562    1
    2563    1
    2564    1
    2565    1
    2566    1
    2567    1
    2568    1
    2569    1
    2570    1
    2571    1
    2572    1
    2573    1
    2574    1
    2575    1
    2576    1
    2577    1
    2578    1
    2579    1
    2580    1
    2581    1
    2582    1
    2583    1
    2584    1
    2585    1
    2586    1
    2587    1
    2588    1
    2589    1
    2590    1
    2591    1
    2592    1
    2593    1
    2594    1
    2595    1
    2596    1
    2597    1
    2598    1
    2599    1
    2600    1
    2601    1
    2602    1
    2603    1
    2604   12
    2605   12
    2606    8
    2607    8
    2608   12
    2609   12
    2610   11
    2611   11
    2612    9
    2613    9
    2614   10
    2615   10
    2616   10
    2617   10
    2618    9
    2619   10
    2620   10
    2621   10
    2622   10
    2623   10
    2624   10
    2625   10
    2626   10
    2627   10
    2628   10
    2629   10
    2630   10
    2631   10
    2632   11
    2633   11
    2634   11
    2635   11
    2636   11
    2637   11
    2638   11
    2639   11
    2640   11
    2641   11
    2642   11
    2643   11
    2644   11
    2645   12
    2646   12
    2647   12
    2648   12
    2649   12
    2650   12
    2651   11
    2652   11
    2653   11
    2654   11
    2655   11
    2656   11
    2657   11
    2658   11
    2659   11
    2660   10
    2661   10
    2662   10
    2663   10
    2664   10
    2665   10
    2666   10
    2667   10
    2668   10
    2669   10
    2670   10
    2671   10
    2672   10
    2673   10
    2674    9
    2675   10
    2676   10
    2677   10
    2678   10
    2679   10
    2680   10
    2681   10
    2682   10
    2683   10
    2684   10
    2685   10
    2686   10
    2687   10
    2688   10
    2689   10
    2690   10
    2691   10
    2692   10
    2693   10
    2694   10
    2695   12
    2696   12
    2697   12
    2698   12
    2699   12
    2700   12
    2701   12
    2702    8
    2703   12
    2704   12
    2705   12
    2706   12
    2707   12
    2708   12
    2709   12
    2710   12
    2711    7
    2712   12
    2713   12
    2714   12
    2715   12
    2716   12
    2717   12
    2718   12
    2719   12
    2720   12
    2721   12
    2722    7
    2723   12
    2724   12
    2725    7
    2726   12
    2727   12
    2728   12
    2729   12
    2730   12
    2731   12
    2732   12
    2733   12
    2734   12
    2735    7
    2736    7
    2737   12
    2738   12
    2739   12
    2740   12
    2741   12
    2742   12
    2743    6
    2744    6
    2745    6
    2746   12
    2747   12
    2748   12
    2749    8
    2750    8
    2751    7
    2752    7
    2753   12
    2754   12
    2755    7
    2756    7
    2757   12
    2758   12
    2759   12
    2760   12
    2761    8
    2762   12
    2763    8
    2764   12
    2765    7
    2766    7
    2767    7
    2768   12
    2769   12
    2770    8
    2771    8
    2772    7
    2773   12
    2774    7
    2775    8
    2776    8
    2777    8
    2778   15
    2779   15
    2780   15
    2781   15
    2782   15
    2783   15
    2784   15
    2785   15
    2786   15
    2787   15
    2788   15
    2789   15
    2790   15
    2791   15
    2792   15
    2793   15
    2794   15
    2795   15
    2796   15
    2797   15
    2798   15
    2799   15
    2800   15
    2801   15
    2802   15
    2803   15
    2804    7
    2805   15
    2806   15
    2807   15
    2808   15
    2809   15
    2810   15
    2811   15
    2812   15
    2813   15
    2814   15
    2815   15
    2816   15
    2817   12
    2818   12
    2819   12
    2820   12
    2821   12
    2822   12
    2823   10
    2824   10
    2825   10
    2826   15
    2827   15
    2828   15
    2829   15
    2830   15
    2831   15
    2832   15
    2833   15
    2834   15
    2835   15
    2836   15
    2837   15
    2838    8
    2839   12
    2840   12
    2841   15
    2842   15
    2843   15
    2844   15
    2845   15
    2846    8
    2847   12
    2848   12
    2849    8
    2850   12
    2851   12
    2852   12
    2853   12
    2854   12
    2855   12
    2856   12
    2857   12
    2858   12
    2859   12
    2860   12
    2861    7
    2862    8
    2863   12
    2864   12
    2865   12
    2866   12
    2867    7
    2868    8
    2869    8
    2870    8
    2871   15
    2872   15
    2873   15
    2874   15
    2875   15
    2876   15
    2877   15
    2878   15
    2879   15
    2880   15
    2881   15
    2882   15
    2883    8
    2884    7
    2885   12
    2886   12
    2887   12
    2888   12
    2889   12
    2890   12
    2891    8
    2892    7
    2893   12
    2894   12
    2895   12
    2896   12
    2897   12
    2898   12
    2899    2
    2900    2
    2901    3
    2902    3
    2903    3
    2904    3
    2905    3
    2906    1
    2907    3
    2908    3
    2909    3
    2910    3
    2911    3
    2912    3
    2913    5
    2914    6
    2915   12
    2916    6
    2917    1
    2918    1
    2919    1
    2920    1
    2921    1
    2922    1
    2923    1
    2924    1
    2925    3
    2926    3
    2927    6
    2928    6
    2929    5
    2930    5
    2931    1
    2932   12
    2933   12
    2934   12
    2935   12
    2936    8
    2937    7
    2938   15
    2939   15
    2940   15
    2941   15
    2942   10
    2943   10
    2944   10
    2945   10
    2946   10
    2947    6
    2948    3
    2949    3
    2950    3
    2951    3
    2952    1
    2953    1
    2954    5
    2955    1
    2956    1
    2957    1
    2958    1
    2959    1
    2960    1
    2961    1
    2962    1
    2963    1
    2964    1
    2965    1
    2966    3
    2967    3
    2968    5
    2969    6
    2970    1
    2971    1
    2972    1
    2973    1
    2974    1
    2975    4
    2976    4
    2977    4
    2978    4
    2979    6
    2980    6
    2981   12
    2982   10
    2983   10
    2984   10
    2985   10
    2986   10
    2987   10
    2988   10
    2989   10
    2990   10
    2991   10
    2992   10
    2993   10
    2994   10
    2995   13
    2996   13
    2997   13
    2998   13
    2999   14
    3000   14
    3001   14
    3002   14
    3003   14
    3004   14
    3005   14
    3006   14
    3007   14
    3008   14
    3009   14
    3010   14
    3011   14
    3012   14
    3013   14
    3014   14
    3015   14
    3016   14
    3017   14
    3018   14
    3019   14
    3020   14
    3021   14
    3022   14
    3023   14
    3024   14
    3025   14
    3026   14
    3027   14
    3028   14
    3029   14
    3030   14
    3031   14
    3032   14
    3033   14
    3034   14
    3035   14
    3036   14
    3037   14
    3038   14
    3039   14
    3040   14
    3041   14
    3042   14
    3043   14
    3044   14
    3045   14
    3046   14
    3047   14
    3048   14
    3049   14
    3050   14
    3051   14
    3052   14
    3053   14
    3054   14
    3055   14
    3056   14
    3057   14
    3058   14
    3059   14
    3060   14
    3061   14
    3062   14
    3063   14
    3064   14
    3065   14
    3066   14
    3067   14
    3068   14
    3069   14
    3070   14
    3071   14
    3072   14
    3073   14
    3074   14
    3075   14
    3076   14
    3077   14
    3078   14
    3079   14
    3080   14
    3081   14
    3082   14
    3083   14
    3084   14
    3085   14
    3086   14
    3087   14
    3088   14
    3089   14
    3090   14
    3091   14
    3092   14
    3093   14
    3094   14
    3095   14
    3096   14
    3097   14
    3098   14
    3099   14
    3100   14
    3101   14
    3102   14
    3103   14
    3104   14
    3105   14
    3106   14
    3107   14
    3108   14
    3109   14
    3110   14
    3111   14
    3112   14
    3113   14
    3114   14
    3115   14
    3116   14
    3117   14
    3118   14
    3119   14
    3120   14
    3121   14
    3122   14
    3123   14
    3124   14
    3125   14
    3126   14
    3127   14
    3128   14
    3129   14
    3130   14
    3131   14
    3132   14
    3133   14
    3134   14
    3135   14
    3136   14
    3137   14
    3138   14
    3139   14
    3140   14
    3141   14
    3142   14
    3143   14
    3144   14
    3145   14
    3146   14
    3147   14
    3148   14
    3149   14
    3150   14
    3151   14
    3152   14
    3153   14
    3154   14
    3155   14
    3156   14
    3157   14
    3158   14
    3159   14
    3160   14
    3161   14
    3162   14
    3163   14
    3164   14
    3165   14
    3166   14
    3167   14
    3168   14
    3169   14
    3170   14
    3171   14
    3172   14
    3173   14
    3174   14
    3175   14
    3176   14
    3177   14
    3178   14
    3179   14
    3180   14
    3181   14
    3182   14
    3183   14
    3184   14
    3185   14
    3186   14
    3187   14
    3188   14
    3189   14
    3190   14
    3191   14
    3192   14
    3193   14
    3194   14
    3195   14
    3196   14
    3197   14
    3198   14
    3199   14
    3200   14
    3201   14
    3202   14
    3203   14
    3204   14
    3205   14
    3206   14
    3207   14
    3208   14
    3209   14
    3210   14
    3211   14
    3212   14
    3213   14
    3214   14
    3215   14
    3216   14
    3217   14
    3218   14
    3219   14
    3220   14
    3221   14
    3222   14
    3223   14
    3224   14
    3225   14
    3226   14
    3227   14
    3228   14
    3229   14
    3230   14
    3231   14
    3232   14
    3233   14
    3234   14
    3235   14
    3236   14
    3237   14
    3238   14
    3239   14
    3240   14
    3241   14
    3242   14
    3243   14
    3244   14
    3245   14
    3246   14
    3247   14
    3248   14
    3249   14
    3250   14
    3251   14
    3252   14
    3253   14
    3254   14
    3255   14
    3256   14
    3257   14
    3258   14
    3259   14
    3260   14
    3261   14
    3262   14
    3263   14
    3264   14
    3265   14
    3266   14
    3267   14
    3268   14
    3269   14
    3270   14
    3271   14
    3272   14
    3273   14
    3274   14
    3275   14
    3276   14
    3277   14
    3278   14
    3279   14
    3280   14
    3281   14
    3282   14
    3283   14
    3284   14
    3285   14
    3286   14
    3287   14
    3288   14
    3289   14
    3290   14
    3291   14
    3292   14
    3293   14
    3294   14
    3295   14
    3296   14
    3297   14
    3298   14
    3299   14
    3300   14
    3301   14
    3302   14
    3303   14
    3304   14
    3305   14
    3306   14
    3307   14
    3308   14
    3309   14
    3310   14
    3311   14
    3312   14
    3313   14
    3314   14
    3315   14
    3316   14
    3317   14
    3318   14
    3319   14
    3320   14
    3321   14
    3322   14
    3323   14
    3324   14
    3325    2
    3326    2
    3327    2
    3328    2
    3329    2
    3330    2
    3331   14
    3332   14
    3333   14
    3334   14
    3335   14
    3336   14
    3337   14
    3338   14
    3339   14
    3340   14
    3341   14
    3342   14
    3343   14
    3344   14
    3345   14
    3346   14
    3347   14
    3348   14
    3349   14
    3350   14
    3351   14
    3352   14
    3353   14
    3354   14
    3355   14
    3356   14
    3357   14
    3358   14
    3359   14
    3360   14
    3361   14
    3362   14
    3363   14
    3364   14
    3365   14
    3366   14
    3367   14
    3368   14
    3369   14
    3370   14
    3371   14
    3372   14
    3373   14
    3374   14
    3375   14
    3376   14
    3377   14
    3378   14
    3379   14
    3380   14
    3381   14
    3382   14
    3383   14
    3384   14
    3385   14
    3386   14
    3387   14
    3388   14
    3389   14
    3390   14
    3391   14
    3392   14
    3393   14
    3394   14
    3395   14
    3396   14
    3397   14
    3398   14
    3399   14
    3400   14
    3401   14
    3402   14
    3403   14
    3404   14
    3405   14
    3406   14
    3407   14
    3408   14
    3409   14
    3410   13
    3411   13
    3412   13
    3413   13
    3414    9
    3415    9
    3416   11
    3417   11
    3418   11
    3419   14
    3420   14
    3421   14
    3422   14
    3423   14
    3424   14
    3425   14
    3426   14
    3427   14
    3428   14
    3429   14
    3430   14
    3431   14
    3432   14
    3433   14
    3434   14
    3435   14
    3436   14
    3437   14
    3438   14
    3439   14
    3440   14
    3441   14
    3442   14
    3443   14
    3444   14
    3445   14
    3446   14
    3447   14
    3448   14
    3449   14
    3450   14
    3451   14
    3452   14
    3453   14
    3454   14
    3455   14
    3456   14
    3457   14
    3458   14
    3459   14
    3460   14
    3461   14
    3462   14
    3463   14
    3464   14
    3465   14
    3466   14
    3467   14
    3468   14
    3469   14
    3470   14
    3471   14
    3472   14
    3473   14
    3474   14
    3475   14
    3476   14
    3477   14
    3478   14
    3479   14
    3480   14
    3481   14
    3482   14
    3483   14
    3484   14
    3485   14
    3486   14
    3487   14
    3488   14
    3489   14
    3490   14
    3491   14
    3492   14
    3493   14
    3494   14
    3495   14
    3496   14
    3497   14
    3498   14
    3499   14
    3500   14
    3501   14
    3502   14
    3503   14
    3504   14
    3505   14
    3506   14
    3507   14
    3508   14
    3509   14
    3510   14
    3511   14
    3512   14
    3513   14
    3514   14
    3515   14
    3516   14
    3517   14
    3518   14
    3519   14
    3520   14
    3521   10
    3522   10
    3523   10
    3524   10
    3525   10
    3526   10
    3527   10
    3528   10
    3529   10
    3530   10
    3531   12
    3532    7
    3533   12
    3534   12
    3535   12
    3536    7
    3537   12
    3538   11
    3539   11
    3540   11
    3541   14
    3542   14
    3543   14
    3544   14
    3545   14
    3546   14
    3547   14
    3548   14
    3549   14
    3550   14
    3551   14
    3552   14
    3553   14
    3554   14
    3555   14
    3556   14
    3557   14
    3558   14
    3559   14
    3560   14
    3561   14
    3562   14
    3563   14
    3564   14
    3565   14
    3566   14
    3567   14
    3568   14
    3569   14
    3570   14
    3571   14
    3572   14
    3573   14
    3574   14
    3575   14
    3576   14
    3577   14
    3578   14
    3579   14
    3580   14
    3581   14
    3582   14
    3583   14
    3584   14
    3585   14
    3586   14
    3587   14
    3588   14
    3589   14
    3590   14
    3591   14
    3592   14
    3593   14
    3594   14
    3595   14
    3596   14
    3597   14
    3598   14
    3599   14
    3600   14
    3601   14
    3602   14
    3603   14
    3604   14
    3605   14
    3606   14
    3607   14
    3608   14
    3609   14
    3610   14
    3611   14
    3612   14
    3613   14
    3614   14
    3615   14
    3616   14
    3617   14
    3618   14
    3619   14
    3620   14
    3621   14
    3622   14
    3623   14
    3624   14
    3625   14
    3626   14
    3627   14
    3628   14
    3629   14
    3630   14
    3631   14
    3632   14
    3633   14
    3634   14
    3635   14
    3636   14
    3637   14
    3638   14
    3639   14
    3640   14
    3641   14
    3642   14
    3643   14
    3644   14
    3645   14
    3646   14
    3647   14
    3648   14
    3649   14
    3650   14
    3651   14
    3652   14
    3653   14
    3654   14
    3655   14
    3656   14
    3657   14
    3658   14
    3659   14
    3660   14
    3661   14
    3662   14
    3663   14
    3664   14
    3665   14
    3666   14
    3667   14
    3668   14
    3669   14
    3670   14
    3671   14
    3672   14
    3673   14
    3674   14
    3675   14
    3676   14
    3677   14
    3678   14
    3679   14
    3680   14
    3681   14
    3682   14
    3683   14
    3684   14
    3685   14
    3686   14
    3687   14
    3688   14
    3689   14
    3690   14
    3691   14
    3692   14
    3693   14
    3694   14
    3695   14
    3696   14
    3697   14
    3698   14
    3699   14
    3700   14
    3701   14
    3702   14
    3703   14
    3704   14
    3705   14
    3706   14
    3707   14
    3708   14
    3709   14
    3710   14
    3711   14
    3712   14
    3713   14
    3714   14
    3715   14
    3716   14
    3717   14
    3718   14
    3719   14
    3720   14
    3721   14
    3722   14
    3723   14
    3724   14
    3725   14
    3726   14
    3727   14
    3728   14
    3729   14
    3730   14
    3731   14
    3732   14
    3733   14
    3734   14
    3735   14
    3736   14
    3737   14
    3738   14
    3739   14
    3740   14
    3741   14
    3742   14
    3743   14
    3744   14
    3745   14
    3746   14
    3747   14
    3748   14
    3749   14
    3750   14
    3751   14
    3752   14
    3753   14
    3754   14
    3755   14
    3756   14
    3757   14
    3758   14
    3759   14
    3760   14
    3761   14
    3762   14
    3763   14
    3764   14
    3765   14
    3766   14
    3767   14
    3768   14
    3769   14
    3770   14
    3771   14
    3772   14
    3773   14
    3774   14
    3775   14
    3776   14
    3777   14
    3778   14
    3779   14
    3780   14
    3781   14
    3782   14
    3783   14
    3784   14
    3785   14
    3786   14
    3787   14
    3788   14
    3789   14
    3790   14
    3791   14
    3792   14
    3793   14
    3794   14
    3795   14
    3796   14
    3797   14
    3798   14
    3799   14
    3800   14
    3801   14
    3802   14
    3803   14
    3804   14
    3805   14
    3806   14
    3807   14
    3808   14
    3809   14
    3810   14
    3811   14
    3812   14
    3813   14
    3814   14
    3815   14
    3816   14
    3817   14
    3818   14
    3819   14
    3820   14
    3821   14
    3822   14
    3823   14
    3824   14
    3825   14
    3826   14
    3827   14
    3828   14
    3829   14
    3830   14
    3831   14
    3832   14
    3833   14
    3834   14
    3835   14
    3836   14
    3837   14
    3838   14
    3839   14
    3840   14
    3841   14
    3842   14
    3843   14
    3844   14
    3845   14
    3846   14
    3847   14
    3848   14
    3849   14
    3850   14
    3851   14
    3852   14
    3853   14
    3854   14
    3855   14
    3856   14
    3857   14
    3858   14
    3859   14
    3860   14
    3861   14
    3862   14
    3863   14
    3864   14
    3865   14
    3866   14
    3867   14
    3868   14
    3869   14
    3870   14
    3871   14
    3872   14
    3873   14
    3874   14
    3875   14
    3876   14
    3877   14
    3878   14
    3879   14
    3880   14
    3881   14
    3882   14
    3883   14
    3884   14
    3885   14
    3886   14
    3887   14
    3888   14
    3889   14
    3890   14
    3891   14
    3892   14
    3893   14
    3894   14
    3895   14
    3896   14
    3897   14
    3898   14
    3899   14
    3900   14
    3901   14
    3902   14
    3903   14
    3904   14
    3905   14
    3906   14
    3907   14
    3908   14
    3909   14
    3910   14
    3911   14
    3912   14
    3913   14
    3914   14
    3915   14
    3916   14
    3917   14
    3918   14
    3919   14
    3920   14
    3921   14
    3922   14
    3923   14
    3924   14
    3925   14
    3926   14
    3927   14
    3928   14
    3929   14
    3930   14
    3931   14
    3932   14
    3933   14
    3934   14
    3935   14
    3936   14
    3937   14
    3938   14
    3939   14
    3940   14
    3941   14
    3942   14
    3943   14
    3944   14
    3945   14
    3946   14
    3947   14
    3948   14
    3949   14
    3950   12
    3951   12
    3952   11
    3953   11
    3954    9
    3955   10
    3956    8
    3957    8
    3958   12
    3959   11
    3960   11
    3961   14
    3962   14
    3963   14
    3964   14
    3965   14
    3966   14
    3967   14
    3968   14
    3969   14
    3970   14
    3971   14
    3972   14
    3973   14
    3974   14
    3975   14
    3976   14
    3977   14
    3978   14
    3979   14
    3980   14
    3981   14
    3982   14
    3983   14
    3984   14
    3985   14
    3986   14
    3987   14
    3988   14
    3989   14
    3990   14
    3991   14
    3992   14
    3993   14
    3994   14
    3995   14
    3996   14
    3997   14
    3998   14
    3999   14
    4000   14
    4001   14
    4002   14
    4003   14
    4004   14
    4005   14
    4006   14
    4007   14
    4008   14
    4009   14
    4010   14
    4011   14
    4012   14
    4013   14
    4014   14
    4015   14
    4016   14
    4017   14
    4018   14
    4019   14
    4020   14
    4021   14
    4022   14
    4023   14
    4024   14
    4025   14
    4026   14
    4027   14
    4028   14
    4029   14
    4030   14
    4031   14
    4032   14
    4033   14
    4034   14
    4035   14
    4036   14
    4037   14
    4038   14
    4039   14
    4040   13
    4041   13
    4042   13
    4043   12
    4044   12
    4045   12
    4046   12
    4047   12
    4048   12
    4049   12
    4050   12
    4051   12
    4052   12
    4053   10
    4054   10
    4055   10
    4056   10
    4057   10
    4058   10
    4059   10
    4060   10
    4061   10
    4062   10
    4063   10
    4064   10
    4065   10
    4066   10
    4067   10
    4068   10
    4069   10
    4070   10
    4071   10
    4072   10
    4073    7
    4074   12
    4075   12
    4076    9
    4077   12
    4078   12
    4079    1
    4080    3
    4081    3
    4082    1
    4083    3
    4084    3
    4085    5
    4086    6
    4087    5
    4088    4
    4089    4
    4090    4
    4091    4
    4092    3
    4093    1
    4094    1
    4095    1
    4096    1
    4097    1
    4098    1
    4099    1
    4100    1
    4101    1
    4102    1
    4103    1
    4104    1
    4105    1
    4106    1
    4107    1
    4108    1
    4109    1
    4110    6
    4111    5
    4112    5
    4113    3
    4114    3
    4115    3
    4116    5
    4117    3
    4118    3
    4119    3
    4120    6
    4121    6
    4122    3
    4123    1
    4124    1
    4125    1
    4126    1
    4127    1
    4128    1
    4129    5
    4130    6
    4131    1
    4132    1
    4133    1
    4134    1
    4135    1
    4136    1
    4137    1
    4138    3
    4139    3
    4140    3
    4141    3
    4142    5
    4143    5
    4144    6
    4145   10
    4146   10
    4147   10
    4148   10
    4149   10
    4150   10
    4151   10
    4152   10
    4153   10
    4154   10
    4155   10
    4156   10
    4157   13
    4158   13
    4159   13
    4160   13
    4161   13
    4162   13
    4163   13
    4164   13
    4165   13
    4166   13
    4167   13
    4168   13
    4169   14
    4170   14
    4171   14
    4172   14
    4173   14
    4174   14
    4175   14
    4176   13
    4177   13
    4178   13
    4179   13
    4180   13
    4181   13
    4182   14
    4183   14
    4184   14
    4185   14
    4186   14
    4187   14
    4188   14
    4189   14
    4190   14
    4191   14
    4192   14
    4193   14
    4194   14
    4195   14
    4196   14
    4197   14
    4198   14
    4199   14
    4200   14
    4201   14
    4202   14
    4203   14
    4204   14
    4205   14
    4206   14
    4207   14
    4208   14
    4209   14
    4210   14
    4211   14
    4212   14
    4213   14
    4214   14
    4215   14
    4216   14
    4217   14
    4218   14
    4219   14
    4220   14
    4221   14
    4222   14
    4223   14
    4224   14
    4225   10
    4226   10
    4227   10
    4228   10
    4229    7
    4230    7
    4231   11
    4232   11
    4233    9
    4234   11
    4235   11
    4236   14
    4237   14
    4238   14
    4239   14
    4240   14
    4241   14
    4242   14
    4243   14
    4244   14
    4245   14
    4246   14
    4247   14
    4248   14
    4249   14
    4250   14
    4251   14
    4252   14
    4253   14
    4254   14
    4255   14
    4256   14
    4257   14
    4258   14
    4259   14
    4260   14
    4261   14
    4262   14
    4263   14
    4264   14
    4265   14
    4266   14
    4267   14
    4268   14
    4269   14
    4270   14
    4271   14
    4272   14
    4273   14
    4274   14
    4275   14
    4276   14
    4277   14
    4278   14
    4279   14
    4280   14
    4281   14
    4282   14
    4283   14
    4284   14
    4285   14
    4286   14
    4287   14
    4288   14
    4289   14
    4290   14
    4291   14
    4292   14
    4293   14
    4294   14
    4295   14
    4296   12
    4297   12
    4298   12
    4299   12
    4300   12
    4301   12
    4302   12
    4303    8
    4304   12
    4305   12
    4306   12
    4307   12
    4308   12
    4309   12
    4310   12
    4311   12
    4312   12
    4313   12
    4314   12
    4315   14
    4316   14
    4317   14
    4318   12
    4319   12
    4320   12
    4321    7
    4322   12
    4323   12
    4324   12
    4325   12
    4326   12
    4327   12
    4328   12
    4329   12
    4330   12
    4331   12
    4332   12
    4333   12
    4334   12
    4335   12
    4336   12
    4337   12
    4338   12
    4339   12
    4340   12
    4341   12
    4342   11
    4343   11
    4344   11
    4345   11
    4346   11
    4347   11
    4348   11
    4349   11
    4350   11
    4351   11
    4352   11
    4353   11
    4354   12
    4355   12
    4356   12
    4357   12
    4358    7
    4359   12
    4360   10
    4361   12
    4362    8
    4363   11
    4364   11
    4365   11
    4366   14
    4367   14
    4368   14
    4369   14
    4370   14
    4371   14
    4372   14
    4373   14
    4374   14
    4375   14
    4376   14
    4377   14
    4378   14
    4379   14
    4380   14
    4381   14
    4382   14
    4383   14
    4384   13
    4385   13
    4386   12
    4387   12
    4388   12
    4389   12
    4390   10
    4391   10
    4392   10
    4393   10
    4394   10
    4395   10
    4396   10
    4397   10
    4398   10
    4399   10
    4400   10
    4401   10
    4402   10
    4403   10
    4404   10
    4405   10
    4406   10
    4407   10
    4408    7
    4409    8
    4410    8
    4411   12
    4412   12
    4413    9
    4414   10
    4415   10
    4416   10
    4417   10
    4418   10
    4419   10
    4420   14
    4421   14
    4422   14
    4423   14
    4424   14
    4425   14
    4426   14
    4427   10
    4428   10
    4429   14
    4430   14
    4431   14
    4432   14
    4433   14
    4434   13
    4435   13
    4436   13
    4437   13
    4438   13
    4439   13
    4440   13
    4441   14
    4442   14
    4443   14
    4444   14
    4445   14
    4446   14
    4447   14
    4448   14
    4449   14
    4450   14
    4451   14
    4452   14
    4453   10
    4454   10
    4455   10
    4456   10
    4457   10
    4458   10
    4459   10
    4460   10
    4461   10
    4462   11
    4463   11
    4464   11
    4465   11
    4466   11
    4467   11
    4468   11
    4469   11
    4470   11
    4471   11
    4472   11
    4473   11
    4474   11
    4475   11
    4476   11
    4477   11
    4478   11
    4479   11
    4480   11
    4481   11
    4482   11
    4483   11
    4484   11
    4485   11
    4486   11
    4487   11
    4488   11
    4489    9
    4490   11
    4491   11
    4492   11
    4493   11
    4494   11
    4495   11
    4496   11
    4497   11
    4498   11
    4499   11
    4500   11
    4501   11
    4502   11
    4503   11
    4504   11
    4505   11
    4506   11
    4507   11
    4508   11
    4509   11
    4510   11
    4511   11
    4512   11
    4513   11
    4514   11
    4515   11
    4516   11
    4517   11
    4518   10
    4519   10
    4520   10
    4521   10
    4522   10
    4523   10
    4524   10
    4525   10
    4526   10
    4527   12
    4528   12
    4529   12
    4530    8
    4531    7
    4532    7
    4533   12
    4534   12
    4535    7
    4536   15
    4537   15
    4538   15
    4539    7
    4540    7
    4541    8
    4542   12
    4543   12
    4544   12
    4545   12
    4546   12
    4547   12
    4548   12
    4549    8
    4550   10
    4551   10
    4552   10
    4553   11
    4554   11
    4555   11
    4556   11
    4557   11
    4558   11
    4559   11
    4560   11
    4561   11
    4562   11
    4563   11
    4564   11
    4565   11
    4566   12
    4567   12
    4568   12
    4569   12
    4570   12
    4571   12
    4572    8
    4573   12
    4574   12
    4575   12
    4576   10
    4577   13
    4578   13
    4579   13
    4580   13
    4581   13
    4582   13
    4583   13
    4584   13
    4585   13
    4586   13
    4587   13
    4588   13
    4589   13
    4590   13
    4591   13
    4592   13
    4593   13
    4594   13
    4595   13
    4596   13
    4597   13
    4598   13
    4599   14
    4600   14
    4601   14
    4602   14
    4603   14
    4604   14
    4605   14
    4606   14
    4607   14
    4608   14
    4609   14
    4610   14
    4611   14
    4612   14
    4613   14
    4614   14
    4615   14
    4616   14
    4617   14
    4618   14
    4619   14
    4620   14
    4621   14
    4622   14
    4623   14
    4624   14
    4625   14
    4626   11
    4627   11
    4628   11
    4629   11
    4630   12
    4631   12
    4632   14
    4633   14
    4634   14
    4635   14
    4636   14
    4637   14
    4638   14
    4639   14
    4640   14
    4641   14
    4642   14
    4643   14
    4644   14
    4645   14
    4646   14
    4647   14
    4648   14
    4649   14
    4650   14
    4651   14
    4652   14
    4653   14
    4654   14
    4655   14
    4656   14
    4657   14
    4658   14
    4659   14
    4660   14
    4661   14
    4662   14
    4663   14
    4664   14
    4665   14
    4666   14
    4667   14
    4668   14
    4669   14
    4670   14
    4671   14
    4672   14
    4673   14
    4674   14
    4675   14
    4676   14
    4677   14
    4678   14
    4679   14
    4680   14
    4681   14
    4682   12
    4683   12
    4684   12
    4685    7
    4686   14
    4687   14
    4688   14
    4689   14
    4690   14
    4691   14
    4692   14
    4693   14
    4694   14
    4695   14
    4696   14
    4697   14
    4698   14
    4699   14
    4700   14
    4701   14
    4702   14
    4703   14
    4704   14
    4705   14
    4706   14
    4707   14
    4708   14
    4709   14
    4710   14
    4711   14
    4712   14
    4713   14
    4714   14
    4715   14
    4716   14
    4717   14
    4718   14
    4719   14
    4720   14
    4721   14
    4722   14
    4723   14
    4724   14
    4725   14
    4726   14
    4727   14
    4728   14
    4729   14
    4730   14
    4731   14
    4732   14
    4733   14
    4734   14
    4735   14
    4736   14
    4737   14
    4738   14
    4739   14
    4740   14
    4741   14
    4742   14
    4743   14
    4744   14
    4745   14
    4746   14
    4747   14
    4748   14
    4749   14
    4750   14
    4751   14
    4752   14
    4753   14
    4754   14
    4755   14
    4756   14
    4757   14
    4758   14
    4759   14
    4760   14
    4761   14
    4762   14
    4763   14
    4764   14
    4765   14
    4766   14
    4767   14
    4768   14
    4769   14
    4770   14
    4771   14
    4772   14
    4773   14
    4774   14
    4775   14
    4776   14
    4777   14
    4778   14
    4779   14
    4780   14
    4781   14
    4782   14
    4783   14
    4784   14
    4785   14
    4786   14
    4787   14
    4788   14
    4789   14
    4790   14
    4791   14
    4792   14
    4793   14
    4794   14
    4795   14
    4796   14
    4797   14
    4798   14
    4799   14
    4800   14
    4801   14
    4802   14
    4803   14
    4804   14
    4805   14
    4806   14
    4807   14
    4808   14
    4809   14
    4810   14
    4811   14
    4812   14
    4813   14
    4814   14
    4815   14
    4816   14
    4817   14
    4818   14
    4819   14
    4820   14
    4821   14
    4822   14
    4823   14
    4824   14
    4825   14
    4826   14
    4827   14
    4828   14
    4829   14
    4830   14
    4831   14
    4832   14
    4833   14
    4834   14
    4835   14
    4836   14
    4837   14
    4838   14
    4839   14
    4840   14
    4841   14
    4842   14
    4843   14
    4844   14
    4845   14
    4846   14
    4847   14
    4848   14
    4849   14
    4850   14
    4851   14
    4852   14
    4853   14
    4854   14
    4855   14
    4856   14
    4857   14
    4858   14
    4859   14
    4860   14
    4861   14
    4862   14
    4863   14
    4864   14
    4865   14
    4866   14
    4867   14
    4868   14
    4869   14
    4870   14
    4871   14
    4872   14
    4873   14
    4874   14
    4875   14
    4876   14
    4877   14
    4878   14
    4879   14
    4880   14
    4881   14
    4882   14
    4883   14
    4884   14
    4885   14
    4886   14
    4887   14
    4888   14
    4889   14
    4890   14
    4891   14
    4892   14
    4893   14
    4894   14
    4895   14
    4896   14
    4897   14
    4898   14
    4899   14
    4900   14
    4901   14
    4902   14
    4903   14
    4904   14
    4905   14
    4906   14
    4907   14
    4908   14
    4909   14
    4910   14
    4911   14
    4912   14
    4913   14
    4914   14
    4915   14
    4916   14
    4917   14
    4918   14
    4919   14
    4920   14
    4921   14
    4922   14
    4923   14
    4924   14
    4925   14
    4926   14
    4927   14
    4928   14
    4929   14
    4930   14
    4931   14
    4932   14
    4933   14
    4934   14
    4935   14
    4936   14
    4937   14
    4938   14
    4939   14
    4940   14
    4941   14
    4942   14
    4943   14
    4944   14
    4945   14
    4946   14
    4947   14
    4948   14
    4949   14
    4950   14
    4951   14
    4952   14
    4953   13
    4954   13
    4955   13
    4956   13
    4957   13
    4958   13
    4959   13
    4960   13
    4961   13
    4962   13
    4963   13
    4964   13
    4965   13
    4966   13
    4967   13
    4968   13
    4969   13
    4970   13
    4971   13
    4972   13
    4973   13
    4974   10
    4975   10
    4976   10
    4977   10
    4978   10
    4979   10
    4980   10
    4981   10
    4982   10
    4983   10
    4984   10
    4985   10
    4986   10
    4987   10
    4988   10
    4989   10
    4990   10
    4991   10
    4992   10
    4993   10
    4994   10
    4995    7
    4996   10
    4997   10
    4998   10
    4999   10
    5000   10
