30934503	30934796	
44706594	44706878	
42890339	42890588	
25584860	25585113	
42067852	42068107	
28789659	28789896	
27906419	27906656	
43056057	43056276	
31556534	31556739	
37641639	37641856	
31393066	31393256	
37012408	37012617	
44105117	44105315	
20298011	20298207	
23535974	23536183	
26800789	26800981	
20861313	20861506	
21265792	21266007	
38342480	38342664	
40065069	40065272	
37623127	37623274	
25050562	25050759	
25565341	25565524	
24149900	24150098	
44314396	44314580	
20850833	20851036	
38830666	38830844	
27184651	27184847	
44271397	44271591	
27321540	27321740	
29532065	29532248	
30338678	30338823	
26173973	26174158	
26968689	26968892	
26552978	26553174	
24307268	24307456	
20611292	20611471	
28675455	28675639	
27926719	27926873	
25419406	25419552	
25500261	25500363	
43054833	43055024	
33700798	33700992	
25599680	25599863	
30064392	30064549	
30146067	30146236	
30431338	30431491	
27977086	27977266	
30387962	30388141	
20842277	20842401	
26726376	26726539	
29419787	29419939	
43086214	43086337	
42722238	42722379	
43456775	43456938	
30937044	30937183	
20335533	20335666	
21185966	21186078	
27392787	27392973	
35635687	35635781	
20063259	20063367	
23574484	23574648	
30462237	30462404	
43397220	43397339	
43839703	43839864	
26692104	26692228	
43173985	43174345	
30295133	30295493	
27309413	27309557	
37007484	37007637	
27165580	27165704	
33808476	33808576	
38059735	38060095	
43354403	43354520	
24387294	24387654	
36734606	36734735	
39455359	39455482	
20835572	20835932	
41925948	41926308	
27526420	27526587	
25745131	25745250	
20155707	20155806	
20526068	20526165	
42323180	42323305	
28817155	28817515	
22578700	22579060	
33598157	33598289	
27593091	27593451	
30929875	30930235	
27414411	27414771	
23683134	23683494	
24632956	24633059	
27502859	27503019	
26367967	26368327	
38118083	38118443	
25388919	25389279	
38735625	38735762	
38763225	38763585	
27069304	27069394	
40781850	40782210	
36891269	36891629	
43251607	43251967	
42096978	42097071	
38209242	38209602	
25923030	25923390	
39174800	39175160	
33171314	33171674	
42009725	42010085	
34321649	34322009	
39956106	39956209	
38692899	38693259	
43804420	43804780	
42313607	42313967	
26828314	26828674	
31749073	31749175	
23422209	23422569	
32778914	32779274	
36873378	36873738	
43021619	43021979	
29461390	29461750	
26310921	26311281	
34237783	34238143	
24835914	24836274	
42316486	42316846	
27473029	27473389	
31085037	31085142	
37395518	37395878	
27239725	27240085	
27946153	27946513	
25887559	25887919	
24047544	24047904	
33605092	33605452	
24605265	24605625	
39456996	39457356	
26074779	26075139	
36997862	36998222	
29181482	29181842	
20981444	20981804	
27303963	27304323	
38542867	38543227	
32997688	32998048	
26407564	26407924	
39957856	39958216	
20425058	20425418	
25532256	25532616	
23126982	23127342	
38265215	38265575	
24644501	24644861	
43836463	43836823	
36198234	36198594	
25047896	25048256	
43358650	43359010	
43202178	43202538	
38104641	38105001	
38501785	38502145	
42613821	42614181	
21540038	21540398	
27145594	27145954	
37763333	37763693	
42740381	42740741	
30313684	30314044	
31954770	31955130	
33666336	33666696	
29044247	29044607	
21644937	21645297	
38808704	38809064	
33620741	33621101	
25198320	25198680	
23847239	23847599	
25790290	25790650	
40140720	40141080	
23553133	23553493	
25451686	25452046	
41641574	41641934	
42080793	42081153	
26993909	26994269	
26685378	26685738	
30249317	30249677	
24283758	24284118	
43711463	43711823	
20877223	20877583	
44895485	44895845	
20490822	20491182	
28378489	28378849	
37232171	37232531	
28976250	28976610	
30370659	30371019	
43451251	43451611	
36579133	36579493	
27205237	27205597	
39740786	39741146	
39286525	39286885	
31913403	31913763	
20595758	20596118	
20441942	20442302	
25829791	25830151	
44619507	44619867	
40987229	40987589	
33495654	33496014	
38603802	38604162	
32111778	32112138	
43040269	43040629	
42423853	42424213	
26214402	26214762	
38782395	38782755	
39606808	39607168	
35653627	35653987	
35568250	35568610	
27356679	27357039	
43832252	43832612	
20215261	20215621	
29518729	29519089	
23622424	23622784	
44787500	44787860	
25015647	25016007	
39351524	39351884	
43769445	43769805	
25144031	25144391	
20876148	20876508	
38968060	38968420	
40471744	40472104	
30931723	30932083	
23627237	23627597	
31577732	31578092	
26394355	26394715	
28030350	28030710	
33899049	33899409	
42997694	42998054	
20578803	20579163	
27308403	27308763	
43333065	43333425	
27487863	27488223	
20642981	20643341	
44570028	44570388	
38712862	38713222	
26744072	26744432	
20303295	20303655	
21341214	21341574	
44471211	44471571	
31456553	31456913	
28619647	28620007	
24244251	24244611	
29552762	29553122	
27653200	27653560	
23789594	23789954	
32288471	32288831	
30908929	30909289	
41724103	41724463	
38953134	38953494	
21250369	21250729	
20586398	20586758	
25424181	25424541	
27524278	27524638	
29537601	29537961	
44522865	44523225	
39062159	39062519	
40675628	40675988	
20622652	20623012	
37515090	37515450	
43249438	43249798	
21618266	21618626	
37875778	37876138	
23728114	23728474	
32551572	32551932	
31361463	31361823	
43158619	43158979	
34963793	34964153	
43155719	43156079	
25352165	25352525	
30915274	30915634	
37253224	37253584	
43751404	43751764	
43419300	43419660	
27630906	27631266	
26467306	26467666	
24451342	24451702	
30557501	30557861	
44843161	44843521	
37039359	37039719	
37509053	37509413	
21977039	21977399	
31138377	31138737	
29276726	29277086	
42825832	42826192	
39347429	39347789	
43036924	43037284	
20881951	20882311	
39820877	39821237	
33258599	33258959	
22849527	22849887	
42465884	42466244	
42555603	42555963	
38303336	38303696	
23626292	23626652	
23637810	23638170	
28843948	28844308	
31486552	31486912	
36549292	36549652	
44025416	44025776	
23755186	23755546	
41627197	41627557	
43467695	43468055	
42588636	42588996	
32206117	32206477	
33637991	33638351	
20866592	20866952	
37145506	37145866	
44942757	44943117	
28974469	28974829	
33259799	33260159	
42970270	42970630	
21595542	21595902	
24211273	24211633	
33141237	33141597	
42301781	42302141	
42287217	42287577	
36899347	36899707	
43683438	43683798	
21068114	21068474	
38817261	38817621	
25013706	25014066	
37642599	37642959	
31476215	31476575	
24574886	24575246	
20293415	20293775	
31900633	31900993	
25013927	25014287	
26838392	26838752	
38487522	38487882	
43454705	43455065	
33824483	33824843	
44177542	44177902	
26277865	26278225	
33051153	33051513	
38755238	38755598	
24766159	24766519	
28177711	28178071	
30558879	30559239	
42304557	42304917	
30695288	30695648	
25937629	25937989	
20250372	20250732	
24027123	24027483	
44317617	44317977	
25520689	25521049	
43823929	43824289	
26178757	26179117	
24565246	24565606	
28451316	28451676	
23517130	23517490	
44690617	44690977	
34795592	34795952	
20875572	20875932	
33895566	33895926	
43019644	43020004	
34007904	34008264	
32360363	32360723	
37802939	37803299	
27514885	27515245	
29434828	29435188	
43396128	43396488	
30447989	30448349	
38766122	38766482	
32437423	32437783	
30893392	30893752	
40440295	40440655	
29179110	29179470	
20817596	20817956	
38303752	38304112	
43498396	43498756	
30920126	30920486	
42268968	42269328	
44475115	44475475	
44461525	44461885	
21388293	21388653	
33703678	33704038	
31302514	31302874	
36560758	36561118	
28642215	28642575	
31360815	31361175	
42326201	42326561	
31657910	31658270	
24560758	24561118	
30557713	30558073	
27601013	27601373	
44518823	44519183	
31312526	31312886	
36586181	36586541	
30394721	30395081	
27273256	27273616	
38949392	38949752	
38107681	38108041	
43370056	43370416	
20387209	20387569	
43392571	43392931	
35132887	35133247	
28715830	28716190	
24713627	24713987	
30429576	30429936	
38123562	38123922	
29237984	29238344	
26951155	26951515	
37407341	37407701	
21638135	21638495	
29539866	29540226	
39296317	39296677	
42033432	42033792	
