58474802	58475030	
40337378	40337592	
45455327	45455533	
42281793	42282000	
42103680	42103890	
40602303	40602494	
41186348	41186558	
40714186	40714397	
57632971	57633173	
45329344	45329533	
42196806	42196995	
41196298	41196489	
35370800	35370981	
40566947	40567171	
57598900	57599098	
37175933	37176146	
41198625	41198828	
44955908	44956131	
51673505	51673696	
42996693	42996879	
51200691	51200889	
55582731	55582914	
44196070	44196269	
51178141	51178326	
40630321	40630513	
40812024	40812219	
51169206	51169391	
45145640	45145821	
41849870	41850061	
50296009	50296191	
42677781	42677954	
43577851	43578005	
52068458	52068644	
40571686	40571876	
58363125	58363294	
58520020	58520195	
45410371	45410573	
39109995	39110170	
43218979	43219151	
50440673	50440827	
59821200	59821372	
40971372	40971542	
42942763	42942932	
41074908	41075103	
42376674	42376847	
41149939	41150132	
43561038	43561211	
45497446	45497612	
43501297	43501467	
38732572	38732723	
51455157	51455323	
40636849	40637019	
56538320	56538491	
39872452	39872660	
40799328	40799515	
42426197	42426374	
52371180	52371351	
58513922	58514094	
45076963	45077153	
39978354	39978507	
49154142	49154309	
58358594	58358772	
41758119	41758260	
42065030	42065199	
51942244	51942387	
57114023	57114178	
41851054	41851212	
35736911	35737040	
49517904	49518055	
56783440	56783595	
52548614	52548774	
51484969	51485137	
38920211	38920358	
59453525	59453688	
45749830	45749995	
41234145	41234335	
59793827	59793975	
49258290	49258463	
43517782	43517916	
59785187	59785342	
53027782	53027943	
52432137	52432261	
36793419	36793546	
35581357	35581481	
45722550	45722716	
57852127	57852289	
45751088	45751240	
43733134	43733263	
36741626	36741749	
55509919	55510029	
55401179	55401328	
51573679	51573807	
44870797	44870921	
55460666	55460816	
40509517	40509628	
38706678	38706818	
41184170	41184296	
38682273	38682389	
35000692	35000789	
58562281	58562403	
41314805	41314912	
43030185	43030320	
49267997	49268168	
55940700	55940783	
42066735	42066865	
48644784	48644902	
52209822	52209957	
42352047	42352144	
38856340	38856470	
51694210	51694310	
53489636	53489755	
57853314	57853414	
40660364	40660543	
38184092	38184170	
45997976	45998085	
43803892	43803983	
58158551	58158618	
55727571	55727658	
59825115	59825233	
41038852	41038936	
57161918	57162012	
40397137	40397240	
38646705	38646779	
59430510	59430611	
39418221	39418397	
53072823	53072902	
46006830	46006924	
39464413	39464472	
57819818	57819875	
36043959	36044057	
59467165	59467229	
52500659	52500835	
37398707	37398807	
50608406	50608489	
40094246	40094296	
40629048	40629224	
48650455	48650545	
41873435	41873485	
39000138	39000314	
44358573	44358645	
58369833	58369883	
52519672	52519848	
52074659	52074835	
38983024	38983200	
40859462	40859638	
51425198	51425374	
45906519	45906695	
42349364	42349461	
35212514	35212690	
57630191	57630251	
58505219	58505395	
41151432	41151608	
38975922	38976098	
40733310	40733419	
40734466	40734570	
56092050	56092226	
52069280	52069456	
43496599	43496775	
46604434	46604610	
57638031	57638084	
55731979	55732155	
52019804	52019980	
57430559	57430735	
53076203	53076379	
59249671	59249847	
45030709	45030772	
36570459	36570635	
52475943	52476001	
47488290	47488466	
38766453	38766629	
43806838	43806888	
50474278	50474454	
44511966	44512142	
38991934	38992110	
40167257	40167433	
38295200	38295376	
40049195	40049371	
40613173	40613349	
41896139	41896315	
50437642	50437818	
52821046	52821110	
59925013	59925189	
50344127	50344303	
40882070	40882246	
57834490	57834666	
39605333	39605384	
56190006	56190182	
57795604	57795780	
44061916	44062092	
45418864	45419040	
49763544	49763720	
41952757	41952933	
42358776	42358952	
45459632	45459808	
58731229	58731405	
56081367	56081543	
52455825	52456001	
40322553	40322729	
42429995	42430171	
59063415	59063591	
40078782	40078958	
58407915	58408091	
49527891	49528067	
50408778	50408954	
45560439	45560615	
50967816	50967992	
56138415	56138591	
48799767	48799943	
57210456	57210632	
45018826	45019002	
44164709	44164885	
50554323	50554499	
52362863	52363039	
49148132	49148308	
51695556	51695732	
59272649	59272825	
58043510	58043686	
58024833	58025009	
58157599	58157775	
41206751	41206927	
50169062	50169238	
45314753	45314929	
56721159	56721335	
43093370	43093546	
58261663	58261839	
38172857	38173033	
41222829	41223005	
48578034	48578210	
51791690	51791866	
57438728	57438904	
50651161	50651337	
41165916	41166092	
56285793	56285969	
41624288	41624464	
44794070	44794246	
44591190	44591366	
59158584	59158760	
59914634	59914810	
58848037	58848213	
52546638	52546814	
39145928	39146104	
45691890	45692066	
56788861	56789037	
40217432	40217608	
38288015	38288191	
46087773	46087949	
56345042	56345218	
48542894	48543070	
51829286	51829462	
35262012	35262188	
41477117	41477293	
52509446	52509622	
48812835	48813011	
42663421	42663597	
52093697	52093873	
58035764	58035940	
45569178	45569354	
49438320	49438496	
51675102	51675278	
41187135	41187311	
43611697	43611873	
50534381	50534557	
58534258	58534434	
49663110	49663286	
41988317	41988493	
48629231	48629407	
42098852	42099028	
49371635	49371811	
49714237	49714413	
40401277	40401453	
54255238	54255414	
40429868	40430044	
43802396	43802572	
59050428	59050604	
49338807	49338983	
43479846	43480022	
56832396	56832572	
42186973	42187149	
59983495	59983671	
37103337	37103513	
53058086	53058262	
42605761	42605937	
38543720	38543896	
51973623	51973799	
45507748	45507924	
40646621	40646797	
40535470	40535646	
42152311	42152487	
57959561	57959737	
50124900	50125076	
44611744	44611920	
40345501	40345677	
35811856	35812032	
44885251	44885427	
38856922	38857098	
51522150	51522326	
58676100	58676276	
45471429	45471605	
55806162	55806338	
37426951	37427127	
52623724	52623900	
45866310	45866486	
56541396	56541572	
58477819	58477995	
56066655	56066831	
40314210	40314386	
43638651	43638827	
43668386	43668562	
37425893	37426069	
35087559	35087735	
58645847	58646023	
39894468	39894644	
45141176	45141352	
40574769	40574945	
58153330	58153506	
50544086	50544262	
44067733	44067909	
57933225	57933401	
43503050	43503226	
45005955	45006131	
38274106	38274282	
41805823	41805999	
42170149	42170325	
59477945	59478121	
39875749	39875925	
44876475	44876651	
41056166	41056342	
51981152	51981328	
55818777	55818953	
44828812	44828988	
51132839	51133015	
49267199	49267375	
35498582	35498758	
55328074	55328250	
45333846	45334022	
39873970	39874146	
57620808	57620984	
52274560	52274736	
40550753	40550929	
36150121	36150297	
45091128	45091304	
