53374685	53374941	
69684838	69685066	
53607158	53607392	
57632892	57633139	
53278658	53278900	
50038413	50038613	
58299176	58299407	
57846753	57846961	
54754700	54754914	
49012303	49012503	
53902411	53902610	
54095646	54095858	
54601637	54601851	
53264323	53264544	
52419525	52419734	
57463304	57463507	
51745778	51745974	
50898582	50898807	
53493284	53493494	
50469049	50469252	
57381382	57381591	
50101362	50101599	
57395275	57395492	
57233774	57233980	
57506154	57506374	
54793168	54793371	
53746485	53746693	
65950591	65950798	
54773485	54773711	
53718562	53718777	
48173158	48173355	
48936189	48936388	
54426430	54426626	
54585405	54585613	
52550646	52550843	
52417538	52417747	
50433094	50433287	
52477270	52477465	
54399819	54400038	
57977176	57977391	
54378676	54378878	
48136104	48136302	
52374195	52374386	
56858180	56858391	
50360844	50361062	
54762517	54762721	
68617011	68617201	
54688084	54688295	
51815162	51815341	
53273792	53273986	
58225259	58225442	
57607140	57607350	
46466002	46466194	
56334113	56334293	
54140461	54140695	
52976881	52977064	
53553258	53553446	
49189697	49189886	
50449846	50450032	
49752525	49752707	
57852956	57853135	
56513244	56513433	
57856518	57856703	
53739069	53739270	
46384451	46384635	
54973584	54973772	
52269109	52269308	
50170230	50170423	
63187854	63188022	
56131062	56131244	
51441597	51441778	
57576822	57577019	
54069906	54070108	
54833511	54833675	
51735277	51735462	
56987988	56988168	
48343326	48343508	
50260989	50261184	
52414623	52414790	
51925792	51925960	
47473281	47473482	
50464372	50464550	
53459816	53460000	
56118504	56118679	
45564358	45564519	
54610888	54611081	
58129734	58129917	
49725494	49725686	
49389289	49389461	
48109185	48109358	
53273315	53273542	
53259208	53259386	
49284561	49284730	
56435354	56435543	
56586857	56587006	
53681619	53681768	
54613941	54614115	
48231477	48231654	
57701658	57701816	
55466942	55467105	
56771134	56771295	
49974397	49974562	
54595204	54595373	
52515712	52515884	
64943452	64943635	
45524678	45524857	
50030786	50030943	
52288842	52288998	
47701671	47701826	
56600405	56600578	
52537402	52537564	
54731334	54731495	
64237706	64237903	
52672836	52673002	
49486011	49486201	
52545954	52546132	
57569745	57569905	
49629043	49629209	
48559003	48559156	
69751352	69751507	
54718467	54718650	
49247140	49247287	
49390617	49390804	
52766449	52766602	
53370133	53370297	
48161022	48161172	
47791570	47791714	
49482139	49482290	
54137496	54137639	
49457824	49457967	
57030540	57030697	
69548518	69548661	
52607364	52607533	
52397960	52398111	
49682212	49682364	
56440995	56441143	
51663413	51663575	
48583414	48583552	
65996384	65996535	
50172031	50172183	
56709905	56710077	
49736368	49736562	
57487136	57487297	
49491885	49492027	
56520057	56520192	
69464215	69464372	
56132699	56132813	
58026904	58027066	
55247838	55247965	
53298905	53299080	
69977092	69977258	
57518165	57518288	
55582884	55583003	
62586574	62586699	
53645404	53645545	
50361321	50361475	
54921018	54921158	
67082760	67082892	
53815469	53815584	
50017346	50017513	
57157002	57157114	
53583993	53584129	
69550931	69551032	
53937405	53937469	
58015626	58015789	
63193021	63193133	
48111422	48111560	
58377069	58377168	
46519025	46519150	
45937736	45937843	
50368066	50368206	
45342629	45342733	
67255055	67255166	
59507682	59507787	
49147340	49147453	
50232921	50233033	
57636867	57636995	
62517591	62517715	
56390033	56390102	
57566893	57567030	
48212982	48213118	
49907984	49908111	
51422001	51422118	
53086160	53086303	
56967300	56967405	
56583391	56583537	
55153657	55153759	
46736414	46736521	
65091919	65092044	
53661893	53661992	
55351973	55352064	
51380890	51381000	
49628328	49628434	
69964734	69964835	
58209078	58209151	
49947422	49947517	
52557812	52557887	
55387169	55387260	
62832022	62832198	
54608631	54608732	
54151119	54151171	
48232459	48232606	
48357206	48357326	
57608213	57608312	
66481289	66481358	
54764160	54764274	
52387049	52387118	
57402070	57402161	
56040085	56040186	
56984185	56984269	
67835715	67835765	
64667643	64667765	
49371860	49371971	
53775771	53775869	
56696285	56696336	
47802190	47802278	
52320692	52320757	
50708607	50708704	
52217862	52217952	
57657724	57657803	
65284813	65284909	
56479111	56479161	
49208526	49208627	
51984612	51984711	
49330266	49330442	
56050257	56050344	
52317337	52317426	
52208167	52208283	
58150657	58150833	
64650070	64650168	
56617853	56617949	
55466004	55466087	
48848608	48848676	
69809600	69809776	
58087486	58087662	
50134998	50135077	
66803163	66803339	
65002057	65002233	
50339477	50339551	
46122766	46122839	
54788143	54788319	
54397914	54398090	
54997073	54997249	
65196092	65196268	
69864692	69864868	
68434334	68434510	
55143081	55143257	
56114849	56115025	
46697005	46697055	
56907654	56907724	
57637544	57637720	
47377918	47378004	
54990328	54990504	
55052545	55052721	
55462312	55462488	
48045553	48045729	
50482490	50482666	
54528803	54528979	
47055278	47055454	
48191344	48191520	
51128539	51128715	
62996977	62997153	
51685720	51685794	
49515034	49515090	
49367961	49368137	
47426464	47426640	
49730939	49731018	
56652161	56652246	
52784873	52785049	
67419398	67419574	
56618091	56618267	
57028880	57028969	
49524080	49524256	
56423570	56423746	
63497413	63497589	
52071988	52072164	
53715380	53715556	
52533407	52533583	
51640469	51640645	
47465129	47465305	
51818860	51819036	
69257746	69257922	
63377589	63377641	
49437667	49437843	
57151387	57151563	
66079390	66079566	
58197184	58197360	
50505433	50505609	
56190973	56191149	
53605668	53605844	
57505447	57505623	
56053670	56053846	
66377524	66377700	
63207115	63207291	
49741470	49741646	
56013513	56013689	
49413874	49414050	
63814035	63814211	
47415072	47415248	
68752702	68752878	
54532108	54532284	
63462728	63462904	
49381945	49382121	
51159140	51159316	
54798276	54798452	
56995309	56995485	
48137872	48138048	
53061395	53061571	
56740550	56740726	
64219869	64220045	
56660557	56660733	
52979802	52979978	
65517333	65517509	
46525649	46525825	
48080534	48080710	
65700413	65700589	
49328227	49328403	
48680594	48680770	
45168697	45168873	
54730333	54730509	
45782439	45782615	
62604218	62604394	
63492764	63492940	
69647822	69647998	
47940968	47941144	
52285737	52285913	
48264368	48264544	
67809382	67809558	
57341536	57341712	
46547134	46547310	
53109308	53109484	
56665002	56665178	
47587734	47587910	
57670844	57671020	
57480414	57480590	
55096091	55096267	
57400387	57400437	
66627854	66628030	
56099699	56099875	
47755223	47755399	
51611791	51611967	
66501285	66501461	
48152863	48153039	
64233277	64233453	
54161593	54161769	
52364682	52364858	
54342811	54342987	
45516666	45516842	
59543909	59544085	
57589817	57589993	
56890610	56890786	
63328964	63329140	
50561102	50561278	
57943711	57943887	
47588468	47588644	
69180843	69181019	
57406866	57407042	
53455611	53455787	
62829577	62829753	
66746083	66746259	
49626827	49627003	
53846447	53846623	
66673012	66673188	
50655598	50655774	
51031711	51031887	
48031040	48031216	
51911704	51911880	
48336231	48336407	
55537153	55537329	
56349898	56350074	
67613952	67614128	
55840196	55840372	
53432562	53432738	
50677349	50677525	
65190132	65190308	
51219253	51219429	
52615915	52616091	
54383013	54383189	
63670626	63670802	
50628257	50628433	
62400014	62400190	
56627457	56627633	
46765133	46765309	
56511988	56512164	
49942924	49943100	
67555234	67555410	
65626381	65626557	
58739918	58740094	
52419256	52419432	
69979636	69979812	
68552323	68552499	
58176396	58176572	
57915479	57915655	
57850006	57850182	
68800153	68800329	
57521077	57521253	
69224097	69224273	
69678029	69678205	
52821980	52822156	
64981298	64981474	
63545945	63546121	
49297778	49297954	
52376412	52376588	
53552956	53553132	
67749731	67749907	
68880333	68880509	
54531055	54531231	
58934388	58934564	
50156893	50157069	
49619438	49619614	
65707601	65707777	
46156417	46156593	
50444680	50444856	
45324896	45325072	
54344275	54344451	
50296292	50296468	
51686017	51686193	
68337175	68337351	
56551620	56551796	
68395372	68395548	
68759134	68759310	
57204801	57204977	
53441134	53441310	
57425214	57425390	
54645583	54645759	
53346025	53346201	
53447484	53447660	
49366613	49366789	
50569303	50569479	
53369227	53369403	
57914652	57914828	
54694781	54694957	
48836305	48836481	
64539108	64539284	
53875883	53876059	
62387634	62387810	
49412400	49412576	
50898925	50899101	
67412017	67412193	
48299159	48299335	
68710922	68711098	
50144208	50144384	
50495476	50495652	
54691871	54692047	
65088548	65088724	
45662984	45663160	
49763741	49763917	
52936063	52936239	
69201880	69202056	
47071650	47071826	
52589116	52589292	
47996822	47996998	
58135970	58136146	
56320615	56320791	
49690385	49690561	
47219691	47219867	
54355251	54355427	
66663672	66663848	
48202858	48203034	
56137269	56137445	
53030818	53030994	
67851742	67851918	
69590563	69590739	
53378030	53378206	
52283725	52283901	
47776182	47776358	
45825022	45825198	
53721861	53722037	
69293041	69293217	
63308524	63308700	
58290778	58290954	
46795606	46795782	
56224168	56224344	
54689561	54689737	
52709646	52709822	
60650975	60651151	
52476952	52477128	
68461687	68461863	
53897955	53898131	
49152082	49152258	
53893151	53893327	
57390618	57390794	
64195896	64196072	
65433202	65433378	
49691247	49691423	
54966794	54966970	
62653903	62654079	
46119573	46119749	
56711603	56711779	
53721345	53721521	
55329190	55329366	
64630414	64630590	
53466041	53466217	
52928353	52928529	
49359320	49359496	
