57682998	57683240	
56352273	56352508	
55499051	55499322	
67962448	67962660	
67011651	67011868	
66929176	66929390	
57553744	57553951	
53088777	53088998	
67189292	67189531	
56611031	56611237	
66623382	66623598	
57334564	57334761	
74847076	74847332	
68562619	68562834	
58848264	58848446	
66517697	66517900	
56736018	56736216	
68074538	68074749	
71392455	71392663	
74743404	74743606	
57610377	57610571	
58521689	58521894	
67706703	67706906	
66901805	66901996	
50058839	50059055	
67051839	67052024	
58790404	58790594	
71995414	71995603	
68738332	68738540	
67499782	67499981	
67294671	67294856	
67219359	67219556	
67678646	67678858	
57118237	57118431	
57933713	57933901	
57451024	57451213	
68362604	68362792	
70805075	70805260	
67555052	67555241	
67433399	67433599	
58370650	58370846	
57791204	57791405	
55291970	55292161	
70429362	70429568	
67580980	67581148	
66440455	66440661	
50699347	50699547	
67462126	67462308	
53164408	53164619	
66304399	66304601	
69788822	69789015	
58034586	58034772	
71644996	71645183	
57625407	57625599	
67313277	67313474	
68295546	68295734	
67850525	67850749	
66988084	66988259	
68624494	68624673	
72866550	72866725	
58028795	58028968	
56366677	56366866	
67701874	67702061	
58054674	58054837	
68834261	68834431	
58155920	58156075	
72158886	72159050	
56998541	56998741	
72536120	72536275	
74343803	74343967	
70687730	70687889	
56390415	56390583	
53056422	53056579	
66349221	66349383	
56985276	56985440	
53544441	53544619	
67515174	67515333	
71533784	71533927	
50244551	50244695	
68098725	68098884	
66642536	66642720	
57754275	57754423	
69830526	69830677	
67528015	67528146	
68027246	68027417	
67596612	67596801	
52946586	52946737	
51796122	51796263	
54991374	54991503	
57509863	57510062	
65151987	65152136	
58131244	58131385	
71571683	71571824	
72133327	72133463	
58695264	58695377	
57452873	57453002	
57456388	57456527	
56903558	56903707	
69139403	69139553	
70910512	70910646	
66962771	66962930	
66981190	66981314	
67917743	67917886	
71033799	71033926	
71513438	71513571	
72100721	72100846	
70772396	70772548	
70199120	70199234	
69146694	69146841	
74141795	74141927	
57634391	57634532	
74896763	74896889	
57836277	57836424	
68544194	68544336	
68263404	68263523	
68106329	68106465	
50408706	50408831	
50361086	50361196	
66907135	66907239	
53584000	53584116	
58545930	58546046	
58672255	58672387	
67976095	67976237	
67548397	67548513	
69964202	69964334	
54227662	54227788	
68554623	68554740	
69345167	69345277	
67312609	67312739	
73230794	73230893	
67481630	67481729	
68936439	68936548	
55978318	55978438	
58340327	58340503	
69432357	69432448	
52225615	52225710	
71446753	71446862	
66549822	66549894	
50840244	50840357	
67953661	67953764	
55735734	55735835	
50543619	50543685	
57757226	57757320	
50840566	50840670	
71345686	71345746	
71002417	71002514	
71401426	71401488	
55876873	55876962	
57897590	57897675	
56707989	56708089	
71446349	71446438	
68479469	68479645	
70713982	70714122	
57940439	57940615	
66958929	66958990	
55746378	55746437	
66785769	66785822	
50279992	50280083	
69743577	69743656	
71456015	71456191	
50247979	50248155	
69184157	69184333	
67427367	67427422	
74464082	74464178	
66751081	66751144	
57079812	57079988	
69756015	69756074	
66684941	66685117	
74800722	74800898	
56075842	56075899	
57202010	57202186	
66696811	66696987	
70504875	70505051	
67450332	67450508	
53807157	53807333	
69971410	69971586	
53926100	53926276	
72229593	72229769	
57809555	57809731	
67899354	67899530	
57694689	57694865	
70679237	70679413	
69430052	69430228	
72275848	72276024	
54316322	54316381	
50918125	50918301	
50705670	50705846	
70616621	70616797	
68430534	68430710	
73764711	73764887	
67048099	67048169	
50055510	50055686	
66864842	66865018	
71679479	71679655	
55529037	55529213	
54667853	54668029	
67280161	67280337	
67049199	67049375	
66638752	66638928	
66512711	66512887	
67555474	67555650	
70052230	70052406	
50101503	50101679	
68401016	68401192	
68297987	68298163	
69419570	69419746	
73912638	73912814	
72183979	72184155	
71586703	71586879	
71474654	71474830	
69158009	69158185	
53979920	53980096	
69528900	69529076	
71598926	71599102	
52016745	52016921	
72763544	72763720	
50627755	50627931	
53010821	53010997	
67213703	67213879	
56637581	56637757	
73990606	73990782	
71780442	71780618	
67360726	67360902	
58011718	58011894	
63323844	63324020	
56237043	56237219	
56901275	56901451	
58333775	58333951	
62160421	62160597	
72881136	72881312	
56435463	56435639	
56303815	56303991	
71576284	71576460	
50402875	50403051	
56547924	56548100	
68127904	68128080	
70365581	70365757	
58039238	58039414	
50406145	50406321	
68741491	68741667	
56296031	56296207	
71682927	71683103	
69006699	69006875	
70455460	70455636	
66995003	66995179	
69498957	69499133	
53254598	53254774	
53726125	53726301	
74309027	74309203	
74760728	74760904	
69117546	69117722	
69320935	69321111	
70489926	70490102	
70132896	70133072	
67203680	67203856	
58066259	58066435	
69893605	69893781	
67138127	67138303	
67280695	67280871	
62259674	62259850	
56634417	56634593	
55069050	55069226	
50855603	50855779	
66694718	66694894	
70501120	70501296	
68730574	68730750	
66149369	66149545	
57893358	57893534	
69029169	69029345	
68398707	68398883	
56459378	56459554	
53449431	53449607	
63395033	63395209	
57685391	57685567	
57179659	57179835	
66308013	66308189	
56677461	56677637	
71917906	71918082	
55677207	55677383	
53580904	53581080	
54976372	54976548	
67318928	67319104	
72055106	72055282	
71040537	71040713	
68024008	68024184	
56315145	56315321	
71916416	71916592	
67373471	67373647	
56823434	56823610	
57829378	57829554	
70404098	70404274	
57770541	57770717	
74657236	74657412	
67134936	67135112	
66060233	66060409	
50388875	50389051	
66545980	66546156	
56311084	56311260	
56885958	56886134	
55737418	55737594	
69564652	69564828	
70729724	70729900	
57703368	57703544	
55037941	55038117	
67841097	67841273	
58768137	58768313	
72501148	72501324	
66583557	66583733	
58175396	58175572	
57180660	57180836	
70301534	70301710	
74808504	74808680	
67997626	67997802	
67697570	67697746	
74260613	74260789	
54992173	54992349	
67875754	67875930	
68150253	68150429	
66730672	66730848	
54962692	54962868	
57126815	57126991	
70286585	70286761	
71917654	71917830	
58877720	58877896	
56691400	56691576	
67180466	67180642	
50644292	50644468	
68118553	68118729	
57046351	57046527	
70285058	70285234	
53241760	53241936	
67597227	67597403	
74363408	74363584	
58052895	58053071	
56280474	56280650	
50170409	50170585	
70430598	70430774	
71535624	71535800	
71599432	71599608	
67441817	67441993	
