 0.3322365E+00
 0.1450678E+00
 0.1260642E+00
 0.1029189E+00
 0.8696039E-01
 0.7607508E-01
 0.6657563E-01
 0.5978600E-01
 0.5346431E-01
 0.4989381E-01
 0.4666698E-01
 0.4435872E-01
 0.4142692E-01
 0.3966668E-01
 0.3835251E-01
 0.3607429E-01
 0.3437606E-01
 0.3247777E-01
 0.3068371E-01
 0.2867293E-01
 0.2775709E-01
 0.2610365E-01
 0.2499671E-01
 0.2370304E-01
 0.2319016E-01
 0.2259103E-01
 0.2172879E-01
 0.2194464E-01
 0.2145204E-01
 0.2040463E-01
 0.1943232E-01
 0.1948383E-01
 0.1870283E-01
 0.1821619E-01
 0.1764039E-01
 0.1719215E-01
 0.1657030E-01
 0.1610680E-01
 0.1555600E-01
 0.1502438E-01
 0.1507665E-01
 0.1425876E-01
 0.1334838E-01
 0.1303353E-01
 0.1300805E-01
 0.1278660E-01
 0.1247665E-01
 0.1216134E-01
 0.1173367E-01
 0.1147863E-01
 0.1154631E-01
 0.1122651E-01
 0.1079837E-01
 0.1056434E-01
 0.1024736E-01
 0.1031829E-01
 0.9804490E-02
 0.9163668E-02
 0.9390586E-02
 0.9498982E-02
 0.8825452E-02
 0.8515238E-02
 0.8513948E-02
 0.8520874E-02
 0.8541918E-02
 0.8394081E-02
 0.8402744E-02
 0.8194388E-02
 0.7875007E-02
 0.7705211E-02
 0.7557580E-02
 0.7574708E-02
 0.7855853E-02
 0.7611307E-02
 0.7314259E-02
 0.7228117E-02
 0.7079437E-02
 0.6805966E-02
 0.6946634E-02
 0.6712259E-02
 0.6720017E-02
 0.6304937E-02
 0.6592723E-02
 0.6626267E-02
 0.6510936E-02
 0.6188210E-02
 0.6074881E-02
 0.5945904E-02
 0.6228329E-02
 0.6418467E-02
 0.6291963E-02
 0.6492776E-02
 0.6371466E-02
 0.6326988E-02
 0.6197572E-02
 0.5931227E-02
 0.5781368E-02
 0.5839718E-02
 0.5956223E-02
 0.5812356E-02
 0.5834980E-02
 0.5790679E-02
 0.5512017E-02
 0.5382868E-02
 0.5336231E-02
 0.5302191E-02
 0.5297413E-02
 0.5358928E-02
 0.5058779E-02
 0.4865477E-02
 0.4937186E-02
 0.5098537E-02
 0.5110974E-02
 0.5065593E-02
 0.5133636E-02
 0.5084491E-02
 0.5040947E-02
 0.4952129E-02
 0.4904614E-02
 0.5060176E-02
 0.4962936E-02
 0.4701966E-02
 0.4587742E-02
 0.4836744E-02
 0.4826916E-02
 0.4615326E-02
 0.4496957E-02
 0.4509186E-02
 0.4369155E-02
 0.4295593E-02
 0.4189968E-02
 0.4092965E-02
 0.3998683E-02
 0.4118220E-02
 0.3940342E-02
 0.4052700E-02
 0.3940601E-02
 0.3806367E-02
 0.3854712E-02
 0.3823144E-02
 0.3671034E-02
 0.3499006E-02
 0.3280543E-02
 0.3197565E-02
 0.3074399E-02
 0.3001850E-02
 0.2970865E-02
 0.2896212E-02
 0.2978873E-02
 0.2854740E-02
 0.2676641E-02
 0.2809770E-02
 0.2719345E-02
 0.2692527E-02
 0.2795582E-02
 0.2774482E-02
 0.2853799E-02
 0.2922759E-02
 0.2769472E-02
 0.2701552E-02
 0.2760505E-02
 0.2818189E-02
 0.3147882E-02
 0.2956403E-02
 0.2938889E-02
 0.2854049E-02
 0.2813321E-02
 0.2887110E-02
 0.2881928E-02
 0.2993423E-02
 0.3037450E-02
 0.3110459E-02
 0.2920791E-02
 0.2878465E-02
 0.2724483E-02
 0.2620287E-02
 0.2733246E-02
 0.2715468E-02
 0.2785250E-02
 0.2883915E-02
 0.2753393E-02
 0.2773880E-02
 0.2730136E-02
 0.2638318E-02
 0.2666019E-02
 0.2580682E-02
 0.2699444E-02
 0.2687620E-02
 0.2663825E-02
 0.2766259E-02
 0.2945541E-02
 0.3034779E-02
 0.3191942E-02
 0.3112556E-02
 0.3113669E-02
 0.3097023E-02
 0.3099975E-02
 0.3156274E-02
 0.3125126E-02
 0.2895016E-02
 0.2689090E-02
 0.2734219E-02
 0.2784987E-02
 0.2843299E-02
 0.2776668E-02
 0.2779081E-02
 0.2937951E-02
 0.3042326E-02
 0.2708014E-02
 0.2822758E-02
 0.2825959E-02
 0.2682901E-02
 0.2734066E-02
 0.2771207E-02
 0.2752950E-02
 0.2777221E-02
 0.2758786E-02
 0.2762082E-02
 0.2665533E-02
 0.2905542E-02
 0.3022117E-02
 0.2941624E-02
 0.2979043E-02
 0.2954690E-02
 0.3037231E-02
 0.3059002E-02
 0.3260223E-02
 0.3117087E-02
 0.3016557E-02
 0.3091173E-02
 0.2948579E-02
 0.3004500E-02
 0.3045942E-02
 0.3057983E-02
 0.3131269E-02
 0.3349455E-02
 0.3233022E-02
 0.3076940E-02
 0.3187217E-02
 0.3293864E-02
 0.3235986E-02
 0.3102574E-02
 0.3296783E-02
 0.3311205E-02
 0.3382018E-02
 0.3390068E-02
 0.3355208E-02
 0.3223820E-02
 0.3157946E-02
 0.3152033E-02
 0.3190454E-02
 0.3218070E-02
 0.3223821E-02
 0.3378820E-02
 0.3366985E-02
 0.3352628E-02
 0.3257776E-02
 0.3243174E-02
 0.2993311E-02
 0.2900275E-02
 0.2813449E-02
 0.3110082E-02
 0.3032884E-02
 0.2957894E-02
 0.3014251E-02
 0.3202021E-02
 0.3182959E-02
 0.3191749E-02
 0.3365646E-02
 0.3202320E-02
 0.3050053E-02
 0.3009629E-02
 0.3150407E-02
 0.3185843E-02
 0.3155446E-02
 0.3106861E-02
 0.3083367E-02
 0.2930392E-02
 0.2654015E-02
 0.2765957E-02
 0.2785338E-02
 0.2907571E-02
 0.2739500E-02
 0.2714595E-02
 0.2822515E-02
 0.2748426E-02
 0.2856036E-02
 0.2716008E-02
 0.2743530E-02
 0.2744597E-02
 0.2710418E-02
 0.2655821E-02
 0.2631336E-02
 0.2580325E-02
 0.2594839E-02
 0.2668842E-02
 0.2516196E-02
 0.2456084E-02
 0.2352859E-02
 0.2436653E-02
 0.2519434E-02
 0.2611876E-02
 0.2499977E-02
 0.2654663E-02
 0.2643410E-02
 0.2597433E-02
 0.2559957E-02
 0.2701911E-02
 0.2694309E-02
 0.2573445E-02
 0.2703429E-02
 0.2782634E-02
 0.2984494E-02
 0.2806670E-02
 0.2930530E-02
 0.2884607E-02
 0.2811524E-02
 0.2943065E-02
 0.3021560E-02
 0.2885594E-02
 0.2976755E-02
 0.3008490E-02
 0.3107306E-02
 0.3122176E-02
 0.3178050E-02
 0.2952972E-02
 0.2711009E-02
 0.2723858E-02
 0.2768504E-02
 0.2770222E-02
 0.2815026E-02
 0.2816693E-02
 0.2603829E-02
 0.2361067E-02
 0.2212612E-02
 0.2259048E-02
 0.2112537E-02
 0.2115636E-02
 0.2084919E-02
 0.2237091E-02
 0.2255415E-02
 0.2175157E-02
 0.2177636E-02
 0.2191798E-02
 0.2251018E-02
 0.2290899E-02
 0.2331614E-02
 0.2253170E-02
 0.2156602E-02
 0.2045007E-02
 0.2000551E-02
 0.1869941E-02
 0.1951061E-02
 0.1962415E-02
 0.1958466E-02
 0.1924829E-02
 0.1864521E-02
 0.1856979E-02
 0.1786316E-02
 0.1884425E-02
 0.1927055E-02
 0.2052977E-02
 0.1914111E-02
 0.1942373E-02
 0.2025104E-02
 0.1912950E-02
 0.1924606E-02
 0.1878797E-02
 0.1983926E-02
 0.2080522E-02
 0.2094945E-02
 0.2127235E-02
 0.2059716E-02
 0.2033651E-02
 0.2100824E-02
 0.1989326E-02
 0.1845272E-02
 0.1958310E-02
 0.1939076E-02
 0.1819590E-02
 0.2047175E-02
 0.2049093E-02
 0.1994397E-02
 0.2068659E-02
 0.2045462E-02
 0.1904458E-02
 0.1869445E-02
 0.1945369E-02
 0.1952451E-02
 0.2052100E-02
 0.1924923E-02
 0.1863176E-02
 0.1888713E-02
 0.2013735E-02
 0.2029275E-02
 0.2054013E-02
 0.2098767E-02
 0.2023908E-02
 0.1992816E-02
 0.2019775E-02
 0.1975012E-02
 0.2038215E-02
 0.1992248E-02
 0.1882547E-02
 0.1829581E-02
 0.1896350E-02
 0.1709025E-02
 0.1783987E-02
 0.1730321E-02
 0.1992521E-02
 0.1915351E-02
 0.1800514E-02
 0.1754791E-02
 0.1817980E-02
 0.1840693E-02
 0.1810050E-02
 0.1593796E-02
 0.1635786E-02
 0.1678144E-02
 0.1676039E-02
 0.1613613E-02
 0.1600638E-02
 0.1613166E-02
 0.1550533E-02
 0.1524288E-02
 0.1539608E-02
 0.1565785E-02
 0.1599928E-02
 0.1634076E-02
 0.1564923E-02
 0.1493658E-02
 0.1517124E-02
 0.1449778E-02
 0.1420078E-02
 0.1385044E-02
 0.1440418E-02
 0.1398056E-02
 0.1355885E-02
 0.1403377E-02
 0.1459427E-02
 0.1498052E-02
 0.1469651E-02
 0.1361254E-02
 0.1383647E-02
 0.1397392E-02
 0.1326550E-02
 0.1359077E-02
 0.1385217E-02
 0.1463929E-02
 0.1454420E-02
 0.1499706E-02
 0.1549666E-02
 0.1475488E-02
 0.1434057E-02
 0.1322006E-02
 0.1396755E-02
 0.1320679E-02
 0.1366650E-02
 0.1319787E-02
 0.1340124E-02
 0.1404831E-02
 0.1322169E-02
 0.1355939E-02
 0.1472253E-02
 0.1361366E-02
 0.1367236E-02
 0.1330680E-02
 0.1275179E-02
 0.1240218E-02
 0.1287870E-02
 0.1261169E-02
 0.1374863E-02
 0.1474265E-02
 0.1494201E-02
 0.1490994E-02
 0.1506563E-02
 0.1552586E-02
 0.1471897E-02
 0.1408170E-02
 0.1331667E-02
 0.1446835E-02
 0.1638933E-02
 0.1599267E-02
 0.1570408E-02
 0.1614356E-02
 0.1519807E-02
 0.1580369E-02
 0.1626945E-02
 0.1613125E-02
 0.1505707E-02
 0.1488343E-02
 0.1488427E-02
 0.1458577E-02
 0.1347660E-02
 0.1317590E-02
 0.1250648E-02
 0.1343641E-02
 0.1341549E-02
 0.1367514E-02
 0.1380420E-02
 0.1239883E-02
 0.1234706E-02
 0.1256876E-02
 0.1228172E-02
 0.1131755E-02
 0.1072267E-02
 0.1071808E-02
 0.1115400E-02
 0.1230555E-02
 0.1154868E-02
 0.1155337E-02
 0.1186856E-02
 0.1183095E-02
 0.1168404E-02
 0.1126507E-02
 0.1097815E-02
 0.1112898E-02
 0.1072850E-02
 0.1111641E-02
 0.1137942E-02
 0.1148518E-02
 0.1231610E-02
 0.1217751E-02
 0.1279001E-02
 0.1320240E-02
 0.1181525E-02
 0.1089748E-02
 0.1097893E-02
 0.1319842E-02
 0.1244368E-02
 0.1193229E-02
 0.1240763E-02
 0.1245526E-02
 0.1217148E-02
 0.1250517E-02
 0.1182364E-02
 0.1178024E-02
 0.1199387E-02
 0.1171753E-02
 0.1104310E-02
 0.1010234E-02
 0.9703931E-03
 0.1114078E-02
 0.1091587E-02
 0.1004382E-02
 0.1048021E-02
 0.1014091E-02
 0.9484863E-03
 0.9812087E-03
 0.1064925E-02
 0.1168456E-02
 0.1147987E-02
 0.1116887E-02
 0.1023127E-02
 0.1061421E-02
 0.1157092E-02
 0.1200701E-02
 0.1169993E-02
 0.1117795E-02
 0.1206498E-02
 0.1080958E-02
 0.1042150E-02
 0.1188983E-02
 0.1115930E-02
 0.1124712E-02
 0.1117910E-02
 0.1182565E-02
 0.1094560E-02
 0.1108352E-02
 0.1120618E-02
 0.1148150E-02
 0.1173955E-02
 0.1232480E-02
 0.1232812E-02
 0.1233607E-02
 0.1158541E-02
 0.1178000E-02
 0.1249826E-02
 0.1095977E-02
 0.1086899E-02
 0.1149571E-02
 0.1152987E-02
 0.1074795E-02
 0.1042291E-02
 0.1039248E-02
 0.1117072E-02
 0.1227012E-02
 0.1237963E-02
 0.1285681E-02
 0.1241535E-02
 0.1152251E-02
 0.1132303E-02
 0.1164728E-02
 0.1166293E-02
 0.1098173E-02
 0.1135402E-02
 0.1106046E-02
 0.1120075E-02
 0.1118724E-02
 0.1060130E-02
 0.1095958E-02
 0.1073592E-02
 0.1037554E-02
 0.1009440E-02
 0.1055787E-02
 0.9991737E-03
 0.9725446E-03
 0.1124720E-02
 0.1217952E-02
 0.1156781E-02
 0.1100384E-02
 0.1147164E-02
 0.1274182E-02
 0.1326778E-02
 0.1256447E-02
 0.1193005E-02
 0.1185841E-02
 0.1071214E-02
 0.9283747E-03
 0.1009332E-02
 0.9873803E-03
 0.8964873E-03
 0.8117202E-03
 0.9294651E-03
 0.8563892E-03
 0.8536154E-03
 0.8911234E-03
 0.9041964E-03
 0.8353166E-03
 0.9392075E-03
 0.9386321E-03
 0.8927900E-03
 0.8677969E-03
 0.8231537E-03
 0.7282536E-03
 0.7638942E-03
 0.6815983E-03
 0.6451766E-03
 0.6479507E-03
 0.7481432E-03
 0.7198171E-03
 0.6738956E-03
 0.7148399E-03
 0.7238704E-03
 0.7183211E-03
 0.7224415E-03
 0.7182588E-03
 0.7088774E-03
 0.7305639E-03
 0.7765595E-03
 0.8032429E-03
 0.7743553E-03
 0.8119594E-03
 0.8365312E-03
 0.8316157E-03
 0.7962154E-03
 0.7826263E-03
 0.7422392E-03
 0.8167569E-03
 0.7966449E-03
 0.7727329E-03
 0.8935667E-03
 0.9717698E-03
 0.1124066E-02
 0.1246577E-02
 0.1219138E-02
 0.1225102E-02
 0.1313390E-02
 0.1233756E-02
 0.1142955E-02
 0.1172154E-02
 0.1313565E-02
 0.1186906E-02
 0.1090217E-02
 0.1118709E-02
 0.1161101E-02
 0.1142231E-02
 0.1130488E-02
 0.1180106E-02
 0.1227995E-02
 0.1309954E-02
 0.1262576E-02
 0.1303891E-02
 0.1324850E-02
 0.1380404E-02
 0.1377114E-02
 0.1457240E-02
 0.1403998E-02
 0.1396685E-02
 0.1421058E-02
 0.1446791E-02
 0.1400021E-02
 0.1376281E-02
 0.1317636E-02
 0.1362260E-02
 0.1499578E-02
 0.1496485E-02
 0.1504619E-02
 0.1484902E-02
 0.1387443E-02
 0.1332342E-02
 0.1207290E-02
 0.1171716E-02
 0.1325028E-02
 0.1318328E-02
 0.1252267E-02
 0.1224687E-02
 0.1191903E-02
 0.1237111E-02
 0.1176470E-02
 0.1190893E-02
 0.1229275E-02
 0.1192164E-02
 0.1274767E-02
 0.1171739E-02
 0.1097482E-02
 0.1032435E-02
 0.9676781E-03
 0.9446639E-03
 0.9080596E-03
 0.9386228E-03
 0.1018477E-02
 0.1064805E-02
 0.1090032E-02
 0.1034462E-02
 0.1023140E-02
 0.1009704E-02
 0.1029118E-02
 0.1049560E-02
 0.1156820E-02
 0.1207344E-02
 0.1160221E-02
 0.1123902E-02
 0.1161070E-02
 0.1113913E-02
 0.1284106E-02
 0.1366491E-02
 0.1383741E-02
 0.1522538E-02
 0.1491904E-02
 0.1355111E-02
 0.1266454E-02
 0.1278226E-02
 0.1246136E-02
 0.1135172E-02
 0.1052008E-02
 0.1198655E-02
 0.1214015E-02
 0.1175055E-02
 0.1210432E-02
 0.1257804E-02
 0.1297634E-02
 0.1339637E-02
 0.1416209E-02
 0.1445264E-02
 0.1350426E-02
 0.1363973E-02
 0.1510184E-02
 0.1607937E-02
 0.1628546E-02
 0.1439514E-02
 0.1497233E-02
 0.1495655E-02
 0.1438550E-02
 0.1429828E-02
 0.1243611E-02
 0.1289458E-02
 0.1168136E-02
 0.1178212E-02
 0.1204855E-02
 0.1198279E-02
 0.1289188E-02
 0.1277232E-02
 0.1159627E-02
 0.1225688E-02
 0.1241365E-02
 0.1301700E-02
 0.1289890E-02
 0.1221553E-02
 0.1219378E-02
 0.1183927E-02
 0.1214970E-02
 0.1206621E-02
 0.1139138E-02
 0.1241570E-02
 0.1334988E-02
 0.1237649E-02
 0.1262178E-02
 0.1159438E-02
 0.1121713E-02
 0.1027863E-02
 0.1025031E-02
 0.1131003E-02
 0.1339565E-02
 0.1299920E-02
 0.1173348E-02
 0.1172901E-02
 0.1188915E-02
 0.1154738E-02
 0.1144094E-02
 0.1116908E-02
 0.1074113E-02
 0.1041544E-02
 0.9909929E-03
 0.9316595E-03
 0.1045178E-02
 0.1155103E-02
 0.1088585E-02
 0.1100411E-02
 0.1136146E-02
 0.1106017E-02
 0.1078690E-02
 0.9929613E-03
 0.1044808E-02
 0.1073819E-02
 0.1076589E-02
 0.1012518E-02
 0.1072171E-02
 0.1115060E-02
 0.1001380E-02
 0.1001523E-02
 0.9183129E-03
 0.9439728E-03
 0.9979474E-03
 0.1073218E-02
 0.1001818E-02
 0.9884519E-03
 0.9449015E-03
 0.8235678E-03
 0.9219041E-03
 0.9522628E-03
 0.1007471E-02
 0.9612847E-03
 0.9870292E-03
 0.8558835E-03
 0.9777426E-03
 0.1031068E-02
 0.1003335E-02
 0.9981034E-03
 0.1068036E-02
 0.1176873E-02
 0.1127312E-02
 0.1064135E-02
 0.1098398E-02
 0.9616101E-03
 0.9301377E-03
 0.9520951E-03
 0.8676806E-03
 0.8216578E-03
 0.7479301E-03
 0.7754128E-03
 0.8743680E-03
 0.7979116E-03
 0.7667987E-03
 0.6391494E-03
 0.6494815E-03
 0.6491121E-03
 0.6294812E-03
 0.6974683E-03
 0.7507878E-03
 0.7618102E-03
 0.7834273E-03
 0.7547260E-03
 0.7619666E-03
 0.7224807E-03
 0.6772157E-03
 0.6044483E-03
 0.6307921E-03
 0.6415225E-03
 0.5466701E-03
 0.5685267E-03
 0.5804568E-03
 0.5887095E-03
 0.5230190E-03
 0.4942854E-03
 0.5123428E-03
 0.5061530E-03
 0.5326737E-03
 0.5162019E-03
 0.5347155E-03
 0.5912764E-03
 0.5581719E-03
 0.5550263E-03
 0.5541317E-03
 0.5293532E-03
 0.5495583E-03
 0.6028572E-03
 0.5552948E-03
 0.6000543E-03
 0.5336570E-03
 0.5412621E-03
 0.5498762E-03
 0.5228433E-03
 0.5075400E-03
 0.4610131E-03
 0.4896091E-03
 0.5436028E-03
 0.4812585E-03
 0.4063056E-03
 0.4215272E-03
 0.3710963E-03
 0.3981609E-03
 0.3459390E-03
 0.3265685E-03
 0.3130321E-03
 0.3309922E-03
 0.3503299E-03
 0.3234394E-03
 0.2790577E-03
 0.2582455E-03
 0.2734500E-03
 0.3072849E-03
 0.3025176E-03
 0.2913863E-03
 0.2871054E-03
 0.3274710E-03
 0.2914259E-03
 0.3831336E-03
 0.3993058E-03
 0.3335507E-03
 0.3185163E-03
 0.3069725E-03
 0.3488471E-03
 0.4235973E-03
 0.4352850E-03
 0.5238722E-03
 0.4670223E-03
 0.4656026E-03
 0.4284722E-03
 0.4553964E-03
 0.3974565E-03
 0.3920358E-03
 0.4892832E-03
 0.4907612E-03
 0.4281297E-03
 0.4073553E-03
 0.4508013E-03
 0.4499282E-03
 0.3704480E-03
 0.4296599E-03
 0.4441788E-03
 0.3820779E-03
 0.4117885E-03
 0.4493899E-03
 0.4393433E-03
 0.5064934E-03
 0.5376379E-03
 0.5225217E-03
 0.5738836E-03
 0.5701128E-03
 0.6779259E-03
 0.6383121E-03
 0.6192754E-03
 0.5806509E-03
 0.6594812E-03
 0.6814518E-03
 0.6791044E-03
 0.7071713E-03
 0.7711360E-03
 0.7481001E-03
 0.8192343E-03
 0.7818857E-03
 0.6613047E-03
 0.6685492E-03
 0.7607839E-03
 0.7235255E-03
 0.7602303E-03
 0.7649238E-03
 0.8578090E-03
 0.7764942E-03
 0.7844953E-03
 0.8364601E-03
 0.7878589E-03
 0.7899571E-03
 0.7776694E-03
 0.6920888E-03
 0.6678006E-03
 0.7451415E-03
 0.8019894E-03
 0.8733747E-03
 0.8976254E-03
 0.9063159E-03
 0.9910036E-03
 0.9977867E-03
 0.9866478E-03
 0.9984474E-03
 0.9315861E-03
 0.9308103E-03
 0.9573099E-03
 0.8548901E-03
 0.8324648E-03
 0.8661625E-03
 0.8282242E-03
 0.7827473E-03
 0.8432740E-03
 0.8490832E-03
 0.9421285E-03
 0.8949046E-03
 0.9058827E-03
 0.8213902E-03
 0.8383169E-03
 0.8930402E-03
 0.7103746E-03
 0.6945788E-03
 0.6888623E-03
 0.6603345E-03
 0.6822382E-03
 0.6903699E-03
 0.6371771E-03
 0.6829483E-03
 0.6503063E-03
 0.7066008E-03
 0.6477717E-03
 0.6096454E-03
 0.6380193E-03
 0.5444708E-03
 0.5458877E-03
 0.5313352E-03
 0.4860432E-03
 0.4598254E-03
 0.4756936E-03
 0.5346410E-03
 0.5491149E-03
 0.5866327E-03
 0.5830856E-03
 0.5698552E-03
 0.5681724E-03
 0.5213828E-03
 0.4991013E-03
 0.5225227E-03
 0.5570491E-03
 0.4512921E-03
 0.4688043E-03
 0.4921834E-03
 0.5688484E-03
 0.6090907E-03
 0.5660498E-03
 0.5807781E-03
 0.5608583E-03
 0.5587231E-03
 0.4816120E-03
 0.5127510E-03
 0.4818732E-03
 0.5076579E-03
 0.5424522E-03
 0.5187140E-03
 0.4648335E-03
 0.4739592E-03
 0.4910647E-03
 0.4639020E-03
 0.4447251E-03
 0.4867278E-03
 0.4190848E-03
 0.4748382E-03
 0.4432278E-03
 0.4260811E-03
 0.4389697E-03
 0.4373090E-03
 0.3877878E-03
 0.4126815E-03
 0.4394546E-03
 0.4760536E-03
 0.4161267E-03
 0.4053982E-03
 0.4126141E-03
 0.4390249E-03
 0.3579746E-03
 0.3258271E-03
 0.3520671E-03
 0.3263265E-03
 0.3829089E-03
 0.4044340E-03
 0.3956577E-03
 0.4180171E-03
 0.4165061E-03
 0.4089182E-03
 0.4418538E-03
 0.4939501E-03
 0.4313207E-03
 0.3924651E-03
 0.4050713E-03
 0.3889124E-03
 0.4560534E-03
 0.4073955E-03
 0.4221675E-03
 0.5012372E-03
 0.4698942E-03
 0.5077041E-03
 0.5393639E-03
 0.5367929E-03
 0.5104887E-03
 0.5152660E-03
 0.4739310E-03
 0.4941953E-03
 0.4909750E-03
 0.4873830E-03
 0.4293460E-03
 0.4870261E-03
 0.4708919E-03
 0.4104122E-03
 0.4015467E-03
 0.4271075E-03
 0.4073419E-03
 0.4018037E-03
 0.4363852E-03
 0.4212449E-03
 0.4751512E-03
 0.5392710E-03
 0.4863607E-03
 0.4510377E-03
 0.4891822E-03
 0.4835359E-03
 0.4551101E-03
 0.4368329E-03
 0.4489094E-03
 0.4604895E-03
 0.4591168E-03
 0.4534125E-03
 0.4616420E-03
 0.4288555E-03
 0.4097254E-03
 0.4706872E-03
 0.6121869E-03
 0.5867843E-03
 0.6899566E-03
 0.6361865E-03
 0.6418914E-03
 0.6216553E-03
 0.6451424E-03
 0.5780127E-03
 0.5392506E-03
 0.5309895E-03
 0.5396024E-03
 0.5356650E-03
 0.4761128E-03
 0.4703546E-03
 0.4852737E-03
 0.4497255E-03
 0.4182244E-03
 0.4363567E-03
 0.4748658E-03
 0.4889077E-03
 0.4685346E-03
 0.4499579E-03
 0.4233893E-03
 0.4260159E-03
 0.5492332E-03
 0.5145332E-03
 0.4734613E-03
 0.5444457E-03
 0.4809318E-03
 0.4921909E-03
 0.5154666E-03
 0.5710072E-03
 0.5489111E-03
 0.6280466E-03
 0.5994613E-03
 0.5097931E-03
 0.5275754E-03
 0.5484843E-03
 0.5182099E-03
 0.5793560E-03
 0.5939020E-03
 0.5721944E-03
 0.5964446E-03
 0.5657180E-03
 0.5598556E-03
 0.6641495E-03
 0.6008493E-03
 0.6149651E-03
 0.5420948E-03
 0.4629846E-03
 0.4526236E-03
 0.4138966E-03
 0.4546900E-03
 0.5169625E-03
 0.5057642E-03
 0.5493085E-03
 0.6230626E-03
 0.5804889E-03
 0.5760731E-03
 0.5486852E-03
 0.5283754E-03
 0.5145572E-03
 0.5513936E-03
 0.5296111E-03
 0.5227920E-03
 0.5353921E-03
 0.4740675E-03
 0.4545356E-03
 0.4735627E-03
 0.4377932E-03
 0.3808304E-03
 0.3617067E-03
 0.4008074E-03
 0.4895726E-03
 0.4746460E-03
 0.4804735E-03
 0.4556122E-03
 0.4527217E-03
 0.4656851E-03
 0.4711320E-03
 0.4840150E-03
 0.4494030E-03
 0.3997948E-03
 0.4061676E-03
 0.4714094E-03
 0.4580168E-03
 0.4298485E-03
 0.4495633E-03
 0.4277941E-03
 0.4708431E-03
 0.4039984E-03
 0.4237697E-03
 0.4529815E-03
 0.3774750E-03
 0.3810699E-03
 0.4226196E-03
 0.4262571E-03
 0.3823823E-03
 0.3981522E-03
 0.3749977E-03
 0.3741247E-03
 0.4539606E-03
 0.4473700E-03
 0.3670975E-03
 0.4160553E-03
 0.3967345E-03
 0.3757278E-03
 0.4065719E-03
 0.4498158E-03
 0.3967584E-03
 0.4414510E-03
 0.4076958E-03
 0.4645598E-03
 0.4401775E-03
 0.3851475E-03
 0.3996198E-03
 0.3883973E-03
 0.4097837E-03
 0.3878098E-03
 0.3957647E-03
 0.4216043E-03
 0.4157122E-03
 0.4552476E-03
 0.3498139E-03
 0.3408386E-03
 0.3123519E-03
 0.3171550E-03
 0.2759034E-03
 0.2914399E-03
 0.3032634E-03
 0.3060153E-03
 0.3163730E-03
 0.3004547E-03
 0.2757474E-03
 0.3246416E-03
 0.3170656E-03
 0.2734822E-03
 0.2506507E-03
 0.2843562E-03
 0.2806586E-03
 0.2771807E-03
 0.2526220E-03
 0.2889328E-03
 0.2523981E-03
 0.2948808E-03
 0.2543014E-03
 0.2918882E-03
 0.3044033E-03
 0.2967382E-03
 0.3284651E-03
 0.3195705E-03
 0.2938430E-03
 0.2435835E-03
 0.2253109E-03
 0.2347364E-03
 0.2513758E-03
 0.2238491E-03
 0.2531903E-03
 0.2651050E-03
 0.3311836E-03
 0.3275105E-03
 0.3031950E-03
 0.3589806E-03
 0.3377027E-03
 0.3426879E-03
 0.3863572E-03
 0.3721026E-03
 0.3934266E-03
 0.3817278E-03
 0.4386296E-03
 0.4016713E-03
 0.3499613E-03
 0.3408250E-03
 0.3388833E-03
 0.3965876E-03
 0.3907761E-03
 0.3944072E-03
 0.3212865E-03
 0.2757978E-03
 0.2508230E-03
 0.2845784E-03
 0.2883112E-03
 0.2963378E-03
 0.2765548E-03
 0.3043186E-03
 0.2998588E-03
 0.2784365E-03
 0.2386594E-03
 0.2691007E-03
 0.2752844E-03
 0.2540834E-03
 0.2716413E-03
 0.2226786E-03
 0.2162557E-03
 0.2532016E-03
 0.2281497E-03
 0.2553068E-03
 0.2547635E-03
 0.2151542E-03
 0.2459656E-03
 0.2478967E-03
 0.2899999E-03
 0.2802238E-03
 0.2981429E-03
 0.3014076E-03
 0.3119401E-03
 0.2844536E-03
 0.3327304E-03
 0.4075734E-03
 0.3333046E-03
 0.3411551E-03
 0.3580945E-03
 0.4538279E-03
 0.4723127E-03
 0.5413662E-03
 0.5151273E-03
 0.4378667E-03
 0.4466697E-03
 0.4411156E-03
 0.4302762E-03
 0.3936907E-03
 0.3653538E-03
 0.3970933E-03
 0.4207128E-03
 0.5051861E-03
 0.5131460E-03
 0.5395713E-03
 0.4480081E-03
 0.4755980E-03
 0.4471165E-03
 0.4137666E-03
 0.4171515E-03
 0.4653444E-03
 0.4490539E-03
 0.4284167E-03
 0.4716208E-03
 0.5033495E-03
 0.5317930E-03
 0.5445558E-03
 0.4975595E-03
 0.5305863E-03
 0.5112153E-03
 0.5671513E-03
 0.5788562E-03
 0.5785405E-03
 0.5978614E-03
 0.8046267E-03
 0.8221577E-03
 0.8547661E-03
 0.6569269E-03
 0.7043528E-03
 0.7307079E-03
 0.6377614E-03
 0.6443662E-03
 0.6531107E-03
 0.6437865E-03
 0.5903381E-03
 0.5994788E-03
 0.5719028E-03
 0.5605751E-03
 0.6183653E-03
 0.6340132E-03
 0.7158565E-03
 0.6943636E-03
 0.7426786E-03
 0.6555579E-03
 0.5987277E-03
 0.5948006E-03
 0.6559894E-03
 0.6713532E-03
 0.6987287E-03
 0.7223923E-03
 0.6046445E-03
 0.5826674E-03
 0.5787331E-03
 0.5412279E-03
 0.5042871E-03
 0.6805246E-03
 0.7639189E-03
 0.7167770E-03
 0.6546417E-03
 0.6092211E-03
 0.6436296E-03
 0.5881041E-03
 0.5694019E-03
 0.6229422E-03
 0.7223579E-03
 0.6632044E-03
 0.7259025E-03
 0.7884297E-03
 0.7751845E-03
 0.9311134E-03
 0.8739832E-03
 0.8357766E-03
 0.6862413E-03
 0.6941544E-03
 0.6141360E-03
 0.6071601E-03
 0.5318740E-03
 0.5082462E-03
 0.6407605E-03
 0.5943157E-03
 0.5599555E-03
 0.6047985E-03
 0.5791077E-03
 0.5326320E-03
 0.5528066E-03
 0.5573795E-03
 0.6013788E-03
 0.6799559E-03
 0.7170144E-03
 0.6500521E-03
 0.6770475E-03
 0.7903757E-03
 0.7291205E-03
 0.7513650E-03
 0.7271995E-03
 0.7315657E-03
 0.6679201E-03
 0.6127853E-03
 0.6834007E-03
 0.8737235E-03
 0.7468515E-03
 0.5838764E-03
 0.6472420E-03
 0.5380876E-03
 0.5484235E-03
 0.5423095E-03
 0.5735536E-03
 0.5513518E-03
 0.5815305E-03
 0.4552409E-03
 0.4473030E-03
 0.4555236E-03
 0.4188114E-03
 0.4142820E-03
 0.4257201E-03
 0.4304292E-03
 0.3976584E-03
 0.4226997E-03
 0.4194187E-03
 0.3468031E-03
 0.3185003E-03
 0.3654915E-03
 0.3206109E-03
 0.2719607E-03
 0.2984811E-03
 0.3015063E-03
 0.2785868E-03
 0.2594756E-03
 0.2653402E-03
 0.2545257E-03
 0.3007752E-03
 0.3414883E-03
 0.3067976E-03
 0.3398511E-03
 0.3925529E-03
 0.3486018E-03
 0.3384091E-03
 0.3582424E-03
 0.2898595E-03
 0.3163118E-03
 0.3571773E-03
 0.3061627E-03
 0.2672906E-03
 0.2538735E-03
 0.2299486E-03
 0.1997247E-03
 0.1911661E-03
 0.2192761E-03
 0.2096884E-03
 0.2731253E-03
 0.2833499E-03
 0.2618346E-03
 0.2865919E-03
 0.3092296E-03
 0.2714300E-03
 0.2564640E-03
 0.2756892E-03
 0.2313986E-03
 0.2501447E-03
 0.2212422E-03
 0.2142334E-03
 0.2510877E-03
 0.2359727E-03
 0.2481429E-03
 0.2333084E-03
 0.2409789E-03
 0.2336319E-03
 0.2676197E-03
 0.2303179E-03
 0.2289709E-03
 0.2463272E-03
 0.2792974E-03
 0.2528010E-03
 0.2887830E-03
 0.2646158E-03
 0.2755564E-03
 0.2525178E-03
 0.2945043E-03
 0.2414979E-03
 0.2250534E-03
 0.2530862E-03
 0.2760039E-03
 0.3402167E-03
 0.3643117E-03
 0.3001352E-03
 0.2763366E-03
 0.3060817E-03
 0.3547451E-03
 0.3727081E-03
 0.3127712E-03
 0.3121533E-03
 0.3424965E-03
 0.2786626E-03
 0.2939385E-03
 0.2940141E-03
 0.3568378E-03
 0.3239431E-03
 0.3140834E-03
 0.3518395E-03
 0.3016606E-03
 0.2370074E-03
 0.1971880E-03
 0.1859259E-03
 0.1947720E-03
 0.1980418E-03
 0.1976692E-03
 0.1867792E-03
 0.1432705E-03
 0.1332409E-03
 0.1398853E-03
 0.1455777E-03
 0.1815167E-03
 0.1905985E-03
 0.1474919E-03
 0.1243439E-03
 0.1111458E-03
 0.1100492E-03
 0.1001441E-03
 0.1166972E-03
 0.9507900E-04
 0.9026650E-04
 0.9049256E-04
 0.9352686E-04
 0.9731865E-04
 0.1064256E-03
 0.1131493E-03
 0.1159401E-03
 0.1385480E-03
 0.1227533E-03
 0.1029266E-03
 0.9637361E-04
 0.1112358E-03
 0.1076084E-03
 0.1151586E-03
 0.1213559E-03
 0.1028021E-03
 0.1463530E-03
 0.1305405E-03
 0.1244789E-03
 0.1186491E-03
 0.1252574E-03
 0.1066788E-03
 0.1293987E-03
 0.1451946E-03
 0.1669993E-03
 0.1490302E-03
 0.1205491E-03
 0.1057301E-03
 0.1092384E-03
 0.1553427E-03
 0.1247640E-03
 0.1310918E-03
 0.1319672E-03
 0.1233232E-03
 0.1463649E-03
 0.1549601E-03
 0.1770367E-03
 0.1917213E-03
 0.2033546E-03
 0.1982826E-03
 0.2678768E-03
 0.2909320E-03
 0.3598351E-03
 0.3483502E-03
 0.3302486E-03
 0.3493364E-03
 0.3512714E-03
 0.3585049E-03
 0.3417822E-03
 0.3196474E-03
 0.3688935E-03
 0.4525730E-03
 0.4133303E-03
 0.3664212E-03
 0.3143961E-03
 0.3395197E-03
 0.3437865E-03
 0.3553208E-03
 0.3173894E-03
 0.3317858E-03
 0.3205976E-03
 0.3402602E-03
 0.3831994E-03
 0.3002083E-03
 0.2477786E-03
 0.2965764E-03
 0.3496838E-03
 0.3431287E-03
 0.3170459E-03
 0.2900887E-03
 0.2786198E-03
 0.2461715E-03
 0.2476936E-03
 0.2834209E-03
 0.2668900E-03
 0.2640011E-03
 0.2726823E-03
 0.2040495E-03
 0.2127769E-03
 0.1871849E-03
 0.2040052E-03
 0.2281279E-03
 0.2085390E-03
 0.2327961E-03
 0.2993511E-03
 0.3045253E-03
 0.3492386E-03
 0.3707021E-03
 0.3033149E-03
 0.2927227E-03
 0.2268874E-03
 0.2337769E-03
 0.3217460E-03
 0.2356479E-03
 0.2451105E-03
 0.2830120E-03
 0.2453376E-03
 0.2266577E-03
 0.3041382E-03
 0.2722254E-03
 0.3048226E-03
 0.2585722E-03
 0.2456525E-03
 0.2491805E-03
 0.2672910E-03
 0.2316284E-03
 0.2624605E-03
 0.2744312E-03
 0.2178708E-03
 0.2440133E-03
 0.2421043E-03
 0.1848353E-03
 0.1929894E-03
 0.1983463E-03
 0.2301916E-03
 0.2331289E-03
 0.1876775E-03
 0.1502240E-03
 0.1496062E-03
 0.1574049E-03
 0.1421193E-03
 0.1300408E-03
 0.1514206E-03
 0.1837349E-03
 0.2168666E-03
 0.1713628E-03
 0.1478085E-03
 0.1283067E-03
 0.1346389E-03
 0.1350396E-03
 0.1671002E-03
 0.1231101E-03
 0.1581284E-03
 0.1552947E-03
 0.1630395E-03
 0.1817196E-03
 0.1571172E-03
 0.1295449E-03
 0.1398714E-03
 0.1207581E-03
 0.1167148E-03
 0.1165580E-03
 0.1386541E-03
 0.1412039E-03
 0.1156640E-03
 0.1076186E-03
 0.1268009E-03
 0.1221958E-03
 0.1053655E-03
 0.1048979E-03
 0.1005311E-03
 0.1279478E-03
 0.1113965E-03
 0.8622802E-04
 0.8135638E-04
 0.7985598E-04
 0.7900147E-04
 0.8478951E-04
 0.8842952E-04
 0.9612897E-04
 0.1039750E-03
 0.1137324E-03
 0.1024599E-03
 0.9410184E-04
 0.1179512E-03
 0.1097862E-03
 0.1335833E-03
 0.1316778E-03
 0.1328457E-03
 0.1453895E-03
 0.1580895E-03
 0.1295270E-03
 0.1514095E-03
 0.1681718E-03
 0.1786619E-03
 0.1512627E-03
 0.1469529E-03
 0.1355471E-03
 0.1385903E-03
 0.1215156E-03
 0.1375188E-03
 0.1887589E-03
 0.2002885E-03
 0.2288685E-03
 0.2564359E-03
 0.2494416E-03
 0.2244332E-03
 0.2034249E-03
 0.2465210E-03
 0.2883385E-03
 0.2704778E-03
 0.2926198E-03
 0.2913384E-03
 0.3180756E-03
 0.3203442E-03
 0.3032034E-03
 0.3052140E-03
 0.3417608E-03
 0.3271451E-03
 0.2835837E-03
 0.2894936E-03
 0.2690972E-03
 0.3053984E-03
 0.3559455E-03
 0.4377276E-03
 0.4403157E-03
 0.4476712E-03
 0.4278164E-03
 0.4231512E-03
 0.4685122E-03
 0.3716899E-03
 0.3439268E-03
 0.3812995E-03
 0.3850693E-03
 0.4300908E-03
 0.4420285E-03
 0.5404938E-03
 0.6238424E-03
 0.6274367E-03
 0.5636665E-03
 0.6120472E-03
 0.5406668E-03
 0.6044224E-03
 0.5596018E-03
 0.5903550E-03
 0.5235044E-03
 0.4684119E-03
 0.5070602E-03
 0.5288397E-03
 0.4731652E-03
 0.5289601E-03
 0.5185299E-03
 0.6057620E-03
 0.4565552E-03
 0.4548704E-03
 0.4906771E-03
 0.4599223E-03
 0.4119556E-03
 0.4181089E-03
 0.4028513E-03
 0.3694128E-03
 0.3485891E-03
 0.3797943E-03
 0.2762802E-03
 0.2635922E-03
 0.3167799E-03
 0.2811602E-03
 0.2906368E-03
 0.2606932E-03
 0.2908410E-03
 0.2614723E-03
 0.2963755E-03
 0.2447609E-03
 0.2817256E-03
 0.2130656E-03
 0.2174694E-03
 0.2031635E-03
 0.2006344E-03
 0.1922045E-03
 0.1806141E-03
 0.1823862E-03
 0.1787782E-03
 0.1546878E-03
 0.1625901E-03
 0.1428813E-03
 0.1526867E-03
 0.1654021E-03
 0.1632067E-03
 0.1574735E-03
 0.1796724E-03
 0.1617242E-03
 0.1416172E-03
 0.1215730E-03
 0.1391742E-03
 0.1317744E-03
 0.1281666E-03
 0.1252004E-03
 0.1583361E-03
 0.1604874E-03
 0.1835218E-03
 0.1739378E-03
 0.1581156E-03
 0.1384868E-03
 0.1277807E-03
 0.1411029E-03
 0.1285992E-03
 0.1315365E-03
 0.1427725E-03
 0.1185146E-03
 0.1413760E-03
 0.1311340E-03
 0.1016746E-03
 0.9292275E-04
 0.9740975E-04
 0.1096189E-03
 0.1144460E-03
 0.1375007E-03
 0.1375784E-03
 0.1496855E-03
 0.1776965E-03
 0.2028562E-03
 0.1729917E-03
 0.1736121E-03
 0.1781188E-03
 0.1646575E-03
 0.1952909E-03
 0.1625330E-03
 0.1314772E-03
 0.1359263E-03
 0.1590505E-03
 0.1298620E-03
 0.1162576E-03
 0.1182808E-03
 0.1345119E-03
 0.9581148E-04
 0.1013658E-03
 0.1105888E-03
 0.1059808E-03
 0.1059433E-03
 0.1176055E-03
 0.7963039E-04
 0.6867018E-04
 0.7069011E-04
 0.7042594E-04
 0.6952003E-04
 0.7531373E-04
 0.6008954E-04
 0.5789432E-04
 0.5718457E-04
 0.5730926E-04
 0.5787836E-04
 0.5868703E-04
 0.5896828E-04
 0.6315083E-04
 0.7513768E-04
 0.6771521E-04
 0.5773590E-04
 0.5639849E-04
 0.5572879E-04
 0.5467540E-04
 0.5465026E-04
 0.5337811E-04
 0.5290989E-04
 0.5419844E-04
 0.5640779E-04
 0.5514763E-04
 0.5511577E-04
 0.5607385E-04
 0.6027398E-04
 0.5803810E-04
 0.5546056E-04
 0.6122903E-04
 0.5246303E-04
 0.5046176E-04
 0.5027200E-04
 0.5979690E-04
 0.4906695E-04
 0.4798329E-04
 0.4853657E-04
 0.5034914E-04
 0.4929591E-04
 0.4737575E-04
 0.4698365E-04
 0.4712228E-04
 0.4736204E-04
 0.4777707E-04
 0.4835125E-04
 0.4922274E-04
 0.5021801E-04
 0.5042025E-04
 0.5004715E-04
 0.4910729E-04
 0.4825073E-04
 0.4808829E-04
 0.4858743E-04
 0.4947589E-04
 0.4968997E-04
 0.5033359E-04
 0.5097312E-04
 0.5149445E-04
 0.5104133E-04
 0.5131130E-04
 0.5177935E-04
 0.5209512E-04
 0.5234626E-04
 0.5324280E-04
 0.5547259E-04
 0.5360828E-04
 0.5319620E-04
 0.5300728E-04
 0.5500941E-04
 0.6489417E-04
 0.5834680E-04
 0.6018953E-04
 0.5483451E-04
 0.5279877E-04
 0.5649445E-04
 0.5281746E-04
 0.5234933E-04
 0.5291116E-04
 0.5298679E-04
 0.5409913E-04
 0.5440594E-04
 0.5754191E-04
 0.6257396E-04
 0.6148066E-04
 0.6139822E-04
 0.6290170E-04
 0.6382162E-04
 0.8066999E-04
 0.9525751E-04
 0.1108197E-03
 0.1150377E-03
 0.9163451E-04
 0.1115255E-03
 0.1001781E-03
 0.9085803E-04
 0.1014878E-03
 0.1345207E-03
 0.1390701E-03
 0.1799737E-03
 0.1798331E-03
 0.1894560E-03
 0.2158786E-03
 0.1705627E-03
 0.1903187E-03
 0.2094272E-03
 0.2185471E-03
 0.1834527E-03
 0.1762861E-03
 0.1828935E-03
 0.1565263E-03
 0.1937957E-03
 0.2256956E-03
 0.2740157E-03
 0.2494399E-03
 0.2058391E-03
 0.1858482E-03
 0.2077427E-03
 0.2205333E-03
 0.3012490E-03
 0.2932400E-03
 0.2860432E-03
 0.2170577E-03
 0.2026997E-03
 0.2122795E-03
 0.2126336E-03
 0.2089502E-03
 0.2524409E-03
 0.2925478E-03
 0.3043949E-03
 0.3075781E-03
 0.3264317E-03
 0.3792957E-03
 0.3455317E-03
 0.2496593E-03
 0.2018953E-03
 0.1611765E-03
 0.1426390E-03
 0.1866232E-03
 0.2222364E-03
 0.1555905E-03
 0.1464072E-03
 0.1658540E-03
 0.1380759E-03
 0.1595757E-03
 0.1639107E-03
 0.1549936E-03
 0.1128964E-03
 0.1125137E-03
 0.1103201E-03
 0.1313600E-03
 0.1402738E-03
 0.1363301E-03
 0.1202016E-03
 0.1639143E-03
 0.1639882E-03
 0.1548607E-03
 0.1412441E-03
 0.1175032E-03
 0.1228847E-03
 0.1070541E-03
 0.1239663E-03
 0.1056593E-03
 0.1076676E-03
 0.1078705E-03
 0.1221726E-03
 0.1500482E-03
 0.1560245E-03
 0.1621562E-03
 0.1724985E-03
 0.2038570E-03
 0.2277710E-03
 0.2197450E-03
 0.2086510E-03
 0.2337919E-03
 0.2331653E-03
 0.1840962E-03
 0.1658554E-03
 0.1583590E-03
 0.1954790E-03
 0.2717192E-03
 0.3012408E-03
 0.3218556E-03
 0.3517611E-03
 0.3191601E-03
 0.2882314E-03
 0.2992070E-03
 0.2734725E-03
 0.2059223E-03
 0.2160043E-03
 0.2663918E-03
 0.2853509E-03
 0.2511306E-03
 0.2110702E-03
 0.2126881E-03
 0.1812664E-03
 0.1679596E-03
 0.2114122E-03
 0.2088595E-03
 0.1500929E-03
 0.1860390E-03
 0.2325290E-03
 0.2138670E-03
 0.1691436E-03
 0.1803593E-03
 0.2119456E-03
 0.1790756E-03
 0.1735478E-03
 0.1814092E-03
 0.2438856E-03
 0.2079735E-03
 0.1688638E-03
 0.1820617E-03
 0.2932144E-03
 0.4163222E-03
 0.3675420E-03
 0.3226528E-03
 0.2517496E-03
 0.2272338E-03
 0.2864601E-03
 0.3276829E-03
 0.2871894E-03
 0.2818604E-03
 0.3292481E-03
 0.2679450E-03
 0.3010825E-03
 0.2660994E-03
 0.2394152E-03
 0.2166393E-03
 0.2227521E-03
 0.3005595E-03
 0.3068252E-03
 0.3004908E-03
 0.2542773E-03
 0.3238261E-03
 0.3178155E-03
 0.2826114E-03
 0.2434649E-03
 0.2483336E-03
 0.2389092E-03
 0.2802794E-03
 0.2695102E-03
 0.2996342E-03
 0.2339800E-03
 0.2127648E-03
 0.2479192E-03
 0.2441224E-03
 0.2283163E-03
 0.2525796E-03
 0.2302850E-03
 0.2220738E-03
 0.1986805E-03
 0.2192526E-03
 0.2006114E-03
 0.1520713E-03
 0.1860197E-03
 0.2296004E-03
 0.2215120E-03
 0.2221875E-03
 0.2087670E-03
 0.1527218E-03
 0.1712008E-03
 0.1850920E-03
 0.1802234E-03
 0.1569928E-03
 0.1327165E-03
 0.1882398E-03
 0.2178028E-03
 0.2164592E-03
 0.2113926E-03
 0.1660330E-03
 0.1706509E-03
 0.1709598E-03
 0.1226483E-03
 0.1271286E-03
 0.1511098E-03
 0.1178351E-03
 0.1154811E-03
 0.1443136E-03
 0.1298785E-03
 0.1419342E-03
 0.1583667E-03
 0.1481598E-03
 0.1423686E-03
 0.1703652E-03
 0.1500144E-03
 0.1376867E-03
 0.1356946E-03
 0.1477984E-03
 0.1377468E-03
 0.1291498E-03
 0.1333999E-03
 0.1553891E-03
 0.1193935E-03
 0.1357920E-03
 0.1101800E-03
 0.1336600E-03
 0.1286854E-03
 0.1451984E-03
 0.1301292E-03
 0.1361592E-03
 0.1399323E-03
 0.1348711E-03
 0.1408553E-03
 0.1305002E-03
 0.1254426E-03
 0.1175520E-03
 0.1448415E-03
 0.1404527E-03
 0.1218975E-03
 0.1426125E-03
 0.1659113E-03
 0.1672434E-03
 0.1560593E-03
 0.1315822E-03
 0.1737717E-03
 0.1648687E-03
 0.1788075E-03
 0.1880122E-03
 0.2168985E-03
 0.1833644E-03
 0.1279880E-03
 0.1262001E-03
 0.1422990E-03
 0.1437187E-03
 0.1567884E-03
 0.1301768E-03
 0.1365671E-03
 0.1148606E-03
 0.1174530E-03
 0.1330117E-03
 0.1231303E-03
 0.1388316E-03
 0.1477322E-03
 0.1486125E-03
 0.1402379E-03
 0.1251026E-03
 0.1616901E-03
 0.1603375E-03
 0.1484225E-03
 0.1291398E-03
 0.1464315E-03
 0.1642113E-03
 0.1423507E-03
 0.1487409E-03
 0.1746127E-03
 0.1849542E-03
 0.1639649E-03
 0.1440611E-03
 0.1708533E-03
 0.1913319E-03
 0.1816602E-03
 0.2094699E-03
 0.1842000E-03
 0.2384785E-03
 0.1941053E-03
 0.2244822E-03
 0.2583286E-03
 0.3269128E-03
 0.3222558E-03
 0.2929505E-03
 0.2745462E-03
 0.2480319E-03
 0.2003704E-03
 0.1743680E-03
 0.1758770E-03
 0.1722629E-03
 0.1919268E-03
 0.2319797E-03
 0.2249837E-03
 0.2195836E-03
 0.2310429E-03
 0.2380967E-03
 0.3073236E-03
 0.3240308E-03
 0.3543098E-03
 0.3413141E-03
 0.3298739E-03
 0.2966499E-03
 0.2605557E-03
 0.2976638E-03
 0.2740021E-03
 0.2173860E-03
 0.2045221E-03
 0.1783586E-03
 0.1920367E-03
 0.1613993E-03
 0.1966582E-03
 0.1771733E-03
 0.1647304E-03
 0.1298544E-03
 0.1327655E-03
 0.1128595E-03
 0.9415462E-04
 0.8721810E-04
 0.8253828E-04
 0.8366890E-04
 0.9205439E-04
 0.9127719E-04
 0.8726276E-04
 0.8770069E-04
 0.9221787E-04
 0.8719286E-04
 0.8692961E-04
 0.9667653E-04
 0.8709338E-04
 0.8502576E-04
 0.8421579E-04
 0.8648550E-04
 0.9480838E-04
 0.9338163E-04
 0.9420327E-04
 0.8148158E-04
 0.7776563E-04
 0.7658575E-04
 0.7666954E-04
 0.7766155E-04
 0.7771250E-04
 0.7535580E-04
 0.7319101E-04
 0.7629407E-04
 0.7487948E-04
 0.7517604E-04
 0.7763635E-04
 0.7958217E-04
 0.7801073E-04
 0.8510010E-04
 0.7628944E-04
 0.8335355E-04
 0.7484325E-04
 0.8227058E-04
 0.8214728E-04
 0.8514541E-04
 0.7305170E-04
 0.6796124E-04
 0.6758190E-04
 0.6790576E-04
 0.6816427E-04
 0.6842443E-04
 0.6749844E-04
 0.6658981E-04
 0.6808498E-04
 0.6925046E-04
 0.7221707E-04
 0.7467598E-04
 0.7383715E-04
 0.7582336E-04
 0.1010858E-03
 0.9724081E-04
 0.8361954E-04
 0.7640597E-04
 0.7572102E-04
 0.7795662E-04
 0.7947403E-04
 0.8056809E-04
 0.7857628E-04
 0.8043526E-04
 0.8431430E-04
 0.9294779E-04
 0.1019935E-03
 0.9452744E-04
 0.9481764E-04
 0.9980715E-04
 0.1111068E-03
 0.1069566E-03
 0.1047166E-03
 0.1052127E-03
 0.1085046E-03
 0.1275979E-03
 0.1409263E-03
 0.1478258E-03
 0.1776737E-03
 0.2146630E-03
 0.2308992E-03
 0.2297084E-03
 0.2221252E-03
 0.2529499E-03
 0.2874083E-03
 0.2886355E-03
 0.1820365E-03
 0.1795978E-03
 0.1826834E-03
 0.1580928E-03
 0.1352264E-03
 0.1254062E-03
 0.1286178E-03
 0.1358400E-03
 0.1461691E-03
 0.1985003E-03
 0.2015482E-03
 0.1725091E-03
 0.1620098E-03
 0.1627402E-03
 0.1624176E-03
 0.1496545E-03
 0.1688654E-03
 0.1504391E-03
 0.1488550E-03
 0.1820577E-03
 0.1730469E-03
 0.1603926E-03
 0.1740967E-03
 0.1710674E-03
 0.1833912E-03
 0.1796832E-03
 0.2187519E-03
 0.2649225E-03
 0.2610698E-03
 0.2906990E-03
 0.2575022E-03
 0.3091113E-03
 0.3485926E-03
 0.2871406E-03
 0.3509867E-03
 0.3667169E-03
 0.3519549E-03
 0.2958317E-03
 0.3678439E-03
 0.4240086E-03
 0.3392259E-03
 0.3738348E-03
 0.3695624E-03
 0.3070867E-03
 0.3495194E-03
 0.3645231E-03
 0.3763440E-03
 0.3386375E-03
 0.3932265E-03
 0.4088952E-03
 0.5681513E-03
 0.5456457E-03
 0.3934020E-03
 0.4677781E-03
 0.4732762E-03
 0.4309140E-03
 0.5102534E-03
 0.4442816E-03
 0.4375536E-03
 0.4479594E-03
 0.4860841E-03
 0.3829067E-03
 0.3535776E-03
 0.3881399E-03
 0.4289968E-03
 0.4192762E-03
 0.4237026E-03
 0.4786587E-03
 0.5400164E-03
 0.4643806E-03
 0.4514992E-03
 0.4005430E-03
 0.4669588E-03
 0.4397607E-03
 0.3430358E-03
 0.3276029E-03
 0.3361676E-03
 0.3762187E-03
 0.4120103E-03
 0.4623775E-03
 0.4519278E-03
 0.4766131E-03
 0.5060685E-03
 0.5329354E-03
 0.4708084E-03
 0.5718296E-03
 0.5482888E-03
 0.6577819E-03
 0.8218908E-03
 0.6513670E-03
 0.5886194E-03
 0.5685967E-03
 0.5485829E-03
 0.5440430E-03
 0.4625589E-03
 0.5963454E-03
 0.6077834E-03
 0.4837996E-03
 0.5662021E-03
 0.4585463E-03
 0.4293195E-03
 0.4371805E-03
 0.4402575E-03
 0.4740019E-03
 0.4938007E-03
 0.4760505E-03
 0.4216878E-03
 0.3450395E-03
 0.3366973E-03
 0.3125454E-03
 0.2614616E-03
 0.2702137E-03
 0.2361637E-03
 0.1928625E-03
 0.1599856E-03
 0.1843329E-03
 0.2102100E-03
 0.2085641E-03
 0.2136945E-03
 0.2311968E-03
 0.1670583E-03
 0.1587376E-03
 0.2021690E-03
 0.2022359E-03
 0.2543670E-03
 0.2793188E-03
 0.2473517E-03
 0.2162828E-03
 0.1563640E-03
 0.1738007E-03
 0.1817190E-03
 0.1450960E-03
 0.1389734E-03
 0.1578148E-03
 0.1476687E-03
 0.1834422E-03
 0.1793315E-03
 0.1586534E-03
 0.2026678E-03
 0.1599940E-03
 0.1793100E-03
 0.2246784E-03
 0.2823164E-03
 0.2092293E-03
 0.1736893E-03
 0.1866485E-03
 0.1498019E-03
 0.1667202E-03
 0.2104821E-03
 0.1946319E-03
 0.1477262E-03
 0.1461702E-03
 0.1289245E-03
 0.1392906E-03
 0.1345687E-03
 0.1491713E-03
 0.1514864E-03
 0.1804979E-03
 0.1811698E-03
 0.1778453E-03
 0.1814587E-03
 0.1924427E-03
 0.1974223E-03
 0.1904322E-03
 0.1751339E-03
 0.2163184E-03
 0.1911998E-03
 0.2467000E-03
 0.2595356E-03
 0.2506421E-03
 0.2725085E-03
 0.2210660E-03
 0.2068814E-03
 0.2166215E-03
 0.1942371E-03
 0.2221134E-03
 0.2406062E-03
 0.2290624E-03
 0.2454239E-03
 0.3026760E-03
 0.2994437E-03
 0.3734340E-03
 0.3004825E-03
 0.2301035E-03
 0.2886460E-03
 0.3424195E-03
 0.3719742E-03
 0.4549244E-03
 0.5989991E-03
 0.4774907E-03
 0.3635885E-03
 0.3864230E-03
 0.4337309E-03
 0.3710161E-03
 0.4266838E-03
 0.4481059E-03
 0.5102711E-03
 0.5335380E-03
 0.5261327E-03
 0.5257299E-03
 0.5344551E-03
 0.6050473E-03
 0.6655134E-03
 0.6217373E-03
 0.5346338E-03
 0.5480211E-03
 0.5310743E-03
 0.5863534E-03
 0.5876754E-03
 0.6058012E-03
 0.5725791E-03
 0.7003484E-03
 0.5983448E-03
 0.5590267E-03
 0.5203484E-03
 0.5484475E-03
 0.5305450E-03
 0.5209174E-03
 0.5290574E-03
 0.5527574E-03
 0.6031312E-03
 0.6632176E-03
 0.5451865E-03
 0.5634868E-03
 0.5285648E-03
 0.5061569E-03
 0.5958487E-03
 0.5761337E-03
 0.5798332E-03
 0.6377209E-03
 0.5426451E-03
 0.5661023E-03
 0.6122706E-03
 0.6348372E-03
 0.6103943E-03
 0.7014434E-03
 0.6990733E-03
 0.6381489E-03
 0.5450319E-03
 0.4810338E-03
 0.5265823E-03
 0.4818367E-03
 0.5516190E-03
 0.6188418E-03
 0.5846767E-03
 0.6047898E-03
 0.6096905E-03
 0.5516767E-03
 0.6033581E-03
 0.6325312E-03
 0.6114690E-03
 0.5660450E-03
 0.5106309E-03
 0.4772097E-03
 0.5254487E-03
 0.4695307E-03
 0.4423952E-03
 0.4818850E-03
 0.3615489E-03
 0.3327330E-03
 0.2965293E-03
 0.3222258E-03
 0.3339671E-03
 0.3311284E-03
 0.3123164E-03
 0.4091658E-03
 0.3270649E-03
 0.3437709E-03
 0.2723656E-03
 0.3033981E-03
 0.3460051E-03
 0.3733602E-03
 0.3773719E-03
 0.4768209E-03
 0.4823594E-03
 0.4720808E-03
 0.4186660E-03
 0.3678455E-03
 0.4003702E-03
 0.3397663E-03
 0.3137432E-03
 0.3026520E-03
 0.3370966E-03
 0.2972453E-03
 0.2721151E-03
 0.3117434E-03
 0.2437098E-03
 0.2803574E-03
 0.2349517E-03
 0.2546166E-03
 0.3173675E-03
 0.3454650E-03
 0.3935398E-03
 0.3226841E-03
 0.2883854E-03
 0.2668186E-03
 0.2828432E-03
 0.3286480E-03
 0.3711120E-03
 0.3391116E-03
 0.3503100E-03
 0.3957355E-03
 0.4215709E-03
 0.3127591E-03
 0.3238187E-03
 0.3741391E-03
 0.3898504E-03
 0.4698755E-03
 0.4371154E-03
 0.3929816E-03
 0.4073925E-03
 0.4666941E-03
 0.4036283E-03
 0.4447427E-03
 0.5641072E-03
 0.6415526E-03
 0.5029247E-03
 0.3983219E-03
 0.4056739E-03
 0.5121132E-03
 0.4773751E-03
 0.3875689E-03
 0.4325666E-03
 0.4035653E-03
 0.2886301E-03
 0.3299048E-03
 0.3219808E-03
 0.2941600E-03
 0.3250901E-03
 0.2641039E-03
 0.3266297E-03
 0.2895538E-03
 0.3514556E-03
 0.3276915E-03
 0.3342190E-03
 0.3634938E-03
 0.2752770E-03
 0.2496680E-03
 0.2579786E-03
 0.2663871E-03
 0.3359376E-03
 0.2685542E-03
 0.3175669E-03
 0.2966434E-03
 0.2863113E-03
 0.2587230E-03
 0.2566264E-03
 0.2608042E-03
 0.1858732E-03
 0.1815384E-03
 0.1564052E-03
 0.1912532E-03
 0.1754091E-03
 0.2363860E-03
 0.2982943E-03
 0.3883887E-03
 0.3932183E-03
 0.3609790E-03
 0.3443343E-03
 0.3373569E-03
 0.4611893E-03
 0.4276888E-03
 0.4344592E-03
 0.3891308E-03
 0.4159747E-03
 0.4046035E-03
 0.5064755E-03
 0.3504057E-03
 0.3497111E-03
 0.3011239E-03
 0.3455315E-03
 0.2958673E-03
 0.3345717E-03
 0.3119603E-03
 0.2938286E-03
 0.3582523E-03
 0.3061019E-03
 0.2706352E-03
 0.3346265E-03
 0.3724818E-03
 0.3049699E-03
 0.2824150E-03
 0.3379316E-03
 0.2734731E-03
 0.2137179E-03
 0.2671460E-03
 0.2408044E-03
 0.2364119E-03
 0.2531374E-03
 0.2736621E-03
 0.2310348E-03
 0.2005193E-03
 0.1868311E-03
 0.1785677E-03
 0.2082073E-03
 0.2714065E-03
 0.2507250E-03
 0.2737778E-03
 0.2402749E-03
 0.3159990E-03
 0.2470443E-03
 0.3005296E-03
 0.3234383E-03
 0.2591789E-03
 0.3041919E-03
 0.3285077E-03
 0.3469942E-03
 0.2982610E-03
 0.2417012E-03
 0.2126276E-03
 0.2014887E-03
 0.2176672E-03
 0.2692287E-03
 0.2065686E-03
 0.1993263E-03
 0.2247749E-03
 0.2056197E-03
 0.1782774E-03
 0.2366219E-03
 0.2207577E-03
 0.2653752E-03
 0.2092905E-03
 0.2910780E-03
 0.2560629E-03
 0.2637945E-03
 0.2380352E-03
 0.1995480E-03
 0.1797065E-03
 0.1928985E-03
 0.1506117E-03
 0.1701888E-03
 0.2241199E-03
 0.2986458E-03
 0.2431923E-03
 0.1974418E-03
 0.2256132E-03
 0.2851033E-03
 0.2687955E-03
 0.3372995E-03
 0.3443293E-03
 0.2959444E-03
 0.2978410E-03
 0.3700003E-03
 0.3711269E-03
 0.3081288E-03
 0.2337616E-03
 0.2708778E-03
 0.2928156E-03
 0.4141472E-03
 0.4134527E-03
 0.3276566E-03
 0.3998931E-03
 0.3184563E-03
 0.2547265E-03
 0.2298897E-03
 0.1939279E-03
 0.1695857E-03
 0.1805280E-03
 0.1955235E-03
 0.2172311E-03
 0.2227434E-03
 0.2183471E-03
 0.1838866E-03
 0.1750298E-03
 0.2039927E-03
 0.1583587E-03
 0.1541272E-03
 0.2147368E-03
 0.2103467E-03
 0.1996613E-03
 0.2208317E-03
 0.1950471E-03
 0.1920712E-03
 0.2142062E-03
 0.2192551E-03
 0.1753287E-03
 0.1759011E-03
 0.1533169E-03
 0.1675639E-03
 0.2406998E-03
 0.2242837E-03
 0.2257150E-03
 0.1856626E-03
 0.2147016E-03
 0.2401323E-03
 0.2612664E-03
 0.2285719E-03
 0.1682260E-03
 0.2099186E-03
 0.2297116E-03
 0.1554484E-03
 0.1381691E-03
 0.1657790E-03
 0.1498453E-03
 0.1359105E-03
 0.1818093E-03
 0.1861991E-03
 0.1714110E-03
 0.1968214E-03
 0.2070360E-03
 0.1651977E-03
 0.1304666E-03
 0.1541617E-03
 0.1859592E-03
 0.1798790E-03
 0.1605993E-03
 0.1281729E-03
 0.1244581E-03
 0.1496478E-03
 0.1948085E-03
 0.2142737E-03
 0.1768394E-03
 0.2173991E-03
 0.2592112E-03
 0.1676437E-03
 0.1806392E-03
 0.1910660E-03
 0.1542198E-03
 0.2159589E-03
 0.1734244E-03
 0.2399274E-03
 0.2109685E-03
 0.1944287E-03
 0.2127793E-03
 0.1668550E-03
 0.2268859E-03
 0.1955379E-03
 0.1592284E-03
 0.1456363E-03
 0.1505065E-03
 0.1138044E-03
 0.1158504E-03
 0.1135573E-03
 0.1119497E-03
 0.1052591E-03
 0.1012133E-03
 0.1098414E-03
 0.1519557E-03
 0.1519578E-03
 0.1729084E-03
 0.1343304E-03
 0.1037652E-03
 0.9244836E-04
 0.9253998E-04
 0.9345839E-04
 0.8696270E-04
 0.8291416E-04
 0.8223818E-04
 0.8220968E-04
 0.8730614E-04
 0.8799671E-04
 0.8580823E-04
 0.8611734E-04
 0.8169216E-04
 0.8090953E-04
 0.8395695E-04
 0.8741840E-04
 0.1098053E-03
 0.1072750E-03
 0.1196593E-03
 0.9697902E-04
 0.9523235E-04
 0.8793802E-04
 0.9396287E-04
 0.9047258E-04
 0.8535402E-04
 0.8559701E-04
 0.8936836E-04
 0.8668796E-04
 0.8808912E-04
 0.9237215E-04
 0.9743778E-04
 0.1016370E-03
 0.1074960E-03
 0.9980001E-04
 0.1051780E-03
 0.1091896E-03
 0.1185923E-03
 0.1015305E-03
 0.1020847E-03
 0.1186854E-03
 0.1059458E-03
 0.1064290E-03
 0.1107594E-03
 0.1628424E-03
 0.1303585E-03
 0.1859305E-03
 0.1635956E-03
 0.1826563E-03
 0.1543294E-03
 0.1416170E-03
 0.1561022E-03
 0.1295490E-03
 0.1415631E-03
 0.1908131E-03
 0.2569266E-03
 0.2825189E-03
 0.2428527E-03
 0.2176548E-03
 0.1983316E-03
 0.1785307E-03
 0.1584092E-03
 0.1252606E-03
 0.1147013E-03
 0.1260884E-03
 0.9700590E-04
 0.8708413E-04
 0.8279762E-04
 0.7887903E-04
 0.8021877E-04
 0.8663244E-04
 0.9079007E-04
 0.8862861E-04
 0.8498196E-04
 0.8178641E-04
 0.7947854E-04
 0.7916178E-04
 0.7899271E-04
 0.8093124E-04
 0.7649655E-04
 0.7757793E-04
 0.8056206E-04
 0.1078226E-03
 0.7880341E-04
 0.8716267E-04
 0.8095040E-04
 0.8127542E-04
 0.7438653E-04
 0.7582838E-04
 0.1074237E-03
 0.7880688E-04
 0.8121739E-04
 0.6876455E-04
 0.6591505E-04
 0.6544844E-04
 0.6282300E-04
 0.6064948E-04
 0.5862803E-04
 0.5785452E-04
 0.5880450E-04
 0.5739854E-04
 0.5642476E-04
 0.5707771E-04
 0.5531160E-04
 0.5427342E-04
 0.5434834E-04
 0.5595577E-04
 0.5861578E-04
 0.5983638E-04
 0.5951475E-04
 0.6021084E-04
 0.5907189E-04
 0.5723358E-04
 0.5925753E-04
 0.6409939E-04
 0.5960236E-04
 0.5780941E-04
 0.5768438E-04
 0.5846551E-04
 0.5934668E-04
 0.5770505E-04
 0.5769999E-04
 0.5849637E-04
 0.6148443E-04
 0.6387863E-04
 0.6301829E-04
 0.6509152E-04
 0.6788674E-04
 0.6674325E-04
 0.6257787E-04
 0.6098762E-04
 0.6037301E-04
 0.6018867E-04
 0.6292095E-04
 0.6081192E-04
 0.5804947E-04
 0.5691505E-04
 0.5465446E-04
 0.5287100E-04
 0.5196442E-04
 0.5239163E-04
 0.5361268E-04
 0.5470665E-04
 0.6985026E-04
 0.5290635E-04
 0.5108354E-04
 0.5102079E-04
 0.5077396E-04
 0.4894420E-04
 0.4767973E-04
 0.4733383E-04
 0.4796350E-04
 0.4941996E-04
 0.4923555E-04
 0.4802113E-04
 0.4610852E-04
 0.4569051E-04
 0.4637121E-04
 0.4711582E-04
 0.4683496E-04
 0.4638016E-04
 0.4588243E-04
 0.4625850E-04
 0.4712587E-04
 0.4837760E-04
 0.4527804E-04
 0.4458677E-04
 0.4508115E-04
 0.4531285E-04
 0.4496132E-04
 0.4512500E-04
 0.4602469E-04
 0.4672239E-04
 0.4908114E-04
 0.6526413E-04
 0.8991268E-04
 0.5483785E-04
 0.4955591E-04
 0.6157108E-04
 0.8405529E-04
 0.5767351E-04
 0.5934070E-04
 0.5861188E-04
 0.5576164E-04
 0.5177249E-04
 0.4979190E-04
 0.5055551E-04
 0.4725095E-04
 0.4593644E-04
 0.4563316E-04
 0.4491595E-04
 0.4441171E-04
 0.4593101E-04
 0.5290321E-04
 0.5340943E-04
 0.5427589E-04
 0.5262070E-04
 0.4845212E-04
 0.4574234E-04
 0.4516259E-04
 0.4491688E-04
 0.4549409E-04
 0.4741064E-04
 0.5137125E-04
 0.5253368E-04
 0.5505495E-04
 0.5122664E-04
 0.5180596E-04
 0.5048971E-04
 0.5384842E-04
 0.5587322E-04
 0.5417450E-04
 0.6060175E-04
 0.5930211E-04
 0.5987224E-04
 0.6225108E-04
 0.6325951E-04
 0.6246777E-04
 0.7721382E-04
 0.1271176E-03
 0.1322939E-03
 0.1261388E-03
 0.8811575E-04
 0.7780479E-04
 0.7449665E-04
 0.7579831E-04
 0.7619303E-04
 0.7907390E-04
 0.8512279E-04
 0.9560440E-04
 0.7703134E-04
 0.7709991E-04
 0.8185773E-04
 0.8445183E-04
 0.7885096E-04
 0.7633608E-04
 0.7732832E-04
 0.8926675E-04
 0.8235212E-04
 0.7914040E-04
 0.7737983E-04
 0.8529081E-04
 0.1002195E-03
 0.1266467E-03
 0.9878324E-04
 0.1032052E-03
 0.1272381E-03
 0.1250351E-03
 0.1882951E-03
 0.1926462E-03
 0.2283479E-03
 0.1684128E-03
 0.2445364E-03
 0.1946109E-03
 0.1226206E-03
 0.1463480E-03
 0.1141006E-03
 0.1035322E-03
 0.1086735E-03
 0.1097053E-03
 0.1203493E-03
 0.1263930E-03
 0.1371353E-03
 0.1799016E-03
 0.1750149E-03
 0.1356864E-03
 0.1551864E-03
 0.1679459E-03
 0.2323240E-03
 0.2701148E-03
 0.2896041E-03
 0.2715559E-03
 0.3056305E-03
 0.2998899E-03
 0.2837484E-03
 0.3754526E-03
 0.3828078E-03
 0.3978580E-03
 0.5107916E-03
 0.5389274E-03
 0.4862993E-03
 0.4921535E-03
 0.7856868E-03
 0.6349894E-03
 0.7529232E-03
 0.8917350E-03
 0.9750182E-03
 0.9007298E-03
 0.9840486E-03
 0.9442195E-03
 0.8980726E-03
 0.7894543E-03
 0.7273878E-03
 0.8943452E-03
 0.7772534E-03
 0.5188008E-03
 0.4337885E-03
 0.4271229E-03
 0.4134535E-03
 0.4218420E-03
 0.3961531E-03
 0.4041991E-03
 0.5814285E-03
 0.5389057E-03
 0.5679519E-03
 0.4787818E-03
 0.5317427E-03
 0.4686938E-03
 0.5186766E-03
 0.5571137E-03
 0.4824318E-03
 0.7662659E-03
 0.6400742E-03
 0.4624341E-03
 0.4892686E-03
 0.3992154E-03
 0.3301203E-03
 0.4560209E-03
 0.3668718E-03
 0.2270205E-03
 0.3051171E-03
 0.4322954E-03
 0.3375014E-03
 0.2001651E-03
 0.1979106E-03
 0.1777604E-03
 0.1577524E-03
 0.2175968E-03
 0.2562725E-03
 0.2891920E-03
 0.1364788E-03
 0.1160208E-03
 0.1138265E-03
 0.1197158E-03
 0.1227489E-03
 0.1497803E-03
 0.1657579E-03
 0.1305657E-03
 0.1508755E-03
 0.1412874E-03
 0.1637687E-03
 0.1268496E-03
 0.1191157E-03
 0.1458963E-03
 0.1972798E-03
 0.1479350E-03
 0.1492215E-03
 0.1400931E-03
 0.1595570E-03
 0.1375448E-03
 0.1213694E-03
 0.1386753E-03
 0.1356268E-03
 0.2028352E-03
 0.2363261E-03
 0.2799274E-03
 0.1502873E-03
 0.1299453E-03
 0.1333380E-03
 0.1239670E-03
 0.1275717E-03
 0.1334738E-03
 0.1517510E-03
 0.1538517E-03
 0.1336420E-03
 0.1758056E-03
 0.3560792E-03
 0.2933460E-03
 0.2971080E-03
 0.2757578E-03
 0.1569673E-03
 0.1264561E-03
 0.1166094E-03
 0.1158025E-03
 0.1038035E-03
 0.1068641E-03
 0.1030498E-03
 0.1304996E-03
 0.2164579E-03
 0.1656366E-03
 0.1637991E-03
 0.1503962E-03
 0.1246504E-03
 0.1647854E-03
 0.1275663E-03
 0.1158121E-03
 0.9600567E-04
 0.9669895E-04
 0.9431016E-04
 0.8984217E-04
 0.1005546E-03
 0.1994729E-03
 0.1033480E-03
 0.8610040E-04
 0.8486135E-04
 0.8205695E-04
 0.8367286E-04
 0.8329950E-04
 0.8284471E-04
 0.8652102E-04
 0.9108200E-04
 0.1027506E-03
 0.1619126E-03
 0.2725341E-03
 0.2727209E-03
 0.1351596E-03
 0.1292125E-03
 0.1617461E-03
 0.2013299E-03
 0.2038346E-03
 0.1518059E-03
 0.1429598E-03
 0.9847679E-04
 0.8719969E-04
 0.9044212E-04
 0.1083162E-03
 0.1110768E-03
 0.1161755E-03
 0.9830944E-04
 0.8893909E-04
 0.9173693E-04
 0.1160186E-03
 0.9753666E-04
 0.9801170E-04
 0.9533327E-04
 0.1354797E-03
 0.9863764E-04
 0.9702860E-04
 0.9049212E-04
 0.1003211E-03
 0.1744849E-03
 0.2446416E-03
 0.2884866E-03
 0.3216508E-03
 0.4432861E-03
 0.4377257E-03
 0.3220573E-03
 0.2906143E-03
 0.1992393E-03
 0.3129543E-03
 0.3065967E-03
 0.2503487E-03
 0.2322353E-03
 0.3855586E-03
 0.2840389E-03
 0.3615059E-03
 0.4417794E-03
 0.2862372E-03
 0.3150734E-03
 0.3509586E-03
 0.2438854E-03
 0.3616448E-03
 0.2830186E-03
 0.2734901E-03
 0.2211292E-03
 0.2857083E-03
 0.3134858E-03
 0.3154565E-03
 0.2435808E-03
 0.1705420E-03
 0.1804985E-03
 0.1710991E-03
 0.1793749E-03
 0.2679540E-03
 0.2206124E-03
 0.2855304E-03
 0.2416846E-03
 0.2157140E-03
 0.1276608E-03
 0.1075825E-03
 0.9580538E-04
 0.9180678E-04
 0.9350883E-04
 0.8335929E-04
 0.8718175E-04
 0.9656868E-04
 0.1251547E-03
 0.1750783E-03
 0.1481389E-03
 0.1601605E-03
 0.1947371E-03
 0.2196487E-03
 0.1849040E-03
 0.1998536E-03
 0.1503464E-03
 0.2580126E-03
 0.3598596E-03
 0.2021684E-03
 0.1622605E-03
 0.1650149E-03
 0.1411841E-03
 0.1254649E-03
 0.1862053E-03
 0.1563169E-03
 0.1940591E-03
 0.1339962E-03
 0.1645167E-03
 0.1797002E-03
 0.9813788E-04
 0.1280530E-03
 0.1109173E-03
 0.9338355E-04
 0.9056582E-04
 0.7763234E-04
 0.7212092E-04
 0.8245823E-04
 0.1027086E-03
 0.6755338E-04
 0.5900629E-04
 0.5646182E-04
 0.5167959E-04
 0.5096569E-04
 0.5225041E-04
 0.5516454E-04
 0.5070757E-04
 0.4884653E-04
 0.4818047E-04
 0.4742508E-04
 0.4493887E-04
 0.4386397E-04
 0.4362679E-04
 0.4353913E-04
 0.4368777E-04
 0.4610134E-04
 0.4976231E-04
 0.5056525E-04
 0.5721119E-04
 0.5602718E-04
 0.5733115E-04
 0.6025721E-04
 0.8245071E-04
 0.1189103E-03
 0.1713147E-03
 0.1792837E-03
 0.2701252E-03
 0.9203741E-04
 0.1316337E-03
 0.9464179E-04
 0.1158967E-03
 0.7244154E-04
 0.5865550E-04
 0.5533623E-04
 0.5613789E-04
 0.5752642E-04
 0.6247758E-04
 0.7157610E-04
 0.7362642E-04
 0.7882091E-04
 0.9374342E-04
 0.1115360E-03
 0.1951206E-03
 0.1278365E-03
 0.9843563E-04
 0.9581968E-04
 0.1217375E-03
 0.1115995E-03
 0.7539281E-04
 0.6862949E-04
 0.6891247E-04
 0.6810132E-04
 0.6962610E-04
 0.6656348E-04
 0.7162756E-04
 0.7530431E-04
 0.6637598E-04
 0.6974820E-04
 0.7673570E-04
 0.7507940E-04
 0.1105145E-03
 0.7507298E-04
 0.6819179E-04
 0.5749071E-04
 0.5202372E-04
 0.5114392E-04
 0.5318003E-04
 0.5959554E-04
 0.5574354E-04
 0.4960166E-04
 0.4325728E-04
 0.4049738E-04
 0.3805285E-04
 0.3625108E-04
 0.3468150E-04
 0.3353426E-04
 0.3254401E-04
 0.3183149E-04
 0.3133856E-04
 0.3118736E-04
 0.3124795E-04
 0.3117332E-04
 0.3128971E-04
 0.3154341E-04
 0.3184865E-04
 0.3195097E-04
 0.3189487E-04
 0.3194998E-04
 0.3221829E-04
 0.3253147E-04
 0.3256530E-04
 0.3274229E-04
 0.3288232E-04
 0.3310588E-04
 0.3301405E-04
 0.3293453E-04
 0.3345996E-04
 0.3403222E-04
 0.3385808E-04
 0.3414033E-04
 0.3472353E-04
 0.3627434E-04
 0.3667545E-04
 0.3651520E-04
 0.3481121E-04
 0.3370079E-04
 0.3329399E-04
 0.3291720E-04
 0.3251300E-04
 0.3232563E-04
 0.3182015E-04
 0.3162856E-04
 0.3103561E-04
 0.3051562E-04
 0.3000804E-04
 0.2972593E-04
 0.2974030E-04
 0.2990873E-04
 0.3006594E-04
 0.3030412E-04
 0.3043035E-04
 0.3059576E-04
 0.3036271E-04
 0.2999729E-04
 0.2968311E-04
 0.2949248E-04
 0.2938866E-04
 0.2930003E-04
 0.2913007E-04
 0.2891998E-04
 0.2882517E-04
 0.2893095E-04
 0.2912687E-04
 0.2903082E-04
 0.2862600E-04
 0.2848126E-04
 0.2850628E-04
 0.2891119E-04
 0.2927687E-04
 0.2886583E-04
 0.2868440E-04
 0.2881756E-04
 0.2908443E-04
 0.2906750E-04
 0.2918802E-04
 0.2921716E-04
 0.2902756E-04
 0.2897147E-04
 0.2911307E-04
 0.2920560E-04
 0.2934741E-04
 0.2955162E-04
 0.2975626E-04
 0.2993081E-04
 0.3012523E-04
 0.3053094E-04
 0.3101816E-04
 0.3139828E-04
 0.3166103E-04
 0.3192955E-04
 0.3231083E-04
 0.3272009E-04
 0.3309993E-04
 0.3345395E-04
 0.3375775E-04
 0.3397065E-04
 0.3410163E-04
 0.3422745E-04
 0.3457269E-04
 0.3518703E-04
 0.3627952E-04
 0.3797813E-04
 0.4348008E-04
 0.6365121E-04
 0.5045566E-04
 0.4477442E-04
 0.4051164E-04
 0.4147940E-04
 0.4123850E-04
 0.4065315E-04
 0.4037732E-04
 0.4147004E-04
 0.4184868E-04
 0.4139910E-04
 0.4165548E-04
 0.4186403E-04
 0.4364555E-04
 0.4408732E-04
 0.4767351E-04
 0.4593891E-04
 0.4327966E-04
 0.4230081E-04
 0.4247197E-04
 0.4300283E-04
 0.4413292E-04
 0.4489115E-04
 0.4482495E-04
 0.4501136E-04
 0.4456418E-04
 0.4453784E-04
 0.4471341E-04
 0.4481065E-04
 0.4490486E-04
 0.4446543E-04
 0.4447223E-04
 0.4482618E-04
 0.4616014E-04
 0.4871394E-04
 0.5213206E-04
 0.5312373E-04
 0.5333288E-04
 0.5465868E-04
 0.5753276E-04
 0.5806721E-04
 0.5934896E-04
 0.6446269E-04
 0.7151727E-04
 0.7811298E-04
 0.7863748E-04
 0.7821304E-04
 0.8123594E-04
 0.9351888E-04
 0.1302214E-03
 0.1173606E-03
 0.1832219E-03
 0.1725071E-03
 0.1171961E-03
 0.1149319E-03
 0.1101667E-03
 0.2054962E-03
 0.1403326E-03
 0.1943738E-03
 0.2162122E-03
 0.2116111E-03
 0.1350445E-03
 0.1065537E-03
 0.1066076E-03
 0.9754907E-04
 0.9018782E-04
 0.8918842E-04
 0.8223505E-04
 0.8122207E-04
 0.1195260E-03
 0.1137598E-03
 0.9708080E-04
 0.1060934E-03
 0.1254046E-03
 0.1008877E-03
 0.8955052E-04
 0.8631483E-04
 0.7942805E-04
 0.7328251E-04
 0.6839446E-04
 0.6522217E-04
 0.6294052E-04
 0.6213566E-04
 0.6327177E-04
 0.6658846E-04
 0.7486939E-04
 0.9769994E-04
 0.2178439E-03
 0.2456971E-03
 0.1466971E-03
 0.1403720E-03
 0.1478477E-03
 0.1337941E-03
 0.1257193E-03
 0.1201963E-03
 0.1320385E-03
 0.1687317E-03
 0.1993102E-03
 0.1524889E-03
 0.1797997E-03
 0.2199660E-03
 0.3312204E-03
 0.2592959E-03
 0.2405558E-03
 0.2650506E-03
 0.3839376E-03
 0.5910816E-03
 0.4958625E-03
 0.3808144E-03
 0.4362819E-03
 0.4615447E-03
 0.2702397E-03
 0.3111192E-03
 0.2812990E-03
 0.1670950E-03
 0.1474492E-03
 0.1510932E-03
 0.1475199E-03
 0.1514840E-03
 0.1676283E-03
 0.1341863E-03
 0.1637236E-03
 0.2808382E-03
 0.1589547E-03
 0.1424584E-03
 0.1496062E-03
 0.1679475E-03
 0.1803519E-03
 0.1788565E-03
 0.1821766E-03
 0.2618623E-03
 0.2567583E-03
 0.3811346E-03
 0.3985329E-03
 0.4354180E-03
 0.5589821E-03
 0.4104243E-03
 0.2054128E-03
 0.1897149E-03
 0.1965583E-03
 0.2650062E-03
 0.2217192E-03
 0.1153651E-03
 0.6719305E-04
 0.5634701E-04
 0.5206791E-04
 0.4193000E-04
 0.3683477E-04
 0.3500151E-04
 0.3385124E-04
 0.3321554E-04
 0.3294400E-04
 0.3316336E-04
 0.3315196E-04
 0.3304580E-04
 0.3216844E-04
 0.3186706E-04
 0.3166565E-04
 0.3111938E-04
 0.2995162E-04
 0.2888188E-04
 0.2856046E-04
 0.2816907E-04
 0.2775169E-04
 0.2753011E-04
 0.2736927E-04
 0.2725191E-04
 0.2719618E-04
 0.2735634E-04
 0.2774488E-04
 0.2789974E-04
 0.2780842E-04
 0.2758508E-04
 0.2710015E-04
 0.2698477E-04
 0.2693177E-04
 0.2701128E-04
 0.2694440E-04
 0.2693402E-04
 0.2692621E-04
 0.2669400E-04
 0.2636395E-04
 0.2573162E-04
 0.2558851E-04
 0.2581540E-04
 0.2626800E-04
 0.2594699E-04
 0.2563210E-04
 0.2527860E-04
 0.2512076E-04
 0.2495697E-04
 0.2445231E-04
 0.2421294E-04
 0.2428791E-04
 0.2460441E-04
 0.2425209E-04
 0.2407878E-04
 0.2353862E-04
 0.2270739E-04
 0.2212424E-04
 0.2190128E-04
 0.2181079E-04
 0.2146883E-04
 0.2123759E-04
 0.2077383E-04
 0.2028341E-04
 0.1962974E-04
 0.1888265E-04
 0.1825037E-04
 0.1783603E-04
 0.1765014E-04
 0.1755341E-04
 0.1721737E-04
 0.1668214E-04
 0.1612655E-04
 0.1552250E-04
 0.1497444E-04
 0.1456805E-04
 0.1430633E-04
 0.1413110E-04
 0.1407249E-04
 0.1403516E-04
 0.1391575E-04
 0.1371589E-04
 0.1349220E-04
 0.1328606E-04
 0.1313096E-04
 0.1298853E-04
 0.1288455E-04
 0.1274938E-04
 0.1266401E-04
 0.1261282E-04
 0.1256608E-04
 0.1251741E-04
 0.1243866E-04
 0.1236498E-04
 0.1231450E-04
 0.1228704E-04
 0.1230241E-04
 0.1234150E-04
 0.1239305E-04
 0.1242286E-04
 0.1245953E-04
 0.1256899E-04
 0.1267685E-04
 0.1273317E-04
 0.1277811E-04
 0.1289882E-04
 0.1314113E-04
 0.1348446E-04
 0.1373667E-04
 0.1407059E-04
 0.1475845E-04
 0.1576960E-04
 0.1618221E-04
 0.1592948E-04
 0.1596873E-04
 0.1648498E-04
 0.1638981E-04
 0.1617958E-04
 0.1602157E-04
 0.1593364E-04
 0.1600049E-04
 0.1606658E-04
 0.1600494E-04
 0.1609363E-04
 0.1649559E-04
 0.1680218E-04
 0.1677041E-04
 0.1640155E-04
 0.1625985E-04
 0.1638965E-04
 0.1662767E-04
 0.1670082E-04
 0.1680447E-04
 0.1703191E-04
 0.1744440E-04
 0.1751567E-04
 0.1776892E-04
 0.1806840E-04
 0.1845276E-04
 0.1888787E-04
 0.1931018E-04
 0.1977375E-04
 0.2023314E-04
 0.2061449E-04
 0.2099670E-04
 0.2140423E-04
 0.2175161E-04
 0.2197160E-04
 0.2219578E-04
 0.2251147E-04
 0.2286933E-04
 0.2318339E-04
 0.2346227E-04
 0.2380472E-04
 0.2435263E-04
 0.2508751E-04
 0.2580878E-04
 0.2635423E-04
 0.2667923E-04
 0.2698010E-04
 0.2730838E-04
 0.2780028E-04
 0.2851844E-04
 0.2930865E-04
 0.3003743E-04
 0.3079622E-04
 0.3159744E-04
 0.3252338E-04
 0.3334592E-04
 0.3405521E-04
 0.3467555E-04
 0.3544935E-04
 0.3650726E-04
 0.3768091E-04
 0.3918855E-04
 0.4097406E-04
 0.4259053E-04
 0.4370740E-04
 0.4444249E-04
 0.4457749E-04
 0.4418494E-04
 0.4354925E-04
 0.4344306E-04
 0.4442138E-04
 0.4626287E-04
 0.4757420E-04
 0.4766838E-04
 0.4782271E-04
 0.4830471E-04
 0.4933243E-04
 0.4988436E-04
 0.4999325E-04
 0.5023327E-04
 0.5019332E-04
 0.4992681E-04
 0.4985841E-04
 0.5028935E-04
 0.5230885E-04
 0.5618555E-04
 0.6226002E-04
 0.7122686E-04
 0.7010978E-04
 0.7572376E-04
 0.7325640E-04
 0.6165784E-04
 0.5523738E-04
 0.5230720E-04
 0.5080538E-04
 0.5031398E-04
 0.5067517E-04
 0.5206773E-04
 0.5375961E-04
 0.5531992E-04
 0.5676756E-04
 0.5778232E-04
 0.5855305E-04
 0.5932339E-04
 0.5931137E-04
 0.5893410E-04
 0.5846315E-04
 0.5834442E-04
 0.5920988E-04
 0.6092848E-04
 0.6367804E-04
 0.6648031E-04
 0.6862826E-04
 0.7013013E-04
 0.7253514E-04
 0.7627599E-04
 0.8143395E-04
 0.8838313E-04
 0.9301397E-04
 0.9247992E-04
 0.8908431E-04
 0.8673343E-04
 0.8339016E-04
 0.8201985E-04
 0.8108165E-04
 0.7880715E-04
 0.7648803E-04
 0.7522094E-04
 0.7504968E-04
 0.7516496E-04
 0.7432883E-04
 0.7595272E-04
 0.7676479E-04
 0.7682487E-04
 0.7787534E-04
 0.8132010E-04
 0.8479707E-04
 0.8886626E-04
 0.9531019E-04
 0.1017202E-03
 0.1054144E-03
 0.1042659E-03
 0.1059085E-03
 0.1068343E-03
 0.1099234E-03
 0.1137221E-03
 0.1164269E-03
 0.1189368E-03
 0.1172448E-03
 0.1185482E-03
 0.1189273E-03
 0.1181393E-03
 0.1163535E-03
 0.1093983E-03
 0.9621321E-04
 0.8406446E-04
 0.7726019E-04
 0.7540923E-04
 0.7502156E-04
