-1	0
-1	0
-1	0
-1	0
-1	0
-1	0
-1	0
-1	0
-1	0
-1	0
-1	0
-1	0
0	0
0	1
0	1
0	1
0	1
0	1
0	1
0	1
0	1
0	1
0	1
0	1
0	1
0	1
0	1
0	1
0	1
0	1
0	1
1	1
1	1
1	1
1	1
1	1
1	1
1	1
1	1
1	1
1	1
1	1
1	1
2	1
2	2
2	2
2	2
2	2
2	2
2	2
2	2
2	2
2	2
2	2
2	2
2	2
2	2
2	2
2	2
3	3
4	3
4	3
4	3
4	3
4	3
4	3
4	3
5	3
5	3
5	3
5	3
5	3
5	3
5	3
5	3
5	3
5	3
5	3
5	3
5	3
5	3
5	3
5	3
5	3
5	3
6	3
6	3
6	3
6	3
6	3
6	3
6	3
6	3
6	3
6	3
6	3
6	3
6	3
6	3
6	3
6	3
6	3
6	3
6	3
6	3
6	3
6	4
6	4
6	4
6	4
6	4
6	4
6	4
6	4
6	4
7	4
7	5
8	5
8	5
9	5
9	5
9	5
9	5
9	6
9	6
9	7
9	7
9	7
10	7
10	8
10	8
10	8
10	8
10	8
10	8
10	8
10	8
10	8
10	8
10	8
10	8
10	8
10	8
10	8
10	8
10	8
10	8
10	8
10	8
10	8
10	8
10	8
10	8
10	8
10	8
10	8
10	8
10	8
10	8
10	8
10	8
10	8
10	8
10	8
10	8
10	8
10	8
10	8
11	9
11	10
12	10
12	11
13	11
13	11
13	11
13	11
14	12
14	12
14	12
14	12
14	12
14	12
14	12
14	12
14	12
14	12
14	12
14	12
14	12
14	12
14	12
14	12
14	12
14	12
14	12
14	12
15	12
15	13
15	13
15	13
15	13
15	13
15	13
15	13
15	13
15	13
15	13
15	13
15	13
15	13
15	13
15	13
15	13
15	13
15	13
15	13
15	13
15	13
15	13
15	13
15	13
15	13
15	13
15	13
15	13
15	13
15	13
15	13
15	13
15	13
15	13
15	13
15	13
15	13
15	13
15	13
15	13
16	13
16	14
16	14
16	14
16	14
16	14
16	14
16	14
16	14
16	14
16	14
16	14
16	14
16	14
16	15
16	15
17	15
17	16
17	16
17	16
17	16
17	16
17	16
17	16
17	16
17	16
17	16
17	16
17	16
17	16
17	16
17	16
17	17
17	17
17	17
17	17
17	17
17	17
17	17
17	17
17	17
17	17
17	17
17	17
17	17
17	17
17	17
17	17
17	17
17	17
17	17
17	17
17	17
17	17
17	17
17	17
17	17
17	17
17	17
17	17
17	17
17	17
17	17
17	17
17	17
17	17
17	17
17	17
17	17
17	17
17	17
18	17
18	18
18	18
18	18
18	18
18	18
18	18
18	18
18	18
18	18
18	18
18	18
18	18
18	18
18	18
18	18
18	18
18	18
18	18
18	18
18	18
19	18
19	19
19	19
19	19
19	19
19	19
19	19
19	19
19	19
19	19
19	19
19	19
19	19
19	19
19	19
19	19
19	19
19	19
19	19
19	19
19	19
19	19
19	19
19	19
19	19
19	19
19	19
19	19
19	19
19	19
19	19
19	19
19	19
19	19
19	19
19	19
19	19
19	19
19	19
19	19
19	19
19	19
19	19
19	19
19	19
19	19
19	19
19	19
19	19
19	19
19	19
19	19
19	19
19	19
19	19
19	19
19	19
19	19
19	19
19	19
19	19
19	19
19	19
19	19
19	19
19	19
20	19
20	19
20	19
20	19
20	19
20	19
20	19
20	19
20	19
20	19
20	19
20	19
20	19
20	19
20	19
20	19
20	19
20	19
20	19
20	19
20	19
20	19
20	19
20	19
20	19
20	19
20	19
20	19
20	19
20	19
20	19
20	19
20	19
20	19
20	19
20	19
20	19
20	19
20	19
20	19
20	19
20	19
20	19
20	19
20	19
20	19
20	19
20	19
20	19
20	19
20	19
20	19
20	19
20	19
20	19
20	19
20	19
20	19
20	19
20	19
20	19
20	19
20	19
20	19
20	19
20	19
20	19
20	19
20	19
20	19
20	19
20	19
20	19
20	19
20	19
20	19
20	19
20	19
20	19
20	19
20	19
20	19
20	19
20	19
20	19
20	19
20	19
20	19
20	19
20	19
20	19
20	19
20	19
20	19
20	19
20	19
20	19
20	19
20	19
20	19
20	19
20	19
20	19
20	19
20	19
20	19
20	19
20	19
20	19
20	19
20	19
20	19
20	19
20	19
20	19
20	19
20	19
20	19
20	19
20	19
21	19
21	19
21	19
21	19
21	19
21	19
21	19
21	19
21	19
21	19
21	19
21	19
21	19
21	19
21	19
21	19
21	19
21	19
21	19
21	19
21	19
21	19
21	19
21	19
21	19
21	19
21	19
21	19
21	19
21	19
21	19
21	19
21	19
21	19
21	19
21	19
21	19
21	19
21	19
21	19
21	19
21	19
21	19
21	19
21	19
21	19
21	19
21	19
21	19
21	19
21	19
21	19
21	19
21	19
21	19
21	19
21	19
21	19
21	19
21	19
21	19
21	19
21	19
21	19
21	19
21	19
21	19
21	19
21	19
21	19
21	19
21	19
21	19
21	19
21	19
21	19
21	19
21	19
21	19
21	19
21	19
21	19
21	19
21	19
21	19
21	19
21	19
21	19
21	19
21	19
21	19
21	19
21	19
21	19
21	19
21	19
21	19
21	19
21	19
21	19
21	19
21	19
21	19
21	19
21	19
21	19
21	19
21	19
21	19
21	19
22	19
22	20
22	20
22	20
22	20
22	20
22	20
22	20
22	20
22	20
22	20
22	20
22	20
22	20
22	20
22	20
22	20
22	20
22	20
22	20
22	20
22	20
22	20
22	20
22	20
22	20
22	20
22	20
22	20
22	20
22	20
22	20
22	20
22	20
22	20
22	20
22	20
22	20
22	20
22	20
22	20
22	20
22	20
22	20
22	20
22	20
22	20
22	20
22	20
22	20
22	20
22	20
22	20
22	20
22	20
22	20
22	20
22	20
22	20
23	20
23	21
23	21
23	21
23	21
23	21
23	21
23	21
23	21
23	21
23	21
23	21
23	21
23	21
23	21
23	21
23	21
23	21
23	21
23	21
23	21
23	21
23	21
24	21
24	21
24	21
25	21
25	21
25	21
25	21
25	21
25	22
25	22
25	22
25	22
25	22
25	22
25	22
25	22
25	22
25	22
26	23
26	23
26	23
26	23
26	23
26	23
26	23
26	23
26	23
26	23
26	23
26	23
26	24
26	24
26	24
26	24
26	24
26	24
26	24
26	24
26	24
26	24
26	24
26	24
26	24
26	24
27	24
27	24
27	24
27	24
27	24
27	24
27	24
27	25
27	25
27	25
27	25
27	25
27	25
27	25
27	25
27	25
27	25
27	25
27	25
27	25
27	25
27	25
27	25
27	25
27	25
27	25
27	25
27	25
27	25
27	25
27	25
27	25
27	25
27	25
27	25
27	25
27	25
27	25
27	25
27	25
27	25
27	25
27	25
27	25
27	25
27	25
27	25
27	25
27	25
27	25
27	25
27	25
27	25
27	25
27	25
27	25
27	25
27	25
28	25
28	25
28	25
28	25
28	25
28	25
28	25
28	25
28	25
28	25
28	25
28	25
28	25
28	25
28	25
28	25
28	25
28	25
28	25
28	25
28	25
28	26
28	26
28	26
28	26
28	26
28	26
28	26
28	26
28	26
28	26
28	26
28	26
28	26
28	27
28	27
28	27
28	27
28	27
29	27
29	27
29	27
29	27
29	27
29	27
29	27
29	27
30	27
30	28
30	28
30	28
30	28
31	28
31	29
31	29
31	29
31	29
31	29
31	29
31	29
31	29
31	29
31	29
31	29
31	29
31	29
31	29
31	29
31	29
31	30
31	30
31	30
31	30
31	30
31	30
31	30
31	30
31	30
31	30
31	30
31	30
32	30
32	30
32	30
32	30
32	30
32	30
32	30
32	30
32	30
32	30
32	30
32	30
32	30
32	30
32	30
32	30
32	30
32	30
32	30
32	30
32	30
32	30
32	30
33	30
33	30
33	30
33	30
33	30
33	30
33	30
33	30
34	30
34	31
34	31
34	31
34	31
34	31
34	32
35	32
35	32
35	32
35	32
35	32
35	32
35	32
35	32
35	32
35	32
35	32
35	32
35	32
35	32
36	32
36	33
36	33
36	33
36	33
36	33
36	33
36	33
36	33
36	33
36	33
36	33
36	34
36	34
36	34
36	34
36	34
36	34
36	34
36	34
36	34
36	34
36	34
36	34
36	34
37	34
37	34
37	34
37	34
37	34
37	34
37	34
37	34
37	34
37	34
37	34
37	34
37	34
37	34
37	34
37	34
37	34
37	34
37	34
37	34
37	34
37	34
37	34
37	34
37	34
37	34
37	34
37	34
37	34
37	34
37	34
37	34
37	34
37	34
37	34
37	34
37	34
37	34
37	34
37	34
37	34
37	34
37	34
37	34
37	35
37	35
37	35
37	35
37	35
37	35
37	35
37	35
37	35
37	35
37	35
37	35
37	35
37	35
37	35
37	35
37	35
38	35
38	35
38	35
38	35
38	35
38	35
38	35
38	35
38	35
38	35
38	35
39	35
39	35
39	35
39	35
39	35
39	35
39	35
39	35
39	35
39	35
39	35
39	35
39	35
39	35
39	35
39	35
39	35
39	35
39	35
39	35
39	35
39	35
39	35
39	35
39	35
39	35
39	35
39	35
39	35
39	35
39	35
40	35
40	36
40	36
40	36
40	36
40	36
40	36
41	36
41	37
41	37
41	37
41	37
41	37
41	37
41	38
41	39
41	39
41	39
41	39
41	39
41	39
41	40
41	40
41	40
41	40
41	40
41	40
41	40
41	40
41	40
42	40
42	41
42	41
42	41
43	41
43	41
44	41
44	42
44	42
44	42
44	42
44	42
44	42
45	42
45	42
45	42
46	42
46	43
46	43
47	43
47	43
47	43
47	43
47	43
47	43
47	43
47	43
47	43
47	43
47	43
47	43
47	43
47	43
47	43
47	43
47	43
47	43
47	43
47	43
47	43
47	43
47	43
47	43
47	43
47	43
47	43
47	43
47	43
47	43
47	43
47	44
47	44
47	44
47	44
47	44
47	44
47	44
47	44
47	44
47	45
47	45
47	45
47	45
47	45
47	45
48	45
48	46
48	46
48	46
48	46
48	46
48	46
48	46
48	46
48	46
48	46
48	46
49	46
49	46
49	46
49	46
49	46
49	46
49	46
50	46
50	47
50	47
51	47
51	47
51	47
51	47
51	47
51	47
51	47
51	47
51	47
51	47
51	47
51	47
51	47
51	47
51	47
51	47
51	47
51	47
51	47
51	47
51	47
51	47
51	47
51	47
51	47
51	47
51	47
52	47
52	47
52	47
52	47
52	47
52	47
52	47
52	47
52	47
52	47
52	47
52	47
52	47
52	47
52	47
52	47
52	47
52	47
52	47
52	47
53	47
53	48
53	48
53	48
53	48
53	48
53	48
53	48
54	48
54	48
54	48
54	48
54	48
54	48
54	48
54	48
54	48
54	48
54	48
54	48
54	48
54	48
54	48
54	48
54	48
54	48
54	48
54	48
55	48
55	49
55	49
55	49
55	49
55	49
55	49
55	49
55	49
55	49
55	49
55	49
55	50
55	50
55	50
55	50
56	50
56	51
56	51
57	51
57	51
57	51
57	51
57	51
57	51
57	51
57	51
57	51
57	51
57	51
57	51
57	51
57	51
57	51
57	51
57	51
57	51
57	51
57	51
57	51
57	51
57	51
57	51
57	51
57	51
57	51
57	51
57	51
57	51
57	52
57	52
57	52
57	52
57	52
57	52
57	52
57	52
57	52
57	52
57	52
57	52
57	52
57	52
57	52
57	52
57	52
57	52
57	52
57	52
57	52
57	52
57	52
57	52
57	52
57	52
57	52
58	53
58	54
58	54
58	54
58	54
58	54
58	54
58	54
58	54
58	54
59	54
59	54
59	54
59	54
59	54
59	54
59	54
59	54
59	54
59	54
59	54
59	54
59	54
59	55
59	55
59	55
59	55
60	55
60	56
60	56
60	56
60	56
60	56
60	56
60	56
60	56
60	56
60	56
60	56
60	56
60	56
60	56
60	56
60	56
60	56
60	56
60	56
60	56
60	56
60	56
60	56
60	56
60	56
60	56
60	56
61	56
61	57
61	57
61	57
61	57
62	57
62	57
62	57
62	57
62	57
62	57
62	57
62	57
62	57
62	57
62	57
62	57
62	57
62	57
62	57
63	57
63	57
63	57
63	57
63	57
63	57
63	57
63	57
63	57
63	57
63	57
63	57
63	57
63	57
63	57
63	57
63	57
63	58
63	58
63	58
64	58
64	59
64	59
65	59
65	60
65	60
65	60
65	60
65	60
65	60
65	60
65	60
65	60
65	60
66	60
66	61
66	61
66	61
66	61
66	61
66	61
66	61
66	61
66	61
66	61
66	61
66	61
66	61
67	62
67	63
67	63
68	63
68	63
68	63
68	63
68	63
68	63
68	63
69	63
69	63
69	63
69	63
69	63
69	63
69	63
70	63
70	63
70	63
70	63
70	63
70	64
70	64
70	64
70	64
70	64
70	64
70	64
70	64
70	64
70	64
70	64
71	64
71	65
71	65
71	65
71	65
71	65
72	65
72	66
72	66
72	66
72	66
73	66
73	66
73	66
73	66
73	66
73	66
73	66
73	66
73	66
73	66
73	66
73	66
73	66
73	66
73	67
73	67
73	67
73	67
73	67
73	67
73	67
74	67
74	67
74	67
74	67
74	67
74	67
74	67
74	67
74	67
74	67
74	67
74	67
74	67
74	67
74	67
74	67
74	67
74	67
74	67
74	67
74	67
74	67
74	67
74	67
74	67
74	67
74	67
74	67
74	67
74	67
74	67
74	67
74	67
74	67
74	67
74	67
74	67
74	67
74	67
74	67
74	67
74	67
74	67
74	67
74	67
74	67
74	67
74	67
74	67
74	67
74	67
74	67
74	67
74	67
74	67
75	67
75	68
75	68
75	68
76	68
76	69
76	69
76	69
77	69
77	69
77	69
77	69
77	69
77	69
78	69
78	69
78	69
78	69
78	69
78	69
78	69
78	69
78	69
78	69
78	69
79	69
79	69
79	69
79	69
79	69
79	69
79	69
79	69
79	69
79	69
79	69
79	69
79	69
79	69
79	69
79	69
79	69
79	69
79	69
79	69
79	69
79	69
79	69
79	69
79	69
79	69
79	69
79	69
79	69
79	69
79	69
79	69
79	69
79	69
79	69
79	69
79	69
79	69
79	69
79	69
79	69
79	69
79	69
79	69
79	69
79	69
79	69
79	69
79	69
79	69
79	69
79	69
79	69
79	69
79	69
79	69
79	69
79	69
79	69
79	69
79	69
79	69
79	69
79	69
79	69
79	69
79	69
79	69
79	69
80	69
80	69
80	69
80	69
80	69
80	69
80	69
80	69
80	69
80	69
80	69
80	69
80	69
80	69
80	69
80	69
80	69
80	69
80	69
80	69
80	69
80	69
80	69
80	69
80	69
80	69
80	69
80	69
80	69
80	69
80	69
80	69
80	69
80	69
80	69
80	69
80	69
80	69
80	69
80	69
80	69
80	69
80	69
80	69
80	69
80	69
80	69
80	69
80	69
80	70
80	70
80	70
80	70
80	70
80	71
80	71
80	71
80	71
80	71
80	71
81	71
81	72
81	72
81	72
81	72
81	72
81	72
81	72
81	72
81	72
81	72
81	72
81	72
81	72
81	72
81	72
81	72
81	72
81	72
81	72
81	72
81	72
82	72
82	73
82	73
82	73
82	73
82	73
83	73
83	73
83	73
83	73
83	73
83	73
83	74
83	74
83	74
83	74
83	74
83	74
83	74
83	74
83	74
83	74
83	74
83	74
83	74
83	74
83	74
83	74
83	74
83	74
83	74
83	74
83	74
83	74
83	74
83	74
83	74
83	74
83	74
83	75
83	75
83	75
83	75
83	75
83	75
83	75
83	75
83	75
83	75
83	75
83	75
84	75
84	75
84	75
84	75
84	75
84	75
84	75
84	75
84	75
84	75
84	75
84	75
84	75
84	75
84	75
84	75
84	75
84	75
84	75
84	75
84	75
84	75
84	75
84	75
84	75
84	75
84	75
84	75
85	75
85	75
85	75
85	75
85	75
85	75
85	75
85	75
85	75
85	75
85	75
85	75
85	75
85	75
85	75
85	75
85	75
85	75
85	75
86	75
86	75
86	75
86	75
86	75
86	75
86	75
86	75
86	75
86	75
86	75
86	75
86	75
86	75
86	75
86	75
86	75
86	75
86	75
86	75
86	75
86	75
86	75
86	75
86	75
86	75
86	75
86	75
86	75
86	76
86	76
86	76
86	76
86	76
86	76
86	76
86	76
86	76
86	77
86	77
86	77
86	77
86	77
86	77
86	77
86	77
86	77
86	77
87	77
87	77
87	77
87	77
87	78
87	78
87	78
87	78
87	79
87	79
87	79
87	79
87	79
87	79
87	79
87	79
87	79
87	79
87	79
87	79
87	79
87	79
87	79
87	79
87	79
87	79
87	79
87	79
87	79
87	79
87	79
87	79
87	79
87	79
87	79
87	79
87	79
87	79
87	79
87	79
87	79
87	79
87	79
87	79
87	79
87	79
87	79
87	79
87	79
87	79
87	79
87	79
87	79
87	79
87	79
87	79
87	79
87	79
87	79
87	79
87	79
87	79
87	79
87	79
87	79
87	79
87	79
87	79
87	79
87	79
87	79
87	79
87	79
87	79
87	79
87	79
87	79
87	79
87	79
87	79
87	79
87	79
87	79
87	79
87	79
87	79
87	79
87	79
87	79
87	79
87	79
87	79
87	79
87	79
87	79
87	79
87	79
87	79
87	79
87	79
87	79
87	79
87	79
87	79
87	79
87	79
87	79
87	79
87	79
87	79
87	80
87	80
87	80
87	80
87	80
87	80
87	80
87	80
87	80
87	80
87	80
87	80
87	80
87	80
87	80
87	80
88	80
88	80
88	80
88	80
88	80
88	80
88	80
88	80
88	80
88	80
88	80
88	80
88	80
88	80
88	80
88	80
88	80
88	80
88	80
88	80
88	80
88	81
88	81
88	81
88	81
88	81
88	81
88	81
88	81
88	81
89	81
89	82
89	82
90	82
90	83
90	83
90	83
90	83
90	83
90	84
90	84
90	84
90	84
90	84
90	84
90	84
90	84
90	84
91	84
92	85
92	85
92	85
92	85
92	85
92	85
92	85
92	85
93	85
93	85
93	85
93	85
93	85
93	85
94	85
94	85
94	85
94	85
94	85
94	85
94	85
94	85
94	85
94	85
94	85
94	85
94	85
94	85
94	85
94	85
94	85
94	85
94	85
95	85
95	85
95	85
95	85
95	85
95	85
95	85
95	85
95	85
95	85
95	85
95	85
95	85
95	85
95	85
95	85
95	85
95	85
95	85
95	85
95	85
95	85
95	85
95	85
95	85
95	85
95	85
95	85
95	85
95	85
95	85
95	85
95	85
95	85
95	85
95	85
95	85
95	85
95	85
95	85
95	85
95	85
95	85
95	85
95	85
95	85
95	85
95	85
95	85
95	85
95	85
95	85
95	85
95	85
95	85
95	85
95	85
95	85
95	85
95	85
95	85
95	85
95	85
95	85
95	85
95	85
95	85
95	85
95	85
95	85
95	85
95	85
95	85
95	86
95	86
96	86
97	87
97	88
97	88
97	88
97	88
97	88
97	88
97	88
97	88
97	88
97	88
97	88
97	88
97	88
97	88
97	88
97	88
97	88
97	88
97	88
97	88
97	88
97	88
97	88
97	88
97	88
97	88
97	88
97	88
97	88
98	88
98	88
98	88
98	88
98	88
98	88
98	88
98	88
98	88
98	88
98	88
98	88
98	88
98	88
98	88
98	88
98	88
98	88
98	88
98	88
98	88
98	88
98	88
98	88
98	88
98	88
98	88
98	88
98	88
98	88
98	88
98	88
98	88
98	88
98	88
98	88
98	88
98	88
98	88
98	88
98	88
98	88
98	88
98	88
98	88
98	88
98	88
98	88
98	88
98	88
98	88
98	88
98	88
98	88
98	88
98	88
98	89
98	89
98	89
98	89
98	89
99	89
99	89
99	89
99	89
99	89
99	89
99	89
99	89
99	89
99	89
99	89
99	89
99	89
100	89
100	89
100	89
100	89
100	89
100	89
100	89
100	90
100	90
100	90
100	90
100	90
100	90
100	90
100	90
100	90
100	90
100	90
100	90
100	90
100	90
100	91
100	91
100	91
100	91
100	91
100	91
100	91
100	91
100	91
100	91
100	91
100	91
100	91
100	91
100	91
100	91
100	91
100	91
100	91
100	91
100	91
100	91
100	91
100	91
100	91
100	91
100	91
100	91
100	91
100	91
100	91
100	91
100	91
100	91
100	91
100	91
100	91
101	91
101	91
101	91
101	91
101	91
101	91
101	91
101	91
101	91
101	91
101	91
101	91
101	91
101	91
101	91
101	91
101	91
101	91
101	91
101	91
101	91
101	91
101	91
101	91
101	91
101	91
101	91
101	91
101	91
101	91
101	91
102	91
102	91
103	91
103	92
103	92
103	92
103	92
103	92
103	92
103	92
103	92
103	93
103	93
103	93
103	93
103	93
103	93
103	93
103	93
103	93
103	93
103	93
103	93
103	93
103	93
103	93
103	93
103	93
103	93
103	93
103	93
103	93
103	93
103	93
103	93
103	93
103	93
103	93
103	93
103	93
103	93
103	93
104	93
104	93
104	93
104	93
104	93
104	93
104	93
104	93
104	93
104	93
104	93
104	93
104	93
104	93
104	93
104	93
104	93
104	93
104	93
104	93
104	94
104	94
104	94
104	94
104	94
104	94
104	94
104	94
104	94
104	94
104	94
104	94
104	94
104	94
104	94
104	94
104	94
104	94
104	94
104	94
104	94
104	94
104	94
104	94
104	94
104	94
104	94
104	94
104	94
104	94
104	94
104	94
104	94
104	94
104	94
104	94
104	94
104	94
104	94
104	94
104	94
104	94
104	94
104	94
104	94
105	94
105	94
105	94
105	94
105	94
105	94
105	94
105	94
105	94
105	94
105	94
105	94
105	94
105	94
105	94
105	94
105	94
105	94
105	94
105	94
105	94
105	94
105	94
105	94
105	95
105	95
105	95
105	95
105	95
105	95
105	95
105	95
105	95
105	95
105	95
105	95
105	95
105	95
105	95
105	95
105	95
105	95
105	95
105	95
105	95
105	95
105	95
105	95
105	95
105	95
105	95
105	95
105	95
105	95
105	95
105	95
105	95
105	95
105	95
105	95
105	95
105	95
105	95
105	95
105	95
105	95
105	95
105	95
106	95
106	96
106	96
106	96
106	96
106	96
106	96
106	96
106	96
106	96
106	96
106	96
106	96
106	96
106	96
106	96
106	96
106	96
106	96
106	96
106	96
106	96
106	96
106	96
106	96
106	96
106	96
106	96
106	96
106	96
106	96
106	96
106	96
106	96
106	96
106	96
106	96
106	96
106	96
106	96
106	96
106	96
106	96
106	96
107	96
107	97
107	97
107	97
107	97
107	97
107	97
107	97
107	97
107	97
107	97
107	97
107	97
107	97
107	97
107	97
107	97
107	97
107	97
107	97
107	97
107	97
107	97
107	97
107	97
107	97
107	97
107	97
107	97
107	97
107	97
107	97
107	97
107	97
107	97
108	97
108	98
108	98
108	98
108	98
108	98
108	98
108	98
108	98
108	98
108	98
108	98
108	98
108	98
108	98
108	98
108	98
109	98
109	98
109	98
109	98
109	98
109	98
109	98
109	98
109	98
109	98
109	98
109	98
109	98
109	98
109	98
109	98
109	98
109	98
109	98
109	98
109	98
109	98
109	98
109	98
109	98
109	98
109	98
109	98
109	98
109	98
109	98
109	98
109	98
109	98
109	98
109	98
109	98
109	98
109	98
109	98
109	98
109	98
109	98
109	98
109	98
109	98
109	98
109	98
110	98
110	99
110	99
110	99
110	99
110	99
110	99
110	99
110	99
110	99
110	99
110	99
110	99
110	99
110	99
110	99
110	99
110	99
110	99
110	99
111	99
111	100
112	100
112	101
112	101
112	101
112	102
112	102
113	102
113	102
113	102
113	102
113	102
113	102
113	102
113	103
113	103
113	103
113	103
113	103
113	103
114	103
114	104
114	104
114	104
114	104
114	104
114	104
114	104
114	104
114	104
114	104
114	104
114	104
114	104
114	104
114	104
114	104
114	104
114	104
114	104
114	104
114	104
114	105
114	105
114	105
114	105
114	105
114	105
114	105
114	105
114	105
114	105
114	105
114	105
114	105
114	105
114	105
114	105
114	105
115	105
115	106
115	106
115	106
115	106
115	106
115	106
115	106
115	106
115	106
115	106
115	106
115	106
115	106
115	106
115	106
115	106
115	106
115	106
115	106
115	106
115	106
116	106
116	106
116	106
116	106
116	106
116	106
116	106
116	106
116	106
116	106
116	106
116	106
116	106
116	106
116	106
116	106
116	106
116	106
116	106
116	106
116	106
116	106
116	106
116	106
116	106
116	106
116	106
116	106
116	106
116	106
116	106
116	106
116	106
116	106
116	106
116	106
116	106
116	106
116	106
116	106
116	106
116	106
116	106
116	106
116	106
116	106
117	106
117	106
117	106
117	106
117	106
117	106
117	106
117	106
117	106
117	106
117	106
117	106
117	106
117	106
117	106
117	106
117	106
118	106
118	106
118	106
118	106
118	106
118	106
118	106
118	106
118	106
118	106
118	106
118	106
118	106
118	106
118	106
118	106
118	106
118	106
118	106
118	106
118	106
118	106
118	106
118	106
118	106
118	106
118	106
118	106
118	106
118	106
118	106
118	106
118	106
118	106
118	106
118	106
118	106
118	106
118	106
118	106
118	106
118	106
118	106
118	106
118	106
118	106
118	106
118	106
118	106
118	106
118	106
118	106
118	106
118	106
118	106
118	106
118	106
118	106
118	106
118	106
118	106
118	106
118	106
118	106
118	106
118	106
118	106
118	106
118	106
118	106
118	106
118	106
118	106
118	106
118	106
118	106
118	106
118	106
118	106
118	106
118	106
118	106
118	106
118	106
118	106
118	106
118	106
118	106
118	106
118	106
118	106
118	106
118	106
118	106
118	106
118	106
118	107
118	107
118	107
118	107
118	107
118	107
118	107
118	107
118	107
118	107
118	107
118	107
118	107
118	107
118	107
118	107
118	107
118	107
118	107
118	107
118	107
118	107
118	107
118	107
118	107
118	107
118	107
118	107
118	107
118	107
118	107
118	107
118	107
118	108
118	108
118	108
118	108
118	108
118	108
118	108
118	108
118	108
118	108
118	108
118	108
118	108
118	108
118	108
118	108
118	108
118	108
118	108
118	108
118	108
118	108
118	108
118	108
118	108
118	108
118	108
118	108
118	108
118	108
118	108
118	108
118	108
118	108
118	108
118	108
118	108
118	108
118	108
118	108
118	108
118	108
118	108
118	108
118	108
118	108
118	108
118	108
118	108
118	108
118	108
118	108
118	108
118	108
118	108
118	108
118	108
118	108
118	108
118	108
118	108
118	108
118	108
118	108
118	108
118	108
118	108
118	108
118	108
118	108
118	108
118	108
118	108
118	108
118	108
118	108
118	108
118	108
118	108
118	108
118	108
118	108
118	108
118	108
118	108
118	108
118	108
118	108
118	108
118	108
118	108
118	108
118	108
118	108
118	108
118	108
118	108
118	108
118	108
118	108
118	108
118	108
118	108
118	108
118	108
118	108
118	108
118	108
118	108
118	108
118	108
118	108
118	108
118	108
118	108
118	108
118	108
118	108
118	108
118	108
118	108
118	109
118	109
118	109
118	109
118	109
118	109
118	109
118	109
118	109
118	109
118	109
118	109
118	109
119	109
119	110
119	110
119	110
119	111
119	111
119	111
119	111
119	111
119	111
119	111
119	111
119	111
119	111
119	111
119	111
119	111
119	111
119	111
119	111
119	111
119	111
119	111
119	111
119	111
119	111
119	111
119	111
119	111
119	111
119	111
119	111
119	111
119	111
119	111
119	111
119	111
119	111
119	111
119	111
119	111
119	111
119	111
119	111
119	111
119	111
119	111
119	111
119	111
119	111
119	111
119	111
119	111
119	111
119	111
119	111
119	111
119	111
119	111
119	111
119	111
119	111
119	111
119	111
119	111
119	111
119	111
119	111
119	111
119	111
119	111
119	111
119	111
119	111
119	111
119	111
119	111
119	111
119	111
119	111
119	111
119	111
119	111
119	111
119	111
119	111
119	111
119	111
119	111
119	111
119	111
119	111
119	111
119	111
119	111
119	111
119	111
119	111
119	111
119	111
119	111
119	111
119	111
119	111
119	111
119	111
119	111
119	111
119	111
119	111
119	111
119	111
120	111
120	111
120	111
120	111
120	111
120	111
120	111
120	111
120	111
120	111
120	111
120	111
120	111
120	111
120	111
120	111
120	111
120	111
120	111
120	111
120	111
120	111
120	111
120	111
120	111
120	111
120	111
120	111
120	111
120	111
120	111
120	111
120	111
120	111
120	111
120	111
120	111
120	111
120	111
120	111
120	111
120	111
120	111
120	111
120	111
120	111
120	111
120	111
120	111
120	111
120	111
120	111
120	111
120	111
120	111
120	111
120	111
120	111
120	111
120	111
120	111
120	111
120	111
120	111
120	111
120	111
120	111
120	111
120	111
120	111
121	111
121	112
121	112
122	112
122	112
122	112
123	112
123	113
124	113
124	113
124	113
124	113
124	113
124	113
124	113
124	113
124	113
124	113
124	113
124	113
124	113
124	113
124	113
124	113
124	113
124	113
124	113
124	113
124	113
124	113
124	113
124	113
124	113
124	113
124	113
124	113
124	113
125	113
125	113
125	113
125	113
125	113
125	113
125	113
125	113
125	113
125	113
125	113
125	113
125	113
125	113
125	113
125	113
125	113
125	113
125	113
125	113
125	113
125	113
125	113
125	113
125	113
125	113
125	113
125	113
126	113
126	113
126	113
126	113
126	113
127	114
127	114
127	114
127	114
127	114
127	114
127	114
127	114
127	114
127	114
127	114
127	114
127	114
127	114
127	114
127	114
127	114
127	114
127	114
127	114
128	114
128	115
129	115
130	116
130	117
130	117
130	117
130	117
130	117
130	117
130	117
130	117
130	117
130	117
130	117
130	117
130	117
130	117
130	117
130	117
130	117
130	117
130	117
130	117
130	117
130	117
130	117
130	117
130	117
130	117
131	117
131	117
131	117
131	117
131	117
131	117
131	117
131	117
131	117
131	117
131	117
131	117
131	117
131	117
131	117
131	117
131	117
131	117
131	118
131	118
131	118
132	118
132	118
132	118
132	118
132	118
132	118
132	118
132	118
132	118
132	118
132	118
132	118
132	118
132	118
132	118
132	118
132	118
132	118
132	118
132	118
132	118
132	118
132	118
132	118
132	118
132	118
132	118
132	118
132	118
133	118
133	119
133	119
133	119
133	119
133	119
133	119
133	119
133	119
133	119
133	119
133	119
133	119
133	119
133	119
133	119
133	119
133	119
133	119
133	119
133	119
133	119
133	119
133	119
134	119
134	119
134	119
134	119
134	119
134	119
134	119
134	119
134	119
134	119
134	119
134	119
134	119
134	119
134	119
134	119
134	119
134	119
134	119
134	119
134	119
135	119
135	120
135	120
135	120
136	120
136	121
136	121
136	121
136	121
136	121
136	121
136	121
136	121
136	121
136	121
136	121
136	121
136	121
136	121
136	121
136	121
136	121
136	121
136	121
136	121
136	121
136	121
136	121
137	121
137	122
137	122
137	122
137	122
137	122
137	122
137	122
138	122
138	123
138	123
138	123
138	123
138	123
138	123
138	123
138	123
138	123
138	123
138	123
138	123
138	123
138	123
138	123
138	124
138	124
138	124
138	124
138	124
138	124
138	124
138	124
138	124
138	124
138	124
138	124
138	124
138	124
138	124
138	124
138	124
138	124
138	124
138	124
138	124
138	124
138	124
138	124
138	124
138	124
138	124
138	124
138	124
138	124
138	124
138	124
138	124
138	124
138	124
138	124
138	125
138	125
138	125
138	125
138	125
138	125
138	125
138	125
139	125
139	126
139	127
140	127
140	128
140	128
140	128
140	128
140	128
140	128
140	128
140	128
140	128
140	128
140	128
140	128
140	128
140	128
140	128
140	128
140	128
141	128
141	128
141	128
141	128
141	128
141	128
141	128
141	128
141	128
141	128
141	128
141	128
141	128
141	129
141	129
141	129
141	129
141	129
141	129
142	129
142	130
142	130
142	130
142	130
142	130
142	130
142	130
142	130
142	131
142	131
142	131
142	131
142	131
142	131
142	131
142	131
142	131
142	131
142	131
142	131
142	131
142	131
142	131
142	131
142	131
142	131
142	131
142	131
142	131
142	131
142	131
142	131
142	131
142	131
142	131
142	131
142	131
142	132
142	132
143	132
143	133
143	133
143	133
143	133
143	133
143	133
143	133
144	133
144	134
144	134
144	134
144	134
144	134
144	134
144	134
144	134
144	134
144	134
144	134
144	134
144	135
144	135
144	135
144	135
144	135
144	135
144	135
144	135
144	135
144	135
144	135
144	135
144	135
144	135
144	135
144	135
144	135
145	135
145	136
145	136
145	136
146	136
146	136
146	136
146	136
146	136
147	136
147	137
147	137
147	137
147	137
148	137
148	138
148	138
148	138
149	138
149	138
149	138
149	138
149	138
150	138
150	138
150	138
150	138
150	138
151	138
151	138
151	138
151	138
151	138
151	138
151	138
151	138
151	138
151	138
151	138
151	138
151	138
151	138
151	138
151	138
151	138
151	138
151	138
151	138
151	138
151	138
151	138
151	138
151	138
151	139
151	139
152	139
152	140
152	140
152	140
152	140
152	140
152	140
152	140
152	140
152	140
152	140
152	140
152	140
152	140
152	140
152	140
152	140
152	140
152	140
153	140
153	140
153	140
153	140
153	140
153	140
153	140
153	140
153	140
153	140
153	140
153	140
153	140
153	140
153	140
153	140
153	140
153	140
153	140
153	140
153	140
153	140
154	140
154	141
154	141
154	141
154	141
154	141
154	141
154	141
154	141
154	141
154	141
154	141
154	141
154	141
154	141
154	141
154	141
154	141
154	141
154	141
154	141
154	141
154	141
155	141
155	142
155	142
155	143
155	143
155	143
155	143
155	143
155	143
155	143
155	143
155	143
156	143
157	143
157	144
157	144
157	144
157	144
157	144
157	144
157	144
157	144
157	144
157	144
157	144
157	144
157	144
157	144
157	144
157	144
157	144
157	144
157	144
157	144
158	144
158	145
158	145
158	145
158	145
158	145
158	145
158	145
158	145
158	145
158	145
158	145
158	145
158	145
158	145
158	145
158	145
158	145
158	145
158	145
158	145
158	145
158	145
158	145
158	145
158	145
158	145
158	145
158	145
158	145
159	145
159	145
159	145
159	145
159	145
159	145
159	145
159	145
159	145
159	145
159	145
159	145
159	145
159	145
159	145
159	145
159	145
159	145
159	145
159	145
159	145
159	145
159	145
159	145
159	145
159	145
159	145
160	145
160	146
160	146
160	146
160	146
160	146
160	146
160	146
160	146
160	146
160	146
160	146
160	146
160	146
160	146
160	146
161	146
161	146
161	146
161	146
161	146
161	146
161	146
161	146
161	146
161	146
161	146
161	146
161	146
161	146
161	146
161	146
161	146
161	146
161	146
161	146
161	146
161	146
161	146
161	146
161	146
161	146
161	146
162	146
162	147
162	147
162	147
162	147
162	147
162	147
162	147
162	147
162	147
162	147
162	147
162	147
162	147
162	147
162	147
162	147
162	147
162	147
162	147
162	147
162	147
162	147
162	148
162	148
162	148
162	148
162	148
162	148
162	148
162	148
162	148
162	148
162	148
162	148
162	148
162	148
163	148
163	148
163	148
163	148
163	148
163	148
163	148
163	148
163	148
163	148
163	148
163	148
163	148
163	148
163	148
163	148
163	148
163	148
163	148
163	148
163	148
163	148
163	148
163	148
163	148
163	148
163	148
163	148
163	148
163	148
163	148
163	148
163	148
163	148
163	148
163	148
163	148
163	148
163	148
163	148
163	148
163	148
163	148
163	148
163	148
163	148
163	148
163	148
163	148
163	148
163	148
163	148
163	148
163	148
163	148
163	148
163	148
163	148
163	148
163	148
164	148
164	149
164	149
164	149
164	149
164	149
165	149
165	150
165	150
165	150
165	150
165	150
165	150
165	150
165	150
165	150
165	150
165	150
165	150
165	150
165	150
165	150
165	150
165	150
165	150
165	150
165	150
165	150
165	150
165	150
165	150
165	150
165	150
165	150
165	150
165	150
165	150
165	150
165	150
165	150
165	150
165	150
165	150
165	150
165	150
165	150
165	150
166	150
166	151
166	151
166	151
166	151
166	151
166	151
166	151
166	151
166	151
166	151
166	151
166	151
166	151
166	151
166	151
166	151
166	151
166	151
166	151
166	151
166	151
166	152
166	152
166	152
166	152
166	152
166	152
166	152
166	152
166	152
166	152
166	152
166	152
166	152
166	152
166	152
166	152
166	152
166	152
166	152
166	152
166	152
166	152
166	152
166	152
166	152
166	152
166	152
166	152
166	152
166	152
166	152
166	152
166	152
166	152
166	152
166	152
166	152
166	152
166	152
166	152
166	152
166	153
166	153
166	153
166	153
166	153
166	153
166	153
166	153
166	153
166	153
166	153
166	153
166	153
166	153
166	153
166	153
166	153
166	153
166	153
166	153
166	153
166	153
166	153
166	153
166	153
166	153
166	153
166	153
166	153
166	153
166	153
166	153
166	153
166	153
166	153
166	153
166	153
166	153
166	153
166	153
166	153
166	153
166	153
166	153
166	153
166	153
166	153
166	153
166	153
166	153
166	153
166	153
166	153
166	153
166	153
166	153
166	153
166	153
166	153
166	153
166	153
166	153
166	153
166	153
166	153
166	153
166	153
166	153
166	153
166	153
166	153
166	153
166	153
166	153
166	153
166	153
166	153
166	153
166	153
166	153
166	153
166	153
166	153
166	153
166	153
166	153
166	153
166	153
166	153
166	153
166	153
166	153
166	153
166	153
166	153
166	153
166	153
166	153
166	153
166	153
166	153
166	153
166	153
166	153
166	153
166	153
166	153
166	153
166	153
166	153
166	153
166	153
166	153
166	153
166	153
166	153
166	153
166	153
166	153
166	153
166	153
166	153
166	153
166	153
166	153
166	153
166	153
166	153
166	153
166	153
167	153
167	153
167	153
167	153
167	153
167	153
167	153
167	153
167	153
167	153
167	153
167	153
167	153
167	153
167	153
167	153
167	153
167	154
167	154
167	154
167	154
167	154
167	154
167	154
167	154
167	154
167	154
167	154
167	154
167	154
167	154
167	154
167	154
167	154
167	154
167	154
167	154
167	154
167	154
167	154
167	154
167	154
167	154
167	154
167	154
167	154
167	154
167	154
167	154
167	154
167	154
167	154
167	154
167	154
167	154
167	154
167	154
168	154
168	155
168	155
168	155
168	155
168	155
168	155
168	155
168	155
168	155
168	155
168	155
168	155
168	155
168	155
168	155
169	155
169	156
169	156
169	156
169	156
169	156
169	156
169	156
169	156
169	156
169	156
169	156
169	156
169	157
169	157
170	157
170	157
170	157
171	157
171	158
171	158
171	158
171	158
171	158
171	158
171	158
171	158
171	158
171	158
171	158
171	158
171	158
171	158
171	158
171	158
171	158
171	158
171	158
171	158
171	158
171	158
171	158
171	158
171	158
171	158
171	158
171	158
171	158
171	158
171	158
171	158
171	158
171	158
171	158
171	158
171	158
172	158
172	158
172	158
172	158
172	158
172	158
172	159
173	160
173	161
173	161
173	161
173	161
173	161
173	161
173	161
173	161
173	161
173	161
173	161
173	161
173	161
173	161
173	161
173	161
173	161
173	161
173	161
174	161
174	161
174	161
174	161
174	161
174	161
174	161
174	161
174	161
174	161
174	162
174	162
174	162
174	162
174	162
174	162
174	162
174	162
174	162
174	162
174	162
174	162
174	162
174	162
174	162
174	162
174	162
175	162
175	163
175	163
175	163
175	163
175	163
176	163
176	163
176	163
176	163
176	163
177	163
177	163
177	163
177	163
177	163
177	163
177	163
177	163
177	163
177	163
177	163
177	163
177	163
177	163
177	163
177	163
177	163
177	163
177	163
177	163
177	163
177	163
178	163
178	164
178	164
178	164
179	164
179	165
179	165
179	165
179	165
179	165
179	165
179	165
179	165
179	165
179	165
179	165
179	165
179	165
179	165
179	165
179	165
179	165
179	166
179	166
179	166
179	166
179	166
179	166
179	166
179	166
179	166
179	166
179	166
179	166
179	166
179	167
179	167
179	167
179	167
179	167
179	167
179	167
179	167
179	167
179	167
179	167
179	167
179	167
179	167
179	167
180	167
180	167
180	167
180	167
180	167
180	167
180	168
180	168
180	168
180	168
181	168
181	168
181	168
181	168
181	168
181	168
182	168
183	169
183	169
183	169
183	169
183	169
183	169
184	169
184	170
184	170
184	170
184	170
184	170
184	170
184	170
184	170
184	170
184	170
184	170
184	170
184	170
184	170
184	170
184	170
185	170
185	170
185	170
185	170
185	170
185	170
186	170
186	170
186	170
186	170
186	170
186	170
186	170
186	170
186	170
186	170
187	171
187	171
187	171
187	171
187	171
187	171
187	171
187	171
187	171
187	171
187	171
187	171
187	171
187	171
187	171
187	171
188	171
188	171
188	171
188	171
189	171
189	172
189	172
189	172
189	172
189	173
189	173
189	173
189	173
190	173
190	174
190	174
190	174
191	174
191	174
191	174
191	174
191	174
191	174
191	174
192	174
193	174
193	175
193	175
193	175
193	175
193	175
193	175
193	175
193	175
193	175
193	175
193	175
193	175
193	175
193	175
193	175
193	175
193	175
193	175
193	175
193	175
193	175
193	175
193	175
193	175
193	175
193	175
193	175
193	175
193	175
193	175
193	175
193	175
193	175
193	175
193	175
193	175
193	175
193	175
193	175
193	175
193	175
193	175
193	175
193	175
194	175
194	175
194	175
194	175
194	175
194	175
195	175
195	176
195	176
195	176
195	176
195	176
195	176
195	176
195	176
195	176
195	176
196	176
196	176
196	176
196	176
196	176
196	176
196	176
197	176
197	177
197	177
197	177
197	177
197	177
198	177
199	177
199	178
199	178
199	178
199	178
199	178
199	178
199	178
199	178
199	178
199	178
199	178
199	178
199	178
199	178
199	178
199	178
199	178
199	178
199	178
199	178
199	178
199	178
199	178
199	178
199	178
199	178
199	178
199	178
199	178
199	178
199	178
199	178
199	178
199	178
199	178
199	178
199	178
199	178
199	178
199	178
199	178
199	178
199	178
199	178
199	178
199	178
199	178
199	178
199	178
199	178
199	178
199	178
199	178
199	178
199	179
199	179
199	179
199	179
199	179
199	179
199	179
199	179
199	179
199	179
199	179
199	179
199	179
200	179
200	179
200	179
200	179
200	179
200	179
200	179
200	179
200	179
200	179
200	179
200	179
200	179
200	179
200	179
200	179
200	179
200	179
200	179
200	179
200	180
200	180
200	180
200	180
200	180
200	180
200	180
201	180
202	180
202	180
202	180
202	180
202	180
202	180
202	180
202	180
202	180
202	180
202	180
202	180
202	180
202	180
202	180
202	180
202	180
202	180
202	180
202	180
202	180
202	180
202	180
202	180
202	180
202	180
202	180
202	180
202	180
202	180
202	180
202	180
202	181
202	181
202	181
202	181
202	181
202	181
202	181
202	181
202	181
202	182
202	183
202	183
202	183
202	183
202	183
202	183
202	183
202	183
202	183
202	183
202	184
202	184
202	184
202	184
202	184
202	184
202	184
202	184
203	184
203	185
203	185
203	185
203	185
203	185
203	185
203	185
203	185
203	185
203	185
203	185
203	185
203	185
203	185
203	185
203	185
203	185
204	185
204	185
204	185
204	185
204	185
204	185
204	185
204	185
204	185
204	185
204	185
204	185
204	185
204	185
204	185
204	185
205	185
205	185
205	185
205	185
205	185
205	185
205	185
205	185
205	185
205	185
205	185
206	185
206	185
206	185
206	185
206	185
206	185
206	185
206	185
206	185
206	185
206	185
206	185
206	186
206	186
206	186
206	186
206	186
206	186
206	186
206	186
206	186
206	-1
206	-1
206	-1
206	-1
206	-1
206	-1
206	-1
206	-1
206	-1
206	-1
206	-1
