-1	0
-1	0
-1	0
-1	0
-1	0
-1	0
-1	0
-1	1
0	1
0	2
0	2
0	2
0	2
0	2
0	2
0	2
0	2
1	2
1	3
1	3
1	3
1	3
1	3
1	3
1	3
1	3
1	3
1	3
1	3
1	3
1	3
1	3
1	3
1	3
1	3
1	3
1	3
1	3
1	3
1	3
1	4
2	4
2	5
2	5
2	5
2	5
2	5
2	5
3	5
3	6
3	6
3	6
3	6
3	6
3	6
3	6
3	6
3	6
3	6
3	6
3	6
3	7
3	7
3	7
3	7
3	7
3	7
3	7
3	7
3	7
3	7
3	7
3	7
3	7
3	7
3	7
3	7
3	7
3	7
3	7
3	7
3	7
3	7
3	7
3	7
4	7
4	7
4	7
4	7
4	7
4	7
4	7
4	7
4	7
4	7
5	7
5	8
5	8
5	8
5	8
5	8
5	8
5	8
5	8
5	8
5	9
5	9
6	9
7	10
7	10
7	10
7	10
8	10
8	10
8	10
8	10
8	10
8	10
8	10
8	10
8	10
8	10
8	10
8	10
8	10
8	10
8	10
8	10
8	10
8	10
8	10
8	10
8	10
8	10
8	10
8	10
8	10
8	10
8	11
8	11
9	11
9	11
9	11
9	11
9	11
9	11
9	11
9	11
9	11
9	11
9	11
10	11
10	12
10	12
10	12
10	12
10	12
10	12
10	12
10	12
10	12
10	12
10	12
10	12
11	12
11	13
11	13
11	13
11	13
12	13
12	14
12	14
12	14
12	14
12	14
12	14
12	14
12	14
12	14
12	14
13	14
13	15
13	15
13	15
13	15
13	15
13	15
13	15
13	15
13	15
13	15
14	15
14	15
15	15
15	15
15	15
15	15
15	15
15	15
15	16
15	16
15	16
15	16
15	16
16	16
17	16
17	16
17	16
17	16
17	16
17	16
17	16
17	17
17	17
17	17
17	17
17	17
17	17
17	17
17	17
17	17
17	17
17	17
17	17
17	17
17	17
17	17
17	17
17	17
17	17
17	17
17	17
17	17
17	17
17	17
17	17
17	17
17	17
17	17
17	17
17	17
17	17
17	17
17	17
17	17
17	17
17	17
17	17
17	17
17	17
17	17
17	17
17	17
17	17
17	17
17	17
17	17
17	17
17	17
17	17
17	17
18	17
19	18
19	18
19	18
19	18
19	18
19	18
19	18
19	18
19	18
19	18
19	18
19	18
19	18
19	18
19	18
19	18
19	18
19	18
19	18
19	18
19	18
19	18
19	18
19	18
19	18
19	18
19	18
19	18
19	18
19	18
19	18
19	18
19	18
19	18
19	18
19	18
19	18
19	18
19	18
19	18
19	18
19	18
20	18
20	19
20	19
20	19
21	19
21	20
21	20
22	20
22	21
22	21
22	21
22	21
23	21
23	21
23	21
24	21
24	22
24	22
24	22
24	22
24	22
25	22
25	22
25	22
25	22
25	22
25	22
25	22
25	22
25	23
25	23
25	23
25	23
25	23
25	23
26	23
26	24
26	24
26	24
26	24
26	24
26	24
26	24
26	24
26	24
26	24
26	24
26	24
26	24
26	24
26	24
26	24
26	24
26	24
26	24
26	24
26	24
26	24
26	24
26	24
26	25
26	25
26	25
26	25
26	25
26	25
26	25
26	25
26	25
26	26
26	26
26	26
26	26
26	26
26	26
26	26
27	26
27	26
27	26
27	26
28	26
28	27
28	27
28	27
28	27
28	27
28	27
28	27
28	27
28	27
28	27
28	27
28	27
29	27
29	28
29	28
29	28
29	28
29	28
29	28
29	28
30	28
30	28
30	28
30	28
30	28
30	28
30	28
30	28
30	28
30	28
30	28
30	28
30	28
30	28
30	28
30	28
31	28
31	29
31	29
31	29
31	29
31	29
31	29
31	29
31	29
31	29
31	29
31	29
31	29
31	29
31	29
31	29
31	29
31	29
31	29
31	29
31	29
31	29
31	29
31	29
31	29
31	29
31	29
31	29
31	29
31	29
31	29
31	29
31	29
31	30
31	30
31	30
31	30
31	30
31	31
31	31
31	31
31	31
31	31
31	31
31	31
31	31
31	31
31	31
32	31
32	32
32	32
32	32
32	32
32	32
32	32
32	32
32	32
32	32
32	32
32	32
32	32
32	32
32	32
32	32
32	32
33	32
33	33
33	33
33	33
33	33
33	33
33	33
33	33
33	33
33	33
33	33
33	33
33	33
33	33
33	33
33	33
33	33
33	33
33	33
33	33
33	33
33	33
33	33
33	33
33	33
33	33
33	33
33	33
33	33
33	33
33	33
33	33
33	33
33	33
33	33
33	34
33	34
33	34
33	34
33	34
33	34
33	34
33	34
33	34
33	34
33	34
33	34
33	34
33	34
33	34
33	34
33	34
33	34
33	34
33	34
33	34
33	34
33	34
33	34
33	34
33	34
33	34
34	34
35	35
35	36
35	36
35	36
35	36
35	36
35	36
35	36
35	36
35	36
35	36
35	36
35	36
35	36
35	36
35	36
35	36
35	36
35	36
35	36
35	36
35	36
35	36
35	36
35	36
35	36
35	36
35	36
35	36
35	36
35	36
35	36
35	36
35	36
35	36
35	36
35	36
35	36
35	36
35	36
35	36
35	36
35	36
35	36
35	36
35	37
35	37
35	37
35	37
36	37
36	37
37	37
37	38
37	38
37	38
37	38
37	38
38	38
38	39
38	39
38	39
38	39
39	39
39	39
39	39
39	39
39	39
39	39
39	39
39	39
39	39
39	39
39	39
39	39
39	39
39	39
39	39
39	39
39	39
39	39
39	39
39	39
39	39
39	39
39	39
39	39
39	39
39	39
39	39
39	40
39	40
39	40
39	40
39	40
39	40
39	41
39	41
39	41
39	41
39	41
39	41
39	41
39	41
39	42
39	42
39	42
39	42
39	42
39	42
39	42
39	43
39	43
39	43
39	43
39	43
39	43
39	43
39	43
39	43
39	43
39	43
39	43
39	43
39	43
39	43
39	43
39	43
39	43
39	43
39	43
39	43
39	43
40	43
40	43
40	43
40	43
41	43
41	44
41	44
41	44
41	44
41	44
41	44
41	44
41	44
41	44
41	44
41	44
41	44
41	44
41	44
41	44
41	44
42	44
42	45
42	45
42	45
42	45
42	45
43	46
43	46
43	46
43	46
43	46
43	46
43	46
43	46
43	46
43	46
43	46
43	46
43	46
43	46
43	46
43	46
43	46
43	46
43	46
43	46
43	46
43	46
43	46
43	46
43	46
43	46
43	46
43	46
43	46
43	46
43	46
43	46
43	46
43	46
43	46
43	46
43	46
43	46
43	46
43	47
43	47
43	47
43	47
43	47
43	47
43	47
43	47
43	47
43	47
43	47
43	47
43	47
43	47
43	47
43	47
43	47
44	47
44	47
44	47
44	47
44	47
44	47
44	47
44	47
44	47
44	47
45	48
45	48
45	48
45	48
45	48
45	48
45	48
45	48
45	48
45	48
45	48
45	48
45	48
45	48
45	48
45	48
45	48
45	48
46	48
46	49
46	49
46	49
47	49
47	49
48	49
48	49
48	49
48	49
48	49
49	49
49	49
49	49
49	49
49	49
49	49
50	49
50	49
50	49
50	49
50	49
50	49
50	49
50	50
50	50
50	50
50	50
50	51
50	51
50	51
50	51
50	51
50	51
50	51
51	51
51	51
51	51
51	51
51	51
51	51
51	51
51	51
51	51
51	51
51	52
51	52
51	52
51	52
51	52
51	52
51	52
51	52
51	52
51	52
51	52
51	52
51	53
51	53
51	53
51	53
51	53
51	53
52	53
52	53
53	53
53	53
53	53
53	53
53	53
53	53
53	53
53	53
53	53
53	53
53	53
53	53
53	53
54	53
54	54
54	54
54	54
55	54
55	54
55	54
55	54
55	54
56	54
57	54
57	54
57	54
57	54
57	54
57	54
57	54
57	54
57	55
57	55
57	55
57	55
57	55
57	55
57	55
58	55
58	55
58	55
58	55
58	55
58	55
58	55
58	55
58	55
58	55
59	55
59	56
59	56
59	56
59	56
59	56
59	56
59	56
59	56
59	56
59	56
59	56
59	56
60	56
60	56
60	56
60	56
60	56
60	56
60	56
60	56
60	56
60	56
60	57
60	57
60	57
60	57
60	57
60	57
60	57
60	57
60	57
60	57
60	57
60	57
60	57
60	57
61	57
61	57
61	58
61	58
61	58
61	58
62	58
62	58
62	58
62	58
62	58
62	58
62	58
62	58
62	58
62	58
62	58
62	58
62	58
62	58
62	58
62	58
62	58
62	58
62	58
62	58
62	58
62	58
63	58
63	59
63	59
64	59
64	60
64	60
64	60
64	60
64	60
64	60
64	60
64	60
65	60
65	61
66	61
66	61
66	61
66	61
66	61
66	61
66	61
66	61
67	61
67	61
67	61
67	61
67	61
67	61
67	61
67	61
67	61
67	61
67	61
68	61
68	62
68	62
68	62
68	62
68	62
68	62
68	62
68	62
68	62
68	62
69	62
69	62
69	62
69	62
69	62
69	62
69	62
69	62
69	63
69	63
69	63
69	63
69	63
69	63
69	63
69	63
69	63
70	63
71	64
71	65
72	65
73	65
73	65
74	65
74	66
74	66
74	66
74	66
74	66
74	66
74	66
74	67
74	67
74	67
74	67
74	67
74	67
74	67
74	68
74	68
74	68
74	68
74	68
74	68
74	68
74	68
74	68
74	68
74	68
74	68
74	68
74	68
74	68
74	68
75	68
75	68
75	68
75	68
76	68
76	68
76	68
76	68
76	68
76	68
76	68
76	68
76	68
76	68
76	68
76	68
76	68
76	68
76	68
76	68
76	68
76	69
76	69
76	69
76	69
76	69
76	69
77	69
77	70
77	70
77	70
77	70
77	70
77	70
77	70
77	70
77	70
77	70
78	70
78	71
78	71
78	71
78	71
78	71
78	71
79	71
79	71
79	71
79	71
79	71
79	72
79	72
79	72
79	72
79	72
79	72
79	72
79	72
79	72
79	72
79	72
79	72
79	72
80	72
80	72
80	72
80	72
80	72
80	72
80	72
80	72
80	72
80	72
80	72
80	72
80	72
80	72
80	72
80	72
80	72
80	72
80	72
80	72
80	72
80	72
81	72
81	72
81	72
81	72
81	72
81	72
81	72
81	72
81	72
81	72
81	72
81	72
81	72
82	72
82	73
82	73
83	73
84	74
84	74
84	74
84	74
84	74
84	74
84	74
84	74
84	74
84	75
84	75
84	75
84	75
84	75
84	75
84	75
84	75
85	75
85	76
85	76
85	76
85	76
85	76
85	76
85	76
85	76
85	76
85	76
85	76
85	76
85	76
85	76
85	76
85	76
85	77
85	78
85	78
85	78
85	78
85	78
85	78
85	78
85	78
85	78
85	78
85	79
85	79
85	79
85	79
85	79
85	79
85	79
85	79
85	79
85	79
85	80
85	80
85	80
85	81
85	81
85	81
85	81
86	81
86	81
86	81
86	81
86	81
86	81
86	81
86	81
86	81
86	81
86	81
86	81
87	81
87	81
87	81
87	82
87	82
87	82
87	82
87	82
87	82
87	82
87	82
87	82
87	82
87	82
87	82
87	82
87	82
87	82
87	82
87	82
87	82
87	83
87	83
88	83
88	83
88	83
88	83
88	83
89	84
89	84
89	84
89	84
89	84
89	84
89	84
89	84
89	84
89	84
89	84
89	84
89	84
89	84
90	84
90	85
90	85
90	85
90	85
90	85
90	85
90	85
91	85
91	86
91	86
91	86
91	86
92	86
92	87
92	87
92	87
93	87
93	87
93	87
93	87
93	87
93	87
93	87
93	87
93	87
94	87
94	88
94	88
94	88
94	88
94	88
94	88
94	88
95	88
95	88
96	88
96	88
96	88
96	88
96	88
96	88
96	88
97	88
97	89
97	89
97	89
97	89
97	89
97	89
97	89
97	89
98	90
98	91
98	91
98	91
98	91
98	91
98	92
98	93
98	93
98	93
99	93
99	94
99	94
99	94
99	94
99	94
99	94
99	94
99	94
99	94
99	94
99	94
99	94
99	94
99	94
99	94
99	94
100	94
100	94
100	94
100	94
100	94
100	94
100	94
100	95
101	95
101	96
101	96
101	96
101	96
101	96
101	96
101	96
101	96
101	96
101	96
101	96
102	97
102	97
102	97
102	97
102	97
102	97
102	97
102	97
102	97
102	97
102	97
102	97
102	97
102	97
102	97
103	97
103	98
103	98
103	98
103	98
103	98
103	98
103	98
103	98
103	98
103	98
103	98
103	98
103	98
103	98
103	98
103	98
103	98
103	98
103	98
103	98
103	98
103	98
104	98
104	99
104	99
104	99
105	99
105	99
105	99
105	99
105	99
105	99
105	99
105	99
106	99
106	100
106	100
106	101
106	101
106	101
106	102
106	102
106	103
106	103
106	103
106	103
106	103
106	103
106	103
106	103
106	103
106	103
106	103
106	103
106	103
106	103
106	103
107	103
107	103
107	103
107	103
107	103
107	103
108	103
108	104
108	104
108	104
108	104
108	104
108	104
108	104
108	104
108	104
109	104
109	105
109	105
109	105
109	105
109	105
109	105
109	105
109	105
109	105
110	105
111	106
111	107
111	107
111	108
111	108
111	108
111	108
112	108
112	108
112	108
112	108
112	108
112	108
112	108
112	108
112	108
112	108
112	108
112	108
113	108
113	109
113	109
113	109
113	109
113	109
113	109
113	109
113	109
113	109
113	109
113	109
113	109
113	109
113	109
113	109
113	109
113	109
114	109
114	110
115	110
116	111
116	111
116	111
116	111
116	111
116	111
116	111
116	111
116	111
116	111
116	111
117	111
117	112
117	112
117	112
117	113
117	113
117	113
117	113
117	114
118	115
118	115
118	115
119	115
119	115
119	115
119	115
119	115
119	115
119	115
119	115
119	115
119	115
119	115
119	115
119	115
119	115
119	115
119	115
119	115
119	115
120	115
120	115
120	115
121	115
121	115
121	115
121	115
121	115
121	115
121	115
121	115
121	116
121	116
121	116
121	116
121	116
121	116
121	116
121	116
121	116
122	116
122	117
122	117
122	117
122	117
122	117
122	117
122	117
123	117
123	118
123	118
124	118
124	119
125	119
125	119
125	119
125	119
125	119
125	119
125	119
125	119
125	119
125	119
125	119
125	120
125	120
125	120
125	120
125	120
125	120
125	120
125	120
125	120
125	120
125	120
125	120
125	120
125	120
125	120
125	120
125	120
125	120
125	120
125	120
125	120
125	120
125	120
125	120
125	120
125	120
126	120
126	120
126	120
126	120
126	120
126	120
126	120
126	120
126	120
126	120
126	120
126	120
126	120
126	120
126	120
126	120
126	120
126	120
126	120
126	120
126	120
126	120
126	120
126	120
126	120
126	120
126	121
126	121
126	121
126	121
126	121
126	121
126	121
126	121
126	121
126	121
127	121
127	121
127	121
127	121
127	121
127	121
127	121
127	121
127	121
127	121
127	121
128	122
128	123
128	123
128	123
128	123
128	123
128	123
128	123
128	123
128	123
128	123
128	123
128	123
128	123
128	123
128	123
128	123
128	123
128	123
128	123
128	123
128	123
128	123
128	123
128	123
128	124
128	124
128	124
128	124
128	124
128	124
128	124
129	124
129	125
129	125
129	125
129	125
129	125
129	125
129	125
129	125
129	125
129	125
129	125
129	125
129	125
129	125
129	125
129	125
129	125
129	125
129	125
129	125
129	125
130	125
130	125
130	126
130	126
130	126
130	126
130	126
130	126
130	126
130	126
131	126
131	127
131	127
131	127
131	127
131	127
131	127
131	127
131	127
131	127
131	127
131	127
132	127
132	127
132	127
132	127
132	127
132	127
132	127
132	127
132	127
133	127
133	128
133	128
133	128
133	128
133	128
133	128
133	128
133	128
133	128
133	128
133	128
133	128
133	128
133	129
133	129
133	129
133	129
133	130
133	130
133	130
133	130
133	130
133	130
133	130
134	130
134	130
134	130
134	130
134	131
134	131
134	131
134	131
134	131
134	131
134	131
134	131
134	131
134	131
134	131
134	131
134	131
134	131
134	131
134	131
134	131
134	131
134	131
134	131
134	131
134	131
134	131
134	131
134	131
135	131
135	131
135	131
135	131
135	131
135	131
135	131
135	131
135	131
135	131
135	131
135	131
136	131
136	131
136	131
136	131
136	131
136	131
136	131
137	132
137	132
137	132
137	132
137	132
137	132
137	132
137	132
137	132
137	132
137	132
137	132
137	132
137	132
137	132
137	132
137	132
137	132
137	132
137	132
137	132
137	132
137	132
137	132
137	132
137	132
137	132
137	132
137	132
137	132
137	132
137	132
137	133
137	133
137	133
137	133
137	133
137	133
137	133
137	133
137	133
137	133
137	133
137	133
137	133
137	133
137	133
137	133
137	133
137	133
137	133
137	133
137	133
137	133
137	133
137	133
137	133
137	133
137	133
137	133
137	133
137	133
137	133
137	133
138	134
138	135
138	135
138	135
138	135
138	135
138	135
139	135
140	135
140	135
140	136
140	136
140	136
140	136
140	136
140	136
140	136
140	136
140	136
140	136
140	136
140	136
140	136
140	136
140	136
140	136
141	136
141	136
141	136
141	136
141	136
141	136
141	136
141	136
141	136
141	136
141	136
141	137
141	137
141	137
141	137
141	137
141	137
141	137
141	138
141	138
141	138
141	138
141	138
141	138
141	138
141	138
141	139
141	139
141	139
141	139
141	139
141	139
141	139
141	139
141	139
141	139
142	139
142	139
142	139
142	139
142	139
142	139
142	139
142	139
142	139
142	139
142	139
142	139
142	139
142	139
142	139
142	139
142	139
142	139
142	139
142	139
142	139
142	139
142	139
142	139
142	139
142	139
142	139
142	139
142	139
142	139
142	139
142	139
142	139
142	139
142	139
142	139
142	139
142	139
142	139
142	139
142	139
142	139
142	139
142	139
142	139
142	139
142	139
142	139
142	139
142	139
142	139
142	139
142	139
142	139
142	139
142	139
142	139
142	139
142	139
142	139
142	139
142	139
142	139
142	139
142	139
142	139
142	139
143	139
143	139
143	140
144	140
144	140
144	140
144	140
144	140
144	140
144	140
144	140
144	140
144	140
144	140
144	140
144	140
144	140
144	140
144	140
145	140
145	140
145	140
145	140
145	140
145	140
145	140
145	140
145	140
145	140
145	140
145	140
145	141
145	141
145	141
145	141
145	141
145	141
145	141
145	141
145	141
145	141
145	141
145	141
145	141
145	141
145	141
145	141
145	141
145	141
145	141
145	141
145	141
145	141
145	141
145	141
145	141
145	141
145	141
145	141
145	141
145	141
145	141
145	141
145	141
145	141
145	141
145	141
145	141
145	141
145	141
145	141
145	141
145	141
145	141
145	141
145	141
145	141
145	141
145	141
145	141
145	141
145	141
146	141
146	142
146	142
146	142
146	142
146	142
146	142
146	142
146	142
146	142
146	142
146	142
146	142
146	142
146	142
146	142
146	142
146	142
146	142
146	142
146	142
146	142
146	142
146	142
146	142
147	142
147	142
147	142
147	142
147	142
147	142
147	142
147	142
147	142
147	142
147	142
147	142
147	142
147	142
147	142
147	142
147	142
147	142
147	142
147	142
147	142
147	142
147	142
147	142
147	142
147	142
147	142
147	142
147	142
147	142
147	143
147	143
147	143
147	143
147	143
147	143
147	143
147	143
147	143
147	143
147	143
147	143
147	143
147	143
147	143
147	143
147	143
147	143
147	143
147	143
147	143
147	143
147	143
147	143
147	143
147	143
147	143
147	143
147	143
147	143
147	143
147	143
147	143
147	143
147	143
147	143
147	143
147	143
147	143
147	143
147	143
147	143
147	143
147	143
147	143
147	143
147	143
147	143
147	143
147	143
147	143
147	143
147	143
147	143
147	143
147	143
147	143
147	143
147	143
147	143
147	143
147	143
147	143
147	143
147	143
147	143
147	144
148	144
148	144
148	144
148	144
148	144
148	144
148	144
148	144
148	144
148	144
148	144
148	144
149	144
150	145
150	146
150	146
151	146
151	147
151	147
151	147
151	147
151	147
151	147
151	147
151	147
151	147
151	147
151	147
151	147
151	147
151	147
151	147
151	147
151	147
151	147
151	147
151	147
151	147
152	147
152	148
152	148
152	148
152	148
152	149
152	149
152	149
152	149
152	149
152	149
152	149
152	149
152	149
152	149
152	149
152	149
152	149
152	149
152	149
152	149
152	149
152	149
152	149
152	149
152	149
152	149
152	149
152	149
152	149
152	149
152	149
152	149
152	149
152	149
152	149
152	149
152	149
152	149
152	149
152	149
152	149
152	149
152	149
152	149
152	149
152	149
152	149
152	149
152	149
152	149
153	149
153	150
153	150
153	150
154	150
154	151
154	151
154	151
154	151
154	151
154	151
154	151
154	151
154	151
154	151
154	151
154	151
154	151
154	151
154	151
154	151
154	151
154	151
154	151
154	151
154	151
154	151
154	151
154	151
154	151
154	151
154	151
154	151
154	151
155	151
155	152
155	152
155	152
155	152
155	152
155	152
155	152
155	152
155	152
155	152
155	152
156	152
156	152
156	152
156	152
156	152
157	152
158	152
158	153
158	153
158	153
158	153
158	153
158	153
158	153
158	154
158	154
158	154
158	154
158	154
158	154
158	154
158	154
158	154
158	154
158	154
158	154
158	154
158	154
158	154
159	154
159	155
159	155
160	155
160	155
160	155
160	155
160	155
161	155
161	155
161	156
161	156
161	156
161	156
161	156
161	156
161	156
161	156
161	157
161	157
161	157
161	157
161	157
161	157
161	157
162	157
162	157
162	157
162	157
162	157
162	157
162	157
162	157
162	157
162	157
162	158
162	158
162	158
162	158
162	158
162	158
162	159
162	159
163	159
163	159
163	159
163	159
163	159
163	159
164	159
164	159
164	159
164	159
164	159
165	159
165	160
165	160
165	160
165	160
165	161
165	161
165	161
165	161
165	161
165	161
165	161
165	161
165	161
165	161
165	161
165	161
165	161
165	161
165	161
165	161
165	161
165	161
165	161
165	161
166	161
166	162
166	162
166	162
166	162
166	163
166	163
167	163
167	163
167	163
167	163
167	163
167	163
167	164
167	164
167	164
167	164
167	164
167	164
167	164
167	164
167	164
167	164
167	164
167	164
167	165
167	165
167	165
167	165
167	165
167	165
167	165
167	165
167	165
168	165
168	166
168	166
168	166
168	166
168	167
168	167
168	167
168	167
168	167
168	167
168	167
168	167
168	167
168	167
168	167
168	167
168	167
168	167
168	167
168	167
168	167
169	168
169	168
169	168
169	168
169	168
169	168
169	168
169	168
169	168
169	168
169	168
169	168
169	168
169	168
169	168
169	168
169	168
169	168
169	168
169	168
169	169
169	169
169	169
169	169
169	169
169	169
169	169
169	169
169	169
169	169
169	169
169	169
169	169
169	169
169	169
169	169
170	169
170	170
170	170
170	171
170	171
170	171
170	171
170	171
170	171
171	171
171	171
171	171
171	171
171	171
171	171
171	171
171	171
171	171
171	172
171	172
171	172
171	172
171	172
171	172
172	172
172	172
172	172
172	172
172	172
172	172
172	172
172	172
172	172
172	172
172	172
172	172
172	172
172	172
172	172
172	172
172	172
172	172
172	172
172	172
172	172
172	172
172	172
172	172
172	172
172	172
172	172
172	172
172	172
172	172
172	172
172	172
172	172
172	172
172	172
172	172
172	172
172	172
172	172
172	172
172	172
172	172
172	172
172	172
172	172
172	172
172	172
172	172
172	172
172	172
172	172
172	173
172	173
172	173
172	173
172	173
172	173
172	173
172	173
172	173
172	173
173	173
173	173
173	173
173	173
173	173
173	173
173	173
173	173
173	173
174	173
175	174
175	175
175	175
175	175
175	175
175	175
175	175
175	175
175	175
175	175
175	175
176	175
176	175
176	175
176	175
176	175
176	175
176	175
176	175
176	175
176	175
176	175
176	175
176	175
176	175
176	175
176	175
176	176
176	176
176	176
176	176
176	176
176	176
176	176
176	176
176	176
176	176
176	177
176	177
176	177
176	177
176	177
176	177
176	178
177	178
177	179
177	179
178	179
178	179
178	179
178	179
178	179
178	179
178	179
179	179
179	179
179	179
179	179
179	179
179	179
179	179
179	179
179	179
179	179
179	179
179	179
179	179
179	179
180	179
180	179
180	179
180	179
180	179
180	179
180	179
180	179
180	179
180	179
180	179
180	179
180	179
180	179
180	179
180	179
181	179
181	180
181	180
181	180
181	180
181	180
181	180
181	180
181	180
181	180
181	180
181	180
181	180
181	180
182	180
182	181
182	181
182	181
182	181
182	181
182	181
182	181
182	181
182	181
182	181
182	181
182	181
182	181
182	181
182	181
182	181
182	181
183	181
183	182
183	182
184	182
184	183
184	183
184	183
184	183
184	183
184	183
184	183
184	183
184	183
184	183
184	183
184	183
184	183
184	183
184	183
184	183
184	183
184	183
184	183
184	183
184	183
184	183
184	183
184	183
184	183
184	183
184	183
185	183
185	184
185	184
185	184
186	184
187	185
187	186
187	186
187	186
187	186
187	186
187	186
187	186
187	186
187	186
187	186
187	186
187	186
187	186
187	186
187	186
187	186
187	186
187	186
187	186
187	186
187	186
187	186
187	186
187	186
187	186
187	186
187	186
187	186
187	186
187	186
187	186
187	186
187	186
187	186
187	186
187	186
187	186
187	186
187	186
187	186
187	186
187	186
187	186
187	186
187	186
187	186
187	186
187	186
187	186
187	186
187	186
187	186
187	186
187	186
187	186
187	186
187	186
187	186
187	186
187	186
187	186
187	186
187	186
187	186
187	186
187	186
187	186
187	186
187	186
187	186
187	186
187	186
187	186
187	186
187	186
187	186
187	186
187	186
187	186
187	186
187	186
187	186
187	186
187	186
187	186
187	186
187	186
187	186
187	186
187	186
187	186
187	186
187	186
187	186
187	186
187	186
187	186
187	186
187	186
187	186
187	186
187	186
187	186
187	186
187	186
187	186
187	186
187	186
187	186
187	186
187	186
187	186
187	186
187	186
187	186
187	186
187	186
187	186
187	186
187	186
187	186
187	186
187	186
187	186
187	186
187	186
187	186
187	186
187	186
187	186
187	186
187	186
187	186
187	186
187	186
187	186
187	186
187	186
187	186
187	186
187	186
187	186
187	186
187	186
187	186
187	186
187	186
187	186
187	186
187	186
187	186
187	186
187	186
187	186
187	186
187	186
187	186
187	186
187	186
187	186
187	186
187	186
187	186
187	186
188	186
188	186
188	186
188	186
188	186
188	186
188	186
188	186
188	186
188	186
188	186
188	186
188	186
188	186
188	186
188	186
188	186
188	186
188	186
188	186
188	186
188	186
188	186
188	186
188	186
188	186
188	186
188	186
188	187
188	187
188	187
188	187
188	187
188	187
188	187
188	187
188	187
188	187
188	187
188	187
188	187
188	187
188	187
188	187
189	187
189	187
189	187
189	187
189	187
189	187
189	187
189	187
189	187
189	187
189	187
189	187
189	187
189	188
189	188
189	188
189	188
189	188
189	188
189	188
189	188
190	188
190	189
190	189
190	189
190	189
190	189
190	189
190	189
190	189
190	189
190	189
190	189
190	189
191	189
191	189
191	189
192	189
192	190
192	190
192	190
192	190
192	190
192	190
192	190
192	190
192	190
192	190
192	190
192	190
192	190
192	190
192	190
192	190
192	190
192	190
192	190
192	190
192	190
192	190
192	190
192	190
192	190
192	190
192	190
192	190
192	190
192	190
192	190
192	190
192	190
192	190
192	190
192	190
192	190
192	190
192	190
192	190
192	190
192	190
192	190
192	190
192	190
192	190
192	190
192	190
192	190
192	190
192	190
192	190
192	190
192	190
192	190
192	190
192	190
192	190
192	190
192	190
192	190
192	190
192	190
192	190
192	190
192	190
192	190
192	191
192	191
192	191
192	191
192	191
192	191
192	191
192	191
192	191
192	191
192	191
192	191
192	191
192	191
192	191
192	191
192	191
192	191
193	191
193	191
193	191
193	191
193	191
193	191
193	191
193	191
193	191
193	191
194	191
194	191
194	191
194	191
194	191
194	191
194	191
194	191
194	191
194	191
194	191
194	191
194	191
194	191
194	191
194	191
194	191
194	191
194	191
195	191
195	191
195	191
195	191
195	191
195	191
195	191
195	191
195	191
195	191
195	191
195	191
195	191
195	191
195	191
195	191
195	191
195	191
195	191
195	191
195	191
196	191
196	191
196	191
196	191
197	191
197	192
197	192
197	192
197	192
197	192
197	192
197	192
197	192
197	192
197	192
197	192
197	192
197	192
197	192
197	192
198	192
198	192
198	192
198	192
198	192
198	192
198	192
198	192
198	192
198	192
198	192
198	192
198	192
198	192
198	192
198	193
198	193
198	194
198	194
198	194
198	194
198	194
198	194
198	194
198	194
198	194
198	194
198	195
198	195
198	195
198	195
198	195
198	195
198	195
198	195
198	195
198	195
198	195
198	195
198	195
198	195
198	195
199	195
199	195
199	195
199	195
199	195
199	195
199	195
199	195
199	195
200	195
200	195
200	195
200	195
200	195
200	195
200	195
200	195
200	195
200	195
200	195
200	195
200	195
200	195
200	195
200	195
200	195
200	195
200	195
200	195
200	195
200	195
200	195
200	195
200	195
200	195
200	195
200	195
200	195
200	195
200	195
200	195
200	195
200	195
200	195
200	195
200	195
200	195
200	195
200	195
201	195
201	196
201	196
201	196
201	196
201	196
201	196
201	196
201	197
201	197
201	197
201	198
201	198
201	198
201	198
201	198
201	198
202	198
202	199
202	199
202	199
202	199
202	199
202	199
202	200
202	200
202	200
202	200
202	200
202	200
202	200
202	200
202	200
202	200
202	200
202	200
202	200
203	200
203	201
203	201
204	201
204	202
204	202
204	202
204	202
204	202
204	202
204	202
205	202
205	202
205	202
205	202
205	202
206	202
206	203
206	203
206	203
206	203
206	203
206	203
206	203
206	203
206	203
206	203
206	203
206	204
206	204
206	204
206	204
206	204
206	204
206	204
206	204
206	204
206	204
206	204
206	204
206	204
206	204
206	204
206	204
206	204
206	204
207	204
207	205
207	205
207	205
207	205
207	205
207	205
208	205
208	206
208	206
208	206
208	206
209	206
209	206
209	206
209	206
209	206
209	206
209	206
210	206
210	207
210	207
210	207
210	207
210	207
210	207
210	207
210	207
210	208
210	208
210	208
210	208
210	208
210	208
210	208
210	208
210	208
211	208
211	208
211	208
211	208
211	208
211	208
211	208
211	208
211	208
211	208
211	208
211	208
211	208
211	208
211	208
211	208
211	208
211	208
211	208
211	208
211	208
211	208
211	208
211	208
211	208
211	208
211	208
211	208
211	208
211	208
211	208
211	208
211	208
211	208
211	208
211	208
211	208
211	208
211	208
211	208
211	208
211	208
211	208
211	208
211	208
211	208
211	208
211	208
211	208
211	208
211	208
211	208
211	208
211	208
211	208
211	208
211	208
211	208
211	208
211	208
211	208
211	208
211	208
211	208
211	208
211	208
211	208
211	208
211	208
211	208
211	208
211	208
211	208
211	208
211	208
211	208
211	208
211	208
211	208
211	208
211	208
211	208
211	208
211	208
211	208
211	208
211	208
211	208
211	208
211	208
211	208
211	208
211	208
211	208
211	208
211	208
211	209
211	209
211	209
211	209
211	209
211	209
211	209
211	209
211	209
211	209
211	209
211	209
211	209
211	209
211	209
211	209
211	209
211	209
211	209
211	209
211	209
211	209
211	209
211	209
211	209
211	209
211	209
211	209
211	209
211	210
211	210
211	210
211	210
211	210
211	210
211	210
211	210
211	210
211	210
211	210
211	210
211	210
211	210
211	210
211	210
211	210
211	210
211	210
211	210
211	210
211	210
211	210
211	211
211	211
211	211
212	211
212	211
212	211
212	211
212	211
212	211
213	211
213	212
213	212
213	212
213	212
213	213
213	213
213	213
213	213
213	213
213	213
213	213
213	213
213	213
213	213
214	213
214	213
214	213
214	213
214	213
214	213
214	213
214	213
215	213
215	213
215	213
215	213
215	213
215	213
215	213
215	213
215	213
215	213
215	213
215	213
215	213
215	213
215	213
215	213
216	213
216	213
216	213
216	213
216	213
216	213
216	213
216	213
216	213
216	213
216	213
216	213
216	213
216	213
216	213
216	213
216	213
216	213
216	213
216	213
216	213
216	213
216	213
217	213
217	213
217	213
218	213
218	213
218	213
218	213
218	213
218	213
218	213
218	213
218	213
218	213
219	213
219	214
219	214
219	214
219	214
219	214
220	214
220	215
220	215
220	215
220	215
220	215
220	215
220	215
220	215
220	215
220	215
220	215
220	215
220	215
220	215
220	215
220	215
221	215
221	216
221	216
222	216
222	217
222	217
222	217
222	217
222	217
222	218
223	218
223	218
224	218
225	218
225	219
225	219
225	219
225	219
225	219
226	219
226	220
226	220
226	220
226	220
226	220
226	220
226	220
226	220
226	220
226	220
226	220
226	220
226	220
226	220
226	220
226	220
226	220
226	220
226	220
226	220
226	220
226	220
226	220
226	220
226	220
226	220
226	220
226	220
226	220
226	220
226	220
226	220
226	220
226	220
226	220
226	220
226	220
226	220
226	220
226	220
226	220
226	220
226	220
226	220
226	220
226	220
226	220
226	220
226	220
226	220
226	220
226	220
226	220
226	220
226	220
226	220
226	220
226	220
226	220
226	220
226	220
226	220
226	220
226	220
226	220
226	220
226	220
226	220
226	220
226	220
226	220
226	220
226	220
226	220
226	220
226	220
226	220
226	220
226	220
226	220
226	220
226	220
226	220
227	220
227	220
227	220
227	220
227	220
227	220
227	220
227	220
227	220
227	220
227	220
227	220
227	220
227	220
227	220
227	220
227	220
227	220
227	220
227	220
227	221
227	221
227	221
227	221
227	221
227	221
227	221
227	221
227	221
227	221
227	221
227	221
227	221
227	221
227	221
227	221
227	221
227	221
227	221
227	221
227	221
227	221
227	221
227	221
227	221
227	221
227	221
227	221
227	221
227	221
227	221
227	221
227	221
227	221
227	221
227	221
227	221
227	221
227	221
227	221
227	221
227	221
227	221
227	221
227	221
228	221
228	222
228	222
228	222
229	222
229	223
229	223
229	223
229	223
229	223
229	223
229	223
229	223
229	223
229	223
229	223
229	223
229	223
229	223
229	223
229	223
229	223
229	223
229	223
229	223
229	223
229	223
229	223
229	223
229	223
230	223
230	224
230	224
230	224
230	224
230	224
230	224
230	224
230	224
230	224
230	224
230	224
230	224
230	224
230	224
230	224
230	224
230	224
230	224
230	224
230	224
230	224
230	224
230	224
230	224
230	224
231	225
232	225
232	225
232	225
232	225
232	225
232	225
233	225
233	226
233	226
233	226
233	226
233	226
233	226
233	226
233	226
233	226
234	226
234	226
235	226
235	227
235	227
235	227
235	227
235	227
235	227
235	227
235	227
235	227
235	227
235	227
235	227
235	227
235	228
236	228
236	228
236	228
236	228
236	228
236	228
236	228
236	228
236	228
236	228
236	228
236	228
236	228
236	228
236	228
236	228
236	228
236	228
236	228
236	228
236	228
236	228
236	228
236	229
236	229
236	230
236	230
236	230
236	230
236	230
236	231
236	231
236	231
236	231
236	231
236	231
236	231
236	231
236	231
236	231
236	231
236	231
236	231
236	231
236	231
236	231
236	231
236	231
236	231
236	231
236	231
236	231
236	231
236	231
236	231
236	231
236	232
236	232
236	232
236	232
236	232
236	232
236	232
236	232
236	232
236	232
236	232
236	232
237	232
237	233
237	233
237	233
237	233
237	233
237	233
237	233
237	233
238	233
239	234
239	235
239	235
239	235
239	235
239	235
239	235
239	235
239	235
240	235
240	235
240	235
240	235
241	235
241	236
241	236
241	236
241	236
241	236
241	236
241	236
241	236
241	236
241	236
241	236
241	236
241	236
241	236
241	236
242	236
242	237
242	237
242	237
242	237
242	237
242	237
242	237
242	237
242	237
242	237
242	237
242	237
242	237
242	237
242	237
242	237
242	237
242	237
242	237
243	237
243	238
243	238
243	238
244	238
244	238
244	238
244	238
244	238
244	238
244	238
244	238
244	238
244	238
245	238
245	239
245	239
245	239
245	239
245	239
245	239
245	239
245	239
245	239
245	239
245	239
246	239
246	240
246	240
246	240
246	240
246	240
246	240
246	240
246	240
247	240
247	240
248	240
248	240
248	240
248	240
248	240
248	240
248	240
248	240
248	240
248	240
248	240
249	240
249	240
249	240
249	241
249	241
249	241
249	241
249	241
249	241
249	241
249	241
249	241
249	241
249	241
249	241
249	241
249	241
249	241
249	241
249	241
249	241
249	241
249	241
249	241
249	241
249	241
249	241
249	241
249	241
249	241
249	241
249	241
249	241
249	241
249	242
249	242
249	242
249	242
249	242
250	242
250	243
250	243
250	243
250	243
250	243
250	243
250	243
250	243
250	243
250	243
250	243
250	243
250	243
251	243
251	244
251	244
251	244
251	244
251	244
251	244
251	245
251	245
251	245
251	245
251	245
251	245
251	245
251	245
251	245
251	245
251	245
251	245
251	245
251	245
251	245
251	245
251	245
251	245
252	245
252	246
252	246
252	246
252	246
252	246
252	246
252	246
252	246
252	246
252	246
252	246
253	246
253	246
253	246
253	246
254	246
254	246
254	246
255	246
256	246
256	246
256	246
256	246
256	246
256	246
256	246
256	246
256	247
256	247
256	247
256	247
256	247
256	247
256	247
256	247
256	247
256	247
256	247
256	247
256	247
256	247
256	247
256	247
256	247
256	247
256	247
256	247
256	247
257	248
257	249
257	249
257	249
257	249
257	249
257	249
257	249
257	249
257	249
257	249
257	249
257	249
257	249
258	249
258	249
258	250
258	250
258	251
258	251
258	251
258	251
258	251
258	251
258	251
258	251
258	251
258	251
258	251
258	251
258	251
258	251
258	251
258	251
259	251
260	252
260	253
260	253
260	253
260	253
260	253
260	253
260	253
260	253
260	253
260	253
260	254
260	254
260	254
261	254
261	254
261	254
262	254
262	254
262	254
262	254
262	254
262	254
262	254
262	254
262	254
262	254
262	254
262	254
262	254
262	254
262	254
262	254
262	254
263	254
263	255
263	255
263	255
263	255
263	255
263	255
263	255
263	255
263	255
263	255
263	255
263	255
263	255
263	255
263	255
263	255
263	255
263	255
263	255
263	255
263	255
263	255
263	255
263	255
263	256
263	256
263	256
264	256
265	256
265	257
265	257
265	257
265	258
265	258
265	258
265	258
265	258
265	258
265	259
266	259
266	260
266	260
266	260
266	260
266	260
266	260
266	260
267	260
267	260
267	260
267	260
267	260
267	260
267	260
267	260
267	260
267	260
267	260
268	260
268	261
268	261
269	261
269	262
269	262
269	262
269	262
269	262
269	262
269	262
269	262
269	262
269	262
269	262
269	263
269	263
269	264
269	264
269	264
270	264
270	265
270	265
270	265
270	265
270	265
270	265
270	265
270	265
270	265
270	265
270	265
270	266
270	267
270	267
270	267
270	267
271	267
271	267
271	267
271	267
271	267
271	267
271	267
271	267
271	267
271	267
271	267
271	267
271	267
271	267
271	267
271	267
271	267
271	267
271	267
271	267
271	267
271	267
271	267
271	267
271	267
271	267
271	267
271	267
271	267
271	267
271	267
272	267
272	267
272	267
272	267
272	267
272	267
272	267
272	267
272	267
272	268
272	268
273	268
273	269
273	269
273	269
273	269
273	269
273	269
273	269
273	269
273	269
273	269
273	269
273	270
273	270
273	270
273	270
273	270
273	270
273	270
273	270
273	270
273	270
273	270
273	270
273	270
273	270
273	270
273	270
273	270
273	270
273	270
273	270
273	270
273	270
273	270
273	270
273	270
273	270
273	270
273	270
273	270
273	270
273	270
273	270
273	270
273	270
273	270
273	270
273	270
273	270
273	270
273	270
273	270
273	270
273	270
273	270
273	270
273	270
273	270
273	270
273	270
273	270
273	270
273	270
273	270
273	270
273	270
274	270
274	270
274	270
274	270
274	270
275	270
275	271
275	272
275	272
275	272
275	272
275	272
275	272
275	272
275	272
275	272
275	272
275	272
275	272
275	272
275	272
275	272
275	272
275	272
275	272
275	272
275	272
275	272
275	272
275	272
275	272
275	272
275	272
275	272
275	272
275	273
275	273
275	273
275	273
275	273
276	273
276	273
276	273
276	273
276	273
276	273
276	273
276	273
276	273
276	273
276	273
276	273
276	273
276	273
276	273
276	273
276	273
276	273
276	273
276	273
276	273
276	273
276	273
276	273
276	273
276	273
276	273
276	273
276	273
276	273
276	273
276	273
277	273
278	273
278	273
278	273
278	273
278	273
278	273
278	273
278	273
278	273
278	273
278	273
278	273
278	273
279	273
279	274
279	274
279	274
279	274
279	274
279	274
279	274
279	274
279	274
279	274
279	274
279	274
279	274
279	274
279	274
279	274
279	274
279	274
279	274
279	274
279	274
279	274
279	274
279	274
279	274
279	274
279	274
279	274
279	274
279	274
279	274
279	275
279	275
279	275
279	276
279	276
279	277
279	277
279	278
279	278
279	279
279	279
279	279
279	279
279	279
279	279
279	279
279	279
279	279
279	279
279	279
279	279
279	279
279	279
279	279
279	279
279	279
279	279
279	279
279	279
279	279
279	279
279	279
279	279
279	279
279	279
280	279
280	279
281	279
281	279
282	279
282	279
282	280
282	280
282	280
282	280
282	280
282	280
282	280
282	280
282	280
282	280
282	280
282	280
282	280
282	280
282	280
282	280
282	280
282	280
282	280
282	280
282	280
282	280
282	280
282	280
282	280
282	280
283	280
284	281
284	281
284	281
284	281
284	281
284	281
284	281
284	281
284	281
284	281
284	281
284	281
284	281
284	281
284	281
284	281
284	281
284	281
284	281
284	281
284	281
284	281
284	281
284	281
284	281
284	281
284	281
284	281
284	281
284	281
285	281
285	282
286	282
286	283
286	283
286	283
286	283
286	283
286	283
286	283
286	283
286	283
286	283
286	283
286	283
286	283
286	283
286	283
286	283
286	283
286	283
286	283
286	283
286	283
286	283
286	283
286	283
286	284
287	284
287	284
287	284
288	284
288	284
288	284
288	284
288	284
288	284
288	284
288	284
288	285
288	285
288	285
288	285
288	285
288	285
288	285
288	285
288	285
288	285
288	285
288	285
288	285
288	285
288	285
288	285
288	285
288	285
288	285
288	285
288	285
288	285
288	286
288	286
288	286
288	286
288	286
289	286
289	286
289	286
289	286
289	286
289	286
289	286
290	286
290	286
290	286
290	286
290	286
290	286
290	286
290	286
290	286
290	286
290	286
290	286
291	286
291	286
291	286
291	286
291	286
291	286
291	286
291	286
291	286
291	286
291	286
291	286
291	287
291	287
291	287
291	287
291	287
291	287
291	287
291	287
291	287
291	287
292	287
292	288
292	288
292	288
292	288
292	288
292	288
292	288
292	288
292	288
292	288
292	288
292	288
292	288
292	288
292	288
293	288
293	288
293	288
293	288
293	288
293	288
293	288
293	288
293	288
293	288
293	288
293	288
293	288
293	288
293	288
293	288
293	288
293	288
293	288
294	288
294	289
295	289
295	289
295	289
295	289
295	289
295	289
295	289
295	289
295	289
295	289
296	289
296	289
297	289
297	289
297	289
297	289
297	289
297	289
298	289
298	290
299	290
299	291
299	291
299	291
299	291
299	291
299	291
299	291
299	291
300	291
300	291
300	291
300	291
300	291
300	291
300	291
300	291
300	291
300	291
300	291
300	291
300	291
300	291
300	291
300	291
300	291
300	291
300	291
300	291
300	291
300	291
300	291
300	291
300	291
301	291
301	291
301	291
301	291
301	291
301	291
301	291
301	291
301	291
301	291
301	291
301	291
301	291
301	291
301	291
301	291
301	291
301	292
301	292
301	292
302	292
302	293
302	293
302	293
302	293
302	293
302	293
302	293
302	293
302	293
302	293
302	293
303	293
303	-1
303	-1
303	-1
303	-1
303	-1
303	-1
303	-1
303	-1
303	-1
303	-1
303	-1
303	-1
303	-1
303	-1
303	-1
303	-1
303	-1
303	-1
303	-1
303	-1
303	-1
303	-1
303	-1
303	-1
303	-1
303	-1
303	-1
303	-1
303	-1
303	-1
303	-1
