 0.3312273E+00
 0.1442694E+00
 0.1251290E+00
 0.1040813E+00
 0.8829256E-01
 0.7635007E-01
 0.6673757E-01
 0.5985732E-01
 0.5588830E-01
 0.5109617E-01
 0.4791992E-01
 0.4574677E-01
 0.4287392E-01
 0.3984570E-01
 0.3720090E-01
 0.3570888E-01
 0.3392327E-01
 0.3194183E-01
 0.3020361E-01
 0.2906289E-01
 0.2809576E-01
 0.2645900E-01
 0.2577255E-01
 0.2493351E-01
 0.2365731E-01
 0.2275828E-01
 0.2171357E-01
 0.2072517E-01
 0.1957514E-01
 0.1912569E-01
 0.1831110E-01
 0.1778977E-01
 0.1692358E-01
 0.1615046E-01
 0.1546018E-01
 0.1505427E-01
 0.1437981E-01
 0.1407890E-01
 0.1396145E-01
 0.1358578E-01
 0.1308799E-01
 0.1221369E-01
 0.1171081E-01
 0.1182172E-01
 0.1176168E-01
 0.1107379E-01
 0.1047699E-01
 0.1061279E-01
 0.1034996E-01
 0.1020111E-01
 0.9712148E-02
 0.9445237E-02
 0.9257328E-02
 0.9342146E-02
 0.9607865E-02
 0.9469333E-02
 0.9175278E-02
 0.8833445E-02
 0.8899914E-02
 0.8370334E-02
 0.8474066E-02
 0.8508346E-02
 0.8526806E-02
 0.8277540E-02
 0.8200247E-02
 0.8008403E-02
 0.8069313E-02
 0.8096121E-02
 0.7995808E-02
 0.7928442E-02
 0.8061394E-02
 0.7746661E-02
 0.7695701E-02
 0.7651938E-02
 0.7183797E-02
 0.7203045E-02
 0.7320384E-02
 0.7414242E-02
 0.7322314E-02
 0.6845237E-02
 0.6969408E-02
 0.6861536E-02
 0.6843443E-02
 0.6920435E-02
 0.6716353E-02
 0.6489603E-02
 0.6438747E-02
 0.6393945E-02
 0.6293272E-02
 0.6299655E-02
 0.6191623E-02
 0.6205338E-02
 0.6170173E-02
 0.6084500E-02
 0.5862101E-02
 0.5818144E-02
 0.5785621E-02
 0.5876625E-02
 0.5751535E-02
 0.5598514E-02
 0.5491859E-02
 0.5473056E-02
 0.5725278E-02
 0.5554710E-02
 0.5271214E-02
 0.5060568E-02
 0.4863661E-02
 0.4985226E-02
 0.5173933E-02
 0.5094778E-02
 0.5021687E-02
 0.4943347E-02
 0.4888549E-02
 0.4957320E-02
 0.4988760E-02
 0.4984602E-02
 0.5094812E-02
 0.5145082E-02
 0.4974955E-02
 0.4796294E-02
 0.4958321E-02
 0.4921428E-02
 0.4542579E-02
 0.4648896E-02
 0.4673787E-02
 0.4736538E-02
 0.4450029E-02
 0.4357486E-02
 0.4265125E-02
 0.4184802E-02
 0.4034522E-02
 0.4008857E-02
 0.3943302E-02
 0.3890738E-02
 0.3906683E-02
 0.3865534E-02
 0.3740187E-02
 0.3784286E-02
 0.3752318E-02
 0.3685632E-02
 0.3685055E-02
 0.3547593E-02
 0.3603048E-02
 0.3574925E-02
 0.3613136E-02
 0.3533773E-02
 0.3545536E-02
 0.3453717E-02
 0.3286734E-02
 0.3016230E-02
 0.2936286E-02
 0.3129059E-02
 0.3033840E-02
 0.2926960E-02
 0.3017016E-02
 0.2892798E-02
 0.2933405E-02
 0.2929959E-02
 0.2805140E-02
 0.2939810E-02
 0.2943888E-02
 0.2944791E-02
 0.3007722E-02
 0.2814774E-02
 0.2705742E-02
 0.2676488E-02
 0.2837232E-02
 0.2769099E-02
 0.2594042E-02
 0.2597977E-02
 0.2844625E-02
 0.2891089E-02
 0.2890239E-02
 0.2887151E-02
 0.2927917E-02
 0.2787805E-02
 0.2858304E-02
 0.2841596E-02
 0.2835957E-02
 0.2839425E-02
 0.2810969E-02
 0.2920016E-02
 0.3028570E-02
 0.3106495E-02
 0.3101562E-02
 0.3019711E-02
 0.3186924E-02
 0.3300930E-02
 0.3524082E-02
 0.3457130E-02
 0.3413601E-02
 0.3397352E-02
 0.3442573E-02
 0.3510966E-02
 0.3586190E-02
 0.3607328E-02
 0.3737377E-02
 0.3735353E-02
 0.3658434E-02
 0.3268887E-02
 0.3081999E-02
 0.3040897E-02
 0.3025352E-02
 0.3087671E-02
 0.3143419E-02
 0.2964984E-02
 0.2946163E-02
 0.2911166E-02
 0.2836750E-02
 0.2691774E-02
 0.2657654E-02
 0.2735673E-02
 0.2695026E-02
 0.2676427E-02
 0.2546301E-02
 0.2444831E-02
 0.2647596E-02
 0.2576968E-02
 0.2580757E-02
 0.2534337E-02
 0.2645246E-02
 0.2748691E-02
 0.2870659E-02
 0.2995266E-02
 0.3018370E-02
 0.2935769E-02
 0.2820125E-02
 0.2818300E-02
 0.2856461E-02
 0.2784440E-02
 0.2864087E-02
 0.2783630E-02
 0.2791167E-02
 0.2915047E-02
 0.3067273E-02
 0.3067098E-02
 0.3035208E-02
 0.3015901E-02
 0.2892461E-02
 0.3014881E-02
 0.3102524E-02
 0.2955700E-02
 0.2774632E-02
 0.2763604E-02
 0.2886705E-02
 0.2807693E-02
 0.2617380E-02
 0.2605736E-02
 0.2732877E-02
 0.2628682E-02
 0.2533779E-02
 0.2470769E-02
 0.2532676E-02
 0.2541529E-02
 0.2650500E-02
 0.2528804E-02
 0.2526096E-02
 0.2561524E-02
 0.2586571E-02
 0.2585398E-02
 0.2482987E-02
 0.2502765E-02
 0.2489793E-02
 0.2501002E-02
 0.2491465E-02
 0.2469741E-02
 0.2544112E-02
 0.2387466E-02
 0.2360587E-02
 0.2317351E-02
 0.2309273E-02
 0.2335145E-02
 0.2321078E-02
 0.2339902E-02
 0.2418175E-02
 0.2471910E-02
 0.2565579E-02
 0.2606920E-02
 0.2508793E-02
 0.2440494E-02
 0.2497851E-02
 0.2375191E-02
 0.2493544E-02
 0.2397270E-02
 0.2446091E-02
 0.2410699E-02
 0.2466193E-02
 0.2391783E-02
 0.2269144E-02
 0.2170162E-02
 0.2226407E-02
 0.2250327E-02
 0.2237811E-02
 0.2279976E-02
 0.2255202E-02
 0.2437920E-02
 0.2520022E-02
 0.2596559E-02
 0.2667047E-02
 0.2790753E-02
 0.2734658E-02
 0.2673323E-02
 0.2603866E-02
 0.2715583E-02
 0.2633892E-02
 0.2540174E-02
 0.2714579E-02
 0.2624201E-02
 0.2532220E-02
 0.2726784E-02
 0.2701759E-02
 0.2667053E-02
 0.2544380E-02
 0.2605860E-02
 0.2619697E-02
 0.2761102E-02
 0.2863383E-02
 0.2887622E-02
 0.2937117E-02
 0.2947602E-02
 0.2833349E-02
 0.2671987E-02
 0.2674991E-02
 0.2503827E-02
 0.2675524E-02
 0.2562918E-02
 0.2710965E-02
 0.2877728E-02
 0.2844918E-02
 0.2660247E-02
 0.2633457E-02
 0.2736420E-02
 0.2651016E-02
 0.2714938E-02
 0.2714005E-02
 0.2525322E-02
 0.2590819E-02
 0.2549278E-02
 0.2506350E-02
 0.2483428E-02
 0.2554770E-02
 0.2471762E-02
 0.2316084E-02
 0.2122863E-02
 0.1943682E-02
 0.1963029E-02
 0.1940090E-02
 0.1833173E-02
 0.1963260E-02
 0.1995242E-02
 0.1875684E-02
 0.1892943E-02
 0.1971952E-02
 0.1981417E-02
 0.1827187E-02
 0.1849667E-02
 0.1915021E-02
 0.1928226E-02
 0.1866699E-02
 0.1932873E-02
 0.1928595E-02
 0.1934909E-02
 0.1819527E-02
 0.1742802E-02
 0.1844584E-02
 0.1868035E-02
 0.1938975E-02
 0.1879355E-02
 0.1855703E-02
 0.1916223E-02
 0.1973621E-02
 0.1993791E-02
 0.1947348E-02
 0.1896404E-02
 0.1801848E-02
 0.1957015E-02
 0.1856436E-02
 0.1725129E-02
 0.1771051E-02
 0.1707075E-02
 0.1644890E-02
 0.1599231E-02
 0.1712117E-02
 0.1706645E-02
 0.1720814E-02
 0.1764505E-02
 0.1761446E-02
 0.1567434E-02
 0.1604053E-02
 0.1757528E-02
 0.1828504E-02
 0.1972593E-02
 0.1891369E-02
 0.1948253E-02
 0.2069193E-02
 0.1966432E-02
 0.1886268E-02
 0.2003910E-02
 0.2061202E-02
 0.2054157E-02
 0.2090691E-02
 0.2065943E-02
 0.1975889E-02
 0.1963942E-02
 0.1991358E-02
 0.1875917E-02
 0.1833494E-02
 0.1946317E-02
 0.1900829E-02
 0.1897320E-02
 0.1971504E-02
 0.1957715E-02
 0.2053169E-02
 0.2041452E-02
 0.2000462E-02
 0.1802621E-02
 0.1772391E-02
 0.1687251E-02
 0.1695655E-02
 0.1651858E-02
 0.1681078E-02
 0.1638457E-02
 0.1686052E-02
 0.1664172E-02
 0.1755935E-02
 0.1762577E-02
 0.1874398E-02
 0.1854461E-02
 0.1890095E-02
 0.1877404E-02
 0.1833628E-02
 0.1763348E-02
 0.1724425E-02
 0.1710760E-02
 0.1726225E-02
 0.1628336E-02
 0.1673941E-02
 0.1716962E-02
 0.1619234E-02
 0.1741381E-02
 0.1662089E-02
 0.1530870E-02
 0.1413750E-02
 0.1495035E-02
 0.1427693E-02
 0.1402713E-02
 0.1246514E-02
 0.1238894E-02
 0.1320101E-02
 0.1341779E-02
 0.1289054E-02
 0.1302833E-02
 0.1379663E-02
 0.1417460E-02
 0.1401125E-02
 0.1453147E-02
 0.1356197E-02
 0.1363831E-02
 0.1272333E-02
 0.1241626E-02
 0.1293393E-02
 0.1364162E-02
 0.1408944E-02
 0.1485234E-02
 0.1548971E-02
 0.1595801E-02
 0.1645651E-02
 0.1566924E-02
 0.1517802E-02
 0.1469437E-02
 0.1510020E-02
 0.1515421E-02
 0.1544125E-02
 0.1522109E-02
 0.1577403E-02
 0.1559031E-02
 0.1462199E-02
 0.1407506E-02
 0.1382437E-02
 0.1309715E-02
 0.1350590E-02
 0.1338512E-02
 0.1274237E-02
 0.1171582E-02
 0.1115974E-02
 0.1066084E-02
 0.1046439E-02
 0.1015950E-02
 0.1075923E-02
 0.1156745E-02
 0.1264483E-02
 0.1283301E-02
 0.1198097E-02
 0.1239727E-02
 0.1183610E-02
 0.1159799E-02
 0.1098962E-02
 0.1123958E-02
 0.1185522E-02
 0.1199272E-02
 0.1217539E-02
 0.9949265E-03
 0.1104490E-02
 0.1122338E-02
 0.1198690E-02
 0.1195479E-02
 0.1135843E-02
 0.1038275E-02
 0.1000167E-02
 0.9756391E-03
 0.1056670E-02
 0.1028792E-02
 0.1074434E-02
 0.9807928E-03
 0.1057682E-02
 0.1094291E-02
 0.1133865E-02
 0.1116562E-02
 0.1168958E-02
 0.1152992E-02
 0.1187531E-02
 0.1163370E-02
 0.1322281E-02
 0.1375467E-02
 0.1336879E-02
 0.1400119E-02
 0.1340789E-02
 0.1304758E-02
 0.1428752E-02
 0.1267360E-02
 0.1150219E-02
 0.1277430E-02
 0.1315634E-02
 0.1333337E-02
 0.1272874E-02
 0.1279001E-02
 0.1279586E-02
 0.1353345E-02
 0.1367083E-02
 0.1352219E-02
 0.1387659E-02
 0.1273170E-02
 0.1493131E-02
 0.1610749E-02
 0.1578550E-02
 0.1382275E-02
 0.1261643E-02
 0.1175546E-02
 0.1288691E-02
 0.1165988E-02
 0.1110303E-02
 0.1235869E-02
 0.1320861E-02
 0.1311013E-02
 0.1359587E-02
 0.1418691E-02
 0.1429123E-02
 0.1315413E-02
 0.1401219E-02
 0.1516589E-02
 0.1327773E-02
 0.1189956E-02
 0.1263787E-02
 0.1334435E-02
 0.1297264E-02
 0.1192218E-02
 0.1246115E-02
 0.1241458E-02
 0.1265161E-02
 0.1221921E-02
 0.1238700E-02
 0.1345317E-02
 0.1173241E-02
 0.1262847E-02
 0.1147519E-02
 0.1224350E-02
 0.1270967E-02
 0.1191726E-02
 0.1128320E-02
 0.1159763E-02
 0.1168402E-02
 0.1182730E-02
 0.1151912E-02
 0.1055143E-02
 0.1015836E-02
 0.1014424E-02
 0.1022025E-02
 0.9661258E-03
 0.8955199E-03
 0.9980514E-03
 0.1031519E-02
 0.1061362E-02
 0.1182272E-02
 0.1158675E-02
 0.1042468E-02
 0.1023795E-02
 0.1065463E-02
 0.1068180E-02
 0.1081427E-02
 0.1148458E-02
 0.1074580E-02
 0.9708610E-03
 0.9386757E-03
 0.1015958E-02
 0.1053541E-02
 0.1131443E-02
 0.1198111E-02
 0.1165637E-02
 0.1169538E-02
 0.1191331E-02
 0.1071333E-02
 0.1073545E-02
 0.1087524E-02
 0.1075182E-02
 0.1098779E-02
 0.1113226E-02
 0.1140426E-02
 0.1199436E-02
 0.1146963E-02
 0.1121949E-02
 0.1212953E-02
 0.1065387E-02
 0.9590250E-03
 0.9059150E-03
 0.8949909E-03
 0.8733502E-03
 0.9159553E-03
 0.9178347E-03
 0.1013176E-02
 0.1018507E-02
 0.1018486E-02
 0.9683027E-03
 0.9673251E-03
 0.9715647E-03
 0.9306360E-03
 0.8619501E-03
 0.8935012E-03
 0.9521715E-03
 0.8632093E-03
 0.8273775E-03
 0.8048702E-03
 0.8512553E-03
 0.9292490E-03
 0.9285430E-03
 0.8312443E-03
 0.8036744E-03
 0.8399238E-03
 0.8824280E-03
 0.8450686E-03
 0.8682666E-03
 0.8328432E-03
 0.7571371E-03
 0.7412029E-03
 0.7598951E-03
 0.7986177E-03
 0.7994592E-03
 0.8283569E-03
 0.8502165E-03
 0.8754431E-03
 0.8677088E-03
 0.8990679E-03
 0.9135046E-03
 0.9181587E-03
 0.9912669E-03
 0.1048457E-02
 0.8978618E-03
 0.8716518E-03
 0.9188750E-03
 0.8856275E-03
 0.1003154E-02
 0.9954679E-03
 0.9993425E-03
 0.1122769E-02
 0.1177181E-02
 0.1130182E-02
 0.1112805E-02
 0.1040530E-02
 0.1098766E-02
 0.1091594E-02
 0.1126994E-02
 0.1155443E-02
 0.1199687E-02
 0.1277947E-02
 0.1391104E-02
 0.1421789E-02
 0.1327690E-02
 0.1294733E-02
 0.1345238E-02
 0.1417991E-02
 0.1427359E-02
 0.1346092E-02
 0.1333155E-02
 0.1243209E-02
 0.1193348E-02
 0.1216770E-02
 0.1389222E-02
 0.1400045E-02
 0.1281070E-02
 0.1325133E-02
 0.1369558E-02
 0.1417871E-02
 0.1396889E-02
 0.1514006E-02
 0.1593617E-02
 0.1626575E-02
 0.1661904E-02
 0.1665825E-02
 0.1652014E-02
 0.1601183E-02
 0.1531545E-02
 0.1450799E-02
 0.1551999E-02
 0.1431418E-02
 0.1326121E-02
 0.1281490E-02
 0.1283626E-02
 0.1292258E-02
 0.1345685E-02
 0.1310492E-02
 0.1327203E-02
 0.1256763E-02
 0.1378852E-02
 0.1311180E-02
 0.1255429E-02
 0.1301615E-02
 0.1289145E-02
 0.1412022E-02
 0.1430695E-02
 0.1263410E-02
 0.1371830E-02
 0.1316909E-02
 0.1212944E-02
 0.1227934E-02
 0.1198282E-02
 0.1295319E-02
 0.1214795E-02
 0.1227390E-02
 0.1246087E-02
 0.1287564E-02
 0.1308035E-02
 0.1448899E-02
 0.1426157E-02
 0.1470540E-02
 0.1337631E-02
 0.1288885E-02
 0.1396509E-02
 0.1447926E-02
 0.1506917E-02
 0.1536447E-02
 0.1498140E-02
 0.1450271E-02
 0.1533625E-02
 0.1675683E-02
 0.1481124E-02
 0.1441010E-02
 0.1608499E-02
 0.1706331E-02
 0.1636957E-02
 0.1648959E-02
 0.1709664E-02
 0.1733392E-02
 0.1864226E-02
 0.1853913E-02
 0.1821936E-02
 0.1823098E-02
 0.1657075E-02
 0.1587633E-02
 0.1639174E-02
 0.1552465E-02
 0.1435684E-02
 0.1433978E-02
 0.1561284E-02
 0.1514581E-02
 0.1470863E-02
 0.1513315E-02
 0.1502615E-02
 0.1465636E-02
 0.1448983E-02
 0.1272304E-02
 0.1222452E-02
 0.1313899E-02
 0.1387104E-02
 0.1337034E-02
 0.1226312E-02
 0.1300769E-02
 0.1415747E-02
 0.1310543E-02
 0.1234258E-02
 0.1246630E-02
 0.1288269E-02
 0.1262158E-02
 0.1185088E-02
 0.1247972E-02
 0.1170410E-02
 0.1135172E-02
 0.1283050E-02
 0.1283081E-02
 0.1227795E-02
 0.1269920E-02
 0.1256437E-02
 0.1144208E-02
 0.1214075E-02
 0.1168006E-02
 0.1028227E-02
 0.1076470E-02
 0.1047164E-02
 0.1122733E-02
 0.1112015E-02
 0.1139635E-02
 0.1132411E-02
 0.1094440E-02
 0.1129697E-02
 0.1135811E-02
 0.1044295E-02
 0.1010186E-02
 0.1003874E-02
 0.9780105E-03
 0.9272242E-03
 0.8581242E-03
 0.8192981E-03
 0.8181001E-03
 0.8006098E-03
 0.8557628E-03
 0.9022901E-03
 0.8261744E-03
 0.8639613E-03
 0.8843829E-03
 0.8774443E-03
 0.8454531E-03
 0.8547196E-03
 0.8298091E-03
 0.8166825E-03
 0.8642550E-03
 0.7890160E-03
 0.7682097E-03
 0.8509191E-03
 0.9504860E-03
 0.8928873E-03
 0.7881095E-03
 0.8354394E-03
 0.9047147E-03
 0.8788036E-03
 0.9484637E-03
 0.8434966E-03
 0.7456201E-03
 0.7298574E-03
 0.8286284E-03
 0.7975376E-03
 0.6877411E-03
 0.7602090E-03
 0.7197146E-03
 0.7476997E-03
 0.7814893E-03
 0.7702938E-03
 0.7704189E-03
 0.8045835E-03
 0.7509029E-03
 0.7011910E-03
 0.7880451E-03
 0.8485521E-03
 0.7733580E-03
 0.7774286E-03
 0.7968742E-03
 0.8647807E-03
 0.8033848E-03
 0.7481487E-03
 0.7084997E-03
 0.7091295E-03
 0.7044707E-03
 0.7348015E-03
 0.6906480E-03
 0.7223186E-03
 0.6872472E-03
 0.6866487E-03
 0.6852667E-03
 0.6844316E-03
 0.6722599E-03
 0.6791822E-03
 0.6023594E-03
 0.6483858E-03
 0.6532937E-03
 0.6501905E-03
 0.6443618E-03
 0.6356955E-03
 0.6242432E-03
 0.6287796E-03
 0.6292671E-03
 0.6388306E-03
 0.6140010E-03
 0.6388229E-03
 0.6692689E-03
 0.6634917E-03
 0.6691205E-03
 0.6748594E-03
 0.5906571E-03
 0.6722847E-03
 0.6541671E-03
 0.6171052E-03
 0.5844988E-03
 0.6042963E-03
 0.5605387E-03
 0.5844476E-03
 0.5281855E-03
 0.5145954E-03
 0.4960873E-03
 0.4970636E-03
 0.5358360E-03
 0.5543113E-03
 0.5968824E-03
 0.5386495E-03
 0.5028909E-03
 0.5040764E-03
 0.5135621E-03
 0.5633918E-03
 0.5919606E-03
 0.5543117E-03
 0.5672876E-03
 0.5565586E-03
 0.6407137E-03
 0.6385800E-03
 0.6597251E-03
 0.6699746E-03
 0.6637227E-03
 0.6737793E-03
 0.6915048E-03
 0.6394497E-03
 0.6861539E-03
 0.6482666E-03
 0.6707850E-03
 0.7695493E-03
 0.7796826E-03
 0.7667383E-03
 0.6742425E-03
 0.8222853E-03
 0.7351727E-03
 0.8094735E-03
 0.7793146E-03
 0.8982949E-03
 0.8742215E-03
 0.8436363E-03
 0.8148966E-03
 0.8508334E-03
 0.9005636E-03
 0.8924360E-03
 0.8090729E-03
 0.9303180E-03
 0.9519189E-03
 0.8396990E-03
 0.8638896E-03
 0.9104095E-03
 0.8765069E-03
 0.8171316E-03
 0.7969019E-03
 0.8276954E-03
 0.9059074E-03
 0.8842824E-03
 0.9671193E-03
 0.1009290E-02
 0.9094801E-03
 0.9748978E-03
 0.9133291E-03
 0.9095408E-03
 0.8977051E-03
 0.8985983E-03
 0.8282647E-03
 0.8002580E-03
 0.7914784E-03
 0.8376789E-03
 0.8514708E-03
 0.7784105E-03
 0.7386028E-03
 0.7484753E-03
 0.7799805E-03
 0.8316095E-03
 0.7614528E-03
 0.7666116E-03
 0.7756947E-03
 0.7598700E-03
 0.9226847E-03
 0.9091165E-03
 0.8556824E-03
 0.8813685E-03
 0.8309451E-03
 0.9240039E-03
 0.9312546E-03
 0.9034571E-03
 0.9559679E-03
 0.9293429E-03
 0.9180672E-03
 0.1030253E-02
 0.1112946E-02
 0.1190147E-02
 0.1072387E-02
 0.1079863E-02
 0.1119686E-02
 0.1180982E-02
 0.1044266E-02
 0.9495424E-03
 0.9306223E-03
 0.9138775E-03
 0.9451718E-03
 0.9282184E-03
 0.9286441E-03
 0.9070012E-03
 0.9166299E-03
 0.9135835E-03
 0.8422782E-03
 0.8278425E-03
 0.8459637E-03
 0.8477075E-03
 0.7731077E-03
 0.8343685E-03
 0.8861110E-03
 0.7771161E-03
 0.7752096E-03
 0.7963371E-03
 0.7930832E-03
 0.8032685E-03
 0.7357964E-03
 0.7358416E-03
 0.6718025E-03
 0.6216171E-03
 0.6498012E-03
 0.6716754E-03
 0.6933173E-03
 0.5853695E-03
 0.5777641E-03
 0.4953136E-03
 0.5433779E-03
 0.4284019E-03
 0.4079584E-03
 0.4547216E-03
 0.4493942E-03
 0.4367873E-03
 0.4366237E-03
 0.4281685E-03
 0.4140761E-03
 0.4291647E-03
 0.4324606E-03
 0.4284313E-03
 0.3933595E-03
 0.3710959E-03
 0.3790436E-03
 0.3680098E-03
 0.3469036E-03
 0.3450813E-03
 0.3751188E-03
 0.4053519E-03
 0.4205555E-03
 0.4468177E-03
 0.4727132E-03
 0.4853483E-03
 0.4831316E-03
 0.5392059E-03
 0.5506386E-03
 0.4734970E-03
 0.4082445E-03
 0.4302543E-03
 0.4548977E-03
 0.3999353E-03
 0.4298673E-03
 0.4297206E-03
 0.4926135E-03
 0.5315840E-03
 0.5414368E-03
 0.4805138E-03
 0.4160771E-03
 0.4203042E-03
 0.3966282E-03
 0.3552923E-03
 0.4482067E-03
 0.4193461E-03
 0.5036661E-03
 0.4838619E-03
 0.4928273E-03
 0.4473072E-03
 0.4987369E-03
 0.4620838E-03
 0.4195484E-03
 0.3835135E-03
 0.4048247E-03
 0.3970131E-03
 0.4321854E-03
 0.4588254E-03
 0.4447507E-03
 0.4730622E-03
 0.4493800E-03
 0.4512921E-03
 0.4329710E-03
 0.4537991E-03
 0.3980300E-03
 0.4113792E-03
 0.4269153E-03
 0.4854818E-03
 0.4395852E-03
 0.4737318E-03
 0.4852187E-03
 0.4841691E-03
 0.5160579E-03
 0.4708385E-03
 0.5265242E-03
 0.5028270E-03
 0.4891240E-03
 0.4797651E-03
 0.4360607E-03
 0.4801993E-03
 0.5123873E-03
 0.5372879E-03
 0.5447944E-03
 0.5389158E-03
 0.5219185E-03
 0.5352696E-03
 0.6569308E-03
 0.6093864E-03
 0.6675494E-03
 0.6542063E-03
 0.6605864E-03
 0.6609629E-03
 0.6821977E-03
 0.7125627E-03
 0.6736184E-03
 0.6323981E-03
 0.7157504E-03
 0.7776795E-03
 0.7486052E-03
 0.7414135E-03
 0.7176446E-03
 0.7735671E-03
 0.6700669E-03
 0.6179188E-03
 0.5884557E-03
 0.5882522E-03
 0.6185629E-03
 0.5983621E-03
 0.5941171E-03
 0.6209566E-03
 0.5971561E-03
 0.5804264E-03
 0.6257481E-03
 0.6737915E-03
 0.6970365E-03
 0.7246719E-03
 0.6960598E-03
 0.6726737E-03
 0.7246246E-03
 0.7546676E-03
 0.6993269E-03
 0.6299449E-03
 0.7059229E-03
 0.7042609E-03
 0.7042520E-03
 0.7601709E-03
 0.7197295E-03
 0.6604620E-03
 0.5639534E-03
 0.5016089E-03
 0.5669463E-03
 0.5048774E-03
 0.5247931E-03
 0.4759155E-03
 0.5295577E-03
 0.4798945E-03
 0.4382568E-03
 0.4979409E-03
 0.5092554E-03
 0.5062979E-03
 0.5344038E-03
 0.5754418E-03
 0.6305770E-03
 0.6388354E-03
 0.6435226E-03
 0.6120276E-03
 0.5571242E-03
 0.5809954E-03
 0.5838169E-03
 0.6014759E-03
 0.5470240E-03
 0.5259931E-03
 0.5053784E-03
 0.4559313E-03
 0.5223794E-03
 0.4306032E-03
 0.4540488E-03
 0.4916420E-03
 0.3953158E-03
 0.4127716E-03
 0.3932242E-03
 0.3790082E-03
 0.3497736E-03
 0.3637045E-03
 0.4084189E-03
 0.3826300E-03
 0.4107933E-03
 0.4650090E-03
 0.5309124E-03
 0.4341916E-03
 0.3670376E-03
 0.3852018E-03
 0.4546603E-03
 0.4234867E-03
 0.3900286E-03
 0.3630835E-03
 0.3574856E-03
 0.3495658E-03
 0.3030919E-03
 0.2884278E-03
 0.2922814E-03
 0.2812197E-03
 0.2775399E-03
 0.2817572E-03
 0.2168401E-03
 0.2137672E-03
 0.2495394E-03
 0.2875379E-03
 0.2659738E-03
 0.2826283E-03
 0.3595825E-03
 0.3290183E-03
 0.3632512E-03
 0.3709676E-03
 0.3390773E-03
 0.2783784E-03
 0.2983631E-03
 0.2980426E-03
 0.2343367E-03
 0.2592065E-03
 0.3163259E-03
 0.2990091E-03
 0.2794398E-03
 0.2897901E-03
 0.3103185E-03
 0.3311839E-03
 0.3267736E-03
 0.3313544E-03
 0.2904969E-03
 0.2926991E-03
 0.3280874E-03
 0.3241851E-03
 0.3648508E-03
 0.4337851E-03
 0.3495251E-03
 0.3267612E-03
 0.3429692E-03
 0.3130823E-03
 0.3355867E-03
 0.3677308E-03
 0.4443249E-03
 0.4345879E-03
 0.4109719E-03
 0.4099732E-03
 0.3512956E-03
 0.4159002E-03
 0.3705568E-03
 0.4443190E-03
 0.4275705E-03
 0.3981231E-03
 0.4209714E-03
 0.4344789E-03
 0.3809365E-03
 0.4306633E-03
 0.3987909E-03
 0.4188668E-03
 0.4475079E-03
 0.4376777E-03
 0.4252265E-03
 0.4799990E-03
 0.4777995E-03
 0.4833168E-03
 0.4374767E-03
 0.4219415E-03
 0.4390826E-03
 0.4607390E-03
 0.4776097E-03
 0.5227933E-03
 0.4787198E-03
 0.5093642E-03
 0.4548221E-03
 0.5095943E-03
 0.4486754E-03
 0.4590878E-03
 0.4704436E-03
 0.4634236E-03
 0.4138079E-03
 0.4467463E-03
 0.4886155E-03
 0.4527581E-03
 0.4114309E-03
 0.4447349E-03
 0.4437627E-03
 0.4565787E-03
 0.4528685E-03
 0.4801385E-03
 0.4829612E-03
 0.4805624E-03
 0.5034579E-03
 0.5044157E-03
 0.5242356E-03
 0.5398356E-03
 0.5684642E-03
 0.6448678E-03
 0.6801863E-03
 0.6176284E-03
 0.6270962E-03
 0.6312531E-03
 0.6587204E-03
 0.6522062E-03
 0.6550378E-03
 0.5696144E-03
 0.6005666E-03
 0.5324546E-03
 0.4848942E-03
 0.4364152E-03
 0.4693601E-03
 0.5624877E-03
 0.5217996E-03
 0.4922942E-03
 0.4539792E-03
 0.5115689E-03
 0.4445800E-03
 0.3878163E-03
 0.3957640E-03
 0.3563909E-03
 0.3682444E-03
 0.3411527E-03
 0.3156927E-03
 0.3729368E-03
 0.3495024E-03
 0.3249752E-03
 0.3307468E-03
 0.3078430E-03
 0.3103626E-03
 0.3052148E-03
 0.3286206E-03
 0.3392762E-03
 0.3479521E-03
 0.3998080E-03
 0.4618171E-03
 0.4835911E-03
 0.4733548E-03
 0.4334631E-03
 0.4586813E-03
 0.5685092E-03
 0.5940848E-03
 0.5821576E-03
 0.5583867E-03
 0.6566062E-03
 0.6806550E-03
 0.6470983E-03
 0.6640530E-03
 0.6602235E-03
 0.6858933E-03
 0.7174142E-03
 0.6457517E-03
 0.5674005E-03
 0.5183576E-03
 0.5355539E-03
 0.4946278E-03
 0.5660235E-03
 0.5622264E-03
 0.5834686E-03
 0.5399739E-03
 0.5375636E-03
 0.5894740E-03
 0.6139586E-03
 0.6240051E-03
 0.7351532E-03
 0.7797281E-03
 0.8107344E-03
 0.9140498E-03
 0.8040306E-03
 0.7442997E-03
 0.6732105E-03
 0.6791112E-03
 0.6826420E-03
 0.7387220E-03
 0.7404736E-03
 0.7417191E-03
 0.7645515E-03
 0.8409821E-03
 0.8650732E-03
 0.8758783E-03
 0.8585011E-03
 0.9562557E-03
 0.9784339E-03
 0.8807302E-03
 0.8497766E-03
 0.9259148E-03
 0.9722577E-03
 0.8870529E-03
 0.9460613E-03
 0.1001616E-02
 0.1041830E-02
 0.1114868E-02
 0.1183042E-02
 0.1101648E-02
 0.1192610E-02
 0.1009998E-02
 0.1140332E-02
 0.1136150E-02
 0.1220329E-02
 0.1225591E-02
 0.1304282E-02
 0.1354603E-02
 0.1214856E-02
 0.1218997E-02
 0.1258850E-02
 0.1332906E-02
 0.1212835E-02
 0.1168811E-02
 0.1164855E-02
 0.1092548E-02
 0.1102329E-02
 0.1082051E-02
 0.1102352E-02
 0.1158389E-02
 0.1212533E-02
 0.1135777E-02
 0.1125348E-02
 0.1170063E-02
 0.1086075E-02
 0.1179695E-02
 0.1152210E-02
 0.1115753E-02
 0.1108131E-02
 0.1156220E-02
 0.1134759E-02
 0.1186771E-02
 0.1201670E-02
 0.1176643E-02
 0.1119724E-02
 0.1123724E-02
 0.1108353E-02
 0.1121898E-02
 0.1136699E-02
 0.9677061E-03
 0.1032870E-02
 0.1113767E-02
 0.1128201E-02
 0.1191876E-02
 0.1156047E-02
 0.1047875E-02
 0.1100481E-02
 0.1130141E-02
 0.1181445E-02
 0.1087696E-02
 0.1105259E-02
 0.1067836E-02
 0.1191274E-02
 0.1194033E-02
 0.1153555E-02
 0.1237037E-02
 0.1345810E-02
 0.1186371E-02
 0.1002256E-02
 0.1104872E-02
 0.1042186E-02
 0.1029029E-02
 0.9928704E-03
 0.9924280E-03
 0.1016978E-02
 0.1029436E-02
 0.1006701E-02
 0.8529510E-03
 0.7681993E-03
 0.7682050E-03
 0.7602815E-03
 0.7727819E-03
 0.7286917E-03
 0.7593593E-03
 0.7889889E-03
 0.7738634E-03
 0.8170647E-03
 0.8589524E-03
 0.7832149E-03
 0.7143849E-03
 0.6084263E-03
 0.6669307E-03
 0.6428777E-03
 0.5895587E-03
 0.4706618E-03
 0.4903738E-03
 0.4820074E-03
 0.4715500E-03
 0.5200440E-03
 0.4459768E-03
 0.3950326E-03
 0.2974744E-03
 0.2678678E-03
 0.3079240E-03
 0.3412815E-03
 0.3558367E-03
 0.3797754E-03
 0.3305101E-03
 0.3249287E-03
 0.4196853E-03
 0.4425036E-03
 0.3998881E-03
 0.3653304E-03
 0.3231643E-03
 0.3393183E-03
 0.3386193E-03
 0.2944345E-03
 0.2803095E-03
 0.3037890E-03
 0.2444851E-03
 0.2747612E-03
 0.2529861E-03
 0.2269122E-03
 0.2237159E-03
 0.2678125E-03
 0.2898286E-03
 0.2865999E-03
 0.2520857E-03
 0.2286587E-03
 0.2385784E-03
 0.2169806E-03
 0.2686355E-03
 0.2526564E-03
 0.2148516E-03
 0.2154888E-03
 0.2168933E-03
 0.2200050E-03
 0.2021099E-03
 0.2894397E-03
 0.2713180E-03
 0.2830794E-03
 0.2907845E-03
 0.2926311E-03
 0.3171496E-03
 0.3245219E-03
 0.2820548E-03
 0.3114547E-03
 0.3983757E-03
 0.3457396E-03
 0.3111512E-03
 0.3390714E-03
 0.3380983E-03
 0.3060708E-03
 0.2463764E-03
 0.2413216E-03
 0.2951157E-03
 0.2774055E-03
 0.3098740E-03
 0.2327526E-03
 0.2114927E-03
 0.2907387E-03
 0.2382680E-03
 0.2611351E-03
 0.2801476E-03
 0.3385270E-03
 0.2743674E-03
 0.2777309E-03
 0.2926318E-03
 0.3024294E-03
 0.2638066E-03
 0.2677701E-03
 0.2947709E-03
 0.3133199E-03
 0.2953029E-03
 0.2972189E-03
 0.3186780E-03
 0.3431042E-03
 0.2834113E-03
 0.3052034E-03
 0.3372324E-03
 0.3373352E-03
 0.3788618E-03
 0.3718624E-03
 0.3296760E-03
 0.3422957E-03
 0.3560536E-03
 0.3219933E-03
 0.2972530E-03
 0.2849690E-03
 0.2970337E-03
 0.2322446E-03
 0.2117773E-03
 0.1914848E-03
 0.2309518E-03
 0.2829230E-03
 0.2410035E-03
 0.2053663E-03
 0.1821721E-03
 0.1979500E-03
 0.1705035E-03
 0.1913738E-03
 0.2141760E-03
 0.2188946E-03
 0.1934379E-03
 0.2546223E-03
 0.2387016E-03
 0.2659628E-03
 0.2573419E-03
 0.2808165E-03
 0.2753684E-03
 0.2827273E-03
 0.3228815E-03
 0.3385306E-03
 0.4025597E-03
 0.3557460E-03
 0.3664869E-03
 0.3380594E-03
 0.3167162E-03
 0.2894076E-03
 0.3440848E-03
 0.4004090E-03
 0.4184975E-03
 0.4362700E-03
 0.4723850E-03
 0.4276215E-03
 0.4442069E-03
 0.4831287E-03
 0.4303517E-03
 0.5149347E-03
 0.4693738E-03
 0.4729843E-03
 0.3785056E-03
 0.3360104E-03
 0.3560010E-03
 0.3266275E-03
 0.3291691E-03
 0.3254790E-03
 0.3069283E-03
 0.2852533E-03
 0.2888031E-03
 0.2814866E-03
 0.3197878E-03
 0.3206076E-03
 0.3482434E-03
 0.3475750E-03
 0.3460926E-03
 0.3426579E-03
 0.3327553E-03
 0.3693631E-03
 0.4245927E-03
 0.3793192E-03
 0.3773039E-03
 0.3445239E-03
 0.3609972E-03
 0.3368921E-03
 0.2837858E-03
 0.3164156E-03
 0.3153892E-03
 0.3283776E-03
 0.2930420E-03
 0.2770521E-03
 0.2487149E-03
 0.2628184E-03
 0.2241571E-03
 0.2649415E-03
 0.2791884E-03
 0.2999509E-03
 0.2700263E-03
 0.2622484E-03
 0.2389531E-03
 0.2443670E-03
 0.2412350E-03
 0.2300807E-03
 0.1893757E-03
 0.1780938E-03
 0.1646107E-03
 0.1572760E-03
 0.1715240E-03
 0.1783765E-03
 0.1476416E-03
 0.1423087E-03
 0.1490382E-03
 0.1568261E-03
 0.2026653E-03
 0.2083346E-03
 0.2248070E-03
 0.2003755E-03
 0.1986060E-03
 0.1922145E-03
 0.1844470E-03
 0.1556480E-03
 0.1560093E-03
 0.1445704E-03
 0.1247183E-03
 0.1226475E-03
 0.1240195E-03
 0.1255521E-03
 0.1363208E-03
 0.1537613E-03
 0.1429772E-03
 0.1368805E-03
 0.1232325E-03
 0.1329942E-03
 0.1199789E-03
 0.1318376E-03
 0.1332284E-03
 0.1882400E-03
 0.1611150E-03
 0.1414840E-03
 0.1627318E-03
 0.1433435E-03
 0.1568186E-03
 0.1556468E-03
 0.1630878E-03
 0.1636186E-03
 0.1804750E-03
 0.1963532E-03
 0.2184888E-03
 0.2491867E-03
 0.2395452E-03
 0.2604923E-03
 0.2678896E-03
 0.2458373E-03
 0.2123545E-03
 0.2051167E-03
 0.2138035E-03
 0.2494639E-03
 0.1916448E-03
 0.1496275E-03
 0.1481974E-03
 0.1541337E-03
 0.1337597E-03
 0.1279121E-03
 0.1554586E-03
 0.1450561E-03
 0.1569722E-03
 0.1564651E-03
 0.1198415E-03
 0.1237538E-03
 0.1215751E-03
 0.1188654E-03
 0.1161766E-03
 0.1315002E-03
 0.1583886E-03
 0.1909103E-03
 0.1721121E-03
 0.1432989E-03
 0.1516165E-03
 0.1442470E-03
 0.1277351E-03
 0.1403599E-03
 0.1665486E-03
 0.1907543E-03
 0.1343173E-03
 0.1188747E-03
 0.1098377E-03
 0.1117220E-03
 0.1185587E-03
 0.1255695E-03
 0.1460115E-03
 0.1450454E-03
 0.1221842E-03
 0.1387158E-03
 0.1541216E-03
 0.1656953E-03
 0.1570451E-03
 0.1786233E-03
 0.1847115E-03
 0.1669573E-03
 0.1717690E-03
 0.1761416E-03
 0.1755348E-03
 0.2348872E-03
 0.1906038E-03
 0.1905739E-03
 0.2222525E-03
 0.2131510E-03
 0.2592100E-03
 0.2370148E-03
 0.2790121E-03
 0.3702718E-03
 0.4258101E-03
 0.4508201E-03
 0.4589798E-03
 0.4407121E-03
 0.3690669E-03
 0.4141446E-03
 0.4436483E-03
 0.5105108E-03
 0.4812622E-03
 0.5593862E-03
 0.4649671E-03
 0.5185424E-03
 0.5165942E-03
 0.5657394E-03
 0.5560343E-03
 0.4980993E-03
 0.4744557E-03
 0.5936723E-03
 0.6092317E-03
 0.5654991E-03
 0.6333253E-03
 0.6529252E-03
 0.6053522E-03
 0.6423898E-03
 0.6857531E-03
 0.6523346E-03
 0.5704183E-03
 0.6571823E-03
 0.7206960E-03
 0.6712554E-03
 0.5941002E-03
 0.6422248E-03
 0.6707777E-03
 0.5916875E-03
 0.6352662E-03
 0.6272234E-03
 0.6192366E-03
 0.5516526E-03
 0.4686166E-03
 0.4432774E-03
 0.4446724E-03
 0.3507006E-03
 0.3212057E-03
 0.2949087E-03
 0.2502589E-03
 0.2649646E-03
 0.2798457E-03
 0.2587874E-03
 0.2265831E-03
 0.2489569E-03
 0.2364772E-03
 0.2091651E-03
 0.2333876E-03
 0.1857680E-03
 0.2063316E-03
 0.1952847E-03
 0.1795737E-03
 0.1464266E-03
 0.1499617E-03
 0.1324533E-03
 0.1362156E-03
 0.1333940E-03
 0.1294081E-03
 0.1378732E-03
 0.1231312E-03
 0.1273376E-03
 0.1284244E-03
 0.1340814E-03
 0.1272615E-03
 0.1289133E-03
 0.1212743E-03
 0.1188181E-03
 0.1179020E-03
 0.1288347E-03
 0.1300794E-03
 0.1507239E-03
 0.1558805E-03
 0.1562287E-03
 0.1916241E-03
 0.1620253E-03
 0.1273035E-03
 0.1311886E-03
 0.1390783E-03
 0.1317694E-03
 0.1330346E-03
 0.1316528E-03
 0.1142183E-03
 0.1308255E-03
 0.1929517E-03
 0.1944233E-03
 0.2001198E-03
 0.2172910E-03
 0.2029356E-03
 0.1750017E-03
 0.1745884E-03
 0.1347386E-03
 0.1324583E-03
 0.1421974E-03
 0.1363844E-03
 0.1358998E-03
 0.1600224E-03
 0.1203984E-03
 0.1176019E-03
 0.1324749E-03
 0.1288828E-03
 0.1188810E-03
 0.1301752E-03
 0.1244406E-03
 0.1176703E-03
 0.1355875E-03
 0.1345753E-03
 0.1308940E-03
 0.1143568E-03
 0.1155589E-03
 0.1117065E-03
 0.1277714E-03
 0.1531231E-03
 0.1458391E-03
 0.1339082E-03
 0.1300615E-03
 0.1002992E-03
 0.9992554E-04
 0.9605918E-04
 0.8704907E-04
 0.9884547E-04
 0.8430422E-04
 0.7624686E-04
 0.7651294E-04
 0.7577841E-04
 0.7986055E-04
 0.7994054E-04
 0.8123292E-04
 0.7411645E-04
 0.7454138E-04
 0.7368101E-04
 0.7015874E-04
 0.6956366E-04
 0.6909716E-04
 0.6880127E-04
 0.6891575E-04
 0.6880605E-04
 0.7070305E-04
 0.6802305E-04
 0.6531660E-04
 0.6503579E-04
 0.6865456E-04
 0.7132438E-04
 0.7414529E-04
 0.7982997E-04
 0.1040373E-03
 0.9976628E-04
 0.1165152E-03
 0.9953485E-04
 0.7925526E-04
 0.8971869E-04
 0.7504430E-04
 0.7296823E-04
 0.7946150E-04
 0.6783753E-04
 0.6537826E-04
 0.7089317E-04
 0.6708238E-04
 0.6423093E-04
 0.6373148E-04
 0.6259041E-04
 0.6239077E-04
 0.6203965E-04
 0.6097345E-04
 0.6236526E-04
 0.6631800E-04
 0.8181727E-04
 0.7183106E-04
 0.6640099E-04
 0.6558353E-04
 0.6589672E-04
 0.6612325E-04
 0.6088511E-04
 0.5935046E-04
 0.5910088E-04
 0.5957692E-04
 0.5907521E-04
 0.5889435E-04
 0.5913423E-04
 0.6017273E-04
 0.7227430E-04
 0.6246225E-04
 0.7113185E-04
 0.6294412E-04
 0.6111723E-04
 0.5908247E-04
 0.5764403E-04
 0.5672200E-04
 0.5618114E-04
 0.5604516E-04
 0.5607230E-04
 0.5653531E-04
 0.5690672E-04
 0.5838042E-04
 0.6238614E-04
 0.5843618E-04
 0.5772534E-04
 0.5873053E-04
 0.6052120E-04
 0.6157697E-04
 0.6163678E-04
 0.6236501E-04
 0.6463017E-04
 0.6996816E-04
 0.8482713E-04
 0.1041637E-03
 0.9903394E-04
 0.9323220E-04
 0.8127172E-04
 0.8906033E-04
 0.1136133E-03
 0.1214504E-03
 0.1015464E-03
 0.1029173E-03
 0.1159676E-03
 0.1301662E-03
 0.1378656E-03
 0.1331004E-03
 0.1535302E-03
 0.1330577E-03
 0.1267005E-03
 0.1373460E-03
 0.1699504E-03
 0.1103810E-03
 0.1306137E-03
 0.1341282E-03
 0.1023526E-03
 0.1009936E-03
 0.1198873E-03
 0.1431291E-03
 0.1341522E-03
 0.1425341E-03
 0.1694241E-03
 0.1972157E-03
 0.2149387E-03
 0.1632521E-03
 0.1473626E-03
 0.1718059E-03
 0.1901944E-03
 0.2097191E-03
 0.2301399E-03
 0.2244236E-03
 0.2565927E-03
 0.2201687E-03
 0.2040093E-03
 0.1811636E-03
 0.1682458E-03
 0.1837444E-03
 0.1688744E-03
 0.1647748E-03
 0.1519109E-03
 0.1673568E-03
 0.1543583E-03
 0.1697154E-03
 0.1541824E-03
 0.1560168E-03
 0.1718243E-03
 0.1565764E-03
 0.1322613E-03
 0.1501286E-03
 0.1099734E-03
 0.1205154E-03
 0.1150627E-03
 0.9587355E-04
 0.1027602E-03
 0.1076455E-03
 0.1059499E-03
 0.9879352E-04
 0.9838925E-04
 0.8942548E-04
 0.9954733E-04
 0.1212823E-03
 0.9627016E-04
 0.9612737E-04
 0.1230183E-03
 0.1097061E-03
 0.1355687E-03
 0.1850475E-03
 0.1633669E-03
 0.1213817E-03
 0.1115092E-03
 0.1211572E-03
 0.1146652E-03
 0.1340469E-03
 0.1087242E-03
 0.1188718E-03
 0.1116903E-03
 0.1095422E-03
 0.1000483E-03
 0.9661838E-04
 0.9522331E-04
 0.9389521E-04
 0.9965100E-04
 0.9028627E-04
 0.8696222E-04
 0.8416463E-04
 0.8951845E-04
 0.8562931E-04
 0.9018154E-04
 0.1203999E-03
 0.1100472E-03
 0.1013964E-03
 0.9568714E-04
 0.9878783E-04
 0.1182372E-03
 0.1223878E-03
 0.1363008E-03
 0.1466839E-03
 0.1738542E-03
 0.1166794E-03
 0.1213260E-03
 0.1149396E-03
 0.1276089E-03
 0.1303687E-03
 0.1057599E-03
 0.9663815E-04
 0.1187786E-03
 0.1245572E-03
 0.1361024E-03
 0.1042684E-03
 0.1072674E-03
 0.1201508E-03
 0.1651887E-03
 0.1634312E-03
 0.1340244E-03
 0.1076173E-03
 0.1290905E-03
 0.9781828E-04
 0.9924497E-04
 0.9718507E-04
 0.1123392E-03
 0.9829798E-04
 0.7899131E-04
 0.8787697E-04
 0.7917940E-04
 0.8902736E-04
 0.1020472E-03
 0.9904391E-04
 0.9295671E-04
 0.1104121E-03
 0.8781374E-04
 0.8373663E-04
 0.8619198E-04
 0.9752640E-04
 0.1359096E-03
 0.1241092E-03
 0.1148737E-03
 0.1498473E-03
 0.1587402E-03
 0.1463408E-03
 0.1295810E-03
 0.1140929E-03
 0.9955523E-04
 0.1157850E-03
 0.1401810E-03
 0.1334171E-03
 0.1160456E-03
 0.1122058E-03
 0.1040735E-03
 0.1263744E-03
 0.1255926E-03
 0.1266176E-03
 0.1218168E-03
 0.1067394E-03
 0.1085736E-03
 0.1066483E-03
 0.1162762E-03
 0.1195252E-03
 0.1296677E-03
 0.1208277E-03
 0.1008268E-03
 0.8577152E-04
 0.8899868E-04
 0.1000732E-03
 0.8898423E-04
 0.8688839E-04
 0.7841347E-04
 0.7963717E-04
 0.7905618E-04
 0.7921182E-04
 0.8606723E-04
 0.8587898E-04
 0.8666606E-04
 0.8840054E-04
 0.1100537E-03
 0.8329245E-04
 0.7439037E-04
 0.7507092E-04
 0.7741210E-04
 0.7854665E-04
 0.7545849E-04
 0.7292170E-04
 0.7191836E-04
 0.7316516E-04
 0.8240881E-04
 0.7831377E-04
 0.8835871E-04
 0.7907946E-04
 0.7831163E-04
 0.8196128E-04
 0.8782649E-04
 0.8377290E-04
 0.7996114E-04
 0.8373303E-04
 0.9220823E-04
 0.8484632E-04
 0.8637811E-04
 0.9147125E-04
 0.9180463E-04
 0.8395015E-04
 0.8356434E-04
 0.8028239E-04
 0.7851940E-04
 0.7930628E-04
 0.7931861E-04
 0.8225102E-04
 0.7593834E-04
 0.7483042E-04
 0.7470112E-04
 0.7797814E-04
 0.7874259E-04
 0.8069063E-04
 0.9482968E-04
 0.1026305E-03
 0.1204665E-03
 0.1029746E-03
 0.8747973E-04
 0.7870894E-04
 0.7527367E-04
 0.7486654E-04
 0.7692563E-04
 0.7814055E-04
 0.8305882E-04
 0.8335164E-04
 0.8340885E-04
 0.9876596E-04
 0.1088107E-03
 0.9415218E-04
 0.1007556E-03
 0.1068265E-03
 0.8699919E-04
 0.8434744E-04
 0.8205176E-04
 0.7736332E-04
 0.7688829E-04
 0.7837168E-04
 0.8566449E-04
 0.8046551E-04
 0.8401304E-04
 0.9687858E-04
 0.1180731E-03
 0.1317815E-03
 0.1116087E-03
 0.1314341E-03
 0.1170600E-03
 0.9472086E-04
 0.9468416E-04
 0.9447551E-04
 0.1032311E-03
 0.1048715E-03
 0.1010510E-03
 0.1227902E-03
 0.1302528E-03
 0.1260076E-03
 0.1235063E-03
 0.1155839E-03
 0.1170344E-03
 0.1354047E-03
 0.1381623E-03
 0.1518769E-03
 0.2172862E-03
 0.1792080E-03
 0.1855489E-03
 0.2068239E-03
 0.1606928E-03
 0.1876831E-03
 0.2091266E-03
 0.2391009E-03
 0.2297231E-03
 0.2000251E-03
 0.1536235E-03
 0.1607550E-03
 0.1561368E-03
 0.1591804E-03
 0.1473972E-03
 0.1742426E-03
 0.1481827E-03
 0.1303780E-03
 0.1406386E-03
 0.1195292E-03
 0.1079817E-03
 0.1429618E-03
 0.1000500E-03
 0.9966225E-04
 0.1147046E-03
 0.1502292E-03
 0.1586891E-03
 0.1566672E-03
 0.1548748E-03
 0.1972955E-03
 0.1634427E-03
 0.1246043E-03
 0.1155523E-03
 0.1148589E-03
 0.1295100E-03
 0.1105874E-03
 0.1027323E-03
 0.9804767E-04
 0.8958268E-04
 0.1167592E-03
 0.1118480E-03
 0.1127977E-03
 0.1049819E-03
 0.9380170E-04
 0.9169870E-04
 0.8301901E-04
 0.8520710E-04
 0.8365797E-04
 0.9927582E-04
 0.9417020E-04
 0.7409278E-04
 0.6816373E-04
 0.6544767E-04
 0.6203421E-04
 0.6043644E-04
 0.6019740E-04
 0.6080319E-04
 0.6002697E-04
 0.5769434E-04
 0.5731733E-04
 0.5770210E-04
 0.5665324E-04
 0.5517160E-04
 0.5422612E-04
 0.5416856E-04
 0.5396877E-04
 0.5403756E-04
 0.5449491E-04
 0.5573375E-04
 0.5758082E-04
 0.5651353E-04
 0.5567461E-04
 0.5592373E-04
 0.5539092E-04
 0.5487068E-04
 0.5450077E-04
 0.5543475E-04
 0.5483070E-04
 0.5339353E-04
 0.5284985E-04
 0.5279515E-04
 0.5276100E-04
 0.5277623E-04
 0.5335180E-04
 0.5336062E-04
 0.5286348E-04
 0.5305689E-04
 0.5320998E-04
 0.5725423E-04
 0.5383977E-04
 0.5151861E-04
 0.5129622E-04
 0.5188958E-04
 0.5327094E-04
 0.5673456E-04
 0.5494627E-04
 0.5645726E-04
 0.5876102E-04
 0.6094929E-04
 0.6061651E-04
 0.6160613E-04
 0.5961586E-04
 0.6120537E-04
 0.6420108E-04
 0.7430402E-04
 0.9092904E-04
 0.8031939E-04
 0.8271346E-04
 0.1031774E-03
 0.1187145E-03
 0.9921068E-04
 0.9187955E-04
 0.8453455E-04
 0.1134107E-03
 0.1272715E-03
 0.1230341E-03
 0.1021349E-03
 0.1044354E-03
 0.9833688E-04
 0.8743657E-04
 0.8246313E-04
 0.7523531E-04
 0.7734768E-04
 0.9491457E-04
 0.7604823E-04
 0.7771262E-04
 0.8391873E-04
 0.8743256E-04
 0.1071747E-03
 0.1002409E-03
 0.1060004E-03
 0.1040309E-03
 0.1079781E-03
 0.1044057E-03
 0.1241187E-03
 0.1092323E-03
 0.1119559E-03
 0.1130840E-03
 0.1235555E-03
 0.1335303E-03
 0.1433638E-03
 0.2180239E-03
 0.1726443E-03
 0.1587636E-03
 0.1712439E-03
 0.1717628E-03
 0.1989641E-03
 0.1874259E-03
 0.1872583E-03
 0.1658156E-03
 0.1894528E-03
 0.2022569E-03
 0.2073805E-03
 0.2432980E-03
 0.2612662E-03
 0.2552450E-03
 0.2536228E-03
 0.2668788E-03
 0.2513083E-03
 0.2150592E-03
 0.2448842E-03
 0.2861994E-03
 0.3327707E-03
 0.3382492E-03
 0.3584496E-03
 0.3563106E-03
 0.3304536E-03
 0.3587631E-03
 0.3084143E-03
 0.2851037E-03
 0.3288725E-03
 0.3815001E-03
 0.3607937E-03
 0.3243828E-03
 0.3119737E-03
 0.3083671E-03
 0.2703602E-03
 0.2549533E-03
 0.2511466E-03
 0.1972901E-03
 0.2157008E-03
 0.2254220E-03
 0.2733997E-03
 0.2384990E-03
 0.2378450E-03
 0.2210653E-03
 0.3487209E-03
 0.3847456E-03
 0.3563187E-03
 0.3606558E-03
 0.3718627E-03
 0.3802654E-03
 0.4068799E-03
 0.3742196E-03
 0.3056827E-03
 0.2665505E-03
 0.3328918E-03
 0.3786514E-03
 0.4204553E-03
 0.4316164E-03
 0.3894626E-03
 0.3776475E-03
 0.3900626E-03
 0.3589473E-03
 0.4170462E-03
 0.4585516E-03
 0.4032923E-03
 0.3907199E-03
 0.4311226E-03
 0.3852174E-03
 0.4288552E-03
 0.3351220E-03
 0.3389245E-03
 0.3683850E-03
 0.3119722E-03
 0.2881556E-03
 0.2945711E-03
 0.2314685E-03
 0.2378227E-03
 0.2613252E-03
 0.2411844E-03
 0.2474594E-03
 0.1967908E-03
 0.1890163E-03
 0.1812999E-03
 0.1576862E-03
 0.1385859E-03
 0.1346205E-03
 0.1438775E-03
 0.1585563E-03
 0.1748679E-03
 0.2248535E-03
 0.2266534E-03
 0.2826139E-03
 0.2090781E-03
 0.1349797E-03
 0.1261035E-03
 0.1449738E-03
 0.1402377E-03
 0.1433010E-03
 0.1047593E-03
 0.9880402E-04
 0.9681961E-04
 0.9330390E-04
 0.1059086E-03
 0.1113901E-03
 0.1266427E-03
 0.1098607E-03
 0.1021689E-03
 0.9902417E-04
 0.1141697E-03
 0.1060519E-03
 0.1556653E-03
 0.1490688E-03
 0.1081988E-03
 0.1097736E-03
 0.1135171E-03
 0.1051041E-03
 0.8272972E-04
 0.7993560E-04
 0.7726872E-04
 0.8349984E-04
 0.1009640E-03
 0.1026848E-03
 0.8450015E-04
 0.8605812E-04
 0.9894821E-04
 0.7845041E-04
 0.7118009E-04
 0.7177408E-04
 0.7688896E-04
 0.8797627E-04
 0.8902602E-04
 0.8795149E-04
 0.8583813E-04
 0.9008303E-04
 0.1226155E-03
 0.1051856E-03
 0.1116929E-03
 0.1279961E-03
 0.1285880E-03
 0.1110751E-03
 0.1054863E-03
 0.1119359E-03
 0.1210856E-03
 0.1486789E-03
 0.1406266E-03
 0.1356518E-03
 0.1101482E-03
 0.1009595E-03
 0.1149992E-03
 0.9496733E-04
 0.9605376E-04
 0.1007640E-03
 0.1216184E-03
 0.1190688E-03
 0.1381374E-03
 0.1485011E-03
 0.1786443E-03
 0.1434269E-03
 0.1609746E-03
 0.1320260E-03
 0.1651690E-03
 0.1497075E-03
 0.1950987E-03
 0.2026032E-03
 0.2705684E-03
 0.1973749E-03
 0.2254621E-03
 0.2715529E-03
 0.2846387E-03
 0.2391272E-03
 0.2563628E-03
 0.2351903E-03
 0.1751917E-03
 0.2000930E-03
 0.2074715E-03
 0.2077138E-03
 0.2065604E-03
 0.2584363E-03
 0.2537237E-03
 0.3131903E-03
 0.3268226E-03
 0.3747342E-03
 0.3268679E-03
 0.4144394E-03
 0.4341018E-03
 0.3725856E-03
 0.3937160E-03
 0.3469033E-03
 0.3156183E-03
 0.3802332E-03
 0.2905545E-03
 0.3166112E-03
 0.2692284E-03
 0.2661413E-03
 0.2603100E-03
 0.2943960E-03
 0.4106976E-03
 0.3863540E-03
 0.5171045E-03
 0.3970626E-03
 0.3925489E-03
 0.4291420E-03
 0.3264622E-03
 0.2976120E-03
 0.3402244E-03
 0.3521296E-03
 0.3084260E-03
 0.2469635E-03
 0.3152185E-03
 0.2858900E-03
 0.2878453E-03
 0.3051795E-03
 0.2686983E-03
 0.2647346E-03
 0.2900341E-03
 0.2275994E-03
 0.2607258E-03
 0.2790592E-03
 0.2824885E-03
 0.3352727E-03
 0.3282087E-03
 0.3507618E-03
 0.3620197E-03
 0.3420528E-03
 0.2922966E-03
 0.3409604E-03
 0.3944016E-03
 0.3470111E-03
 0.3610307E-03
 0.3152836E-03
 0.2852915E-03
 0.2490861E-03
 0.2444184E-03
 0.2774107E-03
 0.2360704E-03
 0.2306530E-03
 0.1961089E-03
 0.1967207E-03
 0.2044192E-03
 0.2090693E-03
 0.2115540E-03
 0.1961070E-03
 0.1764118E-03
 0.2035239E-03
 0.1990892E-03
 0.2310546E-03
 0.2511937E-03
 0.2450867E-03
 0.2719208E-03
 0.2764480E-03
 0.2492475E-03
 0.2385167E-03
 0.2728040E-03
 0.2325662E-03
 0.2170802E-03
 0.1970025E-03
 0.2469064E-03
 0.2227616E-03
 0.2344519E-03
 0.2320905E-03
 0.2987314E-03
 0.3007228E-03
 0.3290341E-03
 0.2984447E-03
 0.2696410E-03
 0.3287934E-03
 0.3186551E-03
 0.2133733E-03
 0.1892635E-03
 0.2176292E-03
 0.1919591E-03
 0.1636217E-03
 0.1834351E-03
 0.2110226E-03
 0.2298342E-03
 0.1971707E-03
 0.1512165E-03
 0.1400284E-03
 0.1379924E-03
 0.1311410E-03
 0.1602240E-03
 0.2179889E-03
 0.2844310E-03
 0.2273959E-03
 0.2001570E-03
 0.1676869E-03
 0.1630671E-03
 0.2271208E-03
 0.1993391E-03
 0.2006866E-03
 0.2161983E-03
 0.2315398E-03
 0.2110117E-03
 0.2162243E-03
 0.2522251E-03
 0.2223560E-03
 0.2066198E-03
 0.1954173E-03
 0.2341284E-03
 0.2631970E-03
 0.2434687E-03
 0.2863156E-03
 0.2774062E-03
 0.3542157E-03
 0.4471106E-03
 0.4136520E-03
 0.3017112E-03
 0.2964366E-03
 0.2990556E-03
 0.2643548E-03
 0.2317873E-03
 0.2631326E-03
 0.2170867E-03
 0.2437419E-03
 0.2128291E-03
 0.2070485E-03
 0.2055584E-03
 0.2459122E-03
 0.2169567E-03
 0.1954174E-03
 0.2462710E-03
 0.1510339E-03
 0.1693641E-03
 0.1416312E-03
 0.1250846E-03
 0.1458811E-03
 0.1708567E-03
 0.1668236E-03
 0.1669219E-03
 0.1630685E-03
 0.1800645E-03
 0.1437310E-03
 0.1474749E-03
 0.1466709E-03
 0.1536815E-03
 0.1811287E-03
 0.1729574E-03
 0.2075877E-03
 0.1713049E-03
 0.2172408E-03
 0.1875348E-03
 0.2113375E-03
 0.2504077E-03
 0.2747510E-03
 0.2855638E-03
 0.3549477E-03
 0.3136486E-03
 0.3294656E-03
 0.1908387E-03
 0.1906695E-03
 0.1861621E-03
 0.2052128E-03
 0.2337719E-03
 0.1908708E-03
 0.1784665E-03
 0.2097783E-03
 0.2140030E-03
 0.2075160E-03
 0.1908797E-03
 0.2298138E-03
 0.2574151E-03
 0.3680984E-03
 0.2817400E-03
 0.2421991E-03
 0.2558438E-03
 0.2302696E-03
 0.3679578E-03
 0.3325344E-03
 0.3646932E-03
 0.4121807E-03
 0.3855418E-03
 0.3597776E-03
 0.4128240E-03
 0.3611920E-03
 0.3932892E-03
 0.4235614E-03
 0.3863643E-03
 0.3509773E-03
 0.3252303E-03
 0.3181105E-03
 0.3345460E-03
 0.4057529E-03
 0.4089783E-03
 0.2468863E-03
 0.2485247E-03
 0.1949566E-03
 0.2138126E-03
 0.2355745E-03
 0.2444402E-03
 0.2138371E-03
 0.2283870E-03
 0.2853039E-03
 0.2212140E-03
 0.1847707E-03
 0.2468524E-03
 0.2882553E-03
 0.2029108E-03
 0.2430378E-03
 0.1919103E-03
 0.2057727E-03
 0.2573569E-03
 0.2828018E-03
 0.2352999E-03
 0.2259789E-03
 0.2601818E-03
 0.1903313E-03
 0.1755387E-03
 0.1325133E-03
 0.1536090E-03
 0.1261853E-03
 0.1114718E-03
 0.1077607E-03
 0.1167156E-03
 0.1225934E-03
 0.1142668E-03
 0.1288765E-03
 0.1616254E-03
 0.2948391E-03
 0.3228616E-03
 0.3196454E-03
 0.2200572E-03
 0.2661937E-03
 0.3162826E-03
 0.3220425E-03
 0.3316064E-03
 0.2274680E-03
 0.3075853E-03
 0.2099516E-03
 0.2522178E-03
 0.2694743E-03
 0.3077475E-03
 0.2541390E-03
 0.2281899E-03
 0.2695766E-03
 0.3483720E-03
 0.3293463E-03
 0.2894251E-03
 0.2483726E-03
 0.2220091E-03
 0.1918924E-03
 0.2577372E-03
 0.2416749E-03
 0.1476190E-03
 0.1458533E-03
 0.1603979E-03
 0.1263910E-03
 0.1047159E-03
 0.9812538E-04
 0.1063524E-03
 0.1250882E-03
 0.9533608E-04
 0.8608372E-04
 0.8357857E-04
 0.7865276E-04
 0.7736533E-04
 0.8130013E-04
 0.7642415E-04
 0.7088037E-04
 0.6789172E-04
 0.6837257E-04
 0.6929493E-04
 0.5899025E-04
 0.5664392E-04
 0.5688966E-04
 0.5768696E-04
 0.5768595E-04
 0.5631454E-04
 0.5629054E-04
 0.5599805E-04
 0.5633194E-04
 0.5813325E-04
 0.6127638E-04
 0.6778773E-04
 0.6511278E-04
 0.7131922E-04
 0.9210326E-04
 0.1013146E-03
 0.8641674E-04
 0.8759599E-04
 0.1054553E-03
 0.9732178E-04
 0.7784226E-04
 0.8541576E-04
 0.7671846E-04
 0.9885928E-04
 0.1048693E-03
 0.1076247E-03
 0.1194496E-03
 0.9812909E-04
 0.9282286E-04
 0.9820022E-04
 0.8675585E-04
 0.7530271E-04
 0.7513960E-04
 0.1008813E-03
 0.7327247E-04
 0.7113177E-04
 0.6825552E-04
 0.6419877E-04
 0.6419935E-04
 0.6484652E-04
 0.6625050E-04
 0.6815614E-04
 0.6805151E-04
 0.7271781E-04
 0.8026086E-04
 0.8239188E-04
 0.9840357E-04
 0.8205844E-04
 0.7731172E-04
 0.1077346E-03
 0.1080615E-03
 0.6931347E-04
 0.6673642E-04
 0.6584722E-04
 0.6551342E-04
 0.6541173E-04
 0.6252438E-04
 0.6378647E-04
 0.6281160E-04
 0.6375105E-04
 0.6383171E-04
 0.6571852E-04
 0.6488894E-04
 0.6421824E-04
 0.6259955E-04
 0.6205542E-04
 0.6216442E-04
 0.6347196E-04
 0.6454362E-04
 0.6455204E-04
 0.6377904E-04
 0.6307431E-04
 0.6289510E-04
 0.6306648E-04
 0.6466163E-04
 0.6454398E-04
 0.6419081E-04
 0.6526558E-04
 0.6457680E-04
 0.6660146E-04
 0.6810685E-04
 0.6907159E-04
 0.7303418E-04
 0.7502144E-04
 0.8440730E-04
 0.9367687E-04
 0.1103371E-03
 0.8881372E-04
 0.8790849E-04
 0.9165777E-04
 0.7178090E-04
 0.7179011E-04
 0.9830056E-04
 0.8898894E-04
 0.7849174E-04
 0.8886954E-04
 0.1295952E-03
 0.2170086E-03
 0.1641036E-03
 0.1163296E-03
 0.1811821E-03
 0.1952755E-03
 0.1912471E-03
 0.1145802E-03
 0.8676768E-04
 0.8510090E-04
 0.1017531E-03
 0.1072121E-03
 0.7761160E-04
 0.7698922E-04
 0.7649894E-04
 0.7459918E-04
 0.7209142E-04
 0.7303226E-04
 0.7486898E-04
 0.7370101E-04
 0.7304880E-04
 0.7250855E-04
 0.7394503E-04
 0.7534308E-04
 0.7878828E-04
 0.9214561E-04
 0.8750734E-04
 0.1067540E-03
 0.1000578E-03
 0.8230166E-04
 0.8726979E-04
 0.9740302E-04
 0.8453831E-04
 0.8733660E-04
 0.8411802E-04
 0.8051958E-04
 0.7409264E-04
 0.7052494E-04
 0.6873334E-04
 0.6955724E-04
 0.6904521E-04
 0.6873735E-04
 0.6779250E-04
 0.6625679E-04
 0.6543253E-04
 0.6309514E-04
 0.6130047E-04
 0.6213352E-04
 0.6066125E-04
 0.6325165E-04
 0.6100818E-04
 0.5950068E-04
 0.6014716E-04
 0.5708659E-04
 0.5530288E-04
 0.5577647E-04
 0.5473495E-04
 0.5386908E-04
 0.5378550E-04
 0.5397298E-04
 0.5195020E-04
 0.5062518E-04
 0.4844569E-04
 0.4663108E-04
 0.4520541E-04
 0.4393732E-04
 0.4312503E-04
 0.4245790E-04
 0.4193338E-04
 0.4112248E-04
 0.4042865E-04
 0.3958957E-04
 0.3873945E-04
 0.3816126E-04
 0.3813084E-04
 0.3880220E-04
 0.3833940E-04
 0.3773507E-04
 0.3768896E-04
 0.3759695E-04
 0.3732353E-04
 0.3746061E-04
 0.3697545E-04
 0.3664749E-04
 0.3725655E-04
 0.3812965E-04
 0.3907801E-04
 0.4037206E-04
 0.4359101E-04
 0.3973926E-04
 0.3847500E-04
 0.3870469E-04
 0.3866944E-04
 0.3773754E-04
 0.3725484E-04
 0.3768254E-04
 0.3945900E-04
 0.4369787E-04
 0.4791341E-04
 0.4969648E-04
 0.5416451E-04
 0.4843773E-04
 0.4823770E-04
 0.6058533E-04
 0.7610475E-04
 0.8066220E-04
 0.5446763E-04
 0.5588545E-04
 0.4518656E-04
 0.4189521E-04
 0.3980273E-04
 0.4052421E-04
 0.4245078E-04
 0.4649246E-04
 0.6479807E-04
 0.5960987E-04
 0.4796241E-04
 0.4446933E-04
 0.4056370E-04
 0.3915800E-04
 0.3932731E-04
 0.3882823E-04
 0.4211879E-04
 0.3938495E-04
 0.3763280E-04
 0.3792064E-04
 0.3820991E-04
 0.3863471E-04
 0.3823657E-04
 0.3781291E-04
 0.3766382E-04
 0.3780120E-04
 0.3811595E-04
 0.3927480E-04
 0.4071045E-04
 0.4450061E-04
 0.3972218E-04
 0.3857606E-04
 0.3822950E-04
 0.3736439E-04
 0.3738731E-04
 0.3847388E-04
 0.4084480E-04
 0.4516443E-04
 0.4810116E-04
 0.5074152E-04
 0.5285703E-04
 0.6398946E-04
 0.6938089E-04
 0.8125622E-04
 0.8275447E-04
 0.9238877E-04
 0.1167259E-03
 0.8752790E-04
 0.7943969E-04
 0.1403222E-03
 0.1871378E-03
 0.1446889E-03
 0.9079195E-04
 0.8188170E-04
 0.8807481E-04
 0.9123003E-04
 0.1723592E-03
 0.1877187E-03
 0.9404302E-04
 0.9329537E-04
 0.1095875E-03
 0.1011020E-03
 0.1324846E-03
 0.2031575E-03
 0.2549465E-03
 0.2405055E-03
 0.1844751E-03
 0.1677623E-03
 0.2138158E-03
 0.2910390E-03
 0.2049980E-03
 0.1473927E-03
 0.2324436E-03
 0.2181455E-03
 0.2115555E-03
 0.1942468E-03
 0.2103925E-03
 0.2119569E-03
 0.1839437E-03
 0.2648586E-03
 0.2847247E-03
 0.2977340E-03
 0.2900773E-03
 0.2908714E-03
 0.2386666E-03
 0.3074343E-03
 0.3118432E-03
 0.3319342E-03
 0.2957554E-03
 0.2489168E-03
 0.2365788E-03
 0.3645491E-03
 0.2635200E-03
 0.3214787E-03
 0.2069523E-03
 0.2068813E-03
 0.1968441E-03
 0.2377958E-03
 0.1883820E-03
 0.1435316E-03
 0.1127866E-03
 0.1031398E-03
 0.1030806E-03
 0.1002743E-03
 0.8484020E-04
 0.7532115E-04
 0.6785708E-04
 0.6543179E-04
 0.6501349E-04
 0.6768040E-04
 0.7075021E-04
 0.7976317E-04
 0.7438859E-04
 0.7480667E-04
 0.7527233E-04
 0.6845823E-04
 0.6571562E-04
 0.6586473E-04
 0.6739054E-04
 0.6726721E-04
 0.6700265E-04
 0.6925028E-04
 0.8032357E-04
 0.7049551E-04
 0.7311812E-04
 0.7443536E-04
 0.8367836E-04
 0.9151595E-04
 0.8836295E-04
 0.1012170E-03
 0.8607017E-04
 0.8946828E-04
 0.8549940E-04
 0.8720346E-04
 0.9496982E-04
 0.1140162E-03
 0.1913041E-03
 0.1440724E-03
 0.2262537E-03
 0.1860128E-03
 0.2204088E-03
 0.2478042E-03
 0.2609973E-03
 0.2655157E-03
 0.2478267E-03
 0.2183977E-03
 0.1937017E-03
 0.1481911E-03
 0.1576577E-03
 0.1498693E-03
 0.1972755E-03
 0.1634371E-03
 0.1683231E-03
 0.1594103E-03
 0.1752785E-03
 0.3612425E-03
 0.2327974E-03
 0.1554241E-03
 0.2264800E-03
 0.1825594E-03
 0.2116224E-03
 0.1654571E-03
 0.1997808E-03
 0.2017958E-03
 0.1992899E-03
 0.2072764E-03
 0.1664774E-03
 0.2406723E-03
 0.2404181E-03
 0.1700298E-03
 0.1748655E-03
 0.1016976E-03
 0.9782863E-04
 0.1131747E-03
 0.1342135E-03
 0.1117318E-03
 0.8999216E-04
 0.7012420E-04
 0.6784857E-04
 0.6400856E-04
 0.6361857E-04
 0.6281764E-04
 0.5977870E-04
 0.5689195E-04
 0.5535995E-04
 0.5512229E-04
 0.5356666E-04
 0.5494520E-04
 0.5273805E-04
 0.5188657E-04
 0.4970485E-04
 0.4833047E-04
 0.4819269E-04
 0.4770601E-04
 0.4623256E-04
 0.4570561E-04
 0.4708513E-04
 0.4618131E-04
 0.4611509E-04
 0.4960236E-04
 0.4481896E-04
 0.4258513E-04
 0.4229899E-04
 0.4326205E-04
 0.4481820E-04
 0.4524575E-04
 0.4462676E-04
 0.4443094E-04
 0.4453378E-04
 0.4453615E-04
 0.4464441E-04
 0.4604336E-04
 0.5429905E-04
 0.5104735E-04
 0.4799024E-04
 0.4805419E-04
 0.5190021E-04
 0.5170314E-04
 0.5209781E-04
 0.5667282E-04
 0.5822686E-04
 0.6156125E-04
 0.6289377E-04
 0.6110259E-04
 0.7170899E-04
 0.8534309E-04
 0.8290848E-04
 0.7581472E-04
 0.7729105E-04
 0.8560225E-04
 0.1007633E-03
 0.8400600E-04
 0.8942162E-04
 0.1458905E-03
 0.1169392E-03
 0.9936925E-04
 0.9339152E-04
 0.1341785E-03
 0.1187007E-03
 0.7820863E-04
 0.7342911E-04
 0.8176553E-04
 0.8112949E-04
 0.6316087E-04
 0.5720419E-04
 0.5461054E-04
 0.5508101E-04
 0.5970605E-04
 0.6355733E-04
 0.5691424E-04
 0.5656520E-04
 0.5345545E-04
 0.5277138E-04
 0.5359285E-04
 0.5968873E-04
 0.6045230E-04
 0.6010816E-04
 0.6081719E-04
 0.6352240E-04
 0.8643116E-04
 0.7819327E-04
 0.8113958E-04
 0.8382785E-04
 0.7176712E-04
 0.7144161E-04
 0.7043700E-04
 0.7134175E-04
 0.7760782E-04
 0.9362715E-04
 0.1613437E-03
 0.1606783E-03
 0.1454259E-03
 0.1116962E-03
 0.1092698E-03
 0.1089438E-03
 0.1054297E-03
 0.1199461E-03
 0.1162552E-03
 0.1024592E-03
 0.1031886E-03
 0.1085951E-03
 0.1205477E-03
 0.1491954E-03
 0.2032262E-03
 0.2698811E-03
 0.3067911E-03
 0.2835684E-03
 0.2334187E-03
 0.2519946E-03
 0.2681352E-03
 0.2461090E-03
 0.2478200E-03
 0.2388104E-03
 0.2477519E-03
 0.3309259E-03
 0.4386322E-03
 0.4568973E-03
 0.5605302E-03
 0.6211200E-03
 0.4039153E-03
 0.3187405E-03
 0.3062803E-03
 0.2843635E-03
 0.3544363E-03
 0.3914435E-03
 0.2585788E-03
 0.4141747E-03
 0.3155867E-03
 0.3831873E-03
 0.3671554E-03
 0.2568290E-03
 0.2953487E-03
 0.1531730E-03
 0.1348264E-03
 0.1318095E-03
 0.1964668E-03
 0.1423881E-03
 0.9665170E-04
 0.1038795E-03
 0.9962394E-04
 0.8140698E-04
 0.8056818E-04
 0.8563741E-04
 0.8100937E-04
 0.7813204E-04
 0.9802955E-04
 0.7235951E-04
 0.7695319E-04
 0.1301589E-03
 0.8804078E-04
 0.8122525E-04
 0.7904241E-04
 0.7771033E-04
 0.1208513E-03
 0.7786406E-04
 0.7620345E-04
 0.7827681E-04
 0.8361209E-04
 0.7423638E-04
 0.8527973E-04
 0.7438157E-04
 0.7767710E-04
 0.7940510E-04
 0.9034358E-04
 0.9325588E-04
 0.1016169E-03
 0.1072050E-03
 0.1529147E-03
 0.1623291E-03
 0.1558592E-03
 0.1375268E-03
 0.1521618E-03
 0.1392874E-03
 0.9551904E-04
 0.8839271E-04
 0.8576572E-04
 0.1204688E-03
 0.8292852E-04
 0.7068971E-04
 0.7064154E-04
 0.7673630E-04
 0.9210375E-04
 0.6668883E-04
 0.6068838E-04
 0.5904463E-04
 0.5762744E-04
 0.5803663E-04
 0.5818391E-04
 0.6317905E-04
 0.6159420E-04
 0.6260370E-04
 0.7515647E-04
 0.7534537E-04
 0.7804818E-04
 0.7033948E-04
 0.6501885E-04
 0.6391008E-04
 0.6170445E-04
 0.5964119E-04
 0.5814172E-04
 0.5682314E-04
 0.5793710E-04
 0.5741026E-04
 0.5685001E-04
 0.5382579E-04
 0.5244614E-04
 0.4987664E-04
 0.4946061E-04
 0.5077974E-04
 0.4889058E-04
 0.4810401E-04
 0.4962876E-04
 0.4905888E-04
 0.4896289E-04
 0.4904186E-04
 0.4855078E-04
 0.4817048E-04
 0.4789492E-04
 0.4707605E-04
 0.4784494E-04
 0.4863714E-04
 0.4687920E-04
 0.4568177E-04
 0.4475758E-04
 0.4436317E-04
 0.4365930E-04
 0.4333274E-04
 0.4366802E-04
 0.4308335E-04
 0.4330115E-04
 0.4313355E-04
 0.4225102E-04
 0.4107384E-04
 0.3991770E-04
 0.3885128E-04
 0.3825597E-04
 0.3762504E-04
 0.3694947E-04
 0.3663167E-04
 0.3656563E-04
 0.3645587E-04
 0.3620409E-04
 0.3561069E-04
 0.3528463E-04
 0.3453948E-04
 0.3437899E-04
 0.3397681E-04
 0.3355305E-04
 0.3309850E-04
 0.3274033E-04
 0.3261581E-04
 0.3244465E-04
 0.3257210E-04
 0.3242035E-04
 0.3240962E-04
 0.3280543E-04
 0.3330666E-04
 0.3319913E-04
 0.3328448E-04
 0.3327674E-04
 0.3301289E-04
 0.3271888E-04
 0.3240496E-04
 0.3168165E-04
 0.3122233E-04
 0.3066982E-04
 0.3005788E-04
 0.2986264E-04
 0.2978986E-04
 0.2949320E-04
 0.2916806E-04
 0.2878375E-04
 0.2887713E-04
 0.2942358E-04
 0.2904061E-04
 0.2879059E-04
 0.2838337E-04
 0.2824787E-04
 0.2818262E-04
 0.2812247E-04
 0.2814601E-04
 0.2827024E-04
 0.2867283E-04
 0.2937531E-04
 0.2946053E-04
 0.2975872E-04
 0.3049137E-04
 0.3054048E-04
 0.3081049E-04
 0.3120192E-04
 0.3091241E-04
 0.3070439E-04
 0.3043344E-04
 0.3026841E-04
 0.3031740E-04
 0.3042990E-04
 0.3026531E-04
 0.2973356E-04
 0.2952722E-04
 0.2962152E-04
 0.2961660E-04
 0.2960403E-04
 0.2979208E-04
 0.2902186E-04
 0.2850802E-04
 0.2830724E-04
 0.2820626E-04
 0.2838989E-04
 0.2863013E-04
 0.2896373E-04
 0.2924537E-04
 0.2967200E-04
 0.2989375E-04
 0.3041026E-04
 0.3039735E-04
 0.3016117E-04
 0.2968678E-04
 0.2937130E-04
 0.2950963E-04
 0.2858965E-04
 0.2885426E-04
 0.2920405E-04
 0.2924286E-04
 0.2885636E-04
 0.2838339E-04
 0.2797279E-04
 0.2771838E-04
 0.2792277E-04
 0.2804963E-04
 0.2887340E-04
 0.2816496E-04
 0.2768772E-04
 0.2737413E-04
 0.2733907E-04
 0.2754092E-04
 0.2750731E-04
 0.2759539E-04
 0.2783897E-04
 0.2800660E-04
 0.2825452E-04
 0.2826593E-04
 0.2829400E-04
 0.2887462E-04
 0.2953544E-04
 0.2935521E-04
 0.2954669E-04
 0.2994883E-04
 0.3019891E-04
 0.3024114E-04
 0.2965594E-04
 0.3035323E-04
 0.3247023E-04
 0.2933874E-04
 0.2869807E-04
 0.2863172E-04
 0.2867683E-04
 0.2875929E-04
 0.2881317E-04
 0.2899936E-04
 0.2956596E-04
 0.2960777E-04
 0.2976904E-04
 0.2948230E-04
 0.2939647E-04
 0.2944134E-04
 0.2926292E-04
 0.2931130E-04
 0.2915739E-04
 0.2921880E-04
 0.2977173E-04
 0.3069570E-04
 0.3096785E-04
 0.3070134E-04
 0.3041867E-04
 0.3012540E-04
 0.3044863E-04
 0.3067182E-04
 0.3065645E-04
 0.3051354E-04
 0.3047770E-04
 0.3135322E-04
 0.3211383E-04
 0.3335137E-04
 0.3277357E-04
 0.3255303E-04
 0.3325004E-04
 0.3314698E-04
 0.3385832E-04
 0.3513422E-04
 0.3610095E-04
 0.3598186E-04
 0.3633328E-04
 0.3671523E-04
 0.3753089E-04
 0.3978801E-04
 0.3923876E-04
 0.4079419E-04
 0.4303086E-04
 0.4442649E-04
 0.5127542E-04
 0.7747554E-04
 0.1856291E-03
 0.1636176E-03
 0.1061399E-03
 0.1312500E-03
 0.1018729E-03
 0.1619789E-03
 0.2621571E-03
 0.1494233E-03
 0.1371010E-03
 0.1414130E-03
 0.1477970E-03
 0.1398500E-03
 0.1981834E-03
 0.2031236E-03
 0.1297683E-03
 0.1309601E-03
 0.1203519E-03
 0.1273625E-03
 0.2310299E-03
 0.2247216E-03
 0.2685322E-03
 0.1462448E-03
 0.1139390E-03
 0.9435213E-04
 0.7926462E-04
 0.7405535E-04
 0.8465879E-04
 0.1572355E-03
 0.6969869E-04
 0.6138055E-04
 0.5976436E-04
 0.5904482E-04
 0.5992151E-04
 0.6697392E-04
 0.6120521E-04
 0.6192670E-04
 0.6771913E-04
 0.6505020E-04
 0.8012580E-04
 0.6093294E-04
 0.6031390E-04
 0.6654808E-04
 0.6355668E-04
 0.6133567E-04
 0.6094726E-04
 0.6890097E-04
 0.6630652E-04
 0.7073608E-04
 0.6825029E-04
 0.6714429E-04
 0.6584697E-04
 0.7350486E-04
 0.8319409E-04
 0.6968023E-04
 0.6382318E-04
 0.6657098E-04
 0.6639268E-04
 0.6853713E-04
 0.6350982E-04
 0.6193089E-04
 0.5800480E-04
 0.5748131E-04
 0.5612151E-04
 0.5468650E-04
 0.5306961E-04
 0.5186654E-04
 0.5056466E-04
 0.4907021E-04
 0.4781870E-04
 0.4745652E-04
 0.4735447E-04
 0.4737461E-04
 0.4802580E-04
 0.4784946E-04
 0.4800522E-04
 0.4877398E-04
 0.5068724E-04
 0.5053913E-04
 0.5110612E-04
 0.5195478E-04
 0.5396377E-04
 0.6193167E-04
 0.5466894E-04
 0.5528925E-04
 0.5489704E-04
 0.5504506E-04
 0.5702176E-04
 0.5781784E-04
 0.5694220E-04
 0.5675454E-04
 0.5543468E-04
 0.5393440E-04
 0.5123322E-04
 0.4888899E-04
 0.4670620E-04
 0.4465511E-04
 0.4183922E-04
 0.3947995E-04
 0.3779498E-04
 0.3611653E-04
 0.3422705E-04
 0.3287423E-04
 0.3119486E-04
 0.3013431E-04
 0.2942065E-04
 0.2857958E-04
 0.2771925E-04
 0.2700360E-04
 0.2624859E-04
 0.2558188E-04
 0.2508509E-04
 0.2460465E-04
 0.2403061E-04
 0.2346628E-04
 0.2301525E-04
 0.2260411E-04
 0.2225110E-04
 0.2188886E-04
 0.2158080E-04
 0.2131604E-04
 0.2105006E-04
 0.2060940E-04
 0.2018027E-04
 0.1985816E-04
 0.1970270E-04
 0.1953169E-04
 0.1933705E-04
 0.1924602E-04
 0.1919910E-04
 0.1920570E-04
 0.1922600E-04
 0.1924980E-04
 0.1927596E-04
 0.1924598E-04
 0.1915682E-04
 0.1905927E-04
 0.1892987E-04
 0.1886459E-04
 0.1885589E-04
 0.1876243E-04
 0.1857990E-04
 0.1835498E-04
 0.1817874E-04
 0.1801324E-04
 0.1787234E-04
 0.1770699E-04
 0.1763367E-04
 0.1752727E-04
 0.1737654E-04
 0.1714882E-04
 0.1696901E-04
 0.1689561E-04
 0.1671706E-04
 0.1662058E-04
 0.1647812E-04
 0.1627957E-04
 0.1610616E-04
 0.1585240E-04
 0.1557915E-04
 0.1535048E-04
 0.1522195E-04
 0.1515109E-04
 0.1500545E-04
 0.1486658E-04
 0.1473057E-04
 0.1460243E-04
 0.1438938E-04
 0.1418498E-04
 0.1404507E-04
 0.1398134E-04
 0.1388901E-04
 0.1379647E-04
 0.1358680E-04
 0.1333738E-04
 0.1310255E-04
 0.1291204E-04
 0.1275636E-04
 0.1264011E-04
 0.1263203E-04
 0.1266667E-04
 0.1271552E-04
 0.1282668E-04
 0.1297305E-04
 0.1313009E-04
 0.1330669E-04
 0.1348224E-04
 0.1356733E-04
 0.1356093E-04
 0.1356511E-04
 0.1359777E-04
 0.1368507E-04
 0.1371886E-04
 0.1380169E-04
 0.1398196E-04
 0.1421625E-04
 0.1440736E-04
 0.1452001E-04
 0.1460066E-04
 0.1466073E-04
 0.1480525E-04
 0.1501005E-04
 0.1514540E-04
 0.1540137E-04
 0.1560462E-04
 0.1579315E-04
 0.1595661E-04
 0.1609544E-04
 0.1628804E-04
 0.1655722E-04
 0.1693772E-04
 0.1732134E-04
 0.1793213E-04
 0.1872935E-04
 0.1956835E-04
 0.1942697E-04
 0.1982226E-04
 0.1977952E-04
 0.1954002E-04
 0.1934303E-04
 0.1952644E-04
 0.1979653E-04
 0.2006960E-04
 0.2066789E-04
 0.2147781E-04
 0.2120639E-04
 0.2090046E-04
 0.2106911E-04
 0.2140943E-04
 0.2133207E-04
 0.2132629E-04
 0.2164478E-04
 0.2224358E-04
 0.2293443E-04
 0.2330683E-04
 0.2362076E-04
 0.2374458E-04
 0.2367819E-04
 0.2375895E-04
 0.2404862E-04
 0.2447916E-04
 0.2493802E-04
 0.2525413E-04
 0.2547448E-04
 0.2576441E-04
 0.2633254E-04
 0.2689393E-04
 0.2695145E-04
 0.2701510E-04
 0.2716243E-04
 0.2738955E-04
 0.2744866E-04
 0.2726894E-04
 0.2716546E-04
 0.2689477E-04
 0.2661565E-04
 0.2681555E-04
 0.2727553E-04
 0.2756499E-04
 0.2768955E-04
 0.2771649E-04
 0.2803047E-04
 0.2858798E-04
 0.2898205E-04
 0.2901884E-04
 0.2892747E-04
 0.2901774E-04
 0.2910637E-04
 0.2932143E-04
 0.2974079E-04
 0.3046449E-04
 0.3132671E-04
 0.3188823E-04
 0.3230277E-04
 0.3276370E-04
 0.3317832E-04
 0.3330181E-04
 0.3357479E-04
 0.3393321E-04
 0.3397589E-04
 0.3390218E-04
 0.3394971E-04
 0.3413978E-04
 0.3408175E-04
 0.3412339E-04
 0.3442900E-04
 0.3459239E-04
 0.3458310E-04
 0.3425659E-04
 0.3387688E-04
 0.3335770E-04
 0.3292432E-04
 0.3270057E-04
 0.3261613E-04
 0.3253781E-04
 0.3231559E-04
 0.3222379E-04
 0.3217703E-04
 0.3214711E-04
 0.3208355E-04
 0.3206273E-04
 0.3190492E-04
 0.3174159E-04
 0.3166794E-04
 0.3192835E-04
 0.3231589E-04
 0.3284840E-04
 0.3314525E-04
 0.3329129E-04
 0.3339436E-04
 0.3351497E-04
 0.3366512E-04
 0.3383622E-04
 0.3382977E-04
 0.3356842E-04
 0.3331378E-04
 0.3295093E-04
 0.3246163E-04
 0.3193444E-04
 0.3141861E-04
 0.3101208E-04
 0.3082623E-04
 0.3085763E-04
 0.3081876E-04
 0.3067598E-04
 0.3021748E-04
 0.2959570E-04
 0.2877590E-04
 0.2818961E-04
 0.2773167E-04
 0.2709209E-04
 0.2661221E-04
 0.2631763E-04
 0.2618639E-04
 0.2629815E-04
 0.2642823E-04
 0.2640836E-04
 0.2611575E-04
 0.2590247E-04
 0.2557841E-04
 0.2518668E-04
 0.2492839E-04
 0.2472124E-04
 0.2480357E-04
 0.2515024E-04
 0.2563557E-04
 0.2614201E-04
 0.2666100E-04
 0.2697135E-04
 0.2734593E-04
 0.2786865E-04
 0.2835832E-04
 0.2883121E-04
 0.2949683E-04
 0.2999353E-04
 0.3047359E-04
 0.3107703E-04
 0.3187059E-04
 0.3267220E-04
 0.3358770E-04
 0.3430676E-04
 0.3525397E-04
 0.3578117E-04
 0.3565346E-04
 0.3484573E-04
 0.3366624E-04
 0.3251925E-04
 0.3193214E-04
 0.3204251E-04
 0.3138099E-04
 0.3050808E-04
 0.2939168E-04
 0.2861921E-04
 0.3235158E-04
