       1    1
       2    1
       3    1
       4    1
       5    1
       6    1
       7    1
       8    1
       9    1
      10    1
      11    1
      12    1
      13    1
      14    1
      15    1
      16    4
      17    6
      18   12
      19   12
      20    8
      21   12
      22   12
      23    9
      24   15
      25   15
      26   15
      27   15
      28   15
      29   15
      30   15
      31   15
      32   15
      33   15
      34   15
      35   15
      36   15
      37   15
      38   15
      39   15
      40    8
      41   15
      42   15
      43   15
      44   15
      45   15
      46   15
      47   15
      48   15
      49   15
      50    9
      51    9
      52   12
      53   12
      54   12
      55   12
      56   12
      57   12
      58    8
      59   12
      60   12
      61   12
      62   12
      63    9
      64    9
      65   15
      66   15
      67   15
      68   15
      69   15
      70   15
      71   15
      72   15
      73   15
      74   15
      75   15
      76   15
      77   15
      78   15
      79   15
      80   15
      81   15
      82   15
      83   15
      84   15
      85   15
      86   15
      87   15
      88   15
      89   15
      90   12
      91    1
      92    2
      93    2
      94    1
      95    1
      96    1
      97    3
      98    3
      99    6
     100    8
     101    8
     102   14
     103   14
     104   12
     105   12
     106   12
     107   12
     108    9
     109   12
     110   12
     111    8
     112    8
     113   15
     114   15
     115   15
     116   15
     117   15
     118    9
     119   10
     120   10
     121   10
     122   10
     123   10
     124    9
     125   15
     126   15
     127   15
     128   15
     129   15
     130   15
     131   15
     132   15
     133   15
     134   15
     135   15
     136   15
     137   15
     138   15
     139   15
     140   15
     141    8
     142    8
     143   12
     144   12
     145    8
     146   12
     147   12
     148    9
     149    9
     150   15
     151   15
     152   15
     153   15
     154   15
     155   15
     156   15
     157   15
     158   15
     159   15
     160   15
     161   15
     162   15
     163   15
     164   15
     165   15
     166   15
     167   15
     168   15
     169   15
     170   15
     171   15
     172    7
     173   15
     174   15
     175    6
     176    3
     177    1
     178    1
     179    1
     180    1
     181    3
     182    1
     183   12
     184   12
     185   12
     186   12
     187   12
     188   12
     189    9
     190   15
     191   15
     192   15
     193   15
     194   15
     195   15
     196   15
     197   15
     198    8
     199   12
     200   12
     201   12
     202   12
     203   12
     204   12
     205   12
     206   12
     207   12
     208    9
     209   12
     210   12
     211   12
     212    8
     213    8
     214   12
     215   12
     216   12
     217   12
     218   12
     219   12
     220   12
     221   12
     222   12
     223   12
     224   12
     225   12
     226   12
     227   12
     228   12
     229   12
     230   12
     231   12
     232   12
     233   12
     234   12
     235   12
     236   12
     237   12
     238   12
     239   12
     240   12
     241    7
     242   12
     243   12
     244   12
     245   12
     246   12
     247   12
     248   12
     249   12
     250   12
     251   12
     252   13
     253   13
     254   13
     255   13
     256   13
     257   13
     258   12
     259   12
     260   13
     261   12
     262   12
     263   12
     264   12
     265   12
     266   12
     267   12
     268   12
     269    8
     270    8
     271   12
     272   12
     273   12
     274   12
     275   12
     276   12
     277   12
     278   12
     279   12
     280   12
     281   12
     282   12
     283   12
     284    8
     285   12
     286   12
     287   12
     288   12
     289   12
     290   12
     291    8
     292   12
     293   12
     294   12
     295    8
     296    8
     297    8
     298   12
     299   12
     300   12
     301   12
     302   12
     303   12
     304   12
     305   12
     306   12
     307   12
     308    8
     309    7
     310    7
     311   12
     312   12
     313   12
     314   12
     315   12
     316   12
     317   12
     318   12
     319   12
     320   12
     321   12
     322   12
     323   12
     324    9
     325    9
     326   15
     327   15
     328   15
     329   15
     330   15
     331   15
     332   15
     333   15
     334   15
     335   15
     336   15
     337   15
     338   15
     339   15
     340   15
     341   15
     342   15
     343   15
     344   15
     345   15
     346   15
     347   15
     348   12
     349   12
     350   12
     351   12
     352    7
     353   12
     354   12
     355   12
     356   12
     357    1
     358    1
     359    7
     360   15
     361   15
     362   15
     363   15
     364   15
     365    6
     366    4
     367    4
     368    4
     369    4
     370    4
     371    4
     372    4
     373    4
     374    4
     375    4
     376    4
     377    4
     378    4
     379    4
     380    4
     381    4
     382    4
     383    4
     384    4
     385   12
     386   12
     387   12
     388   12
     389   12
     390   12
     391   12
     392    1
     393   12
     394    1
     395    1
     396    8
     397   15
     398   15
     399   15
     400   15
     401   15
     402   15
     403   15
     404   15
     405   15
     406   15
     407   15
     408   15
     409    9
     410    7
     411   15
     412   15
     413   15
     414   15
     415   15
     416   15
     417   15
     418    8
     419   12
     420   12
     421   12
     422   12
     423   12
     424   12
     425   12
     426    6
     427    4
     428    4
     429    4
     430    4
     431    4
     432    4
     433    4
     434    4
     435    4
     436    4
     437    4
     438    4
     439    4
     440   12
     441   12
     442   12
     443   12
     444   12
     445   12
     446    4
     447   12
     448   12
     449   12
     450   12
     451    1
     452    1
     453   12
     454    8
     455   12
     456    8
     457   12
     458   12
     459   12
     460   12
     461   12
     462   12
     463    7
     464   12
     465   12
     466    9
     467    9
     468   12
     469   12
     470   12
     471    8
     472    8
     473   15
     474   15
     475   15
     476   15
     477   15
     478   15
     479   15
     480   15
     481   15
     482   15
     483   15
     484   15
     485   15
     486   15
     487   15
     488   15
     489    8
     490   15
     491   15
     492   15
     493   15
     494   15
     495   15
     496   15
     497   15
     498   15
     499   15
     500   15
     501   15
     502   15
     503   15
     504   15
     505   15
     506   15
     507   15
     508   15
     509   15
     510   15
     511   15
     512   15
     513   15
     514   15
     515   15
     516    8
     517   12
     518   12
     519   12
     520   12
     521    8
     522   12
     523   12
     524   12
     525   12
     526   12
     527   12
     528   12
     529   12
     530   12
     531   12
     532    1
     533    1
     534    1
     535    3
     536    4
     537    4
     538    4
     539    4
     540    4
     541    4
     542    4
     543    4
     544    4
     545    4
     546    4
     547    4
     548    5
     549    7
     550   15
     551   15
     552   15
     553   15
     554   15
     555   15
     556   15
     557   15
     558   15
     559   15
     560   15
     561   15
     562   15
     563   12
     564    8
     565    6
     566    2
     567   12
     568    9
     569    9
     570   12
     571   12
     572   12
     573   12
     574   12
     575   12
     576   12
     577   12
     578   12
     579   12
     580   12
     581   12
     582    8
     583   12
     584   12
     585   12
     586    8
     587    7
     588   12
     589   12
     590    8
     591    8
     592   15
     593   15
     594   15
     595    8
     596   12
     597   12
     598   12
     599    6
     600    5
     601    1
     602    1
     603    4
     604    6
     605    9
     606    6
     607   15
     608   15
     609   15
     610   15
     611   15
     612   15
     613   15
     614   15
     615   15
     616   15
     617   15
     618   15
     619   15
     620    8
     621   12
     622   12
     623   12
     624    1
     625    1
     626    1
     627    1
     628    1
     629    1
     630    4
     631    4
     632    4
     633    4
     634    4
     635    4
     636    4
     637    4
     638    5
     639    6
     640    3
     641    3
     642    4
     643    4
     644    4
     645    4
     646    4
     647    4
     648   12
     649   12
     650   12
     651   12
     652   12
     653   12
     654   12
     655   12
     656    8
     657   15
     658   15
     659   15
     660   15
     661   15
     662   15
     663    8
     664   12
     665   12
     666   12
     667   12
     668   12
     669   12
     670   12
     671   12
     672    9
     673    9
     674    9
     675   10
     676    9
     677   11
     678    9
     679    9
     680    9
     681   10
     682   12
     683   12
     684   12
     685    8
     686    8
     687   12
     688   12
     689   12
     690   12
     691   12
     692   12
     693   12
     694   12
     695   12
     696   10
     697   10
     698    9
     699    9
     700    9
     701   10
     702   10
     703   10
     704   10
     705    9
     706    9
     707    9
     708    9
     709    9
     710    9
     711   10
     712   12
     713   12
     714   12
     715   12
     716   12
     717   12
     718   12
     719    7
     720   12
     721   12
     722   12
     723   12
     724    7
     725   12
     726   12
     727   12
     728   12
     729   12
     730   12
     731   12
     732   12
     733   12
     734    9
     735    9
     736   15
     737   15
     738   15
     739   15
     740   15
     741   15
     742    6
     743    5
     744    4
     745    4
     746    4
     747    5
     748    4
     749    4
     750    4
     751    4
     752    4
     753    4
     754    4
     755    4
     756    4
     757    4
     758    4
     759    4
     760    4
     761    4
     762    4
     763    4
     764    4
     765    4
     766    3
     767    1
     768    1
     769    1
     770    1
     771    1
     772    1
     773   12
     774   12
     775    8
     776    8
     777    1
     778   12
     779   12
     780   12
     781    1
     782    1
     783   12
     784   12
     785   12
     786   12
     787   12
     788   12
     789   12
     790   12
     791   12
     792    5
     793    2
     794    2
     795    1
     796    3
     797    3
     798    3
     799    3
     800    5
     801    5
     802    5
     803    3
     804    3
     805    5
     806    3
     807    3
     808    3
     809    4
     810    4
     811    4
     812    5
     813    6
     814    9
     815    8
     816   12
     817   12
     818   12
     819   15
     820    8
     821    9
     822   15
     823   15
     824   15
     825   15
     826   15
     827   15
     828   15
     829   15
     830   15
     831   15
     832   15
     833   15
     834   15
     835   15
     836   15
     837   15
     838   15
     839   15
     840   15
     841   15
     842    8
     843   12
     844   12
     845    4
     846    6
     847    2
     848    2
     849    2
     850    2
     851    8
     852   12
     853   12
     854   12
     855   12
     856   12
     857   12
     858    9
     859   12
     860   12
     861   12
     862   12
     863    8
     864   12
     865    8
     866   15
     867   15
     868   15
     869   15
     870   15
     871   15
     872   15
     873   15
     874   15
     875   15
     876   15
     877   15
     878    9
     879   10
     880   13
     881   13
     882   13
     883   13
     884   13
     885   13
     886   13
     887   13
     888   13
     889   13
     890   13
     891   13
     892   13
     893   13
     894   13
     895   13
     896   13
     897   13
     898   13
     899   13
     900   13
     901   13
     902   13
     903   13
     904   13
     905   13
     906   13
     907   15
     908   15
     909   15
     910   15
     911   15
     912   15
     913   15
     914   15
     915   15
     916   15
     917   15
     918   15
     919   15
     920   15
     921   15
     922   15
     923   15
     924   15
     925   15
     926   15
     927   15
     928   15
     929   15
     930   15
     931   15
     932   15
     933   15
     934   15
     935   15
     936   15
     937   15
     938   15
     939   15
     940   15
     941   15
     942   15
     943   15
     944   15
     945   15
     946   15
     947   15
     948   15
     949   15
     950   15
     951   15
     952   13
     953   13
     954   13
     955   13
     956   13
     957   13
     958   13
     959   13
     960   13
     961   13
     962   13
     963   13
     964   13
     965   13
     966   13
     967   13
     968   13
     969   13
     970   13
     971   15
     972   15
     973   15
     974   15
     975   15
     976   15
     977   15
     978   15
     979   15
     980   15
     981   15
     982   15
     983   15
     984   12
     985   12
     986   12
     987   12
     988   12
     989   12
     990   12
     991   12
     992   12
     993   12
     994   12
     995   12
     996   12
     997   12
     998   12
     999   12
    1000    7
    1001   12
    1002   12
    1003   12
    1004   12
    1005   12
    1006   12
    1007   12
    1008   12
    1009   12
    1010   12
    1011   12
    1012   12
    1013   12
    1014   12
    1015   12
    1016   12
    1017    2
    1018    2
    1019    2
    1020    2
    1021    3
    1022    3
    1023    3
    1024    3
    1025    3
    1026    4
    1027    4
    1028    4
    1029    4
    1030    4
    1031    4
    1032    5
    1033    6
    1034    8
    1035   15
    1036   15
    1037   15
    1038   15
    1039   15
    1040   15
    1041   15
    1042   15
    1043   15
    1044   15
    1045   15
    1046   15
    1047   15
    1048   15
    1049   15
    1050   15
    1051   15
    1052   15
    1053   15
    1054   15
    1055   15
    1056    8
    1057   12
    1058   12
    1059   12
    1060   12
    1061   12
    1062   12
    1063   12
    1064   12
    1065   12
    1066   12
    1067   12
    1068   12
    1069    4
    1070    4
    1071    4
    1072    4
    1073    4
    1074    4
    1075    4
    1076    4
    1077    4
    1078    4
    1079    4
    1080    4
    1081    4
    1082    4
    1083    5
    1084    6
    1085   15
    1086   15
    1087   15
    1088   15
    1089   15
    1090   15
    1091    7
    1092   15
    1093   15
    1094   15
    1095   15
    1096   15
    1097   15
    1098   15
    1099   15
    1100   15
    1101   15
    1102    8
    1103    8
    1104   12
    1105   12
    1106    8
    1107    7
    1108   15
    1109   15
    1110   15
    1111   15
    1112   15
    1113   15
    1114   15
    1115   15
    1116   15
    1117   15
    1118   15
    1119   15
    1120   15
    1121   15
    1122   15
    1123   15
    1124   15
    1125    7
    1126   15
    1127   15
    1128   15
    1129   15
    1130   15
    1131   15
    1132   15
    1133   15
    1134   15
    1135   15
    1136   15
    1137    7
    1138   12
    1139   12
    1140   12
    1141   12
    1142   12
    1143   12
    1144   12
    1145   12
    1146   12
    1147   12
    1148   12
    1149   12
    1150   12
    1151   12
    1152   12
    1153   12
    1154   12
    1155   12
    1156   12
    1157   12
    1158   12
    1159   12
    1160   12
    1161   12
    1162   12
    1163   12
    1164   12
    1165   12
    1166   12
    1167   12
    1168   12
    1169   12
    1170   12
    1171   12
    1172    4
    1173    4
    1174    4
    1175    4
    1176    6
    1177   12
    1178   12
    1179   12
    1180   12
    1181   12
    1182   12
    1183   12
    1184   12
    1185   12
    1186   12
    1187   12
    1188   12
    1189   12
    1190    8
    1191   12
    1192   15
    1193    8
    1194    8
    1195    8
    1196    7
    1197   12
    1198   12
    1199    7
    1200   12
    1201   12
    1202   12
    1203    8
    1204    7
    1205   12
    1206   12
    1207    6
    1208    7
    1209   12
    1210    7
    1211   12
    1212    8
    1213   15
    1214   15
    1215   15
    1216   15
    1217   15
    1218   15
    1219   15
    1220   15
    1221   15
    1222   15
    1223   15
    1224   15
    1225   15
    1226   15
    1227   15
    1228   15
    1229   15
    1230   15
    1231   15
    1232   15
    1233   15
    1234   15
    1235   15
    1236   12
    1237    4
    1238    6
    1239    3
    1240    3
    1241    3
    1242    3
    1243    1
    1244    1
    1245    1
    1246    1
    1247   12
    1248   12
    1249    7
    1250   15
    1251   15
    1252   15
    1253   15
    1254   15
    1255   15
    1256   15
    1257   15
    1258   15
    1259   15
    1260   15
    1261   15
    1262   15
    1263   15
    1264   15
    1265   15
    1266   15
    1267   15
    1268   15
    1269   15
    1270   15
    1271   15
    1272   15
    1273   15
    1274   15
    1275    8
    1276   12
    1277   12
    1278   12
    1279   12
    1280   12
    1281   12
    1282   12
    1283    8
    1284   12
    1285   12
    1286   12
    1287    7
    1288    8
    1289    8
    1290   12
    1291   12
    1292   12
    1293   12
    1294   12
    1295   12
    1296   12
    1297   12
    1298   12
    1299   12
    1300   12
    1301    9
    1302   15
    1303   15
    1304   15
    1305   15
    1306   15
    1307   15
    1308   15
    1309   15
    1310   15
    1311   15
    1312   15
    1313   15
    1314   15
    1315   15
    1316   15
    1317    8
    1318   12
    1319   12
    1320   12
    1321   15
    1322   15
    1323   15
    1324    8
    1325   12
    1326   12
    1327   12
    1328   12
    1329   12
    1330   12
    1331   12
    1332   12
    1333   12
    1334   12
    1335   12
    1336   12
    1337   12
    1338   12
    1339   12
    1340   12
    1341   12
    1342    2
    1343    3
    1344    1
    1345    3
    1346    5
    1347    7
    1348   15
    1349   15
    1350   15
    1351   15
    1352   15
    1353   15
    1354    7
    1355    8
    1356    8
    1357   12
    1358   12
    1359   12
    1360    7
    1361   12
    1362   12
    1363   12
    1364   13
    1365   13
    1366   13
    1367   13
    1368   13
    1369   13
    1370   14
    1371   14
    1372   14
    1373   14
    1374   14
    1375   14
    1376   14
    1377   14
    1378   14
    1379   13
    1380   13
    1381   13
    1382   13
    1383   13
    1384   13
    1385   14
    1386   14
    1387   14
    1388   14
    1389   15
    1390   15
    1391   15
    1392   15
    1393   15
    1394   15
    1395   15
    1396   15
    1397   15
    1398   15
    1399   15
    1400   15
    1401   15
    1402   15
    1403   15
    1404   15
    1405   15
    1406   15
    1407   15
    1408   15
    1409   15
    1410   15
    1411   15
    1412   15
    1413   15
    1414   15
    1415   15
    1416   15
    1417   15
    1418   15
    1419   15
    1420   15
    1421   15
    1422   15
    1423   15
    1424   15
    1425   15
    1426   15
    1427   15
    1428   15
    1429   15
    1430   15
    1431   15
    1432   15
    1433   15
    1434   15
    1435   15
    1436   15
    1437   15
    1438   15
    1439   15
    1440   15
    1441   15
    1442   15
    1443   15
    1444   15
    1445   15
    1446   15
    1447    7
    1448   15
    1449   15
    1450   15
    1451   15
    1452   15
    1453   15
    1454   15
    1455   15
    1456   15
    1457   15
    1458   15
    1459   15
    1460   15
    1461   15
    1462   15
    1463   15
    1464   15
    1465   15
    1466   15
    1467   15
    1468   15
    1469   15
    1470   15
    1471   15
    1472   15
    1473   15
    1474   15
    1475   15
    1476   15
    1477   15
    1478   15
    1479   15
    1480   15
    1481   15
    1482   15
    1483   15
    1484    9
    1485   13
    1486   13
    1487   13
    1488   13
    1489   13
    1490   13
    1491   13
    1492   13
    1493   13
    1494   13
    1495   13
    1496   13
    1497   13
    1498   13
    1499   13
    1500   13
    1501   13
    1502   13
    1503   13
    1504   13
    1505   13
    1506   13
    1507   13
    1508   13
    1509   13
    1510   13
    1511   13
    1512   13
    1513   13
    1514   13
    1515   13
    1516   13
    1517   13
    1518   13
    1519   13
    1520    8
    1521    7
    1522   12
    1523   12
    1524   12
    1525   12
    1526   12
    1527   12
    1528   12
    1529   12
    1530   12
    1531   12
    1532   12
    1533   12
    1534   12
    1535   12
    1536   12
    1537   12
    1538   12
    1539   12
    1540   12
    1541   12
    1542   12
    1543    8
    1544   12
    1545   12
    1546   12
    1547   12
    1548   12
    1549   12
    1550   12
    1551   12
    1552   12
    1553   12
    1554   12
    1555   12
    1556   12
    1557   12
    1558   12
    1559   12
    1560   12
    1561   12
    1562   12
    1563   12
    1564   12
    1565   12
    1566   12
    1567   12
    1568   12
    1569   12
    1570   12
    1571   12
    1572   12
    1573   12
    1574   12
    1575   12
    1576   12
    1577    7
    1578    6
    1579    1
    1580    1
    1581    1
    1582    1
    1583    1
    1584    1
    1585    1
    1586    1
    1587    1
    1588   12
    1589   12
    1590   12
    1591    1
    1592   12
    1593   12
    1594   12
    1595   12
    1596    9
    1597   12
    1598   12
    1599   12
    1600    9
    1601   12
    1602   12
    1603   12
    1604   12
    1605   12
    1606   12
    1607   12
    1608   12
    1609   12
    1610   12
    1611   12
    1612   12
    1613   12
    1614   12
    1615   12
    1616   12
    1617   12
    1618    1
    1619    4
    1620    4
    1621    3
    1622    6
    1623   12
    1624   12
    1625   12
    1626   12
    1627   12
    1628   12
    1629   12
    1630   12
    1631    8
    1632    6
    1633    4
    1634    4
    1635    4
    1636    4
    1637    4
    1638    4
    1639    4
    1640    4
    1641    4
    1642    4
    1643    4
    1644    4
    1645    4
    1646    4
    1647   12
    1648   12
    1649   12
    1650   12
    1651   12
    1652   12
    1653   12
    1654    1
    1655    1
    1656    1
    1657    1
    1658   12
    1659   12
    1660    4
    1661    4
    1662   12
    1663   12
    1664   12
    1665    1
    1666    1
    1667    1
    1668    1
    1669    1
    1670   12
    1671   12
    1672   12
    1673   15
    1674   15
    1675   15
    1676   15
    1677   15
    1678   15
    1679    8
    1680    8
    1681   12
    1682    8
    1683   12
    1684    8
    1685   15
    1686   15
    1687   15
    1688   15
    1689   15
    1690   15
    1691   15
    1692   15
    1693   15
    1694   15
    1695   15
    1696   15
    1697   15
    1698   15
    1699   15
    1700   15
    1701   15
    1702   15
    1703   15
    1704   15
    1705   15
    1706   15
    1707   15
    1708   15
    1709   15
    1710   15
    1711   15
    1712   15
    1713   15
    1714   15
    1715   15
    1716   15
    1717   10
    1718    9
    1719   15
    1720   15
    1721   15
    1722   15
    1723   15
    1724   15
    1725   15
    1726   15
    1727   15
    1728   15
    1729   15
    1730   15
    1731   15
    1732   15
    1733   15
    1734   15
    1735   15
    1736   12
    1737   12
    1738   12
    1739    8
    1740   12
    1741   12
    1742   12
    1743   12
    1744   12
    1745   12
    1746   12
    1747   12
    1748   12
    1749   10
    1750   10
    1751   10
    1752    8
    1753    8
    1754   12
    1755   12
    1756   12
    1757    8
    1758   12
    1759   12
    1760    8
    1761   12
    1762   12
    1763   12
    1764   12
    1765   12
    1766   12
    1767   12
    1768   12
    1769   12
    1770   12
    1771    7
    1772    8
    1773   15
    1774   15
    1775   15
    1776   15
    1777   15
    1778   15
    1779   15
    1780   15
    1781   15
    1782   15
    1783   15
    1784    9
    1785   15
    1786   15
    1787   15
    1788   15
    1789   15
    1790   15
    1791   15
    1792   15
    1793   15
    1794   15
    1795   15
    1796    8
    1797   15
    1798   15
    1799   15
    1800   15
    1801   15
    1802   15
    1803   15
    1804   15
    1805   15
    1806   15
    1807   15
    1808   15
    1809   15
    1810   15
    1811   15
    1812    8
    1813    8
    1814   15
    1815   15
    1816   15
    1817   15
    1818   15
    1819   15
    1820   15
    1821   15
    1822   15
    1823    7
    1824   15
    1825   15
    1826   15
    1827   15
    1828   15
    1829   15
    1830   15
    1831   15
    1832   15
    1833   15
    1834   15
    1835   15
    1836   15
    1837   15
    1838   15
    1839   15
    1840   15
    1841   15
    1842   15
    1843   15
    1844   15
    1845   15
    1846   15
    1847   15
    1848   15
    1849   15
    1850   15
    1851   15
    1852   15
    1853   15
    1854   15
    1855   15
    1856   15
    1857   15
    1858   15
    1859   15
    1860   15
    1861   15
    1862   15
    1863   15
    1864   15
    1865   15
    1866   15
    1867   15
    1868   15
    1869   15
    1870   15
    1871   15
    1872   15
    1873   15
    1874   15
    1875   15
    1876   15
    1877   15
    1878    6
    1879    3
    1880    3
    1881    3
    1882    3
    1883    1
    1884    1
    1885   12
    1886   12
    1887   12
    1888   12
    1889   12
    1890   12
    1891   12
    1892   12
    1893   12
    1894   12
    1895   12
    1896   12
    1897   12
    1898   12
    1899   12
    1900   12
    1901   12
    1902    8
    1903   12
    1904   12
    1905   12
    1906   12
    1907   12
    1908   12
    1909   12
    1910   15
    1911   15
    1912   15
    1913   15
    1914   15
    1915   15
    1916   15
    1917   15
    1918   15
    1919   15
    1920   15
    1921   15
    1922   15
    1923   15
    1924   15
    1925   15
    1926   15
    1927   15
    1928   15
    1929   15
    1930   15
    1931   15
    1932   15
    1933   15
    1934   15
    1935   15
    1936   15
    1937   15
    1938   15
    1939   15
    1940    8
    1941   15
    1942   15
    1943   15
    1944   15
    1945   15
    1946   15
    1947   15
    1948   15
    1949   15
    1950   15
    1951   15
    1952   15
    1953   15
    1954   15
    1955   15
    1956   15
    1957   15
    1958   15
    1959   15
    1960   15
    1961   15
    1962   15
    1963   15
    1964   15
    1965   15
    1966   15
    1967   15
    1968   15
    1969   15
    1970   15
    1971   15
    1972   15
    1973   15
    1974   15
    1975   15
    1976   15
    1977   15
    1978   15
    1979   15
    1980   15
    1981   15
    1982   15
    1983   15
    1984   15
    1985   15
    1986   15
    1987   15
    1988   15
    1989   15
    1990   15
    1991   15
    1992   15
    1993   15
    1994   15
    1995   15
    1996   15
    1997   15
    1998   15
    1999   15
    2000   15
    2001   15
    2002   15
    2003   15
    2004   15
    2005   15
    2006   15
    2007   15
    2008   15
    2009   15
    2010   15
    2011   15
    2012   15
    2013   15
    2014   15
    2015   15
    2016   15
    2017   15
    2018   15
    2019   15
    2020   15
    2021   15
    2022   15
    2023   15
    2024   15
    2025   15
    2026   15
    2027   15
    2028   15
    2029   15
    2030   15
    2031   15
    2032   15
    2033   15
    2034   15
    2035   15
    2036   15
    2037   15
    2038   15
    2039   15
    2040   15
    2041   15
    2042   15
    2043   15
    2044   15
    2045   15
    2046   15
    2047   15
    2048   15
    2049   15
    2050   15
    2051   15
    2052   15
    2053   15
    2054   15
    2055   15
    2056   15
    2057   15
    2058   15
    2059   15
    2060   15
    2061   15
    2062   15
    2063   15
    2064    7
    2065   15
    2066   15
    2067   15
    2068   15
    2069   15
    2070   15
    2071   15
    2072   15
    2073   15
    2074   15
    2075   15
    2076   15
    2077   15
    2078    8
    2079   15
    2080   15
    2081   15
    2082   15
    2083   15
    2084   15
    2085   15
    2086   15
    2087   15
    2088   15
    2089   15
    2090   15
    2091   15
    2092   15
    2093   15
    2094    8
    2095    8
    2096   12
    2097    7
    2098    8
    2099   12
    2100   12
    2101   12
    2102   12
    2103    6
    2104    4
    2105    4
    2106    4
    2107    4
    2108    4
    2109    4
    2110    4
    2111    4
    2112    4
    2113    4
    2114    4
    2115    4
    2116    4
    2117    4
    2118    4
    2119    4
    2120    4
    2121    4
    2122    4
    2123    4
    2124    1
    2125   12
    2126   12
    2127   12
    2128   12
    2129   12
    2130   12
    2131   12
    2132   12
    2133   12
    2134   12
    2135   12
    2136   12
    2137   12
    2138   12
    2139   12
    2140   12
    2141   12
    2142   12
    2143   12
    2144   12
    2145   12
    2146   12
    2147   12
    2148   12
    2149   12
    2150   12
    2151   12
    2152   13
    2153   13
    2154   13
    2155   13
    2156   13
    2157   13
    2158   13
    2159   13
    2160   13
    2161   13
    2162   13
    2163   13
    2164   13
    2165   14
    2166   14
    2167   14
    2168   14
    2169   14
    2170   13
    2171   13
    2172   13
    2173   13
    2174   13
    2175   13
    2176   13
    2177   13
    2178   13
    2179   13
    2180   13
    2181   13
    2182   13
    2183   13
    2184   13
    2185   13
    2186   13
    2187   13
    2188   13
    2189   13
    2190   13
    2191   13
    2192   13
    2193   13
    2194   13
    2195   13
    2196   13
    2197   13
    2198   13
    2199   13
    2200   13
    2201   13
    2202   13
    2203   13
    2204   13
    2205   13
    2206   13
    2207   13
    2208   13
    2209    9
    2210    9
    2211   13
    2212   13
    2213   13
    2214   13
    2215   13
    2216   13
    2217   13
    2218   13
    2219   13
    2220   13
    2221   13
    2222   13
    2223   13
    2224   13
    2225   13
    2226   13
    2227   13
    2228   13
    2229   13
    2230   13
    2231   13
    2232   13
    2233   13
    2234   13
    2235   13
    2236   13
    2237   13
    2238   13
    2239   13
    2240   13
    2241   13
    2242   13
    2243   13
    2244   13
    2245   13
    2246   12
    2247   12
    2248   12
    2249   12
    2250   12
    2251   12
    2252   12
    2253   12
    2254    8
    2255   15
    2256   15
    2257   15
    2258   15
    2259   15
    2260   15
    2261   15
    2262   15
    2263   15
    2264   15
    2265   15
    2266   15
    2267   15
    2268   15
    2269   12
    2270   12
    2271   12
    2272   12
    2273   12
    2274   12
    2275   12
    2276   12
    2277   12
    2278   12
    2279    1
    2280    1
    2281    1
    2282   12
    2283   12
    2284    4
    2285    6
    2286    7
    2287   12
    2288   12
    2289   12
    2290   12
    2291   12
    2292   12
    2293   12
    2294   12
    2295   12
    2296   12
    2297   12
    2298    8
    2299   12
    2300   12
    2301   12
    2302   12
    2303   12
    2304   12
    2305   12
    2306   14
    2307   14
    2308   14
    2309   14
    2310   14
    2311    8
    2312    7
    2313    8
    2314   12
    2315   12
    2316   12
    2317   12
    2318   12
    2319   15
    2320   15
    2321   13
    2322   13
    2323   13
    2324   13
    2325   13
    2326   13
    2327   13
    2328   13
    2329   13
    2330   13
    2331   13
    2332   13
    2333   13
    2334   13
    2335   13
    2336   13
    2337   13
    2338   13
    2339   13
    2340    9
    2341    9
    2342   12
    2343   12
    2344   12
    2345    8
    2346   12
    2347   12
    2348   12
    2349    8
    2350   12
    2351   12
    2352   12
    2353   12
    2354   12
    2355   12
    2356   12
    2357   12
    2358   12
    2359   12
    2360   12
    2361   12
    2362   12
    2363    1
    2364    1
    2365    1
    2366    1
    2367    1
    2368   12
    2369   12
    2370   12
    2371   12
    2372    4
    2373    3
    2374    6
    2375   12
    2376   12
    2377    1
    2378   12
    2379   12
    2380    4
    2381    4
    2382    4
    2383    6
    2384    7
    2385   12
    2386   12
    2387   12
    2388   12
    2389   12
    2390   12
    2391   12
    2392   12
    2393   12
    2394   12
    2395   12
    2396   12
    2397   12
    2398   12
    2399   12
    2400    9
    2401    9
    2402   15
    2403   15
    2404   15
    2405   15
    2406   15
    2407   15
    2408   15
    2409   15
    2410   15
    2411   15
    2412   15
    2413   15
    2414   15
    2415   15
    2416   15
    2417   15
    2418    8
    2419   12
    2420    8
    2421   15
    2422   15
    2423   15
    2424   15
    2425   15
    2426   15
    2427   15
    2428   15
    2429   15
    2430   15
    2431   15
    2432   15
    2433   15
    2434   15
    2435   15
    2436   15
    2437   15
    2438   15
    2439   15
    2440   15
    2441   15
    2442   15
    2443   15
    2444   15
    2445   15
    2446   15
    2447   15
    2448   15
    2449    9
    2450   15
    2451   15
    2452   15
    2453   15
    2454   15
    2455   15
    2456   15
    2457   15
    2458   15
    2459   15
    2460   15
    2461   15
    2462   15
    2463   15
    2464   15
    2465   15
    2466   15
    2467   15
    2468   15
    2469   15
    2470    7
    2471   15
    2472   15
    2473   15
    2474   15
    2475   15
    2476   15
    2477   15
    2478    7
    2479   12
    2480   12
    2481   12
    2482   12
    2483   12
    2484   12
    2485   12
    2486   12
    2487   12
    2488   12
    2489   15
    2490   15
    2491   15
    2492    8
    2493   12
    2494   12
    2495   12
    2496   12
    2497   12
    2498    9
    2499   12
    2500   12
    2501   12
    2502   12
    2503   12
    2504   12
    2505   12
    2506   12
    2507    1
    2508    1
    2509    1
    2510    1
    2511    1
    2512    1
    2513    3
    2514    6
    2515    5
    2516    1
    2517    1
    2518    1
    2519    1
    2520    1
    2521    1
    2522    1
    2523    1
    2524    3
    2525    3
    2526    6
    2527   12
    2528    8
    2529   15
    2530   15
    2531   15
    2532   15
    2533   15
    2534   15
    2535   15
    2536   15
    2537   15
    2538   15
    2539   15
    2540   15
    2541   15
    2542   15
    2543   15
    2544   15
    2545   15
    2546   15
    2547   15
    2548   15
    2549   15
    2550   15
    2551   15
    2552   15
    2553   15
    2554    7
    2555   15
    2556   15
    2557   15
    2558   15
    2559   15
    2560   15
    2561   15
    2562   15
    2563   15
    2564   15
    2565   15
    2566   15
    2567   15
    2568   15
    2569   15
    2570   15
    2571   15
    2572   15
    2573   15
    2574   15
    2575   15
    2576   15
    2577   15
    2578   15
    2579   15
    2580   15
    2581   15
    2582   15
    2583   15
    2584   15
    2585   15
    2586   15
    2587   15
    2588   15
    2589   15
    2590   15
    2591   15
    2592   15
    2593   15
    2594   15
    2595   15
    2596   15
    2597   15
    2598   15
    2599   15
    2600   15
    2601   15
    2602   15
    2603   15
    2604   15
    2605   15
    2606   15
    2607   15
    2608   15
    2609   15
    2610   15
    2611   15
    2612   15
    2613   15
    2614   15
    2615   15
    2616   15
    2617   15
    2618   15
    2619   15
    2620   15
    2621   15
    2622   15
    2623   15
    2624   15
    2625   15
    2626   15
    2627   15
    2628   15
    2629   15
    2630   15
    2631   15
    2632   15
    2633   15
    2634   15
    2635   15
    2636   15
    2637   15
    2638   15
    2639   15
    2640   12
    2641   12
    2642    1
    2643    1
    2644    1
    2645    1
    2646    1
    2647    1
    2648    1
    2649    1
    2650   12
    2651   12
    2652   12
    2653    4
    2654    4
    2655    4
    2656    4
    2657    4
    2658    4
    2659    4
    2660    4
    2661    4
    2662    4
    2663    4
    2664    4
    2665    4
    2666    4
    2667    4
    2668    4
    2669    4
    2670    4
    2671    4
    2672    4
    2673    4
    2674    4
    2675    4
    2676    4
    2677    4
    2678    4
    2679    4
    2680    4
    2681    4
    2682    4
    2683    4
    2684    4
    2685    4
    2686    4
    2687    4
    2688    6
    2689    7
    2690   15
    2691   15
    2692   15
    2693   15
    2694   15
    2695   15
    2696   15
    2697    7
    2698    6
    2699    4
    2700    4
    2701    4
    2702   13
    2703   13
    2704   13
    2705   13
    2706   13
    2707   13
    2708   13
    2709   13
    2710   13
    2711   13
    2712   13
    2713   13
    2714   13
    2715   13
    2716   13
    2717   13
    2718   13
    2719   13
    2720   13
    2721   13
    2722   13
    2723   14
    2724   14
    2725   14
    2726   14
    2727   14
    2728   14
    2729   14
    2730   15
    2731   15
    2732   15
    2733   15
    2734   15
    2735   15
    2736   15
    2737   15
    2738   15
    2739   15
    2740   15
    2741   15
    2742   15
    2743   15
    2744   15
    2745   15
    2746   15
    2747   15
    2748   15
    2749   15
    2750   15
    2751   15
    2752   15
    2753   15
    2754   15
    2755   15
    2756   15
    2757   15
    2758   15
    2759   15
    2760   15
    2761   15
    2762   15
    2763   15
    2764   15
    2765   15
    2766   15
    2767   15
    2768   15
    2769   15
    2770   15
    2771   15
    2772   15
    2773   15
    2774   15
    2775   15
    2776   15
    2777   15
    2778   15
    2779   15
    2780   15
    2781   15
    2782   15
    2783   15
    2784    6
    2785    3
    2786    1
    2787    1
    2788   15
    2789   15
    2790   15
    2791   15
    2792   15
    2793   15
    2794   15
    2795   15
    2796   15
    2797   15
    2798   15
    2799   15
    2800   15
    2801   15
    2802   15
    2803   15
    2804   15
    2805   15
    2806   15
    2807   15
    2808   15
    2809   15
    2810   15
    2811   15
    2812   15
    2813   15
    2814   15
    2815   15
    2816   15
    2817   15
    2818    7
    2819   15
    2820   15
    2821   15
    2822   15
    2823   15
    2824   15
    2825   15
    2826   15
    2827   15
    2828   15
    2829   15
    2830   15
    2831   15
    2832   15
    2833   15
    2834   15
    2835   15
    2836   15
    2837   15
    2838   15
    2839    7
    2840   15
    2841   15
    2842   15
    2843   15
    2844   15
    2845   15
    2846   15
    2847   15
    2848   15
    2849   15
    2850   15
    2851   15
    2852    6
    2853    4
    2854    4
    2855    4
    2856   12
    2857   12
    2858   12
    2859   12
    2860   12
    2861   12
    2862   12
    2863   12
    2864   12
    2865   12
    2866   12
    2867   12
    2868   12
    2869   12
    2870   12
    2871   12
    2872   12
    2873   12
    2874    4
    2875    5
    2876    4
    2877   12
    2878   12
    2879   12
    2880   12
    2881   12
    2882   12
    2883   12
    2884   12
    2885   12
    2886   12
    2887   12
    2888   12
    2889   12
    2890   12
    2891   12
    2892   15
    2893   15
    2894   15
    2895   15
    2896   15
    2897   15
    2898   15
    2899   15
    2900   15
    2901   15
    2902   15
    2903   15
    2904   15
    2905   15
    2906   15
    2907   15
    2908   15
    2909   15
    2910   15
    2911   15
    2912   15
    2913   15
    2914   15
    2915   15
    2916    1
    2917    1
    2918    3
    2919    6
    2920    3
    2921    5
    2922    6
    2923   12
    2924   12
    2925   12
    2926   12
    2927   12
    2928   15
    2929   15
    2930   15
    2931   15
    2932   15
    2933   15
    2934   15
    2935   15
    2936   15
    2937   15
    2938   15
    2939   15
    2940   15
    2941   15
    2942   15
    2943   15
    2944   15
    2945   15
    2946   15
    2947   15
    2948   15
    2949   15
    2950   15
    2951   15
    2952   15
    2953   15
    2954   15
    2955   15
    2956   15
    2957   15
    2958   15
    2959   15
    2960   15
    2961   15
    2962   15
    2963   15
    2964   15
    2965   15
    2966   15
    2967   15
    2968   15
    2969   15
    2970   15
    2971   15
    2972   15
    2973   15
    2974   15
    2975   15
    2976   15
    2977   15
    2978   15
    2979   15
    2980    7
    2981   12
    2982   12
    2983   12
    2984    9
    2985   12
    2986   12
    2987   12
    2988   12
    2989   12
    2990   11
    2991   11
    2992   11
    2993   11
    2994   11
    2995   12
    2996    8
    2997    8
    2998    8
    2999   12
    3000   12
    3001   12
    3002   12
    3003   12
    3004   12
    3005   12
    3006   12
    3007   12
    3008   12
    3009   12
    3010   12
    3011    8
    3012    8
    3013    8
    3014    8
    3015   12
    3016   12
    3017   12
    3018   12
    3019   12
    3020   12
    3021   12
    3022   12
    3023   12
    3024   12
    3025   12
    3026   12
    3027    8
    3028   12
    3029    8
    3030    8
    3031   12
    3032    4
    3033    4
    3034    4
    3035    9
    3036   15
    3037   15
    3038   15
    3039   15
    3040   15
    3041   15
    3042   15
    3043   15
    3044   15
    3045    9
    3046    9
    3047   12
    3048   12
    3049   12
    3050   12
    3051   12
    3052   12
    3053   12
    3054   13
    3055   13
    3056   13
    3057   13
    3058   13
    3059   13
    3060   13
    3061   13
    3062   13
    3063   13
    3064   13
    3065   13
    3066   13
    3067   13
    3068   13
    3069   13
    3070   13
    3071   15
    3072   15
    3073   15
    3074   15
    3075   15
    3076   15
    3077   15
    3078   15
    3079   15
    3080   15
    3081   15
    3082   15
    3083   15
    3084   15
    3085   15
    3086   15
    3087   15
    3088   15
    3089   15
    3090   15
    3091   15
    3092   15
    3093   15
    3094   15
    3095   15
    3096   15
    3097   15
    3098   15
    3099   15
    3100   15
    3101   15
    3102   15
    3103    8
    3104   15
    3105   15
    3106   15
    3107   15
    3108   15
    3109   15
    3110   15
    3111   15
    3112   15
    3113   15
    3114   15
    3115   15
    3116   15
    3117   15
    3118   15
    3119   15
    3120   15
    3121   15
    3122   15
    3123   15
    3124   15
    3125   15
    3126   15
    3127   15
    3128   15
    3129   15
    3130   15
    3131   15
    3132   15
    3133   15
    3134   15
    3135   15
    3136   15
    3137   15
    3138   15
    3139   15
    3140   15
    3141   15
    3142   15
    3143   15
    3144   15
    3145   15
    3146   15
    3147   15
    3148   15
    3149    9
    3150   10
    3151   12
    3152   12
    3153   12
    3154   12
    3155   12
    3156   12
    3157   12
    3158   12
    3159   12
    3160   12
    3161   12
    3162   12
    3163   12
    3164   12
    3165   12
    3166   12
    3167   12
    3168   12
    3169    8
    3170   12
    3171   12
    3172   12
    3173   12
    3174   12
    3175   12
    3176   12
    3177   12
    3178   12
    3179   12
    3180   12
    3181   12
    3182    8
    3183    8
    3184    8
    3185    8
    3186   12
    3187   12
    3188   12
    3189   12
    3190    8
    3191    8
    3192   12
    3193   12
    3194   12
    3195    8
    3196   12
    3197   12
    3198   12
    3199   12
    3200   12
    3201   12
    3202   12
    3203   12
    3204   12
    3205   12
    3206   12
    3207   12
    3208   12
    3209   12
    3210    8
    3211   12
    3212   12
    3213   12
    3214   12
    3215   12
    3216   12
    3217   12
    3218   12
    3219   12
    3220   12
    3221   12
    3222    8
    3223   12
    3224    4
    3225    4
    3226    4
    3227    4
    3228    4
    3229    4
    3230    4
    3231    4
    3232    5
    3233    4
    3234    4
    3235    4
    3236    4
    3237    5
    3238    5
    3239    4
    3240    4
    3241    4
    3242    5
    3243    5
    3244    5
    3245    5
    3246    5
    3247    6
    3248    6
    3249    8
    3250    8
    3251    7
    3252   12
    3253   12
    3254   12
    3255   12
    3256   12
    3257    1
    3258    1
    3259   12
    3260   12
    3261   12
    3262   12
    3263   12
    3264    1
    3265    1
    3266    1
    3267    1
    3268    6
    3269    7
    3270   15
    3271   15
    3272    7
    3273   12
    3274    1
    3275    1
    3276    1
    3277    1
    3278   12
    3279   12
    3280   12
    3281   12
    3282   12
    3283   12
    3284   12
    3285   12
    3286   12
    3287   12
    3288   12
    3289   12
    3290   12
    3291   12
    3292   12
    3293   12
    3294   12
    3295   12
    3296   12
    3297   12
    3298   12
    3299    7
    3300   12
    3301   12
    3302   12
    3303   12
    3304   12
    3305   12
    3306   12
    3307   12
    3308   12
    3309   12
    3310   12
    3311   12
    3312   12
    3313   12
    3314   12
    3315   12
    3316   12
    3317   12
    3318   12
    3319   12
    3320   12
    3321   12
    3322   12
    3323   12
    3324   12
    3325    4
    3326    6
    3327    6
    3328    1
    3329    1
    3330    1
    3331    1
    3332   12
    3333   12
    3334   12
    3335   12
    3336   12
    3337   12
    3338   12
    3339   12
    3340    4
    3341    6
    3342   12
    3343   12
    3344   12
    3345   12
    3346   12
    3347   12
    3348   12
    3349   12
    3350   12
    3351   12
    3352   12
    3353    6
    3354   12
    3355   12
    3356   12
    3357   12
    3358   12
    3359   12
    3360   12
    3361   12
    3362   12
    3363   12
    3364    1
    3365    1
    3366    1
    3367    7
    3368   12
    3369   12
    3370   12
    3371   12
    3372    8
    3373   12
    3374   12
    3375   12
    3376   12
    3377    6
    3378    3
    3379    3
    3380    3
    3381    3
    3382    1
    3383    3
    3384    3
    3385    3
    3386    3
    3387    1
    3388    1
    3389    1
    3390   12
    3391   15
    3392   15
    3393   15
    3394   15
    3395   15
    3396   15
    3397   15
    3398   15
    3399   15
    3400    8
    3401   12
    3402   12
    3403   12
    3404   12
    3405   10
    3406    9
    3407   13
    3408   13
    3409   13
    3410   13
    3411   13
    3412   13
    3413   13
    3414   13
    3415   13
    3416   13
    3417   13
    3418   13
    3419   13
    3420   13
    3421   13
    3422   13
    3423   13
    3424   13
    3425   13
    3426   13
    3427   13
    3428   13
    3429   13
    3430   13
    3431   13
    3432   13
    3433   13
    3434   13
    3435   13
    3436   13
    3437   13
    3438   13
    3439   13
    3440   13
    3441   13
    3442   13
    3443   13
    3444   13
    3445   13
    3446   13
    3447   13
    3448   13
    3449   13
    3450   13
    3451   13
    3452   13
    3453   13
    3454   13
    3455   13
    3456   13
    3457   13
    3458   13
    3459   13
    3460   13
    3461   13
    3462   13
    3463   13
    3464   13
    3465   13
    3466   13
    3467   13
    3468   13
    3469   13
    3470   13
    3471   13
    3472   13
    3473   13
    3474   13
    3475   13
    3476   13
    3477   13
    3478   13
    3479   13
    3480   13
    3481   13
    3482   13
    3483   13
    3484   13
    3485   13
    3486   13
    3487   13
    3488   13
    3489   12
    3490   12
    3491   12
    3492   12
    3493   12
    3494   12
    3495   12
    3496   12
    3497    4
    3498    4
    3499    4
    3500    4
    3501    4
    3502    4
    3503    4
    3504    4
    3505    4
    3506    5
    3507    7
    3508   12
    3509    8
    3510   15
    3511   15
    3512   15
    3513   15
    3514   15
    3515   15
    3516   15
    3517    8
    3518   12
    3519   12
    3520   12
    3521   12
    3522    9
    3523    9
    3524    9
    3525   12
    3526   12
    3527   12
    3528   12
    3529   12
    3530   12
    3531   12
    3532   12
    3533   12
    3534   12
    3535   12
    3536    4
    3537    4
    3538    4
    3539   12
    3540    8
    3541   12
    3542   12
    3543   12
    3544   12
    3545   12
    3546   12
    3547   12
    3548   12
    3549   12
    3550   12
    3551   12
    3552   12
    3553   12
    3554   12
    3555   12
    3556   12
    3557   12
    3558   12
    3559    8
    3560   12
    3561   12
    3562   12
    3563   12
    3564   12
    3565   12
    3566   12
    3567   12
    3568   12
    3569    6
    3570    4
    3571    4
    3572    3
    3573    1
    3574    1
    3575    1
    3576    1
    3577   12
    3578   12
    3579   15
    3580   15
    3581   15
    3582   15
    3583   15
    3584   15
    3585   15
    3586   15
    3587   15
    3588   15
    3589   15
    3590   15
    3591   15
    3592   15
    3593   15
    3594   15
    3595   15
    3596   15
    3597   15
    3598   15
    3599   15
    3600   15
    3601   15
    3602   15
    3603   15
    3604   15
    3605   15
    3606   15
    3607   15
    3608   15
    3609   15
    3610   15
    3611   15
    3612   15
    3613   15
    3614   15
    3615   15
    3616   15
    3617   15
    3618   15
    3619   15
    3620   15
    3621   15
    3622   15
    3623   15
    3624   15
    3625   15
    3626   15
    3627   15
    3628    8
    3629    6
    3630    5
    3631    3
    3632    3
    3633    5
    3634    4
    3635    4
    3636   15
    3637   15
    3638   15
    3639   15
    3640   15
    3641   15
    3642   15
    3643   15
    3644   15
    3645   15
    3646   15
    3647   15
    3648   15
    3649   15
    3650   15
    3651   15
    3652   15
    3653   15
    3654   15
    3655   15
    3656   15
    3657   15
    3658   15
    3659   15
    3660   15
    3661   15
    3662   15
    3663   15
    3664   15
    3665   15
    3666   15
    3667   15
    3668   15
    3669   15
    3670   15
    3671   15
    3672   15
    3673   15
    3674   15
    3675   15
    3676   15
    3677   15
    3678   15
    3679   15
    3680   12
    3681   12
    3682   12
    3683   12
    3684   12
    3685    1
    3686    3
    3687    3
    3688    3
    3689    5
    3690    7
    3691   15
    3692   15
    3693   15
    3694   15
    3695   15
    3696   15
    3697   15
    3698   15
    3699   15
    3700   15
    3701   15
    3702   15
    3703   15
    3704   15
    3705   15
    3706   15
    3707   15
    3708   15
    3709   15
    3710   15
    3711   15
    3712   15
    3713    9
    3714   15
    3715   15
    3716   15
    3717   15
    3718   15
    3719    9
    3720    4
    3721    4
    3722    4
    3723    4
    3724    4
    3725    4
    3726    4
    3727   12
    3728   12
    3729   12
    3730   12
    3731   12
    3732   12
    3733   12
    3734   12
    3735   12
    3736   12
    3737   12
    3738   12
    3739   12
    3740    8
    3741    8
    3742    8
    3743    8
    3744   15
    3745   15
    3746   15
    3747   15
    3748   15
    3749   15
    3750   15
    3751   15
    3752   15
    3753   15
    3754   15
    3755   15
    3756   15
    3757   15
    3758   15
    3759   15
    3760   15
    3761   15
    3762   15
    3763   15
    3764   15
    3765   15
    3766   15
    3767   15
    3768   15
    3769   15
    3770   15
    3771   15
    3772   15
    3773   15
    3774   15
    3775   15
    3776   15
    3777   15
    3778    8
    3779   12
    3780   12
    3781   12
    3782   12
    3783   12
    3784   12
    3785   12
    3786    8
    3787    8
    3788   15
    3789   15
    3790   15
    3791   15
    3792   15
    3793   15
    3794   15
    3795   15
    3796   15
    3797   15
    3798   15
    3799    8
    3800    8
    3801    8
    3802   15
    3803   15
    3804   15
    3805   15
    3806   15
    3807   15
    3808   15
    3809   15
    3810   15
    3811   15
    3812   15
    3813   15
    3814   15
    3815   15
    3816   15
    3817   15
    3818   15
    3819   15
    3820   15
    3821   15
    3822   15
    3823   15
    3824   15
    3825   15
    3826   15
    3827   15
    3828   15
    3829   15
    3830   15
    3831   15
    3832   15
    3833   15
    3834   15
    3835   15
    3836   15
    3837   15
    3838   15
    3839   15
    3840   15
    3841   15
    3842   15
    3843   15
    3844   15
    3845   15
    3846   15
    3847   15
    3848   15
    3849   15
    3850   15
    3851   15
    3852   15
    3853   15
    3854   15
    3855   15
    3856   15
    3857   15
    3858   15
    3859   15
    3860   15
    3861   15
    3862   15
    3863   15
    3864   15
    3865   15
    3866   15
    3867    8
    3868   12
    3869   12
    3870   10
    3871    9
    3872    9
    3873   12
    3874   12
    3875    8
    3876   12
    3877   12
    3878   12
    3879   12
    3880   12
    3881   12
    3882   12
    3883   12
    3884   12
    3885   12
    3886   12
    3887   12
    3888   12
    3889    8
    3890    7
    3891   15
    3892   15
    3893   15
    3894   15
    3895   15
    3896   15
    3897   15
    3898   15
    3899   15
    3900   15
    3901   15
    3902   15
    3903   15
    3904   15
    3905   15
    3906   15
    3907   15
    3908   15
    3909   15
    3910   15
    3911   15
    3912   15
    3913   15
    3914   15
    3915   15
    3916   15
    3917   15
    3918   15
    3919   15
    3920   15
    3921   15
    3922   15
    3923   15
    3924   15
    3925   15
    3926   15
    3927   15
    3928   15
    3929   15
    3930    8
    3931   15
    3932   15
    3933   15
    3934   15
    3935   15
    3936   15
    3937   15
    3938   15
    3939   15
    3940   15
    3941   15
    3942   15
    3943    7
    3944   15
    3945   15
    3946   15
    3947   15
    3948   15
    3949   15
    3950   15
    3951   15
    3952   15
    3953   15
    3954   15
    3955   15
    3956   15
    3957   15
    3958   15
    3959   15
    3960   15
    3961   15
    3962   15
    3963   15
    3964   15
    3965   15
    3966   15
    3967   15
    3968   15
    3969   15
    3970   15
    3971   15
    3972   15
    3973   15
    3974   15
    3975    8
    3976    9
    3977   15
    3978   15
    3979   15
    3980   15
    3981   15
    3982   15
    3983   15
    3984   15
    3985   15
    3986   15
    3987   15
    3988   15
    3989    9
    3990   15
    3991   15
    3992   15
    3993   15
    3994   15
    3995    7
    3996    8
    3997   12
    3998    8
    3999   12
    4000   12
    4001    6
    4002    6
    4003    4
    4004    4
    4005    4
    4006    4
    4007    4
    4008    4
    4009    4
    4010    4
    4011    4
    4012    4
    4013    4
    4014    4
    4015    4
    4016    5
    4017    4
    4018    4
    4019    4
    4020    4
    4021    4
    4022    4
    4023    4
    4024    4
    4025    4
    4026    4
    4027    4
    4028    5
    4029    5
    4030    7
    4031   15
    4032   15
    4033   15
    4034   15
    4035   15
    4036   15
    4037   15
    4038   15
    4039   15
    4040   15
    4041   15
    4042   15
    4043   15
    4044    8
    4045   15
    4046   15
    4047   15
    4048   15
    4049   15
    4050   15
    4051   15
    4052   15
    4053   15
    4054   15
    4055   15
    4056   15
    4057   15
    4058   15
    4059   15
    4060   15
    4061   15
    4062   15
    4063   15
    4064   15
    4065   15
    4066   15
    4067   15
    4068   15
    4069   15
    4070   15
    4071   15
    4072   15
    4073   15
    4074   15
    4075   15
    4076   15
    4077   15
    4078    8
    4079   15
    4080   15
    4081   15
    4082   15
    4083   15
    4084   15
    4085   15
    4086   15
    4087   15
    4088   15
    4089   15
    4090   15
    4091   15
    4092   15
    4093   15
    4094   15
    4095   15
    4096   15
    4097   15
    4098    7
    4099   12
    4100   12
    4101   12
    4102   12
    4103   12
    4104   12
    4105   12
    4106    1
    4107    1
    4108    3
    4109    3
    4110    3
    4111    3
    4112    6
    4113    4
    4114    1
    4115    1
    4116    1
    4117    1
    4118    1
    4119   12
    4120   12
    4121   12
    4122   12
    4123   12
    4124    7
    4125   15
    4126   15
    4127   15
    4128   15
    4129   15
    4130   15
    4131   15
    4132   15
    4133   15
    4134   15
    4135   15
    4136   15
    4137   15
    4138    7
    4139    6
    4140    4
    4141    4
    4142    5
    4143    4
    4144    4
    4145   12
    4146   12
    4147   12
    4148   12
    4149    4
    4150    4
    4151    4
    4152    4
    4153    4
    4154    4
    4155    4
    4156    4
    4157    4
    4158    5
    4159    4
    4160    4
    4161    4
    4162    4
    4163    4
    4164   12
    4165   12
    4166   12
    4167   12
    4168   12
    4169   12
    4170   12
    4171   12
    4172   12
    4173   12
    4174   12
    4175    8
    4176    7
    4177    7
    4178   12
    4179   12
    4180   12
    4181    5
    4182    6
    4183    6
    4184    1
    4185    1
    4186    1
    4187   12
    4188   12
    4189    7
    4190   12
    4191   12
    4192   12
    4193   12
    4194    1
    4195    1
    4196    1
    4197   12
    4198    7
    4199   15
    4200   15
    4201   15
    4202   15
    4203   15
    4204   15
    4205   15
    4206   15
    4207    6
    4208    4
    4209    4
    4210    3
    4211    1
    4212    1
    4213    1
    4214    1
    4215    1
    4216    1
    4217    1
    4218    1
    4219    1
    4220    1
    4221    1
    4222   12
    4223   12
    4224   12
    4225   12
    4226   12
    4227   15
    4228   15
    4229   15
    4230   15
    4231   15
    4232   15
    4233   12
    4234   12
    4235   12
    4236   12
    4237    7
    4238    8
    4239    8
    4240    8
    4241   12
    4242   12
    4243   12
    4244   12
    4245   12
    4246   12
    4247   12
    4248   12
    4249    8
    4250    7
    4251   15
    4252   15
    4253   15
    4254   15
    4255   15
    4256   15
    4257   15
    4258   15
    4259   15
    4260   15
    4261   15
    4262   15
    4263   15
    4264   15
    4265   15
    4266   15
    4267   15
    4268    8
    4269    8
    4270    8
    4271   15
    4272   15
    4273   15
    4274   15
    4275   15
    4276   15
    4277   15
    4278   15
    4279   15
    4280   15
    4281   15
    4282   15
    4283   15
    4284    8
    4285    9
    4286   12
    4287   12
    4288   12
    4289    8
    4290   15
    4291   15
    4292   15
    4293   15
    4294   15
    4295   15
    4296   15
    4297   15
    4298   15
    4299   15
    4300   15
    4301   15
    4302   15
    4303   15
    4304   15
    4305   12
    4306    1
    4307    1
    4308    1
    4309    1
    4310    3
    4311    3
    4312    1
    4313    1
    4314    1
    4315    1
    4316    1
    4317    1
    4318    1
    4319    4
    4320    4
    4321    4
    4322    4
    4323    4
    4324    4
    4325    6
    4326   15
    4327   15
    4328   15
    4329   15
    4330   15
    4331   15
    4332   15
    4333   15
    4334   15
    4335   15
    4336   15
    4337   15
    4338   15
    4339   15
    4340   15
    4341   15
    4342   15
    4343   15
    4344   15
    4345   15
    4346   15
    4347   15
    4348   15
    4349   15
    4350   15
    4351   15
    4352   15
    4353   15
    4354   15
    4355   15
    4356   15
    4357    9
    4358   15
    4359   15
    4360   15
    4361   15
    4362   15
    4363   15
    4364   15
    4365   15
    4366   15
    4367   15
    4368   15
    4369   15
    4370   15
    4371   15
    4372   15
    4373   15
    4374   15
    4375   15
    4376   13
    4377   13
    4378   13
    4379   13
    4380   13
    4381   13
    4382   13
    4383   13
    4384   13
    4385   13
    4386   13
    4387   13
    4388   13
    4389   13
    4390   13
    4391   10
    4392    9
    4393   15
    4394   15
    4395   15
    4396   15
    4397   15
    4398   15
    4399   15
    4400   15
    4401   15
    4402   15
    4403   15
    4404   15
    4405   15
    4406   15
    4407   15
    4408   15
    4409   15
    4410   15
    4411   15
    4412   15
    4413   15
    4414   15
    4415   15
    4416   15
    4417   15
    4418   15
    4419   15
    4420   15
    4421   15
    4422   15
    4423   15
    4424   15
    4425    6
    4426    4
    4427    4
    4428    4
    4429    4
    4430    4
    4431    4
    4432    4
    4433    4
    4434    4
    4435    4
    4436    4
    4437    4
    4438    4
    4439    4
    4440    4
    4441    4
    4442    4
    4443    4
    4444    4
    4445    4
    4446    4
    4447    5
    4448    5
    4449   12
    4450   12
    4451    8
    4452   12
    4453   12
    4454   12
    4455   12
    4456   12
    4457   12
    4458   12
    4459   12
    4460   12
    4461   12
    4462   12
    4463   12
    4464   12
    4465   12
    4466   12
    4467   12
    4468   12
    4469    1
    4470    1
    4471    1
    4472    1
    4473    4
    4474    7
    4475   15
    4476   15
    4477   15
    4478   15
    4479   15
    4480   15
    4481   15
    4482   15
    4483   15
    4484   15
    4485   15
    4486   15
    4487   15
    4488   15
    4489   15
    4490   15
    4491   15
    4492   15
    4493    7
    4494   15
    4495   15
    4496   15
    4497   15
    4498   15
    4499   15
    4500   15
    4501   15
    4502   15
    4503   15
    4504    8
    4505   15
    4506   15
    4507   15
    4508   15
    4509   15
    4510   15
    4511   15
    4512   15
    4513   15
    4514   15
    4515   15
    4516   15
    4517   15
    4518   15
    4519   15
    4520   15
    4521   15
    4522   15
    4523   15
    4524   15
    4525   15
    4526   15
    4527   15
    4528   15
    4529   15
    4530   15
    4531   15
    4532   15
    4533   15
    4534   15
    4535   15
    4536   15
    4537    7
    4538    8
    4539   15
    4540   15
    4541   15
    4542   15
    4543   15
    4544   15
    4545   15
    4546   15
    4547   15
    4548   15
    4549   15
    4550   15
    4551   15
    4552   15
    4553   15
    4554   15
    4555   15
    4556   15
    4557    8
    4558   12
    4559   12
    4560   12
    4561   12
    4562   12
    4563   12
    4564   12
    4565   12
    4566   12
    4567   12
    4568   12
    4569   12
    4570   12
    4571   12
    4572    8
    4573   15
    4574   15
    4575   15
    4576   15
    4577   15
    4578   15
    4579   15
    4580   15
    4581   15
    4582   15
    4583   15
    4584   15
    4585   15
    4586   15
    4587   15
    4588   15
    4589   15
    4590   15
    4591   15
    4592   15
    4593   15
    4594   15
    4595   15
    4596   15
    4597   15
    4598   15
    4599   15
    4600   15
    4601   15
    4602   15
    4603   15
    4604   15
    4605   15
    4606   15
    4607   15
    4608   15
    4609    8
    4610   15
    4611   15
    4612   15
    4613   15
    4614   15
    4615   15
    4616   15
    4617   15
    4618   15
    4619   15
    4620   15
    4621   15
    4622   15
    4623   15
    4624   15
    4625   15
    4626   15
    4627   15
    4628   15
    4629   15
    4630   15
    4631   15
    4632   15
    4633   15
    4634   15
    4635   15
    4636   15
    4637   15
    4638   15
    4639   15
    4640   15
    4641   15
    4642   15
    4643   15
    4644   15
    4645   15
    4646   15
    4647   15
    4648   15
    4649   15
    4650   15
    4651   15
    4652   15
    4653   15
    4654   15
    4655   15
    4656   15
    4657   15
    4658   15
    4659   15
    4660   15
    4661   15
    4662   15
    4663   15
    4664   15
    4665   15
    4666   15
    4667   15
    4668   15
    4669   15
    4670   15
    4671   15
    4672   15
    4673   15
    4674   15
    4675   15
    4676   15
    4677    8
    4678    8
    4679   12
    4680   12
    4681   12
    4682    8
    4683   12
    4684   12
    4685   12
    4686   12
    4687   12
    4688   12
    4689   12
    4690   12
    4691   12
    4692   12
    4693   12
    4694   12
    4695   12
    4696   12
    4697   12
    4698   12
    4699   12
    4700   12
    4701   12
    4702    1
    4703    1
    4704    1
    4705    1
    4706    1
    4707    1
    4708    1
    4709    1
    4710    4
    4711    4
    4712    3
    4713    3
    4714    5
    4715    6
    4716    1
    4717   12
    4718   12
    4719   12
    4720   12
    4721   12
    4722    6
    4723    1
    4724    1
    4725    1
    4726    1
    4727    1
    4728    1
    4729    1
    4730    1
    4731    1
    4732    4
    4733    6
    4734    8
    4735   15
    4736   15
    4737   15
    4738   15
    4739   15
    4740    8
    4741   12
    4742   12
    4743   12
    4744   12
    4745   12
    4746    8
    4747   15
    4748   15
    4749   15
    4750   15
    4751   15
    4752   15
    4753   15
    4754   15
    4755   15
    4756   15
    4757   15
    4758   15
    4759   12
    4760   12
    4761    6
    4762    4
    4763    4
    4764    4
    4765    3
    4766    1
    4767    1
    4768   12
    4769   12
    4770   12
    4771   12
    4772   12
    4773   12
    4774   12
    4775    7
    4776   12
    4777   12
    4778    8
    4779   12
    4780   12
    4781   12
    4782   12
    4783   12
    4784   12
    4785   13
    4786   13
    4787   13
    4788   13
    4789   13
    4790   13
    4791   12
    4792   12
    4793   12
    4794   12
    4795   12
    4796   12
    4797    8
    4798   12
    4799   12
    4800   12
    4801   12
    4802   12
    4803   12
    4804   12
    4805   12
    4806   12
    4807   12
    4808   12
    4809   12
    4810   12
    4811   12
    4812   12
    4813   12
    4814   12
    4815   12
    4816   12
    4817   12
    4818   12
    4819    4
    4820    4
    4821    6
    4822   12
    4823    8
    4824   15
    4825   15
    4826   15
    4827   15
    4828   15
    4829   15
    4830   15
    4831   15
    4832   15
    4833    7
    4834   15
    4835   15
    4836   15
    4837   15
    4838   15
    4839   15
    4840   15
    4841   15
    4842   15
    4843   15
    4844   15
    4845   15
    4846   15
    4847   15
    4848   15
    4849   15
    4850   15
    4851   15
    4852   15
    4853   15
    4854   15
    4855   15
    4856   15
    4857   15
    4858   15
    4859   15
    4860   15
    4861   15
    4862   15
    4863   15
    4864   15
    4865   15
    4866   15
    4867   15
    4868   15
    4869   15
    4870   15
    4871   15
    4872   15
    4873   15
    4874   15
    4875   15
    4876   15
    4877   15
    4878   15
    4879   15
    4880   15
    4881   15
    4882   15
    4883   15
    4884   15
    4885   15
    4886    8
    4887   12
    4888   12
    4889    9
    4890    9
    4891   10
    4892   12
    4893   15
    4894   15
    4895   15
    4896   15
    4897   15
    4898   15
    4899   15
    4900   15
    4901   15
    4902   15
    4903   15
    4904   15
    4905   15
    4906   15
    4907   15
    4908   15
    4909    7
    4910    6
    4911    4
    4912    4
    4913    4
    4914    4
    4915    4
    4916    4
    4917   12
    4918   12
    4919    8
    4920   12
    4921   12
    4922   12
    4923   12
    4924   12
    4925   12
    4926   12
    4927   12
    4928   12
    4929   12
    4930   12
    4931   12
    4932   12
    4933   12
    4934   12
    4935   12
    4936    6
    4937    6
    4938    3
    4939    4
    4940    4
    4941    3
    4942    3
    4943    1
    4944    1
    4945    1
    4946    1
    4947    1
    4948    1
    4949    1
    4950    1
    4951    1
    4952    1
    4953    1
    4954    1
    4955    1
    4956    1
    4957   12
    4958    9
    4959    9
    4960   12
    4961   12
    4962   12
    4963   12
    4964    7
    4965   15
    4966   15
    4967   15
    4968   15
    4969   15
    4970   15
    4971   15
    4972   15
    4973   15
    4974   15
    4975   15
    4976    8
    4977   12
    4978   12
    4979   12
    4980   12
    4981   12
    4982   12
    4983   12
    4984   12
    4985   12
    4986   12
    4987   12
    4988    8
    4989   12
    4990   12
    4991   12
    4992   12
    4993   12
    4994   12
    4995   12
    4996   10
    4997   10
    4998   12
    4999   12
    5000   12
