       1   13
       2   13
       3   13
       4   13
       5   13
       6   13
       7   13
       8   13
       9   13
      10   13
      11   13
      12   13
      13   13
      14   13
      15   13
      16   13
      17   13
      18   12
      19   12
      20   12
      21   12
      22   12
      23   12
      24   12
      25   12
      26    6
      27   12
      28   13
      29   13
      30   13
      31   13
      32   13
      33   13
      34   13
      35   13
      36   13
      37   13
      38   13
      39   13
      40   13
      41   13
      42   13
      43   13
      44   13
      45   13
      46   13
      47   13
      48   13
      49   13
      50   13
      51   13
      52   13
      53   13
      54   13
      55   13
      56   13
      57   13
      58   13
      59   13
      60   13
      61   13
      62   13
      63   13
      64   13
      65   13
      66   13
      67   13
      68   13
      69   13
      70   13
      71   13
      72   13
      73   13
      74   13
      75   13
      76   13
      77   13
      78   13
      79   13
      80   13
      81   13
      82   13
      83   13
      84   13
      85   13
      86   13
      87   13
      88   13
      89   13
      90   13
      91   13
      92   13
      93   13
      94   13
      95   13
      96   13
      97   13
      98   13
      99   13
     100   13
     101   13
     102   13
     103   13
     104   13
     105   13
     106   13
     107   13
     108   13
     109   13
     110   13
     111   13
     112   13
     113   13
     114   13
     115   13
     116   13
     117   13
     118   13
     119   13
     120   13
     121   13
     122   13
     123   13
     124   13
     125   13
     126   13
     127   13
     128   13
     129   13
     130   13
     131   13
     132   13
     133   13
     134   13
     135   13
     136   13
     137   13
     138   13
     139   13
     140   13
     141   13
     142   13
     143   13
     144   13
     145   13
     146   13
     147   13
     148   13
     149   13
     150   13
     151   13
     152   13
     153   13
     154    4
     155    4
     156   12
     157   12
     158   12
     159   12
     160    4
     161    4
     162    4
     163    4
     164    4
     165    4
     166    6
     167    4
     168    4
     169    4
     170    4
     171    4
     172    6
     173    6
     174   15
     175   15
     176   15
     177   15
     178   15
     179   15
     180   15
     181   15
     182   15
     183   15
     184   15
     185   15
     186   15
     187   15
     188   15
     189   15
     190   15
     191   15
     192   15
     193   15
     194   15
     195   15
     196   15
     197   15
     198   15
     199   15
     200   15
     201   13
     202   13
     203   13
     204   13
     205   14
     206   14
     207   14
     208   13
     209   13
     210   13
     211   13
     212   13
     213   13
     214   13
     215   13
     216   13
     217   13
     218   13
     219   13
     220   13
     221   13
     222   15
     223   15
     224   15
     225   15
     226   15
     227   15
     228   15
     229   15
     230   15
     231   15
     232   15
     233   15
     234   15
     235   15
     236   15
     237   15
     238   15
     239   15
     240   15
     241   15
     242   15
     243   15
     244   15
     245    8
     246   12
     247   12
     248   12
     249   12
     250   12
     251   12
     252   12
     253   12
     254    7
     255   12
     256   12
     257   12
     258   12
     259   12
     260   12
     261   12
     262   12
     263   12
     264   12
     265   12
     266   12
     267   12
     268   12
     269   12
     270   12
     271   12
     272   12
     273    8
     274    7
     275   15
     276   15
     277   15
     278   15
     279   15
     280   15
     281   15
     282   15
     283   15
     284   15
     285   15
     286   15
     287   15
     288   15
     289   15
     290   15
     291    8
     292   15
     293   15
     294   15
     295   15
     296   15
     297   15
     298   15
     299   15
     300   15
     301   15
     302   15
     303   15
     304   15
     305   15
     306   15
     307   15
     308   15
     309   15
     310   15
     311   15
     312   15
     313   15
     314   15
     315   15
     316   15
     317   15
     318   15
     319   15
     320   15
     321   15
     322   15
     323   15
     324    8
     325    8
     326    7
     327   15
     328   15
     329   15
     330   15
     331   15
     332   15
     333   15
     334   15
     335   15
     336   15
     337   15
     338   15
     339   15
     340    7
     341   15
     342   15
     343   15
     344   15
     345   15
     346   15
     347   15
     348   15
     349   15
     350   15
     351   15
     352    8
     353   15
     354   15
     355   15
     356   15
     357   15
     358   15
     359   15
     360   15
     361   15
     362   15
     363   15
     364   15
     365   15
     366   15
     367   15
     368   15
     369   15
     370   15
     371   15
     372   15
     373   15
     374   15
     375   15
     376   15
     377   15
     378   15
     379   15
     380   15
     381   15
     382   15
     383   15
     384   15
     385   15
     386   15
     387   15
     388   15
     389   15
     390   15
     391   15
     392   15
     393   15
     394   13
     395   13
     396   13
     397   13
     398   13
     399   13
     400   13
     401   13
     402   13
     403   13
     404   13
     405   13
     406   13
     407   13
     408   13
     409   13
     410   13
     411   13
     412   13
     413   13
     414   13
     415   13
     416   13
     417   13
     418   13
     419   13
     420   13
     421   13
     422   13
     423   13
     424   13
     425   13
     426   13
     427   13
     428   13
     429   13
     430   13
     431   13
     432   13
     433   13
     434   13
     435   13
     436   13
     437   13
     438   13
     439   13
     440   13
     441   13
     442   13
     443   13
     444   13
     445   13
     446   13
     447   13
     448   13
     449   13
     450   13
     451   13
     452   13
     453   13
     454   13
     455   13
     456   13
     457   13
     458   13
     459   13
     460   13
     461   13
     462   13
     463   13
     464   13
     465   13
     466   13
     467   13
     468    8
     469   12
     470   12
     471   12
     472   12
     473   12
     474    7
     475   15
     476   15
     477   15
     478   15
     479   15
     480   15
     481   15
     482   15
     483    8
     484   15
     485   15
     486   15
     487   15
     488   15
     489   15
     490   15
     491   15
     492   15
     493   15
     494   15
     495   15
     496   15
     497   15
     498   15
     499   15
     500   12
     501   12
     502    3
     503    6
     504    6
     505    6
     506    6
     507    4
     508    4
     509    5
     510    5
     511    6
     512    4
     513    6
     514    6
     515    3
     516    3
     517    3
     518    3
     519    4
     520    4
     521    4
     522    4
     523    4
     524    4
     525    4
     526    4
     527    4
     528    4
     529    4
     530    4
     531    1
     532    1
     533    1
     534   12
     535   12
     536   12
     537   12
     538   12
     539   12
     540   12
     541   12
     542   12
     543   12
     544   12
     545   12
     546   12
     547   12
     548   12
     549   12
     550    1
     551    1
     552    1
     553   12
     554   12
     555   12
     556   12
     557   12
     558   12
     559   12
     560   12
     561   12
     562   12
     563   12
     564   12
     565   12
     566   12
     567   12
     568    1
     569    1
     570    1
     571   12
     572   12
     573   13
     574   13
     575   13
     576   13
     577   13
     578   13
     579   13
     580   13
     581   13
     582   13
     583   13
     584   13
     585   13
     586   13
     587   13
     588   13
     589   13
     590   13
     591   13
     592   13
     593   13
     594   13
     595   13
     596   13
     597   13
     598   13
     599   13
     600   13
     601   13
     602   13
     603   13
     604   13
     605   13
     606   13
     607   13
     608   13
     609   13
     610   13
     611   13
     612   13
     613   13
     614   13
     615   13
     616   13
     617   13
     618   13
     619   13
     620   13
     621   13
     622   13
     623   13
     624   13
     625   13
     626   13
     627   13
     628   13
     629   13
     630   13
     631   13
     632   13
     633   13
     634   13
     635   13
     636   13
     637   13
     638   13
     639   13
     640   13
     641   13
     642   13
     643   13
     644   13
     645   13
     646   13
     647   13
     648   13
     649   13
     650   13
     651   13
     652   13
     653   13
     654   13
     655   13
     656   13
     657   13
     658   13
     659   13
     660   13
     661   13
     662   13
     663   13
     664   13
     665   13
     666   13
     667   13
     668   13
     669   13
     670   13
     671   13
     672   13
     673   13
     674   13
     675   13
     676   13
     677   13
     678   13
     679   13
     680   13
     681   13
     682   13
     683   13
     684   13
     685   13
     686   13
     687   13
     688   13
     689   13
     690   13
     691   13
     692   13
     693   13
     694   13
     695   12
     696   12
     697    1
     698    1
     699   12
     700   12
     701   12
     702   12
     703   12
     704   12
     705   12
     706   12
     707   12
     708   12
     709    1
     710    4
     711    4
     712    6
     713    8
     714    8
     715    8
     716    6
     717    4
     718    4
     719    4
     720   12
     721    1
     722   12
     723   12
     724   12
     725   12
     726   12
     727   13
     728   13
     729   13
     730   13
     731   13
     732   13
     733   13
     734   13
     735   13
     736   13
     737   13
     738   13
     739   13
     740   13
     741   13
     742   13
     743   13
     744   13
     745   13
     746   13
     747   13
     748   13
     749   13
     750   13
     751   13
     752   13
     753   13
     754   13
     755   13
     756   13
     757   13
     758   13
     759   13
     760   13
     761   13
     762   13
     763   13
     764   13
     765   13
     766   13
     767   13
     768   13
     769   13
     770   13
     771   13
     772   13
     773   13
     774   13
     775   13
     776   13
     777   13
     778   13
     779   13
     780   13
     781   13
     782   13
     783   13
     784   13
     785   13
     786   13
     787   13
     788   13
     789   13
     790   13
     791   13
     792   13
     793   13
     794   13
     795   13
     796   13
     797   13
     798   13
     799   13
     800   13
     801   13
     802   13
     803   13
     804   13
     805   13
     806   13
     807   13
     808   13
     809   13
     810   13
     811   13
     812   13
     813   13
     814   13
     815   13
     816   13
     817   13
     818   13
     819   13
     820   13
     821   13
     822   13
     823   13
     824   13
     825   13
     826   13
     827   13
     828   13
     829   13
     830   13
     831   13
     832   13
     833   13
     834   13
     835   13
     836   13
     837   13
     838   13
     839   13
     840   13
     841   13
     842   13
     843   13
     844   13
     845   13
     846   13
     847   13
     848   13
     849   13
     850   13
     851   13
     852   13
     853   14
     854   14
     855   14
     856   14
     857   14
     858   14
     859   14
     860   14
     861   14
     862   14
     863   14
     864   14
     865   14
     866   14
     867   14
     868   14
     869   13
     870   13
     871   13
     872   13
     873   13
     874   13
     875   13
     876   13
     877   13
     878   13
     879   13
     880   13
     881   13
     882   13
     883   13
     884   13
     885   13
     886   13
     887   13
     888   13
     889   13
     890   13
     891   13
     892   13
     893   13
     894   13
     895   13
     896   13
     897   13
     898   13
     899   13
     900   13
     901   13
     902   13
     903   13
     904   13
     905   13
     906   13
     907   13
     908   13
     909   13
     910   13
     911   13
     912   13
     913   13
     914   13
     915   13
     916   13
     917   13
     918   13
     919   13
     920   13
     921   13
     922   13
     923   14
     924   14
     925   14
     926   14
     927   14
     928   14
     929   14
     930   14
     931   14
     932   14
     933   14
     934   14
     935   14
     936   14
     937   14
     938   14
     939   13
     940   13
     941   13
     942   13
     943   13
     944   13
     945   13
     946   13
     947   13
     948   13
     949   13
     950   14
     951   14
     952   14
     953   14
     954   14
     955   14
     956   14
     957   14
     958   13
     959   13
     960   13
     961   13
     962   13
     963   13
     964   13
     965   13
     966   13
     967   13
     968   13
     969   13
     970   13
     971   13
     972   13
     973   13
     974   13
     975   13
     976   13
     977   13
     978   13
     979   13
     980   13
     981   13
     982   13
     983   13
     984   13
     985   13
     986   13
     987   13
     988   13
     989   13
     990   13
     991   13
     992   13
     993   13
     994   13
     995   13
     996   13
     997   13
     998   13
     999   13
    1000   13
    1001   13
    1002   13
    1003   13
    1004   13
    1005   13
    1006   13
    1007   13
    1008   13
    1009   13
    1010   13
    1011   13
    1012   13
    1013   13
    1014   13
    1015   13
    1016   13
    1017   13
    1018   13
    1019   13
    1020   13
    1021   13
    1022   13
    1023   13
    1024   13
    1025   13
    1026   13
    1027   13
    1028   13
    1029   13
    1030   13
    1031   13
    1032   13
    1033    8
    1034    8
    1035    8
    1036    7
    1037   15
    1038   15
    1039   15
    1040   15
    1041   15
    1042   15
    1043   15
    1044   15
    1045   15
    1046   15
    1047   15
    1048   15
    1049    8
    1050   12
    1051    7
    1052    6
    1053    5
    1054    3
    1055    3
    1056    3
    1057    3
    1058    6
    1059   12
    1060   13
    1061   13
    1062   13
    1063   13
    1064   13
    1065   13
    1066   13
    1067   13
    1068   13
    1069   13
    1070   13
    1071   13
    1072   13
    1073   13
    1074   13
    1075   13
    1076   13
    1077   13
    1078   13
    1079   13
    1080   13
    1081   13
    1082   13
    1083   13
    1084   13
    1085   13
    1086   13
    1087   13
    1088   13
    1089   13
    1090   13
    1091   13
    1092   13
    1093   13
    1094   13
    1095   13
    1096   13
    1097   13
    1098   13
    1099   13
    1100   13
    1101   13
    1102   13
    1103   13
    1104   13
    1105   13
    1106   13
    1107   13
    1108   13
    1109   13
    1110   13
    1111   13
    1112   15
    1113   15
    1114   15
    1115   15
    1116   15
    1117   15
    1118   15
    1119   15
    1120   15
    1121   15
    1122   15
    1123   15
    1124   15
    1125   15
    1126   15
    1127   15
    1128    8
    1129    8
    1130   15
    1131   15
    1132   15
    1133   15
    1134   15
    1135   15
    1136   15
    1137   15
    1138   15
    1139   15
    1140   15
    1141   15
    1142   15
    1143   15
    1144   15
    1145   15
    1146   15
    1147   13
    1148   13
    1149   13
    1150   13
    1151   13
    1152   13
    1153   13
    1154   13
    1155   13
    1156   13
    1157   13
    1158   13
    1159   13
    1160   13
    1161   13
    1162   13
    1163   13
    1164   13
    1165   13
    1166   13
    1167   13
    1168   13
    1169   13
    1170   13
    1171   13
    1172   13
    1173   13
    1174   13
    1175   13
    1176   13
    1177   13
    1178   13
    1179   13
    1180   13
    1181   13
    1182   13
    1183   13
    1184   13
    1185   13
    1186   13
    1187   13
    1188   13
    1189   13
    1190   13
    1191   13
    1192   13
    1193   13
    1194   13
    1195   13
    1196   13
    1197   13
    1198   13
    1199   13
    1200   13
    1201   13
    1202   13
    1203   13
    1204   13
    1205   13
    1206   13
    1207   13
    1208   13
    1209   13
    1210   13
    1211   13
    1212   13
    1213   13
    1214   13
    1215   13
    1216   13
    1217   13
    1218   13
    1219   13
    1220   13
    1221   13
    1222   13
    1223   13
    1224   13
    1225   13
    1226   13
    1227   13
    1228   13
    1229   13
    1230   13
    1231   13
    1232   14
    1233   14
    1234   13
    1235   13
    1236   13
    1237   13
    1238   13
    1239   13
    1240   13
    1241   13
    1242   13
    1243   13
    1244   13
    1245   13
    1246   13
    1247   13
    1248   13
    1249   13
    1250   13
    1251   13
    1252   13
    1253   13
    1254   13
    1255   13
    1256   13
    1257   13
    1258   13
    1259   13
    1260   13
    1261   13
    1262   13
    1263   13
    1264   13
    1265   13
    1266   14
    1267   14
    1268   14
    1269   14
    1270   14
    1271   14
    1272   14
    1273   14
    1274   14
    1275   14
    1276   14
    1277   14
    1278   14
    1279   14
    1280   14
    1281   14
    1282   14
    1283   14
    1284   14
    1285   14
    1286   14
    1287   14
    1288   14
    1289   14
    1290   14
    1291   14
    1292   14
    1293   14
    1294   14
    1295   14
    1296   14
    1297   13
    1298   13
    1299   13
    1300   13
    1301   13
    1302   13
    1303   13
    1304   13
    1305   13
    1306   13
    1307   13
    1308   13
    1309   13
    1310   14
    1311   14
    1312   14
    1313   14
    1314   14
    1315   14
    1316   14
    1317   14
    1318   14
    1319   14
    1320   14
    1321   14
    1322   13
    1323   13
    1324   13
    1325   13
    1326   13
    1327   13
    1328   13
    1329   13
    1330   13
    1331   13
    1332   13
    1333   13
    1334   13
    1335   13
    1336   13
    1337   13
    1338   13
    1339   13
    1340   13
    1341   13
    1342   13
    1343   13
    1344   13
    1345   13
    1346   13
    1347   13
    1348   13
    1349   13
    1350   13
    1351   13
    1352   13
    1353   13
    1354   13
    1355   13
    1356   13
    1357   13
    1358   13
    1359   13
    1360   13
    1361   13
    1362   13
    1363   13
    1364   13
    1365   13
    1366   13
    1367   13
    1368   13
    1369   13
    1370   13
    1371   13
    1372   13
    1373   13
    1374   13
    1375   13
    1376   13
    1377   13
    1378   13
    1379   13
    1380   13
    1381   13
    1382   13
    1383   13
    1384   13
    1385   13
    1386   13
    1387   12
    1388   12
    1389   12
    1390    1
    1391    1
    1392    1
    1393    1
    1394    1
    1395    6
    1396    9
    1397   10
    1398   10
    1399   10
    1400   10
    1401   10
    1402   10
    1403   10
    1404   10
    1405   10
    1406   10
    1407   10
    1408   10
    1409   10
    1410   10
    1411   10
    1412   12
    1413   12
    1414   12
    1415   12
    1416   12
    1417    1
    1418    1
    1419    3
    1420    3
    1421    6
    1422    3
    1423    1
    1424    1
    1425    1
    1426    1
    1427    1
    1428   12
    1429   12
    1430   12
    1431   12
    1432    9
    1433   10
    1434   10
    1435   10
    1436   10
    1437   10
    1438   10
    1439   10
    1440   10
    1441   10
    1442   13
    1443   13
    1444   13
    1445   13
    1446   10
    1447   13
    1448   13
    1449   13
    1450   13
    1451   13
    1452   13
    1453   13
    1454   13
    1455   13
    1456   13
    1457   13
    1458   13
    1459   13
    1460   13
    1461   13
    1462   13
    1463   13
    1464   13
    1465   13
    1466   13
    1467   13
    1468   13
    1469   13
    1470   13
    1471   13
    1472   13
    1473   13
    1474   13
    1475   13
    1476   13
    1477   13
    1478   13
    1479   13
    1480   13
    1481   13
    1482   13
    1483   13
    1484   13
    1485   13
    1486   13
    1487   13
    1488   13
    1489   13
    1490   13
    1491   13
    1492   13
    1493   13
    1494   13
    1495   13
    1496   13
    1497   13
    1498   13
    1499   13
    1500   13
    1501   13
    1502   13
    1503   13
    1504   13
    1505   13
    1506   13
    1507   13
    1508   13
    1509   13
    1510   13
    1511   13
    1512   13
    1513   13
    1514   13
    1515   13
    1516   13
    1517   13
    1518   13
    1519   13
    1520   13
    1521   13
    1522   13
    1523   13
    1524   13
    1525   13
    1526   13
    1527   13
    1528   13
    1529   13
    1530   13
    1531   13
    1532   13
    1533   13
    1534   13
    1535   13
    1536   13
    1537   13
    1538   13
    1539   13
    1540   13
    1541   13
    1542   13
    1543   13
    1544   13
    1545   13
    1546   13
    1547   13
    1548   13
    1549   13
    1550   13
    1551   13
    1552   13
    1553   13
    1554   13
    1555   13
    1556   13
    1557   13
    1558   13
    1559   13
    1560   13
    1561   13
    1562   13
    1563   13
    1564   13
    1565   13
    1566   13
    1567   14
    1568   14
    1569   14
    1570   14
    1571   14
    1572   14
    1573   14
    1574   14
    1575   14
    1576   14
    1577   13
    1578   13
    1579   13
    1580   13
    1581   13
    1582   13
    1583   13
    1584   13
    1585   13
    1586   13
    1587   13
    1588   13
    1589   13
    1590   13
    1591   13
    1592   13
    1593   13
    1594   13
    1595   13
    1596   13
    1597   13
    1598   13
    1599   13
    1600   13
    1601   13
    1602   13
    1603   13
    1604   13
    1605   13
    1606   13
    1607   13
    1608   13
    1609   14
    1610   14
    1611   14
    1612   13
    1613   13
    1614   13
    1615   13
    1616   13
    1617   13
    1618   13
    1619   13
    1620   13
    1621   13
    1622   13
    1623   13
    1624   13
    1625   13
    1626   13
    1627   13
    1628   13
    1629   13
    1630   13
    1631   13
    1632   13
    1633   13
    1634   13
    1635   13
    1636   13
    1637   13
    1638   13
    1639   13
    1640   13
    1641   13
    1642   13
    1643   13
    1644   13
    1645   13
    1646   13
    1647   13
    1648   13
    1649   13
    1650   13
    1651   13
    1652   13
    1653   13
    1654   13
    1655   13
    1656   13
    1657   13
    1658   13
    1659   13
    1660   13
    1661   13
    1662   13
    1663   13
    1664   13
    1665   13
    1666   13
    1667   13
    1668   13
    1669   13
    1670   13
    1671   13
    1672   13
    1673   13
    1674   13
    1675   13
    1676   13
    1677   13
    1678   13
    1679   13
    1680   13
    1681   13
    1682   13
    1683   13
    1684   13
    1685   13
    1686   13
    1687   13
    1688   13
    1689   13
    1690   13
    1691   13
    1692   13
    1693   13
    1694   13
    1695   13
    1696   13
    1697   13
    1698   13
    1699   13
    1700   13
    1701   13
    1702   13
    1703   13
    1704   13
    1705   13
    1706   13
    1707   13
    1708   13
    1709   13
    1710   13
    1711   13
    1712   13
    1713   13
    1714   13
    1715   13
    1716   13
    1717   13
    1718   13
    1719   13
    1720   13
    1721   13
    1722   13
    1723   13
    1724   13
    1725   13
    1726   13
    1727   13
    1728   13
    1729   13
    1730   13
    1731   13
    1732   13
    1733   13
    1734   13
    1735   13
    1736   13
    1737   13
    1738   13
    1739   13
    1740   13
    1741   13
    1742   13
    1743   13
    1744   13
    1745   13
    1746   13
    1747   13
    1748   13
    1749   13
    1750   13
    1751   13
    1752   13
    1753   13
    1754   13
    1755   13
    1756   13
    1757   13
    1758   13
    1759   13
    1760   13
    1761   13
    1762   13
    1763   14
    1764   14
    1765   14
    1766   14
    1767   13
    1768   13
    1769   13
    1770   13
    1771   13
    1772   13
    1773   13
    1774   13
    1775   13
    1776   13
    1777   13
    1778   13
    1779   14
    1780   14
    1781   14
    1782   14
    1783   14
    1784   14
    1785   14
    1786   14
    1787   14
    1788   14
    1789   14
    1790   14
    1791   14
    1792   13
    1793   13
    1794   13
    1795   13
    1796   13
    1797   14
    1798   14
    1799   14
    1800   14
    1801   14
    1802   14
    1803   14
    1804   14
    1805   14
    1806   13
    1807   13
    1808   13
    1809   13
    1810   13
    1811   13
    1812   13
    1813   13
    1814   13
    1815   13
    1816   13
    1817   13
    1818   13
    1819   13
    1820   13
    1821   13
    1822   13
    1823   13
    1824   13
    1825   13
    1826   13
    1827   13
    1828   13
    1829   13
    1830   13
    1831   13
    1832   13
    1833   13
    1834   13
    1835   13
    1836   13
    1837   13
    1838   13
    1839   13
    1840   13
    1841   13
    1842   13
    1843   13
    1844   13
    1845   13
    1846   13
    1847   13
    1848   13
    1849   13
    1850   13
    1851   13
    1852   13
    1853   13
    1854   13
    1855   13
    1856   13
    1857   13
    1858   13
    1859   13
    1860   13
    1861   13
    1862   13
    1863   13
    1864   13
    1865   13
    1866   13
    1867   13
    1868   13
    1869   13
    1870   13
    1871   13
    1872   13
    1873   13
    1874   13
    1875   13
    1876   13
    1877   13
    1878   13
    1879   13
    1880   13
    1881   13
    1882   13
    1883   13
    1884   13
    1885   13
    1886   13
    1887   13
    1888   13
    1889   13
    1890   13
    1891   13
    1892   13
    1893   13
    1894   13
    1895   13
    1896   13
    1897   13
    1898   13
    1899   13
    1900   13
    1901   13
    1902   14
    1903   14
    1904   14
    1905   14
    1906   14
    1907   14
    1908   14
    1909   14
    1910   14
    1911   14
    1912   14
    1913   14
    1914   14
    1915   13
    1916   13
    1917   13
    1918   13
    1919   13
    1920   13
    1921   13
    1922   14
    1923   14
    1924   14
    1925   14
    1926   14
    1927   14
    1928   14
    1929   14
    1930   14
    1931   14
    1932   14
    1933   14
    1934   14
    1935   14
    1936   14
    1937   14
    1938   14
    1939   14
    1940   14
    1941   13
    1942   13
    1943   13
    1944   13
    1945   13
    1946   13
    1947   13
    1948   14
    1949   14
    1950   14
    1951   14
    1952   14
    1953   14
    1954   13
    1955   13
    1956   13
    1957   13
    1958   13
    1959   13
    1960   13
    1961   13
    1962   13
    1963   13
    1964   13
    1965   13
    1966   13
    1967   13
    1968   13
    1969   13
    1970   13
    1971   13
    1972   13
    1973   13
    1974   13
    1975   13
    1976   13
    1977   13
    1978   13
    1979   13
    1980   13
    1981   13
    1982   13
    1983   13
    1984   13
    1985   13
    1986   13
    1987   13
    1988   13
    1989   13
    1990   13
    1991   13
    1992   13
    1993   13
    1994   13
    1995   13
    1996   13
    1997   13
    1998   13
    1999   13
    2000   13
    2001   13
    2002   13
    2003   13
    2004   13
    2005   13
    2006   13
    2007   13
    2008   13
    2009   13
    2010   13
    2011   13
    2012   13
    2013   13
    2014   13
    2015   13
    2016   13
    2017   13
    2018   13
    2019   13
    2020   13
    2021   13
    2022   13
    2023    8
    2024   12
    2025   12
    2026   12
    2027   12
    2028   12
    2029   12
    2030   12
    2031   12
    2032   12
    2033   12
    2034   12
    2035   12
    2036   12
    2037   10
    2038   10
    2039   10
    2040   10
    2041    8
    2042   12
    2043   12
    2044   12
    2045   12
    2046   12
    2047   12
    2048    1
    2049    1
    2050    1
    2051    6
    2052   10
    2053   10
    2054   10
    2055    9
    2056   12
    2057   12
    2058   12
    2059   12
    2060    1
    2061    1
    2062    1
    2063    1
    2064    1
    2065    1
    2066    1
    2067    1
    2068    1
    2069    1
    2070    1
    2071    3
    2072    6
    2073    7
    2074    7
    2075    6
    2076   12
    2077   12
    2078    6
    2079    6
    2080    3
    2081    1
    2082    1
    2083    1
    2084    1
    2085    1
    2086    3
    2087    3
    2088    5
    2089    6
    2090   10
    2091   10
    2092   10
    2093   10
    2094   10
    2095   10
    2096   10
    2097   10
    2098   10
    2099   10
    2100   10
    2101   10
    2102   10
    2103   10
    2104   10
    2105   10
    2106   10
    2107   10
    2108   10
    2109   10
    2110   10
    2111   10
    2112   10
    2113   10
    2114   10
    2115   10
    2116   10
    2117   12
    2118    8
    2119   12
    2120   10
    2121   10
    2122   12
    2123   12
    2124   12
    2125   12
    2126   12
    2127   12
    2128   12
    2129   12
    2130   12
    2131   12
    2132    8
    2133   12
    2134    6
    2135    6
    2136    3
    2137    6
    2138    5
    2139    3
    2140    3
    2141    3
    2142    3
    2143    3
    2144    3
    2145    1
    2146    1
    2147    1
    2148    1
    2149    1
    2150   12
    2151   12
    2152   12
    2153   12
    2154   12
    2155   12
    2156   12
    2157   12
    2158   12
    2159   12
    2160   12
    2161   12
    2162   12
    2163   12
    2164   12
    2165   12
    2166   12
    2167   12
    2168   12
    2169    7
    2170    8
    2171    1
    2172    1
    2173    1
    2174    1
    2175    8
    2176   12
    2177   12
    2178   13
    2179   13
    2180   13
    2181   13
    2182   13
    2183   13
    2184   13
    2185   13
    2186   13
    2187   13
    2188   13
    2189   13
    2190   15
    2191   15
    2192   15
    2193   15
    2194   15
    2195   15
    2196   15
    2197    8
    2198   12
    2199   12
    2200   12
    2201    8
    2202    7
    2203    6
    2204    6
    2205    7
    2206    7
    2207   15
    2208   15
    2209   15
    2210   15
    2211   15
    2212   15
    2213   15
    2214   15
    2215   15
    2216   15
    2217   15
    2218   15
    2219    8
    2220   15
    2221   15
    2222   15
    2223   15
    2224   15
    2225   15
    2226   15
    2227   15
    2228   15
    2229   15
    2230   15
    2231   15
    2232   15
    2233   15
    2234   15
    2235   15
    2236   15
    2237   15
    2238   15
    2239   15
    2240   15
    2241   15
    2242   15
    2243   15
    2244    8
    2245   12
    2246   12
    2247   12
    2248   12
    2249   12
    2250   12
    2251   12
    2252   12
    2253   12
    2254   12
    2255   12
    2256   12
    2257   12
    2258   12
    2259   12
    2260   12
    2261   12
    2262    9
    2263   15
    2264   15
    2265   15
    2266   15
    2267   15
    2268   15
    2269   15
    2270   15
    2271   15
    2272   15
    2273   13
    2274   13
    2275   13
    2276   13
    2277   13
    2278   13
    2279   13
    2280   13
    2281   13
    2282   13
    2283   13
    2284   13
    2285   13
    2286   13
    2287   13
    2288   13
    2289   13
    2290   13
    2291   13
    2292   13
    2293   13
    2294   13
    2295   13
    2296   13
    2297   13
    2298   13
    2299   13
    2300   13
    2301   13
    2302   13
    2303   13
    2304   13
    2305   13
    2306   13
    2307   13
    2308   13
    2309   13
    2310   13
    2311   13
    2312   13
    2313   13
    2314   13
    2315   13
    2316   13
    2317   13
    2318   13
    2319   13
    2320   13
    2321   13
    2322   13
    2323   13
    2324   13
    2325   13
    2326   13
    2327   13
    2328   13
    2329   13
    2330   13
    2331   13
    2332   13
    2333   13
    2334   13
    2335   13
    2336   13
    2337   13
    2338   13
    2339   13
    2340   13
    2341   13
    2342   13
    2343   13
    2344   13
    2345   13
    2346   13
    2347   13
    2348   13
    2349   13
    2350   13
    2351   13
    2352   13
    2353   13
    2354   13
    2355   13
    2356   13
    2357   13
    2358   13
    2359   13
    2360   13
    2361   13
    2362   13
    2363   13
    2364   13
    2365   13
    2366   13
    2367   14
    2368   14
    2369   13
    2370   13
    2371   13
    2372   13
    2373   13
    2374   13
    2375   13
    2376   13
    2377   13
    2378   13
    2379   13
    2380   13
    2381   13
    2382   13
    2383   13
    2384   13
    2385   13
    2386   13
    2387   13
    2388   13
    2389   13
    2390   13
    2391   13
    2392   13
    2393   13
    2394   13
    2395   13
    2396   13
    2397   13
    2398   13
    2399   13
    2400   13
    2401   13
    2402   13
    2403   13
    2404   13
    2405   13
    2406   13
    2407   13
    2408   13
    2409   13
    2410   13
    2411   13
    2412   13
    2413   13
    2414   13
    2415   13
    2416   13
    2417   13
    2418   13
    2419   13
    2420   13
    2421   13
    2422   13
    2423   13
    2424   13
    2425   13
    2426   13
    2427   13
    2428   13
    2429   13
    2430   13
    2431   13
    2432   13
    2433   13
    2434   13
    2435   13
    2436   13
    2437   13
    2438   13
    2439   13
    2440   13
    2441   13
    2442   13
    2443   13
    2444   13
    2445   13
    2446   13
    2447   13
    2448   13
    2449   13
    2450   13
    2451   13
    2452   13
    2453   13
    2454   13
    2455   13
    2456   13
    2457   13
    2458   13
    2459   13
    2460   13
    2461   13
    2462   13
    2463   13
    2464   13
    2465   13
    2466   13
    2467   13
    2468   13
    2469   13
    2470   13
    2471   13
    2472   13
    2473   13
    2474   13
    2475   13
    2476   13
    2477   13
    2478   13
    2479   13
    2480   13
    2481   13
    2482   13
    2483   13
    2484   13
    2485   13
    2486   13
    2487   13
    2488   13
    2489   13
    2490   13
    2491   13
    2492   13
    2493   13
    2494   13
    2495   13
    2496   13
    2497   13
    2498   10
    2499   10
    2500   10
    2501   10
    2502   10
    2503   10
    2504   10
    2505   10
    2506   10
    2507   10
    2508   10
    2509   10
    2510   10
    2511   10
    2512   10
    2513   10
    2514   10
    2515   10
    2516   10
    2517   10
    2518   10
    2519   10
    2520   10
    2521   10
    2522   10
    2523   10
    2524   10
    2525   10
    2526   10
    2527   10
    2528   10
    2529   10
    2530   10
    2531   10
    2532   10
    2533   10
    2534   10
    2535   10
    2536   10
    2537   10
    2538   10
    2539   10
    2540   10
    2541   10
    2542   10
    2543   10
    2544   10
    2545   10
    2546   10
    2547   10
    2548   10
    2549   10
    2550   10
    2551   10
    2552   10
    2553   11
    2554   11
    2555   11
    2556   11
    2557   11
    2558   11
    2559   10
    2560   10
    2561   10
    2562   10
    2563   10
    2564   10
    2565   10
    2566   10
    2567   10
    2568   10
    2569   10
    2570   10
    2571   10
    2572   10
    2573   10
    2574   11
    2575   11
    2576   11
    2577   11
    2578   11
    2579   11
    2580   11
    2581   10
    2582   10
    2583   10
    2584   10
    2585   10
    2586   10
    2587   10
    2588   10
    2589   10
    2590   10
    2591   10
    2592   10
    2593   11
    2594   11
    2595   11
    2596   10
    2597   10
    2598   10
    2599   10
    2600   10
    2601   10
    2602   10
    2603    8
    2604   12
    2605   12
    2606    6
    2607    3
    2608    1
    2609    1
    2610    3
    2611    3
    2612    1
    2613    3
    2614    3
    2615    3
    2616    3
    2617    6
    2618    5
    2619    3
    2620    6
    2621    6
    2622    7
    2623   12
    2624   12
    2625   12
    2626   10
    2627   10
    2628   10
    2629   10
    2630   10
    2631   11
    2632   11
    2633   11
    2634   11
    2635   10
    2636   10
    2637   10
    2638   10
    2639   10
    2640   10
    2641   10
    2642   10
    2643   10
    2644   10
    2645   10
    2646   10
    2647   11
    2648   11
    2649   11
    2650   11
    2651   11
    2652   11
    2653   11
    2654   11
    2655   11
    2656   11
    2657   11
    2658   11
    2659   11
    2660   11
    2661   11
    2662   11
    2663   11
    2664   11
    2665   11
    2666   11
    2667   11
    2668   11
    2669   11
    2670   11
    2671   11
    2672   11
    2673   11
    2674   11
    2675   10
    2676   10
    2677   10
    2678   10
    2679   10
    2680   10
    2681   10
    2682   10
    2683   10
    2684   10
    2685   12
    2686   12
    2687   12
    2688    8
    2689   10
    2690   10
    2691   10
    2692   10
    2693   10
    2694   10
    2695   10
    2696   10
    2697   10
    2698   10
    2699   12
    2700    8
    2701   10
    2702   10
    2703   10
    2704   10
    2705   10
    2706   10
    2707   10
    2708   10
    2709   10
    2710   10
    2711   10
    2712   10
    2713   10
    2714   10
    2715   10
    2716   10
    2717   10
    2718   10
    2719   10
    2720   10
    2721   10
    2722   10
    2723   10
    2724   10
    2725   10
    2726   10
    2727   12
    2728    3
    2729    3
    2730    6
    2731   12
    2732   12
    2733   12
    2734    1
    2735    1
    2736    1
    2737    1
    2738    1
    2739    1
    2740    3
    2741    1
    2742    1
    2743    1
    2744    1
    2745    1
    2746    1
    2747    1
    2748    1
    2749    3
    2750    3
    2751    3
    2752    5
    2753    6
    2754   10
    2755    8
    2756    8
    2757   11
    2758   11
    2759   11
    2760   11
    2761   11
    2762   11
    2763   11
    2764   11
    2765   11
    2766   11
    2767   11
    2768   11
    2769   11
    2770   11
    2771   11
    2772   11
    2773   11
    2774   11
    2775   11
    2776   11
    2777    9
    2778    8
    2779    8
    2780   12
    2781   12
    2782    8
    2783    7
    2784    7
    2785    8
    2786    8
    2787    8
    2788    7
    2789    9
    2790    9
    2791    9
    2792    8
    2793   12
    2794    2
    2795    2
    2796    6
    2797    7
    2798    8
    2799    8
    2800    1
    2801    1
    2802    1
    2803    1
    2804    1
    2805    1
    2806    1
    2807    1
    2808    1
    2809    1
    2810    1
    2811    1
    2812    1
    2813    1
    2814    1
    2815    4
    2816    4
    2817    4
    2818    1
    2819    6
    2820    7
    2821    1
    2822    1
    2823    1
    2824    1
    2825    3
    2826    3
    2827    3
    2828    6
    2829    9
    2830   10
    2831   10
    2832   10
    2833   10
    2834   10
    2835   10
    2836   10
    2837   10
    2838   10
    2839   10
    2840   10
    2841   10
    2842   10
    2843   10
    2844   10
    2845   10
    2846   10
    2847   10
    2848   10
    2849   10
    2850   10
    2851    9
    2852   10
    2853   10
    2854   10
    2855   10
    2856   10
    2857   10
    2858   10
    2859   10
    2860   10
    2861   10
    2862   10
    2863   10
    2864   10
    2865   10
    2866   10
    2867   10
    2868   10
    2869   10
    2870   10
    2871   10
    2872   10
    2873   10
    2874   10
    2875   10
    2876   10
    2877   11
    2878   11
    2879   11
    2880   11
    2881   11
    2882   11
    2883   11
    2884   11
    2885   11
    2886   11
    2887   11
    2888   11
    2889   11
    2890   11
    2891   11
    2892   11
    2893   11
    2894   11
    2895   11
    2896   11
    2897   11
    2898   11
    2899   11
    2900   11
    2901   11
    2902   11
    2903   11
    2904   10
    2905   10
    2906   10
    2907   10
    2908   10
    2909   10
    2910   10
    2911   10
    2912   10
    2913   10
    2914    8
    2915    8
    2916    7
    2917    8
    2918    8
    2919    8
    2920    6
    2921    4
    2922    1
    2923    1
    2924    1
    2925    1
    2926    1
    2927    6
    2928    1
    2929    1
    2930    1
    2931    1
    2932    1
    2933   12
    2934    7
    2935    7
    2936    8
    2937    8
    2938   12
    2939    6
    2940    5
    2941    3
    2942    1
    2943    1
    2944    1
    2945    1
    2946    7
    2947    8
    2948    8
    2949    8
    2950    7
    2951    7
    2952   12
    2953   12
    2954    8
    2955    6
    2956    3
    2957    1
    2958    1
    2959    1
    2960    1
    2961    1
    2962    1
    2963    1
    2964    1
    2965    1
    2966    1
    2967    1
    2968    3
    2969    3
    2970    6
    2971   12
    2972    7
    2973    8
    2974   12
    2975    1
    2976    1
    2977    1
    2978    1
    2979    1
    2980    3
    2981    3
    2982    6
    2983    6
    2984    3
    2985    3
    2986    3
    2987    3
    2988    3
    2989    1
    2990    1
    2991    5
    2992    6
    2993    1
    2994    1
    2995    1
    2996    1
    2997    1
    2998    1
    2999   12
    3000   12
    3001   12
    3002    6
    3003    9
    3004   10
    3005    8
    3006   12
    3007   12
    3008   12
    3009   10
    3010   10
    3011   10
    3012   10
    3013   10
    3014   12
    3015   12
    3016   12
    3017    9
    3018   10
    3019   10
    3020   10
    3021   10
    3022   12
    3023   12
    3024    8
    3025    8
    3026    8
    3027   12
    3028   12
    3029   12
    3030   12
    3031   12
    3032   12
    3033   12
    3034   12
    3035   12
    3036   12
    3037   12
    3038    8
    3039   11
    3040   11
    3041   11
    3042   11
    3043   11
    3044   11
    3045   11
    3046   11
    3047   11
    3048   11
    3049   11
    3050   11
    3051   11
    3052   11
    3053    9
    3054    2
    3055    2
    3056    3
    3057    6
    3058   12
    3059    8
    3060    6
    3061    5
    3062    8
    3063    7
    3064    7
    3065   12
    3066   12
    3067    8
    3068    8
    3069    7
    3070    8
    3071    8
    3072    8
    3073    8
    3074   12
    3075   12
    3076   12
    3077   12
    3078    8
    3079    8
    3080    7
    3081    8
    3082   10
    3083   10
    3084   10
    3085   10
    3086   10
    3087   10
    3088   10
    3089    6
    3090    3
    3091    3
    3092    3
    3093    3
    3094    3
    3095    3
    3096    6
    3097    3
    3098    3
    3099    3
    3100    3
    3101    3
    3102    3
    3103    1
    3104   12
    3105   12
    3106   12
    3107   14
    3108   14
    3109   14
    3110   11
    3111   11
    3112    9
    3113   12
    3114    7
    3115    8
    3116   12
    3117   10
    3118   10
    3119   10
    3120   10
    3121   10
    3122   10
    3123   10
    3124   10
    3125   10
    3126   10
    3127   10
    3128   10
    3129   10
    3130   10
    3131   10
    3132   10
    3133   10
    3134   10
    3135   10
    3136   10
    3137   10
    3138   10
    3139   10
    3140   10
    3141   10
    3142   11
    3143   11
    3144   11
    3145   11
    3146    8
    3147   11
    3148   10
    3149    6
    3150    1
    3151    1
    3152    1
    3153   12
    3154   12
    3155   12
    3156   10
    3157   10
    3158   10
    3159   10
    3160   10
    3161   10
    3162   10
    3163   10
    3164   10
    3165   10
    3166   10
    3167   10
    3168   10
    3169   10
    3170   10
    3171    7
    3172   10
    3173   10
    3174   10
    3175   10
    3176   12
    3177   12
    3178   12
    3179   12
    3180   12
    3181   12
    3182   12
    3183    8
    3184   12
    3185   12
    3186   10
    3187   10
    3188   10
    3189   10
    3190   10
    3191   10
    3192    9
    3193    8
    3194   12
    3195   12
    3196   12
    3197    7
    3198    8
    3199   10
    3200   10
    3201    8
    3202    7
    3203   10
    3204   10
    3205   10
    3206   10
    3207   10
    3208   10
    3209   10
    3210   10
    3211   10
    3212   11
    3213   11
    3214   11
    3215   11
    3216   11
    3217   11
    3218   11
    3219   11
    3220   11
    3221   11
    3222   11
    3223   11
    3224   11
    3225   10
    3226   10
    3227   10
    3228   10
    3229   10
    3230   10
    3231   12
    3232   12
    3233    1
    3234    1
    3235    1
    3236    1
    3237    1
    3238    1
    3239    1
    3240    1
    3241    1
    3242    1
    3243    3
    3244    3
    3245    1
    3246    1
    3247    3
    3248    3
    3249    3
    3250    3
    3251    6
    3252    6
    3253    8
    3254    8
    3255    6
    3256    7
    3257    8
    3258    8
    3259    8
    3260    8
    3261    8
    3262    8
    3263    8
    3264    8
    3265    8
    3266    8
    3267    8
    3268    8
    3269    8
    3270    8
    3271    8
    3272    8
    3273    6
    3274    8
    3275    7
    3276    8
    3277    8
    3278    8
    3279    6
    3280    5
    3281    8
    3282    8
    3283    6
    3284    6
    3285    8
    3286   15
    3287   15
    3288   15
    3289   15
    3290   15
    3291   15
    3292   15
    3293   15
    3294    7
    3295    7
    3296    8
    3297    8
    3298    8
    3299   12
    3300   12
    3301    8
    3302    8
    3303    8
    3304   15
    3305   15
    3306   15
    3307   15
    3308   15
    3309   15
    3310   15
    3311   15
    3312   15
    3313    8
    3314    8
    3315    7
    3316    8
    3317   15
    3318   15
    3319    8
    3320    8
    3321   15
    3322   15
    3323   15
    3324   15
    3325   15
    3326   15
    3327   15
    3328   15
    3329   15
    3330   15
    3331   15
    3332   15
    3333    8
    3334   15
    3335   15
    3336   15
    3337   15
    3338   15
    3339   15
    3340   15
    3341    8
    3342    8
    3343    8
    3344    8
    3345   15
    3346   15
    3347   15
    3348   15
    3349   15
    3350   15
    3351   15
    3352   15
    3353   15
    3354    8
    3355   15
    3356   15
    3357   15
    3358   15
    3359   15
    3360   15
    3361   15
    3362   15
    3363   15
    3364   15
    3365   15
    3366   15
    3367   15
    3368    8
    3369    8
    3370    8
    3371    7
    3372   12
    3373   12
    3374   12
    3375    8
    3376    8
    3377   12
    3378    8
    3379   12
    3380    8
    3381   12
    3382   12
    3383    8
    3384    7
    3385   10
    3386   10
    3387    8
    3388   12
    3389   12
    3390    8
    3391   10
    3392   10
    3393   10
    3394   10
    3395   10
    3396   10
    3397    8
    3398   10
    3399   10
    3400   10
    3401   10
    3402   10
    3403   10
    3404   10
    3405   10
    3406   10
    3407   10
    3408   10
    3409   10
    3410   10
    3411   10
    3412   10
    3413   10
    3414   10
    3415   10
    3416   10
    3417   10
    3418   10
    3419   10
    3420   10
    3421   10
    3422   10
    3423   10
    3424   10
    3425   10
    3426   10
    3427   10
    3428   10
    3429   10
    3430   12
    3431   12
    3432   12
    3433   12
    3434   10
    3435   10
    3436   10
    3437   10
    3438   10
    3439   10
    3440   10
    3441   10
    3442   10
    3443   10
    3444   10
    3445   10
    3446   10
    3447   10
    3448   10
    3449   10
    3450   10
    3451   10
    3452   10
    3453   10
    3454   10
    3455   10
    3456   12
    3457   12
    3458   12
    3459   12
    3460   12
    3461   10
    3462   10
    3463   10
    3464   10
    3465   10
    3466   10
    3467   10
    3468   10
    3469   10
    3470   10
    3471   10
    3472   10
    3473   10
    3474   10
    3475    9
    3476   11
    3477   11
    3478   11
    3479   11
    3480    8
    3481    1
    3482    1
    3483    1
    3484    1
    3485    1
    3486    6
    3487    8
    3488    8
    3489    8
    3490    7
    3491   12
    3492   12
    3493   12
    3494    8
    3495   12
    3496   12
    3497    9
    3498   11
    3499   11
    3500    9
    3501   11
    3502   11
    3503   12
    3504    8
    3505    7
    3506   12
    3507    8
    3508   12
    3509   12
    3510   11
    3511   11
    3512   11
    3513   11
    3514   11
    3515   11
    3516   11
    3517   11
    3518   11
    3519   11
    3520   11
    3521   11
    3522   11
    3523   11
    3524   11
    3525   11
    3526    9
    3527   10
    3528   10
    3529   10
    3530   10
    3531   10
    3532   10
    3533   10
    3534    7
    3535   12
    3536   12
    3537   12
    3538    6
    3539    6
    3540    3
    3541    3
    3542    3
    3543    1
    3544    1
    3545    1
    3546    1
    3547    1
    3548    3
    3549    1
    3550    1
    3551    6
    3552    1
    3553    1
    3554    1
    3555    1
    3556    1
    3557    1
    3558    2
    3559    2
    3560    6
    3561   11
    3562   11
    3563   11
    3564   11
    3565   11
    3566   11
    3567   11
    3568   11
    3569   11
    3570   11
    3571   11
    3572   11
    3573   11
    3574   11
    3575   11
    3576   11
    3577   11
    3578   11
    3579   11
    3580   11
    3581   11
    3582   11
    3583   11
    3584   11
    3585   11
    3586   11
    3587   11
    3588   11
    3589   11
    3590   11
    3591   11
    3592   11
    3593   11
    3594   11
    3595   11
    3596   11
    3597   10
    3598   10
    3599   10
    3600   11
    3601   11
    3602   11
    3603   11
    3604   11
    3605   11
    3606   11
    3607   11
    3608   11
    3609   11
    3610   11
    3611   11
    3612   11
    3613   11
    3614   11
    3615   11
    3616   11
    3617   11
    3618   11
    3619   11
    3620   11
    3621   11
    3622   11
    3623   11
    3624   12
    3625    2
    3626   12
    3627   12
    3628   12
    3629   12
    3630   12
    3631   12
    3632   12
    3633   12
    3634   12
    3635   12
    3636   12
    3637   12
    3638   12
    3639   12
    3640   12
    3641   12
    3642   12
    3643   12
    3644   12
    3645    8
    3646    7
    3647   12
    3648   12
    3649   12
    3650   12
    3651    1
    3652    1
    3653    1
    3654   12
    3655   12
    3656   12
    3657   12
    3658   12
    3659   12
    3660    1
    3661    1
    3662    1
    3663    1
    3664    1
    3665    1
    3666    5
    3667    6
    3668   12
    3669    7
    3670   12
    3671   12
    3672    7
    3673   15
    3674   15
    3675   15
    3676    7
    3677    8
    3678    8
    3679   15
    3680   15
    3681   15
    3682   15
    3683   15
    3684   15
    3685   15
    3686   15
    3687   15
    3688    6
    3689    6
    3690    3
    3691    3
    3692    3
    3693    1
    3694    1
    3695    1
    3696    1
    3697    1
    3698    1
    3699    1
    3700    1
    3701    1
    3702    1
    3703    1
    3704    1
    3705    1
    3706    1
    3707    1
    3708    1
    3709    1
    3710    1
    3711    1
    3712    1
    3713    1
    3714    1
    3715   12
    3716    7
    3717   12
    3718    7
    3719    1
    3720    1
    3721    1
    3722    3
    3723    3
    3724    3
    3725    3
    3726    3
    3727    6
    3728    6
    3729   15
    3730   15
    3731   15
    3732   15
    3733   15
    3734   15
    3735   15
    3736   15
    3737   15
    3738   15
    3739   15
    3740   15
    3741    8
    3742    7
    3743   12
    3744   12
    3745    8
    3746    8
    3747    6
    3748    6
    3749    6
    3750    6
    3751    3
    3752    3
    3753    3
    3754    3
    3755    3
    3756    3
    3757    3
    3758    3
    3759    3
    3760    3
    3761    3
    3762    3
    3763    3
    3764    6
    3765    5
    3766    3
    3767    3
    3768    3
    3769    3
    3770    3
    3771    1
    3772    1
    3773    1
    3774    1
    3775    1
    3776    5
    3777    3
    3778   12
    3779   12
    3780   12
    3781    7
    3782   12
    3783    8
    3784    8
    3785    8
    3786    7
    3787    6
    3788    8
    3789   15
    3790   15
    3791   15
    3792   15
    3793    8
    3794    8
    3795   10
    3796   10
    3797   10
    3798   10
    3799   10
    3800   10
    3801   10
    3802   10
    3803   10
    3804   10
    3805   10
    3806    9
    3807   11
    3808   11
    3809   11
    3810   11
    3811   11
    3812   11
    3813   11
    3814   11
    3815   11
    3816   11
    3817   11
    3818   11
    3819   11
    3820   11
    3821   11
    3822   11
    3823   11
    3824   11
    3825   11
    3826   11
    3827   10
    3828   10
    3829   10
    3830   10
    3831   10
    3832   10
    3833   10
    3834   10
    3835   10
    3836   10
    3837   10
    3838   10
    3839   10
    3840   10
    3841   10
    3842   10
    3843   10
    3844   10
    3845   10
    3846   10
    3847   10
    3848   10
    3849   10
    3850   10
    3851   10
    3852   10
    3853   10
    3854   10
    3855   10
    3856   10
    3857   10
    3858   10
    3859   10
    3860   10
    3861   10
    3862   10
    3863   10
    3864   10
    3865   12
    3866   12
    3867   12
    3868   12
    3869   12
    3870   12
    3871   12
    3872   12
    3873   12
    3874   12
    3875   12
    3876   12
    3877   12
    3878    1
    3879    1
    3880    1
    3881    1
    3882    1
    3883    1
    3884    1
    3885    1
    3886    1
    3887    1
    3888    3
    3889    3
    3890    3
    3891    3
    3892    6
    3893    3
    3894    3
    3895    3
    3896    5
    3897    6
    3898    6
    3899    3
    3900    1
    3901    1
    3902    1
    3903   12
    3904    1
    3905    1
    3906    1
    3907   12
    3908   12
    3909   12
    3910   12
    3911   12
    3912   12
    3913   12
    3914   12
    3915   12
    3916   12
    3917   12
    3918    7
    3919   12
    3920   12
    3921   10
    3922   10
    3923   10
    3924   10
    3925   10
    3926   10
    3927   10
    3928   10
    3929   10
    3930   10
    3931   10
    3932   10
    3933   10
    3934   10
    3935   10
    3936   10
    3937   10
    3938   10
    3939   10
    3940   10
    3941   10
    3942   10
    3943   10
    3944   10
    3945   10
    3946   10
    3947   10
    3948   10
    3949   10
    3950   10
    3951   10
    3952   10
    3953   10
    3954   10
    3955   10
    3956   10
    3957   10
    3958   10
    3959   10
    3960   10
    3961   10
    3962   10
    3963   10
    3964   10
    3965   10
    3966   10
    3967   10
    3968   10
    3969    8
    3970   11
    3971   10
    3972   10
    3973   10
    3974   10
    3975   10
    3976   10
    3977   10
    3978   10
    3979   10
    3980   10
    3981   10
    3982   10
    3983   10
    3984   10
    3985   10
    3986   10
    3987   11
    3988   11
    3989   11
    3990   11
    3991   11
    3992   11
    3993   11
    3994   11
    3995   10
    3996   10
    3997   10
    3998    8
    3999   12
    4000   12
    4001   12
    4002   12
    4003   11
    4004   11
    4005   11
    4006   11
    4007   11
    4008   11
    4009   10
    4010   10
    4011   10
    4012   10
    4013   10
    4014   10
    4015   10
    4016   10
    4017   10
    4018   10
    4019   10
    4020   10
    4021   10
    4022   10
    4023   10
    4024   10
    4025   11
    4026   10
    4027   10
    4028   10
    4029   10
    4030   10
    4031    8
    4032    8
    4033    8
    4034    7
    4035    6
    4036    3
    4037    1
    4038    1
    4039    1
    4040    7
    4041   12
    4042    8
    4043    8
    4044    7
    4045    8
    4046    8
    4047   10
    4048   10
    4049   10
    4050   10
    4051   10
    4052   10
    4053   10
    4054   10
    4055    8
    4056   11
    4057    9
    4058   11
    4059   10
    4060   10
    4061   10
    4062   10
    4063   10
    4064   12
    4065    8
    4066    8
    4067    9
    4068   10
    4069   10
    4070   10
    4071    9
    4072   11
    4073   11
    4074   11
    4075   11
    4076   11
    4077   11
    4078   11
    4079   11
    4080   11
    4081   11
    4082   11
    4083   11
    4084   11
    4085   11
    4086   11
    4087   11
    4088   11
    4089   11
    4090   11
    4091   11
    4092   11
    4093   11
    4094   11
    4095   11
    4096   11
    4097   11
    4098   11
    4099   10
    4100   10
    4101   10
    4102   10
    4103   10
    4104   10
    4105   12
    4106   12
    4107   12
    4108    1
    4109    3
    4110    6
    4111    6
    4112    1
    4113    1
    4114    1
    4115    1
    4116    5
    4117    1
    4118    1
    4119    1
    4120    1
    4121    1
    4122    1
    4123    1
    4124    1
    4125    1
    4126    1
    4127    1
    4128    1
    4129    1
    4130    1
    4131    1
    4132    3
    4133    3
    4134    3
    4135    3
    4136    5
    4137    6
    4138    7
    4139   12
    4140    8
    4141   12
    4142    1
    4143    5
    4144    6
    4145   12
    4146    8
    4147    8
    4148    7
    4149    7
    4150    6
    4151    6
    4152    6
    4153    1
    4154   12
    4155   12
    4156    1
    4157    8
    4158    7
    4159    8
    4160    7
    4161   12
    4162    8
    4163    6
    4164    7
    4165    7
    4166   12
    4167   12
    4168   12
    4169   12
    4170   12
    4171   12
    4172   12
    4173   12
    4174   12
    4175   12
    4176   12
    4177   12
    4178   10
    4179   10
    4180   10
    4181   10
    4182   10
    4183   10
    4184   10
    4185   10
    4186   10
    4187   10
    4188   10
    4189   10
    4190   10
    4191   10
    4192   10
    4193   10
    4194   10
    4195   10
    4196   10
    4197   10
    4198   10
    4199   10
    4200   10
    4201   11
    4202   11
    4203   11
    4204   11
    4205   11
    4206   11
    4207   11
    4208   11
    4209   11
    4210   12
    4211   12
    4212   12
    4213   12
    4214   12
    4215   12
    4216   12
    4217   12
    4218   12
    4219   12
    4220   12
    4221   13
    4222   13
    4223   13
    4224   13
    4225   13
    4226   13
    4227   13
    4228   13
    4229   13
    4230   13
    4231   13
    4232   13
    4233   13
    4234   13
    4235   13
    4236   13
    4237   13
    4238   13
    4239   13
    4240   13
    4241   13
    4242   13
    4243   13
    4244   13
    4245   13
    4246   13
    4247   13
    4248   13
    4249   13
    4250   13
    4251   13
    4252   13
    4253   13
    4254   13
    4255   13
    4256   13
    4257   13
    4258   13
    4259   13
    4260   13
    4261   13
    4262   13
    4263   13
    4264   13
    4265   13
    4266   13
    4267   13
    4268   13
    4269   13
    4270   13
    4271   13
    4272   13
    4273   13
    4274   13
    4275   13
    4276   13
    4277   13
    4278   13
    4279   13
    4280   13
    4281   13
    4282   13
    4283   13
    4284   13
    4285   13
    4286   13
    4287   13
    4288   13
    4289   13
    4290   13
    4291   13
    4292   13
    4293   13
    4294   13
    4295   13
    4296   13
    4297   13
    4298   13
    4299   13
    4300   13
    4301   13
    4302   13
    4303   13
    4304   13
    4305   13
    4306   13
    4307   13
    4308   13
    4309   13
    4310   13
    4311   13
    4312   13
    4313   13
    4314   13
    4315   13
    4316   13
    4317   13
    4318   13
    4319   13
    4320   13
    4321   13
    4322   13
    4323   13
    4324   13
    4325   13
    4326   13
    4327   13
    4328   13
    4329   13
    4330   13
    4331   13
    4332   13
    4333   13
    4334   13
    4335   13
    4336   13
    4337   13
    4338   13
    4339   13
    4340   13
    4341   13
    4342   13
    4343   13
    4344   13
    4345   13
    4346   13
    4347   13
    4348   13
    4349   13
    4350   13
    4351   13
    4352   13
    4353   13
    4354   13
    4355   13
    4356   13
    4357   13
    4358   13
    4359   13
    4360   13
    4361   13
    4362   13
    4363   13
    4364   13
    4365   13
    4366   13
    4367   13
    4368   13
    4369   13
    4370   13
    4371   13
    4372   13
    4373   13
    4374   13
    4375   13
    4376   13
    4377   13
    4378   13
    4379   13
    4380   13
    4381   13
    4382   13
    4383   13
    4384   13
    4385   13
    4386   13
    4387   13
    4388   13
    4389   13
    4390   13
    4391   13
    4392   13
    4393   13
    4394   13
    4395   13
    4396   13
    4397   13
    4398   13
    4399   13
    4400   13
    4401   13
    4402   13
    4403   13
    4404   13
    4405   13
    4406   13
    4407   13
    4408   13
    4409   13
    4410   13
    4411   13
    4412   13
    4413   13
    4414   13
    4415   13
    4416   13
    4417   13
    4418   13
    4419   13
    4420   13
    4421   13
    4422   13
    4423   13
    4424   13
    4425   13
    4426   13
    4427   13
    4428   13
    4429   13
    4430   13
    4431   13
    4432   13
    4433   14
    4434   14
    4435   14
    4436   13
    4437   13
    4438   13
    4439   13
    4440   13
    4441   13
    4442   13
    4443   13
    4444   13
    4445   13
    4446   13
    4447   13
    4448   13
    4449   13
    4450   13
    4451   13
    4452   13
    4453   13
    4454   13
    4455   13
    4456   13
    4457   13
    4458   13
    4459   13
    4460   13
    4461   13
    4462   13
    4463   13
    4464   13
    4465   13
    4466   13
    4467   13
    4468   13
    4469   13
    4470   13
    4471   13
    4472   13
    4473   13
    4474   13
    4475   13
    4476   13
    4477   13
    4478   13
    4479   13
    4480   13
    4481   13
    4482   13
    4483   13
    4484   13
    4485   13
    4486   13
    4487   13
    4488   13
    4489   13
    4490   13
    4491   13
    4492   13
    4493   13
    4494   13
    4495   13
    4496   13
    4497   13
    4498   13
    4499   13
    4500   13
    4501   13
    4502   13
    4503   13
    4504   13
    4505   13
    4506   13
    4507   12
    4508   10
    4509   10
    4510   10
    4511   10
    4512   10
    4513   10
    4514   11
    4515   11
    4516   11
    4517   11
    4518   11
    4519   11
    4520   11
    4521   11
    4522   11
    4523   11
    4524   11
    4525   10
    4526   10
    4527   10
    4528   10
    4529   10
    4530   10
    4531   10
    4532   10
    4533   10
    4534   10
    4535   10
    4536   10
    4537   10
    4538   10
    4539   10
    4540   10
    4541   10
    4542   10
    4543   10
    4544   10
    4545   10
    4546   10
    4547   10
    4548   10
    4549   10
    4550   10
    4551   10
    4552   10
    4553   10
    4554   10
    4555   10
    4556   10
    4557   10
    4558    9
    4559   11
    4560   11
    4561   10
    4562   10
    4563   10
    4564   10
    4565   10
    4566   10
    4567   10
    4568   11
    4569   11
    4570   11
    4571   11
    4572   11
    4573   11
    4574   11
    4575   11
    4576   11
    4577   11
    4578   11
    4579   11
    4580   11
    4581   11
    4582   11
    4583   11
    4584   11
    4585   10
    4586   10
    4587   10
    4588   10
    4589   12
    4590   12
    4591   12
    4592   12
    4593   12
    4594   12
    4595   12
    4596   12
    4597   12
    4598   12
    4599   12
    4600   12
    4601   12
    4602   10
    4603   10
    4604   11
    4605   11
    4606   11
    4607   10
    4608   10
    4609   10
    4610   10
    4611   10
    4612   10
    4613   10
    4614   10
    4615   11
    4616   11
    4617   11
    4618   11
    4619   11
    4620   11
    4621   11
    4622   11
    4623   11
    4624   11
    4625   11
    4626   11
    4627   11
    4628   11
    4629   11
    4630   11
    4631   11
    4632   11
    4633   11
    4634   11
    4635   11
    4636   11
    4637   11
    4638   11
    4639   11
    4640   11
    4641   11
    4642   11
    4643   12
    4644    1
    4645    1
    4646    1
    4647    1
    4648    1
    4649    1
    4650    1
    4651    5
    4652    5
    4653    5
    4654    1
    4655    1
    4656    4
    4657    5
    4658    3
    4659    6
    4660    7
    4661    1
    4662    1
    4663    5
    4664    1
    4665    1
    4666    1
    4667    1
    4668   12
    4669    8
    4670    8
    4671   12
    4672   12
    4673    4
    4674    6
    4675    6
    4676   10
    4677   10
    4678   10
    4679   10
    4680   10
    4681   12
    4682    1
    4683    1
    4684    3
    4685    6
    4686    9
    4687   11
    4688   11
    4689   11
    4690   11
    4691   11
    4692   11
    4693   11
    4694   11
    4695   11
    4696   11
    4697   11
    4698   11
    4699   11
    4700   11
    4701   11
    4702   11
    4703   11
    4704   11
    4705   11
    4706   11
    4707   11
    4708   11
    4709   11
    4710   11
    4711   11
    4712   11
    4713   11
    4714   11
    4715   11
    4716   10
    4717   10
    4718   10
    4719   10
    4720   10
    4721   10
    4722   10
    4723   10
    4724   10
    4725   10
    4726   10
    4727   10
    4728   10
    4729   10
    4730    9
    4731    9
    4732   11
    4733   11
    4734   11
    4735   11
    4736   11
    4737   11
    4738   11
    4739   11
    4740   11
    4741   11
    4742   11
    4743   11
    4744   11
    4745   11
    4746   11
    4747   11
    4748   11
    4749   11
    4750   11
    4751   11
    4752   11
    4753   11
    4754   11
    4755   11
    4756   11
    4757   11
    4758   11
    4759   11
    4760   11
    4761    9
    4762    8
    4763    8
    4764    7
    4765    8
    4766    8
    4767    8
    4768   12
    4769   12
    4770   12
    4771   12
    4772   12
    4773   12
    4774    8
    4775    8
    4776    8
    4777    9
    4778   11
    4779   11
    4780   11
    4781   11
    4782   11
    4783    9
    4784   11
    4785   11
    4786   11
    4787   11
    4788   11
    4789   11
    4790   11
    4791   11
    4792    8
    4793    7
    4794    8
    4795    8
    4796    8
    4797   11
    4798    9
    4799   11
    4800   11
    4801   11
    4802   11
    4803   11
    4804   11
    4805   11
    4806   11
    4807   11
    4808   11
    4809   11
    4810   11
    4811   11
    4812   11
    4813   11
    4814   11
    4815   11
    4816   11
    4817    9
    4818   11
    4819   11
    4820   11
    4821   11
    4822   11
    4823   11
    4824   11
    4825   11
    4826   11
    4827   11
    4828   11
    4829   11
    4830   11
    4831   11
    4832   11
    4833   11
    4834   11
    4835   11
    4836   11
    4837   11
    4838   11
    4839   11
    4840   11
    4841   11
    4842   11
    4843   11
    4844   11
    4845   11
    4846   11
    4847   11
    4848   11
    4849   11
    4850    2
    4851    2
    4852    3
    4853    3
    4854    3
    4855    3
    4856    3
    4857    3
    4858    3
    4859    6
    4860    6
    4861   12
    4862    6
    4863    3
    4864    3
    4865    3
    4866    1
    4867    8
    4868    7
    4869    8
    4870    8
    4871    8
    4872   12
    4873   12
    4874   12
    4875    8
    4876    8
    4877    8
    4878    6
    4879    6
    4880    5
    4881    4
    4882    5
    4883    1
    4884    1
    4885    1
    4886    1
    4887    1
    4888    1
    4889    1
    4890    1
    4891    1
    4892    1
    4893    5
    4894    5
    4895    1
    4896    1
    4897    3
    4898    5
    4899    6
    4900    7
    4901   12
    4902    1
    4903    3
    4904    5
    4905    6
    4906    8
    4907    8
    4908   12
    4909   12
    4910    8
    4911   11
    4912   11
    4913   11
    4914   11
    4915   11
    4916   11
    4917   11
    4918   11
    4919    9
    4920   10
    4921   10
    4922   10
    4923   10
    4924   10
    4925   10
    4926   12
    4927   12
    4928   12
    4929   12
    4930   12
    4931   12
    4932   12
    4933   12
    4934   12
    4935   12
    4936   12
    4937   11
    4938   11
    4939   11
    4940   11
    4941   11
    4942   11
    4943   11
    4944   11
    4945   11
    4946   11
    4947   11
    4948   11
    4949   11
    4950   11
    4951   11
    4952   11
    4953   11
    4954   11
    4955   11
    4956   11
    4957   11
    4958   11
    4959   11
    4960   11
    4961   11
    4962   11
    4963   11
    4964   11
    4965   11
    4966    2
    4967    1
    4968    1
    4969    6
    4970   11
    4971   11
    4972   11
    4973   11
    4974   11
    4975   11
    4976   11
    4977   11
    4978   11
    4979   11
    4980   11
    4981   11
    4982   11
    4983   11
    4984   11
    4985   11
    4986   11
    4987   11
    4988   11
    4989   10
    4990   10
    4991   10
    4992   10
    4993   10
    4994   10
    4995   10
    4996   10
    4997    9
    4998   11
    4999   11
    5000   11
