       1   10
       2   10
       3   10
       4   10
       5   10
       6   10
       7   10
       8   10
       9   10
      10   10
      11   10
      12   11
      13    8
      14   12
      15   12
      16   12
      17   12
      18    5
      19    6
      20    6
      21   12
      22   12
      23   12
      24   12
      25   12
      26   12
      27   12
      28   12
      29   12
      30   12
      31   12
      32   12
      33   12
      34   12
      35   12
      36   12
      37    7
      38   10
      39   10
      40   10
      41   10
      42   10
      43   10
      44   12
      45    8
      46    1
      47    3
      48    5
      49    5
      50    6
      51   15
      52   15
      53   15
      54    7
      55    8
      56    8
      57    8
      58    7
      59    8
      60   12
      61   12
      62   10
      63   10
      64   10
      65   10
      66   10
      67    8
      68    8
      69    7
      70    8
      71   10
      72   12
      73    8
      74   11
      75   11
      76    8
      77    7
      78   12
      79   11
      80   11
      81    8
      82    8
      83   11
      84    9
      85    9
      86   12
      87   10
      88   12
      89    1
      90    1
      91    1
      92    1
      93    1
      94    1
      95    1
      96    1
      97    3
      98    3
      99    3
     100    3
     101    3
     102    3
     103    3
     104    3
     105    3
     106    3
     107    3
     108    3
     109    6
     110    6
     111   12
     112   12
     113   12
     114    8
     115    8
     116    8
     117   10
     118   10
     119   10
     120   10
     121   10
     122   10
     123    8
     124    8
     125    8
     126    8
     127    8
     128    8
     129    7
     130   10
     131   10
     132   10
     133   10
     134   10
     135   10
     136   10
     137   10
     138   10
     139   10
     140   10
     141    8
     142    8
     143   12
     144    7
     145    8
     146   12
     147    7
     148   10
     149   10
     150   10
     151   10
     152    8
     153   12
     154    8
     155    7
     156    8
     157    8
     158    7
     159    7
     160    7
     161    8
     162    8
     163    8
     164   12
     165   12
     166   12
     167   12
     168    8
     169   12
     170    7
     171   10
     172   10
     173   10
     174   10
     175   12
     176    1
     177    1
     178    1
     179    1
     180    1
     181    4
     182    4
     183    4
     184    1
     185    1
     186    1
     187    1
     188    1
     189    3
     190    3
     191    1
     192    1
     193    1
     194    1
     195    1
     196    1
     197    1
     198    3
     199    3
     200    4
     201    4
     202    4
     203    4
     204    6
     205   15
     206   12
     207   12
     208   12
     209   10
     210   10
     211   10
     212   10
     213   10
     214   10
     215   10
     216   10
     217   10
     218   10
     219   10
     220   10
     221   10
     222   10
     223   10
     224   10
     225   10
     226   10
     227   10
     228   11
     229   11
     230   10
     231   10
     232   12
     233   12
     234   12
     235   12
     236   11
     237   11
     238   11
     239   11
     240   12
     241   12
     242   12
     243   12
     244   12
     245   12
     246   12
     247   12
     248   12
     249   12
     250   12
     251   12
     252   12
     253   12
     254   12
     255   12
     256   12
     257   12
     258   12
     259   12
     260   12
     261   12
     262   12
     263   12
     264   12
     265   12
     266   12
     267   12
     268   12
     269    8
     270   15
     271   15
     272   15
     273   15
     274   15
     275   15
     276   15
     277   15
     278   15
     279   15
     280   15
     281   15
     282   15
     283   15
     284   15
     285   15
     286   15
     287   15
     288   15
     289   15
     290    7
     291    8
     292   12
     293    8
     294    8
     295    8
     296    8
     297   12
     298    8
     299   12
     300   12
     301    8
     302    8
     303   15
     304   15
     305   15
     306   15
     307   15
     308   15
     309   15
     310   13
     311   13
     312   13
     313   13
     314   13
     315   13
     316   13
     317   13
     318   13
     319   13
     320   13
     321   13
     322   13
     323   13
     324   13
     325   13
     326   13
     327   13
     328   13
     329   13
     330   13
     331   13
     332   13
     333   13
     334   13
     335   13
     336   14
     337   14
     338   14
     339   14
     340   14
     341   13
     342   13
     343   13
     344   13
     345   13
     346   13
     347   13
     348   13
     349   13
     350   13
     351   13
     352   13
     353   13
     354   13
     355   13
     356   13
     357   13
     358   13
     359   13
     360   13
     361   13
     362   14
     363   14
     364   14
     365   14
     366   14
     367   14
     368   13
     369   13
     370   13
     371   13
     372   13
     373   13
     374   13
     375   13
     376   13
     377   13
     378   13
     379   13
     380   13
     381   13
     382   13
     383   13
     384   13
     385   13
     386   13
     387   13
     388   13
     389   13
     390   13
     391   13
     392   13
     393   13
     394   13
     395   13
     396   13
     397   13
     398   13
     399   13
     400   13
     401   13
     402   13
     403   13
     404   13
     405   13
     406   13
     407   13
     408   13
     409   13
     410   13
     411   13
     412   13
     413   13
     414   13
     415   13
     416   13
     417   13
     418   13
     419   13
     420   13
     421   13
     422   13
     423   13
     424   13
     425   13
     426   13
     427   13
     428   13
     429   13
     430   13
     431   13
     432   13
     433   13
     434   13
     435   13
     436   13
     437   13
     438   13
     439   13
     440   13
     441   13
     442   13
     443   13
     444   13
     445   13
     446   13
     447   13
     448   13
     449   13
     450   13
     451   13
     452   13
     453   13
     454   13
     455   13
     456   13
     457   13
     458   13
     459   13
     460   13
     461   13
     462   13
     463   13
     464   13
     465   13
     466   13
     467   14
     468   14
     469   14
     470   14
     471   14
     472   14
     473   14
     474   14
     475   14
     476   13
     477   13
     478   13
     479   13
     480   13
     481   13
     482   13
     483   13
     484   13
     485   13
     486   13
     487   14
     488   14
     489   14
     490   14
     491   14
     492   14
     493   13
     494   13
     495   13
     496   13
     497   13
     498   13
     499   13
     500   13
     501   13
     502   13
     503   13
     504   13
     505   13
     506   13
     507   13
     508   13
     509   13
     510   13
     511   13
     512   13
     513   13
     514   13
     515   13
     516   13
     517   13
     518   13
     519   13
     520   13
     521   13
     522   13
     523   13
     524   13
     525   13
     526   13
     527   13
     528   14
     529   14
     530   14
     531   14
     532   13
     533   13
     534   13
     535   13
     536   13
     537   13
     538   13
     539   13
     540   13
     541   13
     542   13
     543   13
     544   13
     545   13
     546   13
     547   13
     548   13
     549   13
     550   14
     551   14
     552   14
     553   14
     554   14
     555   14
     556   14
     557   14
     558   14
     559   13
     560   13
     561   13
     562   13
     563   13
     564   13
     565   13
     566   13
     567   13
     568   13
     569   13
     570   13
     571   13
     572   13
     573   13
     574   13
     575   13
     576   13
     577   13
     578   13
     579   13
     580   13
     581   13
     582   13
     583   13
     584   13
     585   13
     586   13
     587   13
     588   13
     589   13
     590   13
     591   13
     592   13
     593   13
     594   13
     595   13
     596   13
     597   13
     598   13
     599   13
     600   13
     601   13
     602   13
     603   13
     604   13
     605   13
     606   13
     607   13
     608   13
     609   13
     610   13
     611   13
     612   13
     613   13
     614   13
     615   13
     616   13
     617   13
     618   13
     619   13
     620   13
     621   13
     622   13
     623   13
     624   13
     625   13
     626   13
     627   13
     628   13
     629   13
     630   13
     631   13
     632   13
     633   13
     634   13
     635   13
     636   13
     637   13
     638   13
     639   13
     640   13
     641   13
     642   13
     643   13
     644   13
     645   13
     646   13
     647   13
     648   13
     649   13
     650   13
     651   13
     652   13
     653   13
     654   13
     655   13
     656   13
     657   13
     658   13
     659   13
     660   13
     661   13
     662   13
     663   13
     664   13
     665   13
     666   13
     667   13
     668   13
     669   13
     670   13
     671   13
     672   13
     673   13
     674   13
     675   13
     676   12
     677   12
     678   12
     679   12
     680   12
     681   12
     682   12
     683   12
     684   12
     685   12
     686   12
     687   12
     688   12
     689   12
     690   12
     691   12
     692   12
     693   12
     694   12
     695   12
     696   12
     697   12
     698   12
     699   12
     700   12
     701   12
     702   12
     703   12
     704   12
     705   12
     706   12
     707   10
     708   10
     709   10
     710   10
     711   10
     712   12
     713   12
     714   12
     715   12
     716   12
     717   10
     718   10
     719   10
     720   10
     721   10
     722   10
     723   10
     724   10
     725   10
     726   10
     727   10
     728   10
     729   10
     730   10
     731   10
     732   10
     733   10
     734   11
     735   11
     736   11
     737   11
     738   11
     739   11
     740   11
     741   11
     742   11
     743   11
     744   11
     745   11
     746   11
     747   11
     748   11
     749   11
     750   11
     751   11
     752   11
     753   11
     754   11
     755   11
     756   11
     757   11
     758   11
     759   11
     760   11
     761   11
     762   11
     763   11
     764   11
     765   11
     766   11
     767   11
     768   11
     769   11
     770   11
     771   11
     772   11
     773   11
     774   11
     775   11
     776   11
     777   11
     778   11
     779   11
     780   11
     781   11
     782   11
     783   11
     784   12
     785   12
     786   12
     787   12
     788   12
     789   12
     790   12
     791   12
     792   12
     793   12
     794   12
     795    1
     796    1
     797    1
     798   12
     799   12
     800   12
     801    1
     802    6
     803   12
     804   12
     805   12
     806   12
     807    8
     808   12
     809   12
     810   12
     811   12
     812   12
     813   12
     814   12
     815   12
     816    1
     817    1
     818    1
     819    1
     820    1
     821    1
     822    1
     823    4
     824    4
     825    4
     826    4
     827    5
     828    4
     829    6
     830    6
     831   12
     832    6
     833    4
     834    4
     835    4
     836    1
     837    1
     838    1
     839    1
     840    1
     841    1
     842    1
     843    1
     844    1
     845    1
     846    6
     847    5
     848    1
     849    1
     850    1
     851    3
     852    3
     853    6
     854    7
     855   12
     856   12
     857   12
     858    3
     859    6
     860    6
     861    6
     862   12
     863   12
     864   12
     865   12
     866    7
     867   12
     868   12
     869    6
     870   12
     871   12
     872   12
     873   12
     874   12
     875   12
     876   12
     877   12
     878   10
     879   10
     880   11
     881    8
     882   10
     883   10
     884   10
     885   12
     886   12
     887   12
     888   12
     889   12
     890   12
     891   12
     892   12
     893   12
     894   12
     895    8
     896   12
     897   12
     898   12
     899   12
     900   12
     901   12
     902   12
     903   12
     904   12
     905   12
     906   12
     907   12
     908   12
     909   12
     910   12
     911   12
     912    4
     913    4
     914    4
     915    5
     916    6
     917    8
     918   15
     919   15
     920   15
     921   15
     922   15
     923   15
     924   15
     925   15
     926   15
     927   15
     928   15
     929   15
     930   15
     931   15
     932   15
     933   15
     934   15
     935    8
     936    7
     937    8
     938   12
     939   12
     940    8
     941    7
     942    7
     943    6
     944    5
     945    4
     946    4
     947    4
     948    4
     949    4
     950    4
     951    4
     952    4
     953    4
     954    4
     955    3
     956    3
     957    1
     958    1
     959    4
     960    4
     961    4
     962    4
     963   12
     964   12
     965   12
     966    4
     967    4
     968    4
     969    5
     970    4
     971    4
     972    4
     973   12
     974   12
     975   12
     976   12
     977   12
     978   12
     979   12
     980   12
     981   12
     982   12
     983   12
     984    1
     985    1
     986    1
     987    1
     988   12
     989   12
     990   12
     991   12
     992    1
     993    1
     994    1
     995    1
     996    1
     997    1
     998   12
     999   12
    1000   12
    1001   12
    1002    6
    1003    6
    1004    5
    1005    3
    1006    3
    1007    5
    1008    5
    1009    1
    1010    1
    1011    1
    1012    1
    1013   12
    1014   12
    1015    1
    1016    1
    1017    1
    1018    1
    1019    1
    1020    5
    1021    4
    1022    1
    1023    1
    1024    1
    1025    3
    1026    3
    1027    3
    1028    6
    1029    8
    1030    8
    1031    8
    1032   12
    1033    1
    1034    1
    1035    1
    1036    1
    1037    1
    1038    6
    1039    6
    1040   10
    1041   10
    1042   10
    1043   10
    1044   10
    1045   10
    1046   10
    1047   11
    1048   11
    1049   11
    1050   11
    1051   11
    1052   11
    1053   11
    1054   11
    1055   11
    1056   11
    1057   11
    1058   11
    1059   11
    1060   11
    1061   11
    1062   11
    1063   11
    1064   11
    1065   11
    1066   11
    1067   11
    1068   11
    1069   11
    1070   11
    1071   11
    1072   11
    1073   11
    1074   11
    1075   11
    1076   11
    1077   11
    1078   11
    1079   11
    1080   11
    1081   11
    1082   11
    1083   12
    1084   12
    1085   12
    1086    7
    1087    8
    1088    8
    1089    8
    1090    8
    1091   12
    1092    1
    1093    1
    1094    6
    1095    7
    1096   12
    1097    8
    1098   12
    1099   12
    1100   12
    1101   10
    1102   12
    1103    8
    1104   12
    1105   11
    1106   11
    1107   11
    1108   11
    1109   11
    1110   11
    1111   11
    1112   11
    1113    9
    1114   11
    1115   11
    1116   11
    1117    9
    1118   11
    1119   11
    1120   11
    1121   11
    1122   11
    1123   11
    1124   11
    1125   10
    1126   10
    1127   10
    1128   10
    1129   10
    1130   10
    1131   10
    1132   10
    1133   10
    1134   10
    1135   10
    1136   10
    1137   10
    1138   10
    1139   10
    1140   10
    1141   10
    1142   10
    1143   10
    1144   10
    1145   10
    1146   10
    1147   10
    1148   10
    1149   10
    1150   10
    1151   10
    1152   10
    1153   10
    1154   10
    1155   10
    1156   10
    1157   10
    1158   10
    1159   10
    1160   10
    1161   10
    1162   10
    1163   10
    1164   10
    1165   10
    1166   10
    1167   10
    1168   10
    1169   10
    1170   10
    1171   10
    1172   10
    1173   10
    1174   10
    1175   10
    1176   10
    1177   10
    1178   10
    1179    9
    1180   11
    1181   11
    1182    9
    1183   11
    1184   11
    1185   10
    1186   10
    1187   10
    1188   10
    1189   10
    1190   10
    1191   12
    1192    1
    1193    1
    1194    1
    1195    1
    1196    1
    1197    1
    1198    1
    1199    1
    1200    1
    1201    1
    1202    1
    1203    1
    1204    1
    1205    1
    1206    3
    1207    3
    1208    3
    1209    3
    1210    3
    1211    3
    1212    3
    1213    3
    1214    6
    1215    5
    1216    4
    1217    4
    1218    3
    1219    5
    1220    6
    1221   15
    1222   15
    1223   15
    1224   15
    1225    8
    1226   12
    1227   12
    1228   10
    1229   10
    1230   12
    1231   12
    1232   12
    1233   12
    1234   12
    1235   12
    1236   12
    1237   12
    1238   12
    1239    1
    1240    6
    1241    7
    1242    7
    1243    8
    1244    8
    1245    8
    1246    8
    1247    8
    1248    8
    1249   12
    1250   12
    1251    6
    1252    5
    1253    3
    1254    3
    1255    3
    1256    5
    1257    5
    1258    6
    1259    6
    1260    3
    1261    3
    1262    3
    1263    3
    1264    3
    1265    3
    1266    3
    1267    3
    1268    3
    1269    3
    1270    3
    1271    3
    1272    8
    1273    8
    1274   10
    1275   10
    1276   10
    1277   10
    1278   10
    1279    7
    1280    7
    1281    6
    1282    5
    1283    2
    1284    2
    1285    1
    1286    1
    1287    1
    1288    1
    1289    1
    1290    1
    1291    1
    1292    5
    1293    6
    1294    3
    1295    3
    1296    1
    1297    1
    1298    1
    1299    1
    1300    1
    1301    1
    1302    1
    1303    8
    1304    9
    1305   10
    1306   10
    1307    8
    1308    8
    1309   12
    1310    8
    1311    8
    1312    8
    1313    6
    1314    5
    1315    6
    1316    5
    1317    3
    1318    1
    1319    1
    1320    1
    1321    1
    1322    1
    1323    1
    1324   12
    1325   12
    1326    7
    1327    7
    1328   15
    1329   15
    1330   15
    1331   15
    1332    8
    1333    8
    1334   12
    1335   12
    1336    8
    1337    8
    1338   12
    1339   12
    1340   12
    1341   12
    1342   12
    1343    8
    1344   12
    1345    7
    1346   11
    1347   11
    1348   11
    1349   11
    1350   11
    1351   11
    1352   11
    1353   11
    1354   11
    1355   11
    1356   11
    1357   11
    1358   11
    1359   11
    1360   11
    1361   11
    1362   11
    1363   11
    1364   11
    1365   11
    1366   11
    1367   11
    1368   11
    1369   11
    1370   11
    1371   11
    1372   11
    1373   11
    1374   11
    1375   11
    1376   11
    1377   11
    1378   11
    1379   11
    1380   11
    1381   11
    1382   11
    1383   11
    1384   11
    1385   11
    1386   11
    1387   12
    1388    8
    1389    7
    1390   12
    1391    8
    1392   12
    1393   12
    1394    8
    1395    8
    1396    6
    1397    6
    1398    6
    1399    5
    1400    1
    1401    6
    1402    5
    1403    1
    1404    1
    1405   12
    1406   11
    1407   11
    1408   11
    1409   11
    1410   11
    1411   11
    1412   11
    1413   11
    1414   11
    1415   11
    1416   11
    1417   11
    1418   11
    1419   11
    1420   11
    1421   11
    1422   11
    1423   11
    1424   11
    1425   11
    1426   11
    1427   11
    1428   11
    1429   11
    1430   11
    1431   11
    1432   11
    1433   11
    1434   11
    1435   11
    1436   11
    1437   12
    1438    6
    1439    6
    1440    5
    1441    3
    1442    1
    1443    1
    1444    3
    1445    6
    1446    6
    1447    6
    1448    6
    1449    2
    1450    2
    1451    6
    1452    1
    1453    1
    1454    6
    1455    5
    1456    5
    1457    6
    1458    6
    1459    7
    1460    7
    1461    7
    1462    6
    1463    6
    1464   12
    1465   12
    1466   12
    1467   12
    1468   10
    1469    7
    1470    2
    1471    6
    1472   12
    1473   12
    1474    8
    1475   15
    1476   15
    1477    9
    1478    8
    1479   10
    1480   10
    1481    8
    1482   12
    1483   12
    1484    1
    1485    1
    1486    6
    1487    6
    1488    6
    1489    3
    1490    1
    1491    1
    1492    1
    1493    1
    1494    7
    1495    8
    1496   12
    1497    7
    1498    8
    1499    8
    1500    8
    1501    8
    1502    8
    1503    8
    1504    8
    1505    8
    1506    1
    1507    1
    1508    6
    1509    6
    1510    1
    1511    1
    1512    1
    1513    3
    1514    3
    1515    6
    1516    6
    1517    1
    1518    6
    1519    5
    1520    6
    1521    3
    1522    3
    1523    3
    1524    3
    1525    3
    1526    6
    1527   15
    1528   15
    1529   15
    1530    6
    1531    3
    1532    5
    1533    1
    1534    1
    1535    1
    1536    1
    1537    1
    1538    1
    1539    1
    1540    1
    1541    1
    1542    6
    1543    7
    1544    8
    1545   12
    1546   12
    1547   12
    1548    8
    1549    8
    1550    8
    1551    8
    1552    7
    1553   15
    1554   15
    1555   15
    1556   10
    1557   10
    1558   10
    1559   10
    1560    9
    1561    6
    1562    4
    1563    4
    1564    3
    1565    3
    1566    3
    1567    1
    1568    1
    1569    1
    1570    6
    1571    1
    1572    1
    1573    1
    1574    1
    1575    1
    1576    3
    1577    6
    1578    1
    1579    1
    1580    1
    1581    1
    1582    1
    1583    1
    1584   12
    1585    8
    1586   12
    1587    8
    1588    8
    1589    8
    1590    8
    1591    7
    1592   12
    1593   12
    1594   12
    1595    7
    1596   12
    1597    7
    1598    6
    1599    6
    1600    1
    1601   12
    1602   12
    1603   12
    1604   10
    1605   10
    1606   10
    1607   10
    1608   10
    1609   10
    1610   10
    1611   10
    1612   10
    1613   10
    1614   10
    1615   10
    1616   10
    1617   10
    1618   10
    1619   10
    1620   10
    1621   12
    1622    6
    1623    4
    1624    1
    1625   12
    1626   12
    1627   12
    1628   12
    1629    7
    1630   12
    1631   12
    1632   12
    1633   13
    1634   13
    1635   13
    1636   13
    1637   13
    1638   13
    1639   13
    1640   13
    1641   13
    1642   13
    1643   13
    1644   13
    1645   13
    1646   13
    1647   13
    1648   13
    1649   13
    1650   13
    1651   13
    1652   13
    1653   13
    1654   13
    1655   13
    1656   13
    1657   13
    1658   13
    1659   13
    1660   13
    1661   13
    1662   13
    1663   13
    1664   13
    1665   13
    1666   13
    1667   13
    1668   13
    1669   13
    1670   13
    1671   13
    1672   13
    1673   13
    1674   13
    1675   13
    1676   13
    1677   13
    1678   13
    1679   13
    1680   13
    1681   13
    1682   13
    1683   13
    1684   13
    1685   13
    1686   13
    1687   13
    1688   13
    1689   13
    1690   13
    1691   13
    1692   13
    1693   13
    1694   13
    1695   13
    1696   13
    1697   13
    1698    2
    1699    2
    1700   12
    1701   12
    1702   12
    1703   12
    1704   12
    1705   12
    1706   12
    1707   12
    1708   12
    1709   12
    1710   12
    1711   12
    1712    8
    1713    8
    1714    8
    1715    7
    1716    7
    1717    7
    1718    7
    1719   12
    1720   12
    1721    8
    1722    7
    1723    7
    1724   11
    1725   10
    1726   10
    1727   10
    1728   10
    1729   10
    1730   10
    1731   10
    1732   11
    1733   11
    1734   11
    1735   11
    1736   10
    1737   10
    1738   10
    1739   10
    1740   10
    1741   10
    1742   10
    1743   10
    1744   10
    1745   10
    1746   10
    1747   10
    1748    8
    1749   11
    1750   11
    1751   11
    1752   11
    1753   11
    1754   11
    1755   11
    1756   11
    1757    9
    1758    9
    1759   12
    1760    8
    1761    7
    1762   12
    1763    8
    1764   11
    1765   11
    1766   11
    1767   11
    1768   11
    1769   11
    1770   11
    1771   11
    1772   11
    1773   11
    1774   10
    1775   10
    1776   10
    1777   10
    1778   10
    1779   12
    1780   12
    1781    7
    1782    8
    1783    8
    1784   12
    1785   12
    1786    8
    1787    8
    1788   12
    1789   12
    1790   12
    1791   12
    1792   12
    1793   12
    1794    6
    1795    6
    1796    3
    1797    3
    1798    3
    1799    3
    1800    1
    1801    1
    1802    1
    1803    1
    1804    1
    1805    1
    1806   12
    1807   12
    1808   12
    1809   12
    1810   12
    1811   12
    1812   12
    1813   12
    1814   12
    1815    1
    1816    1
    1817    3
    1818    6
    1819   15
    1820   15
    1821   15
    1822   15
    1823    6
    1824    5
    1825    3
    1826    3
    1827    3
    1828    3
    1829    3
    1830    3
    1831    3
    1832    3
    1833    1
    1834    1
    1835    9
    1836   11
    1837   11
    1838   11
    1839   11
    1840   11
    1841   11
    1842   11
    1843   11
    1844   11
    1845   11
    1846   11
    1847   11
    1848   11
    1849   11
    1850   11
    1851   11
    1852   11
    1853   11
    1854   11
    1855   11
    1856   11
    1857   11
    1858   11
    1859   11
    1860   10
    1861   10
    1862   10
    1863   10
    1864   10
    1865   10
    1866   10
    1867   10
    1868   10
    1869   10
    1870    8
    1871   12
    1872   12
    1873   10
    1874   10
    1875   10
    1876   10
    1877   10
    1878   10
    1879   10
    1880   10
    1881   10
    1882   10
    1883   10
    1884   10
    1885   10
    1886   10
    1887   10
    1888   11
    1889   11
    1890   11
    1891   11
    1892   11
    1893   11
    1894   11
    1895   11
    1896   11
    1897   11
    1898   11
    1899   11
    1900   11
    1901   11
    1902   11
    1903   11
    1904   11
    1905   11
    1906   11
    1907   11
    1908   11
    1909   11
    1910   11
    1911   11
    1912   11
    1913   11
    1914   11
    1915   11
    1916   11
    1917   11
    1918   11
    1919   11
    1920   11
    1921   11
    1922   11
    1923   10
    1924   10
    1925   10
    1926   10
    1927   10
    1928   10
    1929   10
    1930   10
    1931   10
    1932   10
    1933   10
    1934   10
    1935   10
    1936   10
    1937   10
    1938   10
    1939   10
    1940   12
    1941   12
    1942   12
    1943   12
    1944   12
    1945   12
    1946   12
    1947   12
    1948   12
    1949   12
    1950   12
    1951   12
    1952   10
    1953   10
    1954   10
    1955   10
    1956   10
    1957   10
    1958   10
    1959   10
    1960   10
    1961   10
    1962   10
    1963   10
    1964   10
    1965   12
    1966   12
    1967   12
    1968   12
    1969   12
    1970   12
    1971   12
    1972   12
    1973   12
    1974   12
    1975   12
    1976   12
    1977   12
    1978   12
    1979   12
    1980   12
    1981   12
    1982   12
    1983   12
    1984   12
    1985   12
    1986   12
    1987   12
    1988   12
    1989   12
    1990   12
    1991   12
    1992   12
    1993   12
    1994   12
    1995   12
    1996   12
    1997   12
    1998   12
    1999   12
    2000   12
    2001   12
    2002   12
    2003   12
    2004   12
    2005   12
    2006   12
    2007   10
    2008   12
    2009   12
    2010   12
    2011   12
    2012   12
    2013   12
    2014   12
    2015   12
    2016   12
    2017   12
    2018   12
    2019   12
    2020   12
    2021   12
    2022   12
    2023   12
    2024   12
    2025   12
    2026   12
    2027   12
    2028   12
    2029   12
    2030   12
    2031   12
    2032   12
    2033   12
    2034   12
    2035   12
    2036   12
    2037   12
    2038   12
    2039   12
    2040   12
    2041   12
    2042   12
    2043   12
    2044   12
    2045   12
    2046   10
    2047   10
    2048   10
    2049   10
    2050   10
    2051   10
    2052   10
    2053   10
    2054   10
    2055   10
    2056   10
    2057   10
    2058   10
    2059   10
    2060   10
    2061   10
    2062   10
    2063   10
    2064   10
    2065   11
    2066   11
    2067   11
    2068   11
    2069   11
    2070   11
    2071   11
    2072   11
    2073    9
    2074    6
    2075   12
    2076   12
    2077   12
    2078   12
    2079   12
    2080    7
    2081    8
    2082    7
    2083    7
    2084   15
    2085   15
    2086   15
    2087    8
    2088   12
    2089    8
    2090    7
    2091    6
    2092    5
    2093    1
    2094    5
    2095    6
    2096    1
    2097    8
    2098    8
    2099   12
    2100   12
    2101    7
    2102    8
    2103    8
    2104    8
    2105    8
    2106    8
    2107   12
    2108   11
    2109   10
    2110   10
    2111   10
    2112   10
    2113   10
    2114   10
    2115   10
    2116   10
    2117   10
    2118   10
    2119   10
    2120   10
    2121   10
    2122   10
    2123   10
    2124   10
    2125   10
    2126    8
    2127   12
    2128    8
    2129    8
    2130   12
    2131   12
    2132    8
    2133    7
    2134    6
    2135    4
    2136    4
    2137    4
    2138    4
    2139    4
    2140    4
    2141    4
    2142    4
    2143    4
    2144    4
    2145    4
    2146    4
    2147    4
    2148    4
    2149    4
    2150    4
    2151    4
    2152    4
    2153    4
    2154    4
    2155   12
    2156   12
    2157    1
    2158   12
    2159   12
    2160    1
    2161    2
    2162   12
    2163   12
    2164   12
    2165   12
    2166   12
    2167   12
    2168   12
    2169   12
    2170   12
    2171   12
    2172    1
    2173    1
    2174   12
    2175    8
    2176    8
    2177    8
    2178   12
    2179   12
    2180   12
    2181   10
    2182   10
    2183   10
    2184   10
    2185   11
    2186   11
    2187   11
    2188   11
    2189   11
    2190   11
    2191   11
    2192   11
    2193   11
    2194   11
    2195   11
    2196   11
    2197   11
    2198   11
    2199   10
    2200   10
    2201   10
    2202   10
    2203   10
    2204   10
    2205   10
    2206   10
    2207   12
    2208   12
    2209   12
    2210   12
    2211   12
    2212   12
    2213   12
    2214   12
    2215   12
    2216   12
    2217   12
    2218   12
    2219   12
    2220   12
    2221   12
    2222   10
    2223   10
    2224   10
    2225   10
    2226   10
    2227   10
    2228   10
    2229   11
    2230   11
    2231   11
    2232   11
    2233   11
    2234   11
    2235   11
    2236   11
    2237   11
    2238   11
    2239   11
    2240   11
    2241   11
    2242   10
    2243   10
    2244   10
    2245   10
    2246   10
    2247   10
    2248   10
    2249   10
    2250   12
    2251   12
    2252   10
    2253   10
    2254   10
    2255   10
    2256   10
    2257   10
    2258   10
    2259   10
    2260   10
    2261   10
    2262   10
    2263   10
    2264   10
    2265   10
    2266   10
    2267   10
    2268   10
    2269   10
    2270   10
    2271   10
    2272   10
    2273   10
    2274   10
    2275   10
    2276   10
    2277   10
    2278   10
    2279   10
    2280   10
    2281   10
    2282   10
    2283   10
    2284   10
    2285   10
    2286   10
    2287   10
    2288   10
    2289   10
    2290   10
    2291   10
    2292   10
    2293   10
    2294   10
    2295   10
    2296   10
    2297   10
    2298   10
    2299   12
    2300   12
    2301   12
    2302   12
    2303   12
    2304   10
    2305   12
    2306   12
    2307   12
    2308   12
    2309   12
    2310   12
    2311   12
    2312   10
    2313   10
    2314   10
    2315   10
    2316   10
    2317   10
    2318   10
    2319   13
    2320   13
    2321   13
    2322   13
    2323   13
    2324   13
    2325   13
    2326   13
    2327   13
    2328   13
    2329   13
    2330   13
    2331   13
    2332   13
    2333   13
    2334   13
    2335   13
    2336   13
    2337   13
    2338   13
    2339   13
    2340   13
    2341   13
    2342   13
    2343   13
    2344   13
    2345   13
    2346   13
    2347   13
    2348   13
    2349   13
    2350   13
    2351   13
    2352   13
    2353   13
    2354   13
    2355   13
    2356   13
    2357   13
    2358   13
    2359   13
    2360   13
    2361   13
    2362   13
    2363   13
    2364   13
    2365   13
    2366   13
    2367   13
    2368   13
    2369   13
    2370   13
    2371   13
    2372   13
    2373   13
    2374   13
    2375   13
    2376   13
    2377   13
    2378   13
    2379   13
    2380   13
    2381   13
    2382   13
    2383   13
    2384   13
    2385   13
    2386   13
    2387   13
    2388   13
    2389   13
    2390   13
    2391   13
    2392   13
    2393   13
    2394   13
    2395   13
    2396   13
    2397   13
    2398   13
    2399   13
    2400   13
    2401   13
    2402   13
    2403   13
    2404   13
    2405   13
    2406    8
    2407    7
    2408   12
    2409   12
    2410   12
    2411   12
    2412   12
    2413   12
    2414   12
    2415   12
    2416   12
    2417   12
    2418   12
    2419   12
    2420    1
    2421    1
    2422    3
    2423    3
    2424    1
    2425    1
    2426    1
    2427    1
    2428    1
    2429    1
    2430    1
    2431    3
    2432    4
    2433    4
    2434    4
    2435    4
    2436    4
    2437    4
    2438    4
    2439    4
    2440    4
    2441    4
    2442    4
    2443    4
    2444    3
    2445    3
    2446    6
    2447    6
    2448    1
    2449    1
    2450    1
    2451    3
    2452    6
    2453    6
    2454   12
    2455   12
    2456    8
    2457    6
    2458    6
    2459    3
    2460    4
    2461    4
    2462    1
    2463    1
    2464    1
    2465   12
    2466   12
    2467   12
    2468   12
    2469    1
    2470    1
    2471    1
    2472    1
    2473    1
    2474    1
    2475    1
    2476    3
    2477    5
    2478    6
    2479    3
    2480    1
    2481    1
    2482    1
    2483    1
    2484    1
    2485    1
    2486    1
    2487    1
    2488    1
    2489    1
    2490   12
    2491   12
    2492   12
    2493   15
    2494   15
    2495   15
    2496   15
    2497   15
    2498   15
    2499    8
    2500    6
    2501    3
    2502    3
    2503    1
    2504    1
    2505    1
    2506   12
    2507   12
    2508   12
    2509   12
    2510   12
    2511   12
    2512   12
    2513   12
    2514   12
    2515   12
    2516    6
    2517    5
    2518    3
    2519    3
    2520    3
    2521    3
    2522    3
    2523    1
    2524    1
    2525    1
    2526    1
    2527    1
    2528    3
    2529    3
    2530    3
    2531    3
    2532    1
    2533    1
    2534    1
    2535    1
    2536    1
    2537    1
    2538    1
    2539    1
    2540    1
    2541    1
    2542    3
    2543    1
    2544    1
    2545    1
    2546    1
    2547    1
    2548    1
    2549    1
    2550    1
    2551    1
    2552    1
    2553    1
    2554    1
    2555    1
    2556    1
    2557    1
    2558    1
    2559    1
    2560    1
    2561   12
    2562   12
    2563    6
    2564    1
    2565    1
    2566    1
    2567    1
    2568    1
    2569    1
    2570    6
    2571    6
    2572    1
    2573    1
    2574    1
    2575    1
    2576    1
    2577    1
    2578    1
    2579    1
    2580    1
    2581    1
    2582    1
    2583    1
    2584    1
    2585    1
    2586    3
    2587    1
    2588    1
    2589    1
    2590    1
    2591    1
    2592    1
    2593    1
    2594    1
    2595    1
    2596    1
    2597    1
    2598    5
    2599    3
    2600    1
    2601    1
    2602    1
    2603    1
    2604    1
    2605    1
    2606    1
    2607    1
    2608    1
    2609    1
    2610   12
    2611    8
    2612    8
    2613   12
    2614   12
    2615   10
    2616   10
    2617    8
    2618    8
    2619   15
    2620   15
    2621   15
    2622   15
    2623    8
    2624    8
    2625    8
    2626   12
    2627   12
    2628    6
    2629   12
    2630   12
    2631    7
    2632    8
    2633   12
    2634    6
    2635    5
    2636    3
    2637    6
    2638    4
    2639    4
    2640    4
    2641    4
    2642    4
    2643    4
    2644   12
    2645   12
    2646   12
    2647   12
    2648    8
    2649    6
    2650    8
    2651    8
    2652   12
    2653   12
    2654   12
    2655   12
    2656   12
    2657    8
    2658    8
    2659    8
    2660   12
    2661   12
    2662   12
    2663   12
    2664   12
    2665    8
    2666    7
    2667   12
    2668    8
    2669    7
    2670   12
    2671    8
    2672    8
    2673    8
    2674   12
    2675   12
    2676   12
    2677   12
    2678   12
    2679   12
    2680   12
    2681   12
    2682   12
    2683   12
    2684   12
    2685   12
    2686    8
    2687    8
    2688    8
    2689    8
    2690   12
    2691   12
    2692   12
    2693   12
    2694   12
    2695   12
    2696   12
    2697   12
    2698    1
    2699    1
    2700    1
    2701    1
    2702    1
    2703    1
    2704    1
    2705    1
    2706   12
    2707   12
    2708   12
    2709   12
    2710   12
    2711   12
    2712   12
    2713   12
    2714   12
    2715   12
    2716   12
    2717   12
    2718   12
    2719   12
    2720   12
    2721   12
    2722   12
    2723   12
    2724   12
    2725   12
    2726   12
    2727   12
    2728   12
    2729   12
    2730    8
    2731    8
    2732    7
    2733   15
    2734   15
    2735   15
    2736   15
    2737   10
    2738   10
    2739   10
    2740    7
    2741    8
    2742   10
    2743   10
    2744   10
    2745   10
    2746   10
    2747   10
    2748   10
    2749   10
    2750   10
    2751   10
    2752   10
    2753   10
    2754   10
    2755   10
    2756   10
    2757   10
    2758   12
    2759   12
    2760   12
    2761    1
    2762    1
    2763    5
    2764    6
    2765    8
    2766   12
    2767   12
    2768   12
    2769   12
    2770   12
    2771   12
    2772   13
    2773   13
    2774   13
    2775   13
    2776   13
    2777   13
    2778   13
    2779   13
    2780   13
    2781   13
    2782   13
    2783   13
    2784   13
    2785   13
    2786   13
    2787   13
    2788   12
    2789   12
    2790    8
    2791    8
    2792   13
    2793   13
    2794   13
    2795   13
    2796   13
    2797   13
    2798   13
    2799   13
    2800   13
    2801   13
    2802   13
    2803   13
    2804   13
    2805   13
    2806   13
    2807   13
    2808   13
    2809   13
    2810   13
    2811   13
    2812   13
    2813   13
    2814   13
    2815   13
    2816   13
    2817   13
    2818   13
    2819   14
    2820   14
    2821   13
    2822   13
    2823   13
    2824   13
    2825   13
    2826   13
    2827   13
    2828   13
    2829   13
    2830   13
    2831   13
    2832   13
    2833   13
    2834   13
    2835   13
    2836   13
    2837   13
    2838   13
    2839   13
    2840   13
    2841   13
    2842   13
    2843   13
    2844   13
    2845   13
    2846   13
    2847   13
    2848   13
    2849   13
    2850   13
    2851   13
    2852   13
    2853   13
    2854   13
    2855   13
    2856   14
    2857   14
    2858   14
    2859   14
    2860   14
    2861   14
    2862   14
    2863   14
    2864   14
    2865   14
    2866   14
    2867   14
    2868   14
    2869   14
    2870   14
    2871   14
    2872   14
    2873   14
    2874   14
    2875   14
    2876   14
    2877   14
    2878   14
    2879   14
    2880   14
    2881   14
    2882   14
    2883   14
    2884   14
    2885   14
    2886   14
    2887   14
    2888   14
    2889   14
    2890   14
    2891   14
    2892   14
    2893   13
    2894   13
    2895   13
    2896   13
    2897   13
    2898   13
    2899   13
    2900   13
    2901   13
    2902   13
    2903   13
    2904   13
    2905   13
    2906   13
    2907   13
    2908   13
    2909   14
    2910   14
    2911   14
    2912   14
    2913   13
    2914   13
    2915   13
    2916   13
    2917   13
    2918   13
    2919   13
    2920   13
    2921   13
    2922   13
    2923   13
    2924   13
    2925   13
    2926   13
    2927   13
    2928   13
    2929   13
    2930   13
    2931   13
    2932   13
    2933   13
    2934   13
    2935   13
    2936   13
    2937   13
    2938   13
    2939   13
    2940   14
    2941   14
    2942   14
    2943   14
    2944   14
    2945   14
    2946   14
    2947   14
    2948   14
    2949   14
    2950   14
    2951   14
    2952   14
    2953   14
    2954   14
    2955   14
    2956   14
    2957   14
    2958   14
    2959   14
    2960   14
    2961   14
    2962   13
    2963   13
    2964   13
    2965   13
    2966   13
    2967   13
    2968   13
    2969   13
    2970   13
    2971   13
    2972   13
    2973   13
    2974   13
    2975   13
    2976   13
    2977   13
    2978   13
    2979   13
    2980   13
    2981   13
    2982   13
    2983   13
    2984   13
    2985   13
    2986   13
    2987   13
    2988   13
    2989   13
    2990   13
    2991   13
    2992   13
    2993   13
    2994   13
    2995   13
    2996   13
    2997   13
    2998   13
    2999   13
    3000   13
    3001   13
    3002   13
    3003   13
    3004   13
    3005   13
    3006   14
    3007   14
    3008   14
    3009   14
    3010   14
    3011   14
    3012   14
    3013   14
    3014   14
    3015   14
    3016   14
    3017   14
    3018   14
    3019   14
    3020   13
    3021   13
    3022   14
    3023   14
    3024   14
    3025   14
    3026   14
    3027   14
    3028   14
    3029   14
    3030   14
    3031   14
    3032   13
    3033   13
    3034   13
    3035   13
    3036   13
    3037   13
    3038   13
    3039   13
    3040   13
    3041   13
    3042   14
    3043   14
    3044   14
    3045   14
    3046   14
    3047   14
    3048   14
    3049   14
    3050   14
    3051   14
    3052   14
    3053   14
    3054   14
    3055   14
    3056   14
    3057   14
    3058   14
    3059   14
    3060   14
    3061   14
    3062   13
    3063   13
    3064   13
    3065   13
    3066   13
    3067   13
    3068   14
    3069   14
    3070   14
    3071   14
    3072   14
    3073   14
    3074   14
    3075   14
    3076   14
    3077   14
    3078   14
    3079   14
    3080   14
    3081   14
    3082   14
    3083   14
    3084   14
    3085   14
    3086   14
    3087   14
    3088   14
    3089   14
    3090   14
    3091   14
    3092   14
    3093   14
    3094   14
    3095   14
    3096   14
    3097   14
    3098   14
    3099   14
    3100   14
    3101   14
    3102   14
    3103   14
    3104   14
    3105   14
    3106   14
    3107   14
    3108   14
    3109   14
    3110   14
    3111   14
    3112   14
    3113   14
    3114   14
    3115   14
    3116   14
    3117   14
    3118   14
    3119   14
    3120   14
    3121   14
    3122   14
    3123   14
    3124   14
    3125   14
    3126   14
    3127   14
    3128   14
    3129   14
    3130   14
    3131   14
    3132   14
    3133   14
    3134   14
    3135   14
    3136   14
    3137   14
    3138   14
    3139   14
    3140   14
    3141   14
    3142   14
    3143   14
    3144   14
    3145   14
    3146   13
    3147   13
    3148   13
    3149   13
    3150   13
    3151   13
    3152   13
    3153   13
    3154   14
    3155   14
    3156   14
    3157   14
    3158   14
    3159   14
    3160   14
    3161   14
    3162   14
    3163   14
    3164   14
    3165   14
    3166   14
    3167   14
    3168   14
    3169   14
    3170   14
    3171   14
    3172   14
    3173   14
    3174   14
    3175   13
    3176   13
    3177   13
    3178   13
    3179   13
    3180   14
    3181   14
    3182   14
    3183   14
    3184   14
    3185   14
    3186   14
    3187   14
    3188   14
    3189   14
    3190   14
    3191   14
    3192   13
    3193   13
    3194   13
    3195   13
    3196   13
    3197   13
    3198   13
    3199   13
    3200   14
    3201   14
    3202   14
    3203   14
    3204   14
    3205   13
    3206   13
    3207   13
    3208   13
    3209   13
    3210   13
    3211   13
    3212   13
    3213   13
    3214   13
    3215   13
    3216   13
    3217   14
    3218   14
    3219   14
    3220   14
    3221   13
    3222   13
    3223   13
    3224   13
    3225   13
    3226   13
    3227   13
    3228   13
    3229   13
    3230   13
    3231   13
    3232   13
    3233   13
    3234   13
    3235   13
    3236   13
    3237   13
    3238   14
    3239   14
    3240   14
    3241   14
    3242   14
    3243   14
    3244   14
    3245   14
    3246   14
    3247   14
    3248   14
    3249   14
    3250   14
    3251   14
    3252   14
    3253   14
    3254   14
    3255   14
    3256   13
    3257   13
    3258   13
    3259   13
    3260   13
    3261   13
    3262   13
    3263   13
    3264   13
    3265   13
    3266   13
    3267   13
    3268   13
    3269   13
    3270   14
    3271   14
    3272   14
    3273   13
    3274   13
    3275   13
    3276   13
    3277   13
    3278   13
    3279   13
    3280   13
    3281   13
    3282   13
    3283   13
    3284   13
    3285   13
    3286   13
    3287   13
    3288   13
    3289   13
    3290   13
    3291   13
    3292   13
    3293   13
    3294   13
    3295   13
    3296   13
    3297   13
    3298   13
    3299   13
    3300   13
    3301   13
    3302   13
    3303   13
    3304   13
    3305   13
    3306   13
    3307   13
    3308   13
    3309   13
    3310   13
    3311   13
    3312   13
    3313   13
    3314   13
    3315   13
    3316   13
    3317   13
    3318   13
    3319   13
    3320   13
    3321   13
    3322   13
    3323   13
    3324   13
    3325   13
    3326   13
    3327   13
    3328   13
    3329   13
    3330   13
    3331   10
    3332   10
    3333   10
    3334   10
    3335    8
    3336   12
    3337   12
    3338   12
    3339   12
    3340   12
    3341    8
    3342   12
    3343   12
    3344   12
    3345   12
    3346   12
    3347    8
    3348   12
    3349   12
    3350   12
    3351    8
    3352    8
    3353    8
    3354   12
    3355    1
    3356    1
    3357    1
    3358    1
    3359    1
    3360    1
    3361    1
    3362    1
    3363    1
    3364    6
    3365    9
    3366   10
    3367   10
    3368   10
    3369    8
    3370   12
    3371   12
    3372   12
    3373   12
    3374   12
    3375   12
    3376   12
    3377   12
    3378   12
    3379   12
    3380   12
    3381   12
    3382   12
    3383   12
    3384    9
    3385   10
    3386   10
    3387   10
    3388   10
    3389   10
    3390   10
    3391   10
    3392   10
    3393   10
    3394   10
    3395   10
    3396   10
    3397   10
    3398   10
    3399   10
    3400   10
    3401    9
    3402   10
    3403   10
    3404   10
    3405   10
    3406   10
    3407   10
    3408   10
    3409   10
    3410   10
    3411   10
    3412   12
    3413   12
    3414   12
    3415    1
    3416    1
    3417    1
    3418    1
    3419    1
    3420    1
    3421    1
    3422    1
    3423    1
    3424    1
    3425    1
    3426    1
    3427    1
    3428    1
    3429    4
    3430    4
    3431    4
    3432    4
    3433    4
    3434    4
    3435    4
    3436    4
    3437    3
    3438    6
    3439    7
    3440   12
    3441   12
    3442   12
    3443   12
    3444   12
    3445    1
    3446    1
    3447    1
    3448    1
    3449    1
    3450    1
    3451    1
    3452    1
    3453    1
    3454    1
    3455    1
    3456    1
    3457    1
    3458    1
    3459    1
    3460    1
    3461    3
    3462    6
    3463    1
    3464    1
    3465    1
    3466    1
    3467    1
    3468    1
    3469    1
    3470    1
    3471    1
    3472    1
    3473    1
    3474    1
    3475    4
    3476    6
    3477   15
    3478   15
    3479   15
    3480   15
    3481    8
    3482   10
    3483    8
    3484    6
    3485    3
    3486    3
    3487    3
    3488    1
    3489    3
    3490    3
    3491    6
    3492    3
    3493    1
    3494    1
    3495    1
    3496    1
    3497    1
    3498    1
    3499    1
    3500    1
    3501    1
    3502    1
    3503    1
    3504    4
    3505    4
    3506    4
    3507    4
    3508    4
    3509    4
    3510    6
    3511   10
    3512   10
    3513   10
    3514   10
    3515   10
    3516   10
    3517   10
    3518   10
    3519   10
    3520   10
    3521   10
    3522   10
    3523   10
    3524   10
    3525   10
    3526   10
    3527   10
    3528    7
    3529   12
    3530    8
    3531   15
    3532   15
    3533   15
    3534   15
    3535   15
    3536    8
    3537    8
    3538   12
    3539   12
    3540   12
    3541   12
    3542   12
    3543   12
    3544   12
    3545   12
    3546   12
    3547   12
    3548   12
    3549   12
    3550    8
    3551   15
    3552    8
    3553   15
    3554   15
    3555   15
    3556    8
    3557    7
    3558    6
    3559    2
    3560    1
    3561    1
    3562    8
    3563   12
    3564   12
    3565   12
    3566   12
    3567   12
    3568    8
    3569   12
    3570   12
    3571   12
    3572   12
    3573   12
    3574   12
    3575   12
    3576    8
    3577    8
    3578   12
    3579    7
    3580    8
    3581    8
    3582    8
    3583   12
    3584   12
    3585   12
    3586   12
    3587    8
    3588    8
    3589    7
    3590   12
    3591   12
    3592   10
    3593   10
    3594   10
    3595   10
    3596   10
    3597   10
    3598   10
    3599   10
    3600   10
    3601   10
    3602   10
    3603   10
    3604   12
    3605   12
    3606   12
    3607   12
    3608   12
    3609   12
    3610   10
    3611   10
    3612   10
    3613   10
    3614   10
    3615   10
    3616   10
    3617   10
    3618   10
    3619   11
    3620   11
    3621   11
    3622   10
    3623   10
    3624   10
    3625   10
    3626   10
    3627   10
    3628   10
    3629   10
    3630    7
    3631   12
    3632   12
    3633   10
    3634   10
    3635   10
    3636   10
    3637   10
    3638   10
    3639   10
    3640   10
    3641   12
    3642   12
    3643   12
    3644   12
    3645   12
    3646   10
    3647   10
    3648   10
    3649   10
    3650   10
    3651   10
    3652   10
    3653   10
    3654   10
    3655   10
    3656   10
    3657   10
    3658   10
    3659   10
    3660   10
    3661   10
    3662   10
    3663   10
    3664   10
    3665   10
    3666   10
    3667   10
    3668   10
    3669   10
    3670   12
    3671   12
    3672   12
    3673    8
    3674    7
    3675    8
    3676    8
    3677   10
    3678   10
    3679   10
    3680   10
    3681   10
    3682   10
    3683   10
    3684   10
    3685   10
    3686   10
    3687   10
    3688   10
    3689   10
    3690   10
    3691   10
    3692   10
    3693   10
    3694   10
    3695   10
    3696   10
    3697   10
    3698   10
    3699   10
    3700   10
    3701   10
    3702    8
    3703   12
    3704    1
    3705    3
    3706    3
    3707    1
    3708    3
    3709    3
    3710    3
    3711    3
    3712    3
    3713    3
    3714    3
    3715    3
    3716    3
    3717    3
    3718    6
    3719    3
    3720    6
    3721    7
    3722    8
    3723   12
    3724    8
    3725   12
    3726    8
    3727   12
    3728   12
    3729    7
    3730    8
    3731   10
    3732   10
    3733    9
    3734    8
    3735   12
    3736   12
    3737    8
    3738    8
    3739    8
    3740    7
    3741    6
    3742    8
    3743   12
    3744   12
    3745   12
    3746   12
    3747    7
    3748    7
    3749   12
    3750    8
    3751    8
    3752    9
    3753    2
    3754    2
    3755    2
    3756    2
    3757    1
    3758    1
    3759    1
    3760    3
    3761    3
    3762    3
    3763    3
    3764    3
    3765    6
    3766    7
    3767    8
    3768    7
    3769    8
    3770    8
    3771   12
    3772    8
    3773    8
    3774    7
    3775    7
    3776    7
    3777   12
    3778    6
    3779    5
    3780    1
    3781    1
    3782    1
    3783    5
    3784    2
    3785    2
    3786    2
    3787    1
    3788    1
    3789    1
    3790    1
    3791    1
    3792    1
    3793    1
    3794    5
    3795    6
    3796   15
    3797   15
    3798   15
    3799   15
    3800    8
    3801    6
    3802   12
    3803   12
    3804   12
    3805    1
    3806    1
    3807    1
    3808    1
    3809    1
    3810    1
    3811    7
    3812    1
    3813   12
    3814   12
    3815   12
    3816    1
    3817    1
    3818    1
    3819    4
    3820    6
    3821   15
    3822   15
    3823   15
    3824   15
    3825   15
    3826   15
    3827   15
    3828   15
    3829   15
    3830   15
    3831   15
    3832   15
    3833   15
    3834    8
    3835    8
    3836   10
    3837   10
    3838   10
    3839   10
    3840   10
    3841   12
    3842    1
    3843    1
    3844    1
    3845    1
    3846    1
    3847    1
    3848    1
    3849    1
    3850    1
    3851    1
    3852    1
    3853    1
    3854    1
    3855    1
    3856    1
    3857    4
    3858    4
    3859    4
    3860    4
    3861    4
    3862    4
    3863    4
    3864    4
    3865    4
    3866    4
    3867    3
    3868    3
    3869    6
    3870    6
    3871    8
    3872    8
    3873    7
    3874    8
    3875    7
    3876    8
    3877   15
    3878   15
    3879   15
    3880   15
    3881   15
    3882   15
    3883   15
    3884   15
    3885   15
    3886   15
    3887   15
    3888   15
    3889   15
    3890    8
    3891    7
    3892   12
    3893   12
    3894   12
    3895   12
    3896    1
    3897    1
    3898    1
    3899    1
    3900    1
    3901    1
    3902    1
    3903    1
    3904    1
    3905    1
    3906    1
    3907    1
    3908    1
    3909    1
    3910    1
    3911    1
    3912    3
    3913    3
    3914    1
    3915    1
    3916    1
    3917    1
    3918    1
    3919    3
    3920    5
    3921    4
    3922    4
    3923    4
    3924    4
    3925    4
    3926    4
    3927    5
    3928    4
    3929    5
    3930    5
    3931    3
    3932    6
    3933    6
    3934    1
    3935   12
    3936   12
    3937   12
    3938   12
    3939    8
    3940   12
    3941   12
    3942    8
    3943    8
    3944    8
    3945    8
    3946    8
    3947    7
    3948    7
    3949   12
    3950    8
    3951   12
    3952   12
    3953    8
    3954   12
    3955    8
    3956   10
    3957   10
    3958   10
    3959   10
    3960   10
    3961   10
    3962   10
    3963   10
    3964   10
    3965   10
    3966   10
    3967   10
    3968   10
    3969   10
    3970   10
    3971   10
    3972   10
    3973   10
    3974   10
    3975   10
    3976   10
    3977   10
    3978   10
    3979   10
    3980   10
    3981   10
    3982   10
    3983   10
    3984   10
    3985   10
    3986   10
    3987   10
    3988   10
    3989   10
    3990   10
    3991    1
    3992    3
    3993    3
    3994    1
    3995    1
    3996    1
    3997    3
    3998    3
    3999    3
    4000    5
    4001    6
    4002    8
    4003   12
    4004   10
    4005   10
    4006   10
    4007   10
    4008   10
    4009   13
    4010   13
    4011   13
    4012   13
    4013   13
    4014   13
    4015   13
    4016   13
    4017   13
    4018   13
    4019   13
    4020   13
    4021   13
    4022   13
    4023   13
    4024   13
    4025   13
    4026   13
    4027   13
    4028   13
    4029   13
    4030   13
    4031   13
    4032   13
    4033   13
    4034   13
    4035   13
    4036   13
    4037   13
    4038   13
    4039   13
    4040   13
    4041   13
    4042   13
    4043   13
    4044   13
    4045   13
    4046   13
    4047   13
    4048   13
    4049   13
    4050   13
    4051   13
    4052   13
    4053   13
    4054   13
    4055   13
    4056   13
    4057   13
    4058   13
    4059   13
    4060   13
    4061   13
    4062   14
    4063   14
    4064   14
    4065   14
    4066   14
    4067   14
    4068   14
    4069   14
    4070   14
    4071   14
    4072   14
    4073   13
    4074   13
    4075   13
    4076   13
    4077   13
    4078   13
    4079   13
    4080   13
    4081   13
    4082   13
    4083   13
    4084   14
    4085   14
    4086   14
    4087   13
    4088   13
    4089   13
    4090   13
    4091   13
    4092   13
    4093   13
    4094   13
    4095   13
    4096   13
    4097   13
    4098   13
    4099   13
    4100   13
    4101   13
    4102   13
    4103   13
    4104   13
    4105   13
    4106   13
    4107   13
    4108   13
    4109   13
    4110   13
    4111   13
    4112   13
    4113   13
    4114   13
    4115   13
    4116   13
    4117   13
    4118   13
    4119   13
    4120   13
    4121   13
    4122   13
    4123   13
    4124   13
    4125   13
    4126   13
    4127   13
    4128   13
    4129   13
    4130   13
    4131   13
    4132   13
    4133   13
    4134   13
    4135   13
    4136   13
    4137   13
    4138   13
    4139   13
    4140   14
    4141   14
    4142   14
    4143   14
    4144   14
    4145   14
    4146   14
    4147   14
    4148   14
    4149   14
    4150   14
    4151   14
    4152   13
    4153   13
    4154   13
    4155   13
    4156   13
    4157   13
    4158   13
    4159   13
    4160   13
    4161   13
    4162   13
    4163   13
    4164   13
    4165   13
    4166   13
    4167   13
    4168   13
    4169   13
    4170   13
    4171   13
    4172   13
    4173   13
    4174   13
    4175   13
    4176   13
    4177   13
    4178   13
    4179   13
    4180   13
    4181   13
    4182   13
    4183   13
    4184   13
    4185   14
    4186   14
    4187   14
    4188   14
    4189   14
    4190   14
    4191   14
    4192   14
    4193   14
    4194   14
    4195   14
    4196   13
    4197   13
    4198   13
    4199   13
    4200   13
    4201   13
    4202   13
    4203   13
    4204   13
    4205   13
    4206   13
    4207   13
    4208   13
    4209   13
    4210   13
    4211   13
    4212   13
    4213   13
    4214   13
    4215   13
    4216   13
    4217   13
    4218   13
    4219   13
    4220   13
    4221   13
    4222   13
    4223   13
    4224   13
    4225   14
    4226   14
    4227   14
    4228   14
    4229   14
    4230   14
    4231   14
    4232   14
    4233   14
    4234   14
    4235   14
    4236   14
    4237   14
    4238   14
    4239   14
    4240   14
    4241   14
    4242   14
    4243   14
    4244   13
    4245   13
    4246   13
    4247   13
    4248   13
    4249   13
    4250   13
    4251   13
    4252   13
    4253   13
    4254   13
    4255   13
    4256   13
    4257   13
    4258   14
    4259   14
    4260   14
    4261   14
    4262   14
    4263   14
    4264   14
    4265   14
    4266   14
    4267   13
    4268   13
    4269   13
    4270   13
    4271   13
    4272   13
    4273   13
    4274   13
    4275   13
    4276   13
    4277   13
    4278   13
    4279   13
    4280   13
    4281   13
    4282   13
    4283   13
    4284   14
    4285   14
    4286   14
    4287   13
    4288   13
    4289   13
    4290   13
    4291   13
    4292   13
    4293   13
    4294   13
    4295   13
    4296   13
    4297   13
    4298   13
    4299   13
    4300   13
    4301   13
    4302   13
    4303   13
    4304   13
    4305   13
    4306   13
    4307   13
    4308   13
    4309   13
    4310   13
    4311   13
    4312   13
    4313   14
    4314   14
    4315   14
    4316   14
    4317   14
    4318   14
    4319   14
    4320   14
    4321   14
    4322   14
    4323   14
    4324   14
    4325   14
    4326   14
    4327   14
    4328   14
    4329   14
    4330   13
    4331   13
    4332   13
    4333   13
    4334   13
    4335   13
    4336   13
    4337   13
    4338   13
    4339   13
    4340   13
    4341   13
    4342   13
    4343   13
    4344   13
    4345   13
    4346   13
    4347   13
    4348   13
    4349   13
    4350   13
    4351   13
    4352   13
    4353   13
    4354   13
    4355   13
    4356   13
    4357   13
    4358   13
    4359   14
    4360   14
    4361   14
    4362   14
    4363   14
    4364   14
    4365   14
    4366   13
    4367   14
    4368   14
    4369   14
    4370   14
    4371   14
    4372   14
    4373   13
    4374   13
    4375   13
    4376   13
    4377   13
    4378   13
    4379   13
    4380   13
    4381   13
    4382   13
    4383   13
    4384   13
    4385   13
    4386   13
    4387   13
    4388   13
    4389   13
    4390   13
    4391   13
    4392   13
    4393   13
    4394   13
    4395   13
    4396   13
    4397   13
    4398   13
    4399   13
    4400   13
    4401   13
    4402   13
    4403   13
    4404   13
    4405   13
    4406   13
    4407   13
    4408   13
    4409   13
    4410   13
    4411    8
    4412   12
    4413    7
    4414   12
    4415   12
    4416   12
    4417   10
    4418   10
    4419   10
    4420   10
    4421   11
    4422   11
    4423   10
    4424   10
    4425   10
    4426    8
    4427    8
    4428   12
    4429   12
    4430   12
    4431    8
    4432    8
    4433    8
    4434   10
    4435   10
    4436   10
    4437   10
    4438   10
    4439   10
    4440   10
    4441   10
    4442   10
    4443   10
    4444   10
    4445   10
    4446   10
    4447   10
    4448   10
    4449   10
    4450   10
    4451   10
    4452   10
    4453   10
    4454    9
    4455    9
    4456   11
    4457   11
    4458   11
    4459   11
    4460   11
    4461   11
    4462   11
    4463   11
    4464   11
    4465   11
    4466   11
    4467   11
    4468   11
    4469   11
    4470   11
    4471   11
    4472    8
    4473    7
    4474    8
    4475   10
    4476   10
    4477   10
    4478   10
    4479    6
    4480    4
    4481    4
    4482    4
    4483    4
    4484    4
    4485    4
    4486    4
    4487    4
    4488    4
    4489    4
    4490    4
    4491    4
    4492    4
    4493    4
    4494    1
    4495   12
    4496   12
    4497   12
    4498   12
    4499   12
    4500   12
    4501   12
    4502   12
    4503   12
    4504    1
    4505    1
    4506    1
    4507    1
    4508    1
    4509    1
    4510    1
    4511    1
    4512    1
    4513    3
    4514    3
    4515    3
    4516    5
    4517    6
    4518   10
    4519   10
    4520   10
    4521   10
    4522   10
    4523   10
    4524   10
    4525   10
    4526   10
    4527   10
    4528   10
    4529   10
    4530   10
    4531   10
    4532   10
    4533   10
    4534   10
    4535   10
    4536   10
    4537    8
    4538    8
    4539   12
    4540   10
    4541   10
    4542   10
    4543   10
    4544    9
    4545   10
    4546   10
    4547   10
    4548   10
    4549   10
    4550   10
    4551   10
    4552   10
    4553   10
    4554   10
    4555   10
    4556   10
    4557   10
    4558   10
    4559    6
    4560    1
    4561    1
    4562    1
    4563    1
    4564   12
    4565   12
    4566   12
    4567   12
    4568   12
    4569   12
    4570   12
    4571   12
    4572   12
    4573   12
    4574   12
    4575   12
    4576   12
    4577   12
    4578    8
    4579   12
    4580   12
    4581   12
    4582   12
    4583   12
    4584   12
    4585   12
    4586   12
    4587   12
    4588   12
    4589   10
    4590   10
    4591   10
    4592   10
    4593   10
    4594   10
    4595   10
    4596   10
    4597   10
    4598   10
    4599    8
    4600   10
    4601   10
    4602   10
    4603   10
    4604   10
    4605   10
    4606    8
    4607    7
    4608   12
    4609   12
    4610   12
    4611    8
    4612   15
    4613   15
    4614   15
    4615   15
    4616   15
    4617    8
    4618   15
    4619   15
    4620   15
    4621   15
    4622   15
    4623   15
    4624    8
    4625    8
    4626    8
    4627    8
    4628    7
    4629    8
    4630    7
    4631    7
    4632    8
    4633    8
    4634    8
    4635   12
    4636   12
    4637   12
    4638    7
    4639    7
    4640    8
    4641   15
    4642   15
    4643   15
    4644   15
    4645   12
    4646    8
    4647    8
    4648   12
    4649   12
    4650   12
    4651   12
    4652   12
    4653    7
    4654    8
    4655    8
    4656    8
    4657    8
    4658    8
    4659    8
    4660    7
    4661    8
    4662    8
    4663   12
    4664   12
    4665   12
    4666    8
    4667   12
    4668   12
    4669   12
    4670   12
    4671    7
    4672    8
    4673    8
    4674   15
    4675   15
    4676   15
    4677    8
    4678   12
    4679    7
    4680    7
    4681    7
    4682    7
    4683    7
    4684    7
    4685   12
    4686   12
    4687    8
    4688   12
    4689    6
    4690    6
    4691    5
    4692   12
    4693   12
    4694   12
    4695   12
    4696    1
    4697    1
    4698    1
    4699    1
    4700    1
    4701    1
    4702    1
    4703    1
    4704    7
    4705   12
    4706   12
    4707   12
    4708   12
    4709   12
    4710    8
    4711    8
    4712   12
    4713   12
    4714    8
    4715   12
    4716   12
    4717   12
    4718   12
    4719   12
    4720   12
    4721   12
    4722   12
    4723   12
    4724   12
    4725   12
    4726   12
    4727   12
    4728   12
    4729    8
    4730    7
    4731   12
    4732   12
    4733   12
    4734   12
    4735   12
    4736   12
    4737   12
    4738   12
    4739   12
    4740   12
    4741   12
    4742   12
    4743   12
    4744   12
    4745   12
    4746   12
    4747   12
    4748    7
    4749    7
    4750   12
    4751   12
    4752   12
    4753    1
    4754    1
    4755    1
    4756    1
    4757    1
    4758    1
    4759    1
    4760    1
    4761    1
    4762    1
    4763    1
    4764    6
    4765   15
    4766   15
    4767   15
    4768   15
    4769   15
    4770   15
    4771   15
    4772    7
    4773    8
    4774   12
    4775   12
    4776   12
    4777   12
    4778   12
    4779   12
    4780    7
    4781   15
    4782   15
    4783   15
    4784   15
    4785   15
    4786   15
    4787   15
    4788    8
    4789   12
    4790    7
    4791   12
    4792    8
    4793   15
    4794   15
    4795   15
    4796   15
    4797   15
    4798   15
    4799   15
    4800    7
    4801   12
    4802   12
    4803   12
    4804   12
    4805   12
    4806   12
    4807   12
    4808   12
    4809   12
    4810   10
    4811   11
    4812   11
    4813   11
    4814   11
    4815   11
    4816   11
    4817   10
    4818   10
    4819   10
    4820   10
    4821   12
    4822    1
    4823    1
    4824    3
    4825    3
    4826    3
    4827    3
    4828    1
    4829    1
    4830    1
    4831    3
    4832    3
    4833    3
    4834    3
    4835    3
    4836    3
    4837    3
    4838    3
    4839    3
    4840    3
    4841    3
    4842    3
    4843    3
    4844    6
    4845   10
    4846   10
    4847   10
    4848   10
    4849   10
    4850   10
    4851   10
    4852   10
    4853   10
    4854   10
    4855   10
    4856   10
    4857   10
    4858   10
    4859   10
    4860   10
    4861   10
    4862    9
    4863   10
    4864   10
    4865   10
    4866   10
    4867   10
    4868   10
    4869   10
    4870   10
    4871    8
    4872   12
    4873   12
    4874   12
    4875   12
    4876    7
    4877   12
    4878    7
    4879    6
    4880    3
    4881    3
    4882    3
    4883    3
    4884    3
    4885    3
    4886    3
    4887    1
    4888    1
    4889    1
    4890   12
    4891   12
    4892   12
    4893   12
    4894   10
    4895   10
    4896   10
    4897   12
    4898   12
    4899    8
    4900   10
    4901   10
    4902   10
    4903   10
    4904   10
    4905   10
    4906   12
    4907   12
    4908    1
    4909    1
    4910    1
    4911    1
    4912    1
    4913    1
    4914    1
    4915   12
    4916   12
    4917    6
    4918    5
    4919    4
    4920   13
    4921   13
    4922   13
    4923   13
    4924   13
    4925   13
    4926   13
    4927   13
    4928   13
    4929   13
    4930   13
    4931   13
    4932   13
    4933   13
    4934   13
    4935   13
    4936   13
    4937   13
    4938   13
    4939   13
    4940   13
    4941   13
    4942   13
    4943   13
    4944   13
    4945   13
    4946   13
    4947   13
    4948   13
    4949   13
    4950   13
    4951   13
    4952   13
    4953    8
    4954    8
    4955   12
    4956   12
    4957   12
    4958   12
    4959   12
    4960   12
    4961   12
    4962   13
    4963   13
    4964   13
    4965   13
    4966   13
    4967   13
    4968   13
    4969   13
    4970   13
    4971   13
    4972   10
    4973   10
    4974   10
    4975   10
    4976   10
    4977   10
    4978   10
    4979   10
    4980   10
    4981   10
    4982   10
    4983   10
    4984   10
    4985   10
    4986   10
    4987   10
    4988   10
    4989   10
    4990   10
    4991   10
    4992   10
    4993   10
    4994   10
    4995   10
    4996   10
    4997   10
    4998   10
    4999   10
    5000   10
