       1    1
       2   12
       3   12
       4    1
       5   12
       6   12
       7   12
       8   11
       9   11
      10   11
      11   11
      12   11
      13   11
      14   11
      15   11
      16   11
      17   10
      18   10
      19   10
      20   10
      21   10
      22   10
      23   10
      24   10
      25   10
      26   10
      27   10
      28   10
      29   10
      30   10
      31   10
      32   10
      33   10
      34   10
      35   10
      36   10
      37   10
      38   10
      39   10
      40   10
      41   10
      42   10
      43   10
      44   10
      45   10
      46   10
      47   10
      48   10
      49   10
      50   10
      51   10
      52   10
      53   10
      54   10
      55   10
      56   10
      57   10
      58   10
      59   12
      60   12
      61   12
      62   12
      63   12
      64   12
      65   12
      66   12
      67   12
      68    1
      69    1
      70    1
      71    1
      72    1
      73    5
      74    1
      75    1
      76    1
      77    1
      78    1
      79    1
      80    1
      81    3
      82    3
      83    3
      84    5
      85    1
      86    5
      87    6
      88    6
      89    5
      90    3
      91    3
      92    3
      93    3
      94    3
      95    3
      96    3
      97    3
      98    3
      99    3
     100    3
     101    6
     102    3
     103    5
     104    6
     105    5
     106    3
     107    5
     108    5
     109    4
     110    4
     111    4
     112    3
     113    5
     114    5
     115    6
     116    3
     117    3
     118    5
     119    5
     120    6
     121    3
     122    3
     123    5
     124    3
     125    5
     126    5
     127    6
     128    6
     129    6
     130    8
     131   10
     132   10
     133   10
     134   10
     135   10
     136   10
     137   10
     138   10
     139   10
     140   10
     141   10
     142   10
     143   10
     144   10
     145   10
     146   10
     147   10
     148   10
     149   10
     150   13
     151   13
     152   13
     153   13
     154   13
     155   13
     156   13
     157   13
     158   13
     159   10
     160   10
     161   10
     162   10
     163   10
     164   10
     165   10
     166   10
     167   12
     168   12
     169   12
     170    6
     171    1
     172    1
     173    1
     174    1
     175    1
     176    1
     177    1
     178   12
     179   12
     180   12
     181   12
     182    6
     183    3
     184    2
     185    2
     186    2
     187    2
     188    2
     189    1
     190   12
     191   12
     192   12
     193   10
     194    9
     195   11
     196   11
     197   11
     198   10
     199   10
     200   10
     201   10
     202   10
     203   10
     204   10
     205   10
     206   10
     207   10
     208   10
     209   10
     210   10
     211   13
     212   13
     213   13
     214   13
     215   13
     216   13
     217   13
     218   13
     219   13
     220   13
     221   13
     222   13
     223   13
     224   13
     225   13
     226   13
     227   13
     228   13
     229   13
     230    8
     231   15
     232   13
     233   13
     234   13
     235   13
     236   13
     237   13
     238   13
     239   13
     240   13
     241   13
     242   13
     243   13
     244   13
     245   13
     246   13
     247   13
     248   13
     249   13
     250   13
     251   13
     252   13
     253   13
     254   13
     255   13
     256   13
     257   13
     258   13
     259   13
     260   13
     261   13
     262   13
     263   13
     264   13
     265   13
     266   13
     267   13
     268   13
     269   13
     270   13
     271   13
     272   13
     273   13
     274   13
     275   13
     276   13
     277   13
     278   13
     279   13
     280   13
     281   13
     282   13
     283   13
     284   13
     285   13
     286   13
     287   13
     288   13
     289   13
     290   13
     291   13
     292   13
     293   13
     294   13
     295   13
     296   13
     297   13
     298   13
     299   13
     300   13
     301   13
     302   13
     303   13
     304   13
     305   13
     306   13
     307   13
     308   13
     309   13
     310   13
     311   13
     312   13
     313   13
     314   13
     315   13
     316   13
     317   13
     318   13
     319   13
     320   13
     321   13
     322   13
     323   13
     324   13
     325   13
     326   13
     327   13
     328   13
     329   13
     330   13
     331   13
     332   13
     333   13
     334   13
     335   13
     336   13
     337   13
     338   13
     339   13
     340   13
     341   13
     342   13
     343   13
     344   13
     345   13
     346   13
     347   13
     348   13
     349   13
     350   13
     351   13
     352   13
     353   13
     354   13
     355   13
     356   13
     357   13
     358   13
     359   13
     360   13
     361   13
     362   13
     363   13
     364   13
     365   13
     366   13
     367   13
     368   13
     369   13
     370   13
     371   13
     372   13
     373   13
     374   13
     375   13
     376   13
     377   13
     378   13
     379   13
     380   13
     381   13
     382   13
     383   13
     384   13
     385   13
     386   13
     387   13
     388   13
     389   13
     390   13
     391   13
     392   13
     393   13
     394   13
     395   13
     396   13
     397   13
     398   13
     399   13
     400   13
     401   13
     402   13
     403   13
     404   13
     405   13
     406   13
     407   13
     408   13
     409   13
     410   13
     411   13
     412   13
     413   13
     414   13
     415   13
     416   13
     417   13
     418   13
     419   13
     420   13
     421   13
     422   13
     423   13
     424   13
     425   13
     426   13
     427   13
     428   13
     429   13
     430   13
     431   13
     432   13
     433   13
     434   12
     435   12
     436   12
     437    7
     438    8
     439    8
     440   12
     441   12
     442   12
     443   12
     444   12
     445    8
     446   12
     447    8
     448   12
     449   12
     450   12
     451   12
     452   12
     453   12
     454   12
     455   12
     456   12
     457    8
     458   12
     459   12
     460   12
     461   12
     462   12
     463   12
     464   12
     465   12
     466   12
     467   12
     468   13
     469   13
     470   13
     471   13
     472   13
     473   13
     474   13
     475   13
     476   13
     477   13
     478   13
     479   13
     480   13
     481   13
     482   13
     483   13
     484   13
     485   13
     486   13
     487   13
     488   13
     489   13
     490   13
     491   13
     492   13
     493   13
     494   13
     495   13
     496   13
     497   13
     498   13
     499   13
     500   13
     501   13
     502   13
     503   13
     504   13
     505   13
     506   13
     507   13
     508   13
     509   13
     510   13
     511   13
     512   13
     513   13
     514   13
     515   13
     516   13
     517   13
     518   13
     519   13
     520   13
     521   13
     522   13
     523   13
     524   13
     525   13
     526   13
     527   13
     528   13
     529   13
     530   13
     531   13
     532   13
     533   13
     534   13
     535   13
     536   13
     537   13
     538   13
     539   13
     540   13
     541   13
     542   13
     543   13
     544   13
     545   13
     546   13
     547   13
     548   13
     549   13
     550   13
     551   13
     552   13
     553   13
     554   13
     555   13
     556   13
     557   13
     558   13
     559   13
     560   13
     561   13
     562   13
     563   13
     564   13
     565   13
     566   13
     567   13
     568   13
     569   13
     570   13
     571   13
     572   13
     573   13
     574   13
     575   13
     576   13
     577   13
     578   13
     579   13
     580   13
     581   13
     582   13
     583   13
     584   13
     585   13
     586   13
     587   13
     588   13
     589   13
     590   13
     591   13
     592   13
     593   13
     594   13
     595   13
     596   13
     597   13
     598   13
     599   13
     600   13
     601   13
     602   13
     603   13
     604   13
     605   13
     606   13
     607   13
     608   13
     609   13
     610   13
     611   13
     612   13
     613   13
     614   13
     615   13
     616   13
     617   13
     618   13
     619   13
     620   13
     621   13
     622   13
     623   13
     624   13
     625   13
     626   13
     627   13
     628   13
     629   13
     630   13
     631   13
     632   13
     633   13
     634   13
     635   13
     636   13
     637   13
     638   13
     639   13
     640   13
     641   13
     642   13
     643   13
     644   13
     645   13
     646   13
     647   13
     648   13
     649   13
     650   13
     651   13
     652   13
     653   13
     654   13
     655   13
     656   13
     657   13
     658   13
     659   13
     660   13
     661   13
     662   13
     663   13
     664   13
     665   13
     666   13
     667   13
     668   13
     669   13
     670   13
     671   13
     672   13
     673   13
     674   13
     675   13
     676   13
     677   13
     678   13
     679   13
     680   13
     681   13
     682   13
     683   13
     684   13
     685   13
     686   13
     687   13
     688   13
     689   13
     690   13
     691   13
     692   13
     693   13
     694   13
     695   13
     696   13
     697   13
     698   13
     699   13
     700   13
     701   13
     702   13
     703   13
     704   13
     705   13
     706   13
     707   13
     708   13
     709   13
     710   13
     711   13
     712   13
     713   13
     714   13
     715   13
     716   13
     717   13
     718   13
     719   13
     720   13
     721   13
     722   13
     723   13
     724   13
     725   13
     726   13
     727   13
     728   13
     729   13
     730   13
     731   13
     732   13
     733   13
     734   13
     735   13
     736   13
     737   13
     738   13
     739   13
     740   13
     741   13
     742   13
     743   13
     744   13
     745   13
     746   13
     747   13
     748   13
     749   13
     750   13
     751   13
     752   13
     753   13
     754   13
     755   13
     756   13
     757   13
     758   13
     759   13
     760   13
     761   13
     762   13
     763   13
     764   13
     765   13
     766   13
     767   13
     768   13
     769   13
     770   13
     771   13
     772   13
     773   13
     774   13
     775   13
     776   13
     777   13
     778   13
     779   13
     780   13
     781   13
     782   13
     783   13
     784   13
     785   13
     786   13
     787   13
     788   13
     789   13
     790   13
     791   13
     792   13
     793   13
     794   13
     795   13
     796   13
     797   13
     798   13
     799   13
     800   13
     801   13
     802   13
     803   13
     804   13
     805   13
     806   13
     807   13
     808   13
     809   13
     810   13
     811   13
     812   13
     813   13
     814   13
     815   13
     816   13
     817   13
     818   13
     819   13
     820   13
     821   13
     822   13
     823   13
     824   13
     825   13
     826   13
     827   13
     828   13
     829   13
     830   13
     831   13
     832   13
     833   13
     834   13
     835   13
     836   13
     837   13
     838   13
     839   13
     840   13
     841   13
     842   13
     843   13
     844   13
     845   13
     846   13
     847   13
     848   13
     849   13
     850   13
     851   13
     852   13
     853   13
     854   13
     855   13
     856   13
     857   13
     858   13
     859   13
     860   13
     861   13
     862   13
     863   13
     864   13
     865   13
     866   13
     867   13
     868   13
     869   13
     870   13
     871   13
     872   13
     873   13
     874   13
     875   13
     876   13
     877   13
     878   13
     879   13
     880   13
     881   13
     882   13
     883   13
     884   13
     885   13
     886   13
     887   13
     888   13
     889   13
     890   13
     891   13
     892   13
     893   13
     894   13
     895   13
     896   13
     897   13
     898   13
     899   13
     900   13
     901   13
     902   13
     903   13
     904   13
     905   13
     906   13
     907   13
     908   13
     909   13
     910   13
     911   13
     912   13
     913   13
     914   13
     915   13
     916   13
     917   13
     918   13
     919   13
     920   13
     921   13
     922   13
     923   13
     924   13
     925   13
     926   13
     927   13
     928   13
     929   13
     930   13
     931   13
     932   13
     933   13
     934   13
     935   13
     936   13
     937   13
     938   13
     939   13
     940   13
     941   13
     942   13
     943   13
     944   13
     945   13
     946   13
     947   13
     948   13
     949   13
     950   13
     951   13
     952   13
     953   13
     954   13
     955   13
     956   13
     957   13
     958   13
     959   13
     960   13
     961   13
     962   13
     963   13
     964   13
     965   13
     966   13
     967   13
     968   13
     969   13
     970   13
     971   13
     972   13
     973   13
     974   13
     975   13
     976   13
     977   13
     978   13
     979   13
     980   13
     981   13
     982   13
     983   13
     984   13
     985   13
     986   13
     987   13
     988   13
     989   13
     990   13
     991   13
     992   13
     993   13
     994   13
     995   13
     996   13
     997   13
     998   13
     999   13
    1000   13
    1001   13
    1002   13
    1003   13
    1004   13
    1005   13
    1006   13
    1007   13
    1008   13
    1009   13
    1010   13
    1011   13
    1012   13
    1013   13
    1014   13
    1015   13
    1016   13
    1017   13
    1018   13
    1019   13
    1020   13
    1021   13
    1022   13
    1023   13
    1024   13
    1025   13
    1026   13
    1027   13
    1028   13
    1029   13
    1030   13
    1031   13
    1032   13
    1033   13
    1034   13
    1035   13
    1036   13
    1037   13
    1038   13
    1039   13
    1040   13
    1041   13
    1042   13
    1043   13
    1044   13
    1045   13
    1046   13
    1047   13
    1048   13
    1049   13
    1050   13
    1051   13
    1052   13
    1053   13
    1054   13
    1055   13
    1056   13
    1057   13
    1058   13
    1059   13
    1060   13
    1061   13
    1062   13
    1063   13
    1064   13
    1065   13
    1066   13
    1067   13
    1068   13
    1069   13
    1070   13
    1071   13
    1072   13
    1073   13
    1074   13
    1075   13
    1076   13
    1077   13
    1078   13
    1079   13
    1080   13
    1081   13
    1082   13
    1083   13
    1084   13
    1085   13
    1086   13
    1087   13
    1088   13
    1089   13
    1090   13
    1091   13
    1092   13
    1093   13
    1094   13
    1095   13
    1096   13
    1097   13
    1098   13
    1099   13
    1100   13
    1101   13
    1102   13
    1103   13
    1104   13
    1105   13
    1106   13
    1107   13
    1108   13
    1109   13
    1110   13
    1111   13
    1112   13
    1113   13
    1114   13
    1115   13
    1116   13
    1117   13
    1118   13
    1119   13
    1120   13
    1121   13
    1122   13
    1123   13
    1124   13
    1125   13
    1126   13
    1127   13
    1128   13
    1129   13
    1130   13
    1131   13
    1132   13
    1133   13
    1134   13
    1135   13
    1136   13
    1137   13
    1138   13
    1139   13
    1140   13
    1141   13
    1142   13
    1143   13
    1144   13
    1145   13
    1146   13
    1147   13
    1148   13
    1149   13
    1150   13
    1151   13
    1152   13
    1153   13
    1154   13
    1155   13
    1156   13
    1157   13
    1158   13
    1159   13
    1160   13
    1161   13
    1162   13
    1163   13
    1164   13
    1165   13
    1166   13
    1167   13
    1168   13
    1169   13
    1170   13
    1171   13
    1172   13
    1173   13
    1174   13
    1175   13
    1176   13
    1177   13
    1178   13
    1179   13
    1180   13
    1181   13
    1182   13
    1183   13
    1184   13
    1185   13
    1186   13
    1187   13
    1188   13
    1189   13
    1190   13
    1191   13
    1192   13
    1193   13
    1194   13
    1195   13
    1196   13
    1197   13
    1198   13
    1199   13
    1200   13
    1201   13
    1202   13
    1203   10
    1204   13
    1205   12
    1206   12
    1207   12
    1208   12
    1209   12
    1210   10
    1211   10
    1212   10
    1213   10
    1214   10
    1215   10
    1216   10
    1217   13
    1218   13
    1219   13
    1220   13
    1221   13
    1222   13
    1223   13
    1224   13
    1225   13
    1226   13
    1227   13
    1228   13
    1229   13
    1230   13
    1231   13
    1232   13
    1233   13
    1234   13
    1235   13
    1236   13
    1237   13
    1238   13
    1239   13
    1240   13
    1241   13
    1242   13
    1243   13
    1244   13
    1245   13
    1246   12
    1247    6
    1248    1
    1249    1
    1250    1
    1251    1
    1252    1
    1253    1
    1254    1
    1255    1
    1256    3
    1257    3
    1258    3
    1259    3
    1260    3
    1261    3
    1262    3
    1263    5
    1264    6
    1265   15
    1266   15
    1267   15
    1268   15
    1269   15
    1270   12
    1271   12
    1272   12
    1273   12
    1274   12
    1275   12
    1276   12
    1277   12
    1278   12
    1279   12
    1280   12
    1281   12
    1282   12
    1283   12
    1284   12
    1285   12
    1286    7
    1287   12
    1288   10
    1289   12
    1290   12
    1291   12
    1292   12
    1293   12
    1294   12
    1295   12
    1296   12
    1297   12
    1298   12
    1299   12
    1300   12
    1301   12
    1302   12
    1303   12
    1304   12
    1305   12
    1306   12
    1307    7
    1308   12
    1309   12
    1310    1
    1311    1
    1312    1
    1313    1
    1314    6
    1315    2
    1316    2
    1317    3
    1318    6
    1319    6
    1320    6
    1321    4
    1322    4
    1323    1
    1324   12
    1325   10
    1326   10
    1327   10
    1328   10
    1329   10
    1330   10
    1331   10
    1332   10
    1333   10
    1334   10
    1335   10
    1336   10
    1337   10
    1338   10
    1339   10
    1340   10
    1341   10
    1342   10
    1343   10
    1344   10
    1345   10
    1346   12
    1347    8
    1348    8
    1349   10
    1350   10
    1351   10
    1352   10
    1353   10
    1354   10
    1355   10
    1356   10
    1357   10
    1358   10
    1359   10
    1360   10
    1361   10
    1362   10
    1363   10
    1364   10
    1365   10
    1366   10
    1367   10
    1368   10
    1369   10
    1370   10
    1371   10
    1372   10
    1373   10
    1374   10
    1375   10
    1376   10
    1377   10
    1378   10
    1379   10
    1380   10
    1381   10
    1382   10
    1383   10
    1384   10
    1385   10
    1386   10
    1387   10
    1388   10
    1389   12
    1390   12
    1391    8
    1392   12
    1393   12
    1394   12
    1395   12
    1396   12
    1397   12
    1398   12
    1399   12
    1400   12
    1401   13
    1402   13
    1403   13
    1404   13
    1405   13
    1406   13
    1407   13
    1408   13
    1409   13
    1410   13
    1411   13
    1412   13
    1413   13
    1414   13
    1415   13
    1416   13
    1417   13
    1418   13
    1419   13
    1420   13
    1421   13
    1422   13
    1423   13
    1424   13
    1425   13
    1426   13
    1427   13
    1428   13
    1429   13
    1430   13
    1431   13
    1432   13
    1433   13
    1434   13
    1435   13
    1436   13
    1437   13
    1438   13
    1439   13
    1440   13
    1441   13
    1442   13
    1443   13
    1444   13
    1445   13
    1446   13
    1447   13
    1448   13
    1449   13
    1450   13
    1451   13
    1452   13
    1453   13
    1454   13
    1455   13
    1456   13
    1457   13
    1458   13
    1459   13
    1460   13
    1461   13
    1462   13
    1463   13
    1464   13
    1465   13
    1466   13
    1467   13
    1468   13
    1469   13
    1470   13
    1471   13
    1472   13
    1473   13
    1474   13
    1475   13
    1476   13
    1477   13
    1478   13
    1479   13
    1480   13
    1481   13
    1482   13
    1483   13
    1484   13
    1485   13
    1486   13
    1487   13
    1488   13
    1489   13
    1490   13
    1491   13
    1492   13
    1493   13
    1494   13
    1495   13
    1496   13
    1497   13
    1498   13
    1499   13
    1500   13
    1501   13
    1502   13
    1503   13
    1504   13
    1505   13
    1506   13
    1507   13
    1508   13
    1509   13
    1510   13
    1511   13
    1512   13
    1513   13
    1514   13
    1515   13
    1516   13
    1517   13
    1518   13
    1519   13
    1520   13
    1521   13
    1522   13
    1523   13
    1524   13
    1525   13
    1526   13
    1527   13
    1528   13
    1529   13
    1530   13
    1531   13
    1532   13
    1533   13
    1534   13
    1535   13
    1536   13
    1537   13
    1538   13
    1539   13
    1540   13
    1541   13
    1542   13
    1543   13
    1544   13
    1545   13
    1546   13
    1547   13
    1548   13
    1549   13
    1550   13
    1551   13
    1552   13
    1553   13
    1554   13
    1555   13
    1556   13
    1557   13
    1558   13
    1559   13
    1560   13
    1561   13
    1562   13
    1563   13
    1564   13
    1565   13
    1566   13
    1567   13
    1568   13
    1569   13
    1570   13
    1571   13
    1572   13
    1573   13
    1574   13
    1575   13
    1576   13
    1577   13
    1578   13
    1579   13
    1580   13
    1581   13
    1582   13
    1583   13
    1584   13
    1585   13
    1586   13
    1587   13
    1588   13
    1589   13
    1590   13
    1591   13
    1592   13
    1593   13
    1594   13
    1595   13
    1596   13
    1597   13
    1598   13
    1599   13
    1600   13
    1601   13
    1602   13
    1603   13
    1604   13
    1605   13
    1606   13
    1607   13
    1608   13
    1609   13
    1610   13
    1611   13
    1612   13
    1613   13
    1614   13
    1615   13
    1616   13
    1617   13
    1618   13
    1619   13
    1620   13
    1621   13
    1622   13
    1623   13
    1624   13
    1625   13
    1626   13
    1627   10
    1628   10
    1629   10
    1630   10
    1631   13
    1632   13
    1633   13
    1634   13
    1635   13
    1636   13
    1637   13
    1638   13
    1639   13
    1640   13
    1641   13
    1642   13
    1643   13
    1644   13
    1645   13
    1646   13
    1647   13
    1648   13
    1649   13
    1650   13
    1651   13
    1652   13
    1653   13
    1654   13
    1655   13
    1656   13
    1657   13
    1658   13
    1659   13
    1660   13
    1661   13
    1662   13
    1663   13
    1664   13
    1665   13
    1666   13
    1667   13
    1668   13
    1669   12
    1670    4
    1671    6
    1672   12
    1673   12
    1674   12
    1675   10
    1676   10
    1677   10
    1678   10
    1679   10
    1680   10
    1681   10
    1682   10
    1683    9
    1684    9
    1685   12
    1686   12
    1687   12
    1688   12
    1689   12
    1690   12
    1691   12
    1692   12
    1693   12
    1694   10
    1695   10
    1696   10
    1697   10
    1698   10
    1699   10
    1700   10
    1701   10
    1702   10
    1703   10
    1704   15
    1705   12
    1706    8
    1707   15
    1708   15
    1709   15
    1710    7
    1711    6
    1712    3
    1713    3
    1714    3
    1715    3
    1716    1
    1717    1
    1718    1
    1719    1
    1720    1
    1721    1
    1722    1
    1723    1
    1724    1
    1725    1
    1726    1
    1727    1
    1728    1
    1729   12
    1730   10
    1731   10
    1732   10
    1733   10
    1734   11
    1735   11
    1736   11
    1737   11
    1738   10
    1739   10
    1740   10
    1741   10
    1742   10
    1743   10
    1744   10
    1745   10
    1746   10
    1747   10
    1748    8
    1749   10
    1750   10
    1751   10
    1752   10
    1753   10
    1754   10
    1755   10
    1756   10
    1757   10
    1758   10
    1759   10
    1760   10
    1761   10
    1762   10
    1763   10
    1764   10
    1765   10
    1766   10
    1767   10
    1768   10
    1769   10
    1770   10
    1771   10
    1772   10
    1773   12
    1774   12
    1775    1
    1776    3
    1777    3
    1778    5
    1779    6
    1780    6
    1781    1
    1782    1
    1783    1
    1784    1
    1785    1
    1786    1
    1787    1
    1788    1
    1789    1
    1790    1
    1791    1
    1792    5
    1793    6
    1794    7
    1795   12
    1796   12
    1797   12
    1798   12
    1799   12
    1800   12
    1801   10
    1802   10
    1803   10
    1804   10
    1805   10
    1806   10
    1807   10
    1808   10
    1809   10
    1810   10
    1811   10
    1812   10
    1813   10
    1814   10
    1815   10
    1816   10
    1817   10
    1818   10
    1819   10
    1820   10
    1821   10
    1822   10
    1823   10
    1824   10
    1825   10
    1826   10
    1827   10
    1828   10
    1829   10
    1830   10
    1831   10
    1832   10
    1833   10
    1834   10
    1835   10
    1836   10
    1837   10
    1838   10
    1839   10
    1840   10
    1841   10
    1842   10
    1843   10
    1844   10
    1845   10
    1846   10
    1847   10
    1848   12
    1849   12
    1850    8
    1851   12
    1852   12
    1853   12
    1854   12
    1855   12
    1856   12
    1857   12
    1858   13
    1859   13
    1860   13
    1861   13
    1862   13
    1863   13
    1864   13
    1865   10
    1866   10
    1867   10
    1868   10
    1869   10
    1870   10
    1871   10
    1872   10
    1873   10
    1874   10
    1875   12
    1876   12
    1877   12
    1878   12
    1879   12
    1880   12
    1881   12
    1882   12
    1883   10
    1884   10
    1885   10
    1886   10
    1887   10
    1888   10
    1889   10
    1890   10
    1891   10
    1892   10
    1893   10
    1894   10
    1895   10
    1896   10
    1897   10
    1898   10
    1899   10
    1900   12
    1901   12
    1902   12
    1903   12
    1904   12
    1905   12
    1906   12
    1907   12
    1908   12
    1909   12
    1910   12
    1911   10
    1912    9
    1913   10
    1914   10
    1915   10
    1916   10
    1917   10
    1918   10
    1919   10
    1920   10
    1921   10
    1922   10
    1923   10
    1924   10
    1925    6
    1926   12
    1927   12
    1928   12
    1929   12
    1930   12
    1931    7
    1932   10
    1933   10
    1934   10
    1935   10
    1936   10
    1937   10
    1938   10
    1939   10
    1940   10
    1941   10
    1942   10
    1943   10
    1944   10
    1945   10
    1946   10
    1947   10
    1948   10
    1949   10
    1950   10
    1951   10
    1952    9
    1953   10
    1954   10
    1955   10
    1956   10
    1957   10
    1958   10
    1959   10
    1960   10
    1961   10
    1962   10
    1963   10
    1964   10
    1965   10
    1966   10
    1967   10
    1968   10
    1969   10
    1970   10
    1971   10
    1972   10
    1973   10
    1974   10
    1975   10
    1976   10
    1977   10
    1978   10
    1979   10
    1980   12
    1981   12
    1982   12
    1983   12
    1984   10
    1985   12
    1986   12
    1987   12
    1988   12
    1989   12
    1990    8
    1991    8
    1992   12
    1993   12
    1994   12
    1995   12
    1996   12
    1997    8
    1998   10
    1999   10
    2000    8
    2001   15
    2002   15
    2003   15
    2004    8
    2005    7
    2006   15
    2007   15
    2008   15
    2009   15
    2010   15
    2011   15
    2012    7
    2013   12
    2014   12
    2015    8
    2016    8
    2017    8
    2018    8
    2019   12
    2020   12
    2021    8
    2022    6
    2023    5
    2024    5
    2025    5
    2026    6
    2027    3
    2028    3
    2029    1
    2030    1
    2031    1
    2032    4
    2033    4
    2034    4
    2035    4
    2036    4
    2037    4
    2038    4
    2039    4
    2040    4
    2041    5
    2042    3
    2043    5
    2044    1
    2045    1
    2046    1
    2047    1
    2048    1
    2049    1
    2050    1
    2051    1
    2052    1
    2053    1
    2054    1
    2055    1
    2056    1
    2057    5
    2058    5
    2059    1
    2060    1
    2061    1
    2062    1
    2063    1
    2064    1
    2065    7
    2066    8
    2067    8
    2068    6
    2069    8
    2070    8
    2071    8
    2072    8
    2073   12
    2074   12
    2075    8
    2076    8
    2077    8
    2078    8
    2079    8
    2080    7
    2081    7
    2082    7
    2083    7
    2084    8
    2085    7
    2086   12
    2087   12
    2088   12
    2089   10
    2090   10
    2091   10
    2092   10
    2093   10
    2094   10
    2095   10
    2096   10
    2097   10
    2098    8
    2099   10
    2100   10
    2101   10
    2102   10
    2103   10
    2104    9
    2105   11
    2106    8
    2107   12
    2108   12
    2109   12
    2110    7
    2111   12
    2112   12
    2113   12
    2114   12
    2115   12
    2116   12
    2117    7
    2118   12
    2119   12
    2120   10
    2121   10
    2122   10
    2123   10
    2124   10
    2125   10
    2126   10
    2127   10
    2128   10
    2129   10
    2130   10
    2131   10
    2132   10
    2133   10
    2134   10
    2135   10
    2136   10
    2137   10
    2138    9
    2139   10
    2140   10
    2141   10
    2142   10
    2143   10
    2144   10
    2145    9
    2146    9
    2147   12
    2148   12
    2149    8
    2150   12
    2151   12
    2152   12
    2153   12
    2154   12
    2155    8
    2156   12
    2157   12
    2158   12
    2159   10
    2160   10
    2161   10
    2162   10
    2163   10
    2164   10
    2165   10
    2166   10
    2167   10
    2168   10
    2169   10
    2170   10
    2171   10
    2172   10
    2173   10
    2174   10
    2175   10
    2176   10
    2177   10
    2178   10
    2179   10
    2180   10
    2181   10
    2182   10
    2183   10
    2184   10
    2185    9
    2186   10
    2187   10
    2188   10
    2189   10
    2190   10
    2191   10
    2192   10
    2193   10
    2194   10
    2195   10
    2196   10
    2197   10
    2198   10
    2199    8
    2200    6
    2201    4
    2202    4
    2203    4
    2204    4
    2205    3
    2206    3
    2207    3
    2208    1
    2209    1
    2210    1
    2211    1
    2212    1
    2213    1
    2214    1
    2215    1
    2216    1
    2217    1
    2218    1
    2219   12
    2220   12
    2221   12
    2222   10
    2223   10
    2224   10
    2225   10
    2226   10
    2227   10
    2228   10
    2229    9
    2230    9
    2231   10
    2232   10
    2233   10
    2234   10
    2235   10
    2236   10
    2237   10
    2238   10
    2239   10
    2240   10
    2241   10
    2242   10
    2243   12
    2244   12
    2245   12
    2246   12
    2247   12
    2248   12
    2249   12
    2250   12
    2251   12
    2252   12
    2253    8
    2254   12
    2255   12
    2256   12
    2257   12
    2258   12
    2259   12
    2260   12
    2261   12
    2262   10
    2263   10
    2264   10
    2265   10
    2266   10
    2267   10
    2268   10
    2269   10
    2270   10
    2271   10
    2272    8
    2273    8
    2274   12
    2275   12
    2276    8
    2277    8
    2278    7
    2279    7
    2280    8
    2281    8
    2282    8
    2283    8
    2284    8
    2285    8
    2286   12
    2287   12
    2288   12
    2289   12
    2290   12
    2291   12
    2292   12
    2293   15
    2294   12
    2295   12
    2296   12
    2297   15
    2298   15
    2299   15
    2300   15
    2301   15
    2302   15
    2303   15
    2304   15
    2305   15
    2306   15
    2307   15
    2308   15
    2309    7
    2310   12
    2311   12
    2312    8
    2313    8
    2314   12
    2315   10
    2316   10
    2317   10
    2318   10
    2319   10
    2320   10
    2321   10
    2322   10
    2323   10
    2324   10
    2325   10
    2326   10
    2327   10
    2328   10
    2329   10
    2330   10
    2331   10
    2332   10
    2333    8
    2334    8
    2335   10
    2336   10
    2337   10
    2338   10
    2339   10
    2340   10
    2341   10
    2342   10
    2343   10
    2344   10
    2345   10
    2346   10
    2347   10
    2348   10
    2349   10
    2350   10
    2351   10
    2352   10
    2353   10
    2354   10
    2355   10
    2356   10
    2357   10
    2358   10
    2359   10
    2360   10
    2361   10
    2362   10
    2363   10
    2364   10
    2365   10
    2366   10
    2367   10
    2368   10
    2369   10
    2370   10
    2371   10
    2372   10
    2373    8
    2374    8
    2375   12
    2376   12
    2377   12
    2378   12
    2379   12
    2380   12
    2381   12
    2382   12
    2383   12
    2384    7
    2385    6
    2386    6
    2387    6
    2388    1
    2389    1
    2390    1
    2391    1
    2392    1
    2393    1
    2394    1
    2395    1
    2396   12
    2397   12
    2398   11
    2399   11
    2400   11
    2401   11
    2402   11
    2403   11
    2404   11
    2405   11
    2406   11
    2407   11
    2408   11
    2409   11
    2410   11
    2411   11
    2412   11
    2413   11
    2414   11
    2415   11
    2416   11
    2417   11
    2418   10
    2419   10
    2420   10
    2421   10
    2422   10
    2423   10
    2424   10
    2425   10
    2426   10
    2427   10
    2428   10
    2429   10
    2430   10
    2431   10
    2432   10
    2433   10
    2434   10
    2435   10
    2436   10
    2437   10
    2438   10
    2439   10
    2440   10
    2441   11
    2442   11
    2443   11
    2444    9
    2445   11
    2446   11
    2447   11
    2448   11
    2449   11
    2450   11
    2451   11
    2452   11
    2453   11
    2454   11
    2455   11
    2456   10
    2457   10
    2458   10
    2459   10
    2460   10
    2461   11
    2462   11
    2463   11
    2464   11
    2465   11
    2466   11
    2467   11
    2468   12
    2469   12
    2470   12
    2471   12
    2472   12
    2473   12
    2474   13
    2475   13
    2476   13
    2477   13
    2478   13
    2479   13
    2480   13
    2481   13
    2482   12
    2483   12
    2484   12
    2485   12
    2486   12
    2487   12
    2488   12
    2489   11
    2490   11
    2491   11
    2492   11
    2493   11
    2494   11
    2495   11
    2496   11
    2497   11
    2498   11
    2499   11
    2500   11
    2501   11
    2502   11
    2503   11
    2504   11
    2505   11
    2506   12
    2507   13
    2508   13
    2509   13
    2510   13
    2511   13
    2512   13
    2513   13
    2514   13
    2515   13
    2516   13
    2517   13
    2518   13
    2519   13
    2520   13
    2521   13
    2522   13
    2523   13
    2524   13
    2525   13
    2526   13
    2527   13
    2528   13
    2529   13
    2530   13
    2531   13
    2532   13
    2533   13
    2534   13
    2535   10
    2536   11
    2537   11
    2538   11
    2539   11
    2540   10
    2541   12
    2542   12
    2543   12
    2544   12
    2545   12
    2546   12
    2547   12
    2548   12
    2549   12
    2550   12
    2551   10
    2552   10
    2553   10
    2554   10
    2555   10
    2556   10
    2557   10
    2558   10
    2559   10
    2560   12
    2561   13
    2562   13
    2563   13
    2564   13
    2565   13
    2566   13
    2567   13
    2568   13
    2569   13
    2570   13
    2571   13
    2572   13
    2573   13
    2574   13
    2575   13
    2576   13
    2577   13
    2578   13
    2579   13
    2580   13
    2581   13
    2582   13
    2583   13
    2584   13
    2585   13
    2586   13
    2587   13
    2588   13
    2589   13
    2590   13
    2591   13
    2592   13
    2593   13
    2594   13
    2595   13
    2596   13
    2597   13
    2598   13
    2599   13
    2600   13
    2601   13
    2602   13
    2603   13
    2604   13
    2605   13
    2606   13
    2607   13
    2608   13
    2609   13
    2610   13
    2611   10
    2612   10
    2613   10
    2614   10
    2615   10
    2616   10
    2617   10
    2618   10
    2619   10
    2620   13
    2621   13
    2622   13
    2623   13
    2624   13
    2625   13
    2626   13
    2627   13
    2628   13
    2629   13
    2630   13
    2631   13
    2632   13
    2633   13
    2634   13
    2635   13
    2636   13
    2637   13
    2638   10
    2639   10
    2640   10
    2641   10
    2642   10
    2643   13
    2644   13
    2645   13
    2646   13
    2647   13
    2648   13
    2649   13
    2650   13
    2651   13
    2652   13
    2653   13
    2654   13
    2655   13
    2656   13
    2657   13
    2658   13
    2659   13
    2660   13
    2661   13
    2662   13
    2663   13
    2664   13
    2665   13
    2666   13
    2667   13
    2668   13
    2669   13
    2670   13
    2671   13
    2672   13
    2673   13
    2674   13
    2675   13
    2676   13
    2677   13
    2678   13
    2679   13
    2680   13
    2681   13
    2682   13
    2683   13
    2684   13
    2685   13
    2686   13
    2687   13
    2688   10
    2689   10
    2690   10
    2691   10
    2692   10
    2693   10
    2694   10
    2695   10
    2696   10
    2697   10
    2698   10
    2699   10
    2700   10
    2701   10
    2702   10
    2703   10
    2704   10
    2705   10
    2706   10
    2707   10
    2708   10
    2709   10
    2710   10
    2711   10
    2712    7
    2713    6
    2714    3
    2715    6
    2716    1
    2717    1
    2718    1
    2719    1
    2720    1
    2721    1
    2722    1
    2723    1
    2724    1
    2725    1
    2726    1
    2727    1
    2728    1
    2729    1
    2730    1
    2731    1
    2732   12
    2733   10
    2734   10
    2735   10
    2736   10
    2737   10
    2738   11
    2739   11
    2740   11
    2741   11
    2742   11
    2743   11
    2744   11
    2745   11
    2746   11
    2747   11
    2748   11
    2749   10
    2750   12
    2751   12
    2752    8
    2753   12
    2754   12
    2755   12
    2756   12
    2757   12
    2758   12
    2759    8
    2760   10
    2761   10
    2762   10
    2763   10
    2764   10
    2765   10
    2766   10
    2767   10
    2768   10
    2769   10
    2770   10
    2771   10
    2772   10
    2773   10
    2774   10
    2775   10
    2776    8
    2777   12
    2778   12
    2779   12
    2780   12
    2781   12
    2782   12
    2783   12
    2784    8
    2785    7
    2786   15
    2787   15
    2788    8
    2789    8
    2790    7
    2791    6
    2792    7
    2793   12
    2794   12
    2795   12
    2796   12
    2797   12
    2798   12
    2799   12
    2800   12
    2801    7
    2802   12
    2803   12
    2804   12
    2805   12
    2806   12
    2807   12
    2808   12
    2809   12
    2810   12
    2811   12
    2812   12
    2813   12
    2814   12
    2815   12
    2816   12
    2817    1
    2818    1
    2819    1
    2820    1
    2821    1
    2822    1
    2823    3
    2824    6
    2825   15
    2826   15
    2827   15
    2828   15
    2829   15
    2830   15
    2831   15
    2832   15
    2833    7
    2834    1
    2835    4
    2836    6
    2837    6
    2838   10
    2839   10
    2840   10
    2841   10
    2842   10
    2843   10
    2844   10
    2845   10
    2846   10
    2847   10
    2848   10
    2849   10
    2850   10
    2851   10
    2852    9
    2853   10
    2854   10
    2855   10
    2856   10
    2857   10
    2858   10
    2859   10
    2860   10
    2861   10
    2862   10
    2863   10
    2864   10
    2865   10
    2866   10
    2867   10
    2868   10
    2869   10
    2870   10
    2871   10
    2872   10
    2873   10
    2874   10
    2875   10
    2876   10
    2877   10
    2878   10
    2879   10
    2880   10
    2881   10
    2882   10
    2883   10
    2884   10
    2885   10
    2886   10
    2887   10
    2888   10
    2889   10
    2890   12
    2891   12
    2892   12
    2893   12
    2894    1
    2895    7
    2896    1
    2897    1
    2898    1
    2899    1
    2900    1
    2901    5
    2902    1
    2903    1
    2904    3
    2905    1
    2906    1
    2907    3
    2908    3
    2909    6
    2910    4
    2911    5
    2912    6
    2913    4
    2914    4
    2915    4
    2916    4
    2917    4
    2918    4
    2919    4
    2920    3
    2921    3
    2922    3
    2923    3
    2924    3
    2925    3
    2926    3
    2927    3
    2928    3
    2929    3
    2930    3
    2931    5
    2932    6
    2933    6
    2934    6
    2935    3
    2936    4
    2937    4
    2938    3
    2939    5
    2940    3
    2941    6
    2942    6
    2943    7
    2944    8
    2945    8
    2946   10
    2947   12
    2948    8
    2949   10
    2950   10
    2951   10
    2952   10
    2953   10
    2954   10
    2955   10
    2956   10
    2957   12
    2958   12
    2959    1
    2960    1
    2961    5
    2962    3
    2963    1
    2964    1
    2965    1
    2966    1
    2967    1
    2968    1
    2969    1
    2970    3
    2971    3
    2972    3
    2973    1
    2974    3
    2975    6
    2976    8
    2977   15
    2978   15
    2979   15
    2980    8
    2981    7
    2982    7
    2983   15
    2984   15
    2985   15
    2986   15
    2987   15
    2988    7
    2989    8
    2990    8
    2991   12
    2992   12
    2993   12
    2994    1
    2995    1
    2996    1
    2997    3
    2998    3
    2999    3
    3000    3
    3001    1
    3002    1
    3003    1
    3004    1
    3005    1
    3006    3
    3007    3
    3008    3
    3009    3
    3010    5
    3011    6
    3012    1
    3013    1
    3014    3
    3015    3
    3016    3
    3017    6
    3018    4
    3019    1
    3020    1
    3021    1
    3022    1
    3023    1
    3024    1
    3025    1
    3026   12
    3027   12
    3028    1
    3029   12
    3030   12
    3031   12
    3032   12
    3033   12
    3034   12
    3035   12
    3036   12
    3037   12
    3038   12
    3039   12
    3040   12
    3041   12
    3042   12
    3043   12
    3044   12
    3045   12
    3046   12
    3047   12
    3048    8
    3049   12
    3050   12
    3051   12
    3052   12
    3053   12
    3054   12
    3055   12
    3056   12
    3057    7
    3058   12
    3059   12
    3060   12
    3061   12
    3062   12
    3063   12
    3064   12
    3065   12
    3066   12
    3067   12
    3068   12
    3069   12
    3070   12
    3071   12
    3072   12
    3073   12
    3074    1
    3075    1
    3076    1
    3077    1
    3078    1
    3079    1
    3080    1
    3081    1
    3082    1
    3083    3
    3084    3
    3085    5
    3086    6
    3087    1
    3088   12
    3089   12
    3090   12
    3091   12
    3092   12
    3093    1
    3094    1
    3095    1
    3096    1
    3097    3
    3098    3
    3099    3
    3100    3
    3101    3
    3102    3
    3103    3
    3104    5
    3105    6
    3106    8
    3107    8
    3108   12
    3109   10
    3110   10
    3111   10
    3112   10
    3113   10
    3114   10
    3115   10
    3116   10
    3117   10
    3118   12
    3119   12
    3120   12
    3121    1
    3122    1
    3123    1
    3124    1
    3125    1
    3126    1
    3127    6
    3128    7
    3129   10
    3130   10
    3131   10
    3132   10
    3133   10
    3134   10
    3135   11
    3136   11
    3137   11
    3138   11
    3139   11
    3140   11
    3141   11
    3142   11
    3143   11
    3144   11
    3145    9
    3146   10
    3147   10
    3148   10
    3149   10
    3150   10
    3151   10
    3152   10
    3153    9
    3154   11
    3155   11
    3156   11
    3157   11
    3158   11
    3159   11
    3160   11
    3161   11
    3162   11
    3163   11
    3164    6
    3165    7
    3166    7
    3167    8
    3168    1
    3169    1
    3170    8
    3171    7
    3172    8
    3173   12
    3174    8
    3175    7
    3176    8
    3177   12
    3178   12
    3179    7
    3180   12
    3181   12
    3182   12
    3183   12
    3184    8
    3185   11
    3186   11
    3187   11
    3188   11
    3189    9
    3190   11
    3191   11
    3192   11
    3193   11
    3194   11
    3195   11
    3196   11
    3197   11
    3198   11
    3199   11
    3200   11
    3201   11
    3202   11
    3203   11
    3204   11
    3205   11
    3206   11
    3207   11
    3208   11
    3209   11
    3210   11
    3211   11
    3212   11
    3213   11
    3214   11
    3215   11
    3216   11
    3217   11
    3218   11
    3219   10
    3220   10
    3221   10
    3222   10
    3223   10
    3224   10
    3225   10
    3226   10
    3227   10
    3228   10
    3229   10
    3230   10
    3231   10
    3232   10
    3233   10
    3234   10
    3235   10
    3236   10
    3237   10
    3238   12
    3239   12
    3240   12
    3241    1
    3242    6
    3243    6
    3244    3
    3245    6
    3246    5
    3247    3
    3248    3
    3249    3
    3250    3
    3251    3
    3252    3
    3253    3
    3254    3
    3255    3
    3256    3
    3257    3
    3258    1
    3259    1
    3260    1
    3261    1
    3262    1
    3263    1
    3264    1
    3265    6
    3266   12
    3267    7
    3268    5
    3269    4
    3270    4
    3271    5
    3272    4
    3273    4
    3274    4
    3275    4
    3276    4
    3277    4
    3278    1
    3279    1
    3280    1
    3281    1
    3282    1
    3283   12
    3284   12
    3285    2
    3286    2
    3287    2
    3288   12
    3289   12
    3290   12
    3291   12
    3292   12
    3293   12
    3294   12
    3295   12
    3296   12
    3297   12
    3298   13
    3299   13
    3300   13
    3301   12
    3302   12
    3303   12
    3304   12
    3305   13
    3306   10
    3307   10
    3308   10
    3309   10
    3310   12
    3311   12
    3312    8
    3313    8
    3314    7
    3315   10
    3316   10
    3317   10
    3318   12
    3319   12
    3320   12
    3321   12
    3322   12
    3323   12
    3324   12
    3325   12
    3326   12
    3327   12
    3328   12
    3329   12
    3330   12
    3331   12
    3332   11
    3333   11
    3334   11
    3335   11
    3336   11
    3337   11
    3338   11
    3339   11
    3340   11
    3341   11
    3342   11
    3343   11
    3344   11
    3345    8
    3346   12
    3347   12
    3348   12
    3349   12
    3350   12
    3351   12
    3352   12
    3353   10
    3354   10
    3355   10
    3356   12
    3357   12
    3358    6
    3359   12
    3360   12
    3361   12
    3362   12
    3363   12
    3364   12
    3365   12
    3366   12
    3367   12
    3368    8
    3369    7
    3370   12
    3371   12
    3372    8
    3373   12
    3374    7
    3375    8
    3376   12
    3377   12
    3378   12
    3379    8
    3380    7
    3381    8
    3382   12
    3383    7
    3384    8
    3385    6
    3386    5
    3387    5
    3388    3
    3389   12
    3390   12
    3391   12
    3392   12
    3393   12
    3394    8
    3395   15
    3396   15
    3397   15
    3398   15
    3399   15
    3400    7
    3401   12
    3402   12
    3403   12
    3404    6
    3405    3
    3406    3
    3407    5
    3408    5
    3409    1
    3410    1
    3411    1
    3412    7
    3413    8
    3414   12
    3415   12
    3416   12
    3417   12
    3418    7
    3419    6
    3420    1
    3421    1
    3422   12
    3423   12
    3424   12
    3425   12
    3426   12
    3427    6
    3428    4
    3429    5
    3430    3
    3431    3
    3432    3
    3433    3
    3434    3
    3435    3
    3436    3
    3437    3
    3438    3
    3439    1
    3440    3
    3441    3
    3442    1
    3443    1
    3444    1
    3445   12
    3446   12
    3447   12
    3448    9
    3449   12
    3450   12
    3451   12
    3452   12
    3453   10
    3454   10
    3455   10
    3456   10
    3457   10
    3458   10
    3459   10
    3460   10
    3461   10
    3462   10
    3463    9
    3464   11
    3465   11
    3466   11
    3467   11
    3468   11
    3469   11
    3470   11
    3471   11
    3472   11
    3473   11
    3474   11
    3475   11
    3476   11
    3477   11
    3478   11
    3479   11
    3480   11
    3481   11
    3482   11
    3483   11
    3484   11
    3485   11
    3486    9
    3487   10
    3488   10
    3489   10
    3490   10
    3491   10
    3492   10
    3493   10
    3494    8
    3495   10
    3496   10
    3497    6
    3498    4
    3499    4
    3500   12
    3501   12
    3502   12
    3503   12
    3504   12
    3505   12
    3506    8
    3507   12
    3508   12
    3509   12
    3510   12
    3511    1
    3512    1
    3513    1
    3514   12
    3515   12
    3516   12
    3517   12
    3518   12
    3519   12
    3520   12
    3521   12
    3522   12
    3523   12
    3524   12
    3525    8
    3526    8
    3527   12
    3528    8
    3529    8
    3530   12
    3531   12
    3532   12
    3533   12
    3534   12
    3535   12
    3536    8
    3537    8
    3538   12
    3539    8
    3540    8
    3541    8
    3542   12
    3543   12
    3544   12
    3545   12
    3546   12
    3547   12
    3548   12
    3549   12
    3550   12
    3551   12
    3552   12
    3553    7
    3554   12
    3555   12
    3556    2
    3557    2
    3558    2
    3559   12
    3560   12
    3561   12
    3562    6
    3563   12
    3564    1
    3565    1
    3566    1
    3567    1
    3568    1
    3569    1
    3570    1
    3571    1
    3572    1
    3573    1
    3574    1
    3575    1
    3576    1
    3577    1
    3578    1
    3579    1
    3580   12
    3581   12
    3582    1
    3583   12
    3584   12
    3585   12
    3586   12
    3587   12
    3588   12
    3589   12
    3590   12
    3591   12
    3592   12
    3593   12
    3594   12
    3595   12
    3596   12
    3597   12
    3598   12
    3599    1
    3600    1
    3601    1
    3602   12
    3603   12
    3604   12
    3605    4
    3606    4
    3607    4
    3608    4
    3609    4
    3610    4
    3611    4
    3612    4
    3613    4
    3614    4
    3615    6
    3616    7
    3617   12
    3618   12
    3619   10
    3620   10
    3621   10
    3622   10
    3623   10
    3624   10
    3625   10
    3626   10
    3627   10
    3628   10
    3629   10
    3630   12
    3631   12
    3632   12
    3633   12
    3634    7
    3635    8
    3636   12
    3637    6
    3638   12
    3639    7
    3640   12
    3641    1
    3642    1
    3643    1
    3644    6
    3645    6
    3646    1
    3647    1
    3648    1
    3649    1
    3650    3
    3651    3
    3652    3
    3653    6
    3654    6
    3655    6
    3656   10
    3657   10
    3658   10
    3659   10
    3660   10
    3661   10
    3662   10
    3663    9
    3664   11
    3665   11
    3666   11
    3667   11
    3668   11
    3669   11
    3670   11
    3671   11
    3672   11
    3673   11
    3674   11
    3675   11
    3676   11
    3677   11
    3678   11
    3679   10
    3680   10
    3681   10
    3682   10
    3683   10
    3684   10
    3685   10
    3686   10
    3687   10
    3688   10
    3689   10
    3690   10
    3691   10
    3692   10
    3693   10
    3694   10
    3695   10
    3696   10
    3697   10
    3698   10
    3699   10
    3700   10
    3701   10
    3702   10
    3703   10
    3704   10
    3705   10
    3706   10
    3707   10
    3708   10
    3709   10
    3710   10
    3711   10
    3712   10
    3713   10
    3714   10
    3715   10
    3716   10
    3717   10
    3718   10
    3719    8
    3720   12
    3721   12
    3722   12
    3723    8
    3724   12
    3725   12
    3726   12
    3727    6
    3728    3
    3729    3
    3730    3
    3731    3
    3732    1
    3733    1
    3734    1
    3735    1
    3736    1
    3737    1
    3738    1
    3739    1
    3740    1
    3741    1
    3742    1
    3743    1
    3744    1
    3745    1
    3746    1
    3747    1
    3748    1
    3749    1
    3750    1
    3751    1
    3752    1
    3753    1
    3754    1
    3755    1
    3756   12
    3757    8
    3758   12
    3759   12
    3760   10
    3761   10
    3762   10
    3763   10
    3764   10
    3765   10
    3766   10
    3767   10
    3768   10
    3769   10
    3770   10
    3771   10
    3772   10
    3773   10
    3774   10
    3775   10
    3776   10
    3777   10
    3778   10
    3779   10
    3780   10
    3781   10
    3782   11
    3783   11
    3784   11
    3785   11
    3786   11
    3787   11
    3788   11
    3789   11
    3790   10
    3791   11
    3792   11
    3793   10
    3794   10
    3795   10
    3796   10
    3797   10
    3798   10
    3799   10
    3800   10
    3801   12
    3802   12
    3803    7
    3804    1
    3805    1
    3806    1
    3807   12
    3808   12
    3809   12
    3810   12
    3811   12
    3812   12
    3813   10
    3814   10
    3815   12
    3816   12
    3817   12
    3818   12
    3819   12
    3820    8
    3821    8
    3822   12
    3823   12
    3824   12
    3825   12
    3826   12
    3827    8
    3828    8
    3829    6
    3830    1
    3831    3
    3832    3
    3833    3
    3834    3
    3835    6
    3836    6
    3837    7
    3838    8
    3839   12
    3840   12
    3841   10
    3842    7
    3843   12
    3844   12
    3845   12
    3846   12
    3847   12
    3848   12
    3849   12
    3850   12
    3851   10
    3852   10
    3853   10
    3854   10
    3855   10
    3856   10
    3857   10
    3858   10
    3859   12
    3860   12
    3861   12
    3862   12
    3863   12
    3864   12
    3865    9
    3866   10
    3867    8
    3868    8
    3869   10
    3870   10
    3871   10
    3872   10
    3873   10
    3874   11
    3875   11
    3876    9
    3877   10
    3878   10
    3879   10
    3880   12
    3881    1
    3882    1
    3883    6
    3884   12
    3885   12
    3886   12
    3887   12
    3888    7
    3889    8
    3890   15
    3891   15
    3892   15
    3893   15
    3894   14
    3895   14
    3896   14
    3897   14
    3898   14
    3899   14
    3900   14
    3901   14
    3902   14
    3903   14
    3904   14
    3905    2
    3906    3
    3907    5
    3908    6
    3909   14
    3910   14
    3911   14
    3912   14
    3913   14
    3914   14
    3915   14
    3916   14
    3917   14
    3918   14
    3919   14
    3920   14
    3921    3
    3922    3
    3923    6
    3924    8
    3925   12
    3926   12
    3927   12
    3928   12
    3929   12
    3930   12
    3931    1
    3932    1
    3933    1
    3934    1
    3935    1
    3936   12
    3937    6
    3938    8
    3939   12
    3940   12
    3941    1
    3942    1
    3943    1
    3944    3
    3945    3
    3946    3
    3947    4
    3948    4
    3949    4
    3950    4
    3951    3
    3952    5
    3953    3
    3954    5
    3955    6
    3956   12
    3957   12
    3958   11
    3959   11
    3960    9
    3961   10
    3962   10
    3963   10
    3964   10
    3965   10
    3966   10
    3967   10
    3968   10
    3969   10
    3970   10
    3971   10
    3972   10
    3973   10
    3974   10
    3975   10
    3976   12
    3977   12
    3978   12
    3979   12
    3980   12
    3981   12
    3982   12
    3983   12
    3984   12
    3985   12
    3986   12
    3987   12
    3988   12
    3989   12
    3990   12
    3991    2
    3992    2
    3993   12
    3994   12
    3995   12
    3996    9
    3997   11
    3998    8
    3999    6
    4000    6
    4001    8
    4002   12
    4003   12
    4004    8
    4005   12
    4006    7
    4007    8
    4008    1
    4009    1
    4010    1
    4011   12
    4012   12
    4013   12
    4014   12
    4015    1
    4016    1
    4017    1
    4018   12
    4019   12
    4020   12
    4021   12
    4022   12
    4023   12
    4024   12
    4025    8
    4026   12
    4027   12
    4028   12
    4029    9
    4030   10
    4031   10
    4032   12
    4033   12
    4034    7
    4035    7
    4036   12
    4037   12
    4038   12
    4039   12
    4040   12
    4041   12
    4042   12
    4043   12
    4044   12
    4045   12
    4046    8
    4047   12
    4048   12
    4049   12
    4050   12
    4051   12
    4052    6
    4053    6
    4054    5
    4055    3
    4056    5
    4057    3
    4058    3
    4059    3
    4060    3
    4061    2
    4062    2
    4063    2
    4064    2
    4065    2
    4066    2
    4067    1
    4068    1
    4069    1
    4070    1
    4071    1
    4072    5
    4073    1
    4074    1
    4075    1
    4076    1
    4077    3
    4078    6
    4079    6
    4080    3
    4081    3
    4082    1
    4083    1
    4084    1
    4085    1
    4086    1
    4087    1
    4088    1
    4089    1
    4090    1
    4091    6
    4092    8
    4093    8
    4094    8
    4095   12
    4096   10
    4097   10
    4098   11
    4099   11
    4100    9
    4101   11
    4102   11
    4103   11
    4104   11
    4105   11
    4106   11
    4107   11
    4108   11
    4109   11
    4110   11
    4111   11
    4112   11
    4113    9
    4114   10
    4115   10
    4116   10
    4117   10
    4118    9
    4119   10
    4120   10
    4121   10
    4122   10
    4123   10
    4124   10
    4125   10
    4126   10
    4127   10
    4128   10
    4129   10
    4130   12
    4131   12
    4132   12
    4133   12
    4134    1
    4135    1
    4136    6
    4137    6
    4138    5
    4139    6
    4140    6
    4141    6
    4142   12
    4143    7
    4144    6
    4145    7
    4146    8
    4147    8
    4148    6
    4149    6
    4150    6
    4151    5
    4152    3
    4153    3
    4154    3
    4155    3
    4156    1
    4157   12
    4158   12
    4159    7
    4160    8
    4161    6
    4162    5
    4163    6
    4164    5
    4165    3
    4166    3
    4167    3
    4168    1
    4169    1
    4170    1
    4171    1
    4172    1
    4173    1
    4174    1
    4175    3
    4176    6
    4177    1
    4178    1
    4179    1
    4180    1
    4181    1
    4182    1
    4183    1
    4184    3
    4185    3
    4186    3
    4187    5
    4188    6
    4189    6
    4190    6
    4191    7
    4192   12
    4193    8
    4194   12
    4195    1
    4196    1
    4197    6
    4198    8
    4199    2
    4200    6
    4201    8
    4202    7
    4203    6
    4204    8
    4205    8
    4206    8
    4207    8
    4208    8
    4209    8
    4210    8
    4211    8
    4212    8
    4213    8
    4214    7
    4215    8
    4216    8
    4217    8
    4218    8
    4219    8
    4220    7
    4221    8
    4222   15
    4223   15
    4224   15
    4225   15
    4226    7
    4227    7
    4228    8
    4229   12
    4230   12
    4231   12
    4232   12
    4233   12
    4234    7
    4235    8
    4236   12
    4237   12
    4238    7
    4239    8
    4240    8
    4241   12
    4242   12
    4243   12
    4244   12
    4245   12
    4246   12
    4247   12
    4248   12
    4249   12
    4250   12
    4251   12
    4252    8
    4253    8
    4254   12
    4255   12
    4256   12
    4257   12
    4258   12
    4259   12
    4260    8
    4261   12
    4262   12
    4263   12
    4264   12
    4265   12
    4266   12
    4267    7
    4268   12
    4269    8
    4270   10
    4271   10
    4272   11
    4273   11
    4274   11
    4275   11
    4276   11
    4277   11
    4278   11
    4279    8
    4280   10
    4281   10
    4282   10
    4283   10
    4284   10
    4285   10
    4286   10
    4287   10
    4288   10
    4289   10
    4290   10
    4291   11
    4292   11
    4293   11
    4294   11
    4295   11
    4296   11
    4297   11
    4298   11
    4299    1
    4300    1
    4301    1
    4302    1
    4303    1
    4304    1
    4305    1
    4306    1
    4307    1
    4308    1
    4309    1
    4310    5
    4311    6
    4312   12
    4313    7
    4314    6
    4315    4
    4316    1
    4317    1
    4318    5
    4319    6
    4320    1
    4321    1
    4322    7
    4323    8
    4324    8
    4325    7
    4326    7
    4327   12
    4328   12
    4329    7
    4330    8
    4331    8
    4332    8
    4333    8
    4334    8
    4335    8
    4336    8
    4337    8
    4338    7
    4339    8
    4340    8
    4341    8
    4342   12
    4343   12
    4344   12
    4345   12
    4346    8
    4347    7
    4348   12
    4349   12
    4350   12
    4351   12
    4352    8
    4353    8
    4354    8
    4355    8
    4356    8
    4357    8
    4358    8
    4359   12
    4360   12
    4361    8
    4362    8
    4363    8
    4364    7
    4365    8
    4366    7
    4367    6
    4368    8
    4369    8
    4370    8
    4371    7
    4372    8
    4373    6
    4374    5
    4375    5
    4376    3
    4377    3
    4378    3
    4379    3
    4380    3
    4381    1
    4382    1
    4383   12
    4384    8
    4385    8
    4386   10
    4387   10
    4388   10
    4389    9
    4390   10
    4391   10
    4392   10
    4393   12
    4394   12
    4395    2
    4396    6
    4397    5
    4398    1
    4399    1
    4400   12
    4401   12
    4402   12
    4403   12
    4404    8
    4405    9
    4406   10
    4407   10
    4408   10
    4409   10
    4410   10
    4411    8
    4412    8
    4413    8
    4414   10
    4415   10
    4416   10
    4417   10
    4418   10
    4419   10
    4420   10
    4421   10
    4422   10
    4423   10
    4424   10
    4425   10
    4426   10
    4427   10
    4428   10
    4429   10
    4430   10
    4431   10
    4432   10
    4433   10
    4434   10
    4435   10
    4436   10
    4437   10
    4438   13
    4439   13
    4440   13
    4441   13
    4442   13
    4443   13
    4444   13
    4445   13
    4446   13
    4447   13
    4448   13
    4449   13
    4450   13
    4451   13
    4452   13
    4453   13
    4454   13
    4455   13
    4456   13
    4457   13
    4458   13
    4459   13
    4460   13
    4461   13
    4462   13
    4463   13
    4464   13
    4465   13
    4466   13
    4467   13
    4468   13
    4469   13
    4470   13
    4471   13
    4472   13
    4473   13
    4474   13
    4475   13
    4476   13
    4477   13
    4478   13
    4479   13
    4480   13
    4481   13
    4482   13
    4483   13
    4484   13
    4485   13
    4486   13
    4487   13
    4488   13
    4489   13
    4490   13
    4491   13
    4492   13
    4493   13
    4494   13
    4495   13
    4496   13
    4497   13
    4498   13
    4499   10
    4500   10
    4501   10
    4502   10
    4503   10
    4504   10
    4505   10
    4506   10
    4507   10
    4508   10
    4509   12
    4510   12
    4511   12
    4512   12
    4513   12
    4514   12
    4515    4
    4516    6
    4517    9
    4518   10
    4519   10
    4520   10
    4521   10
    4522   10
    4523   10
    4524   10
    4525   10
    4526   10
    4527   10
    4528   10
    4529   10
    4530   10
    4531   10
    4532   10
    4533    6
    4534    3
    4535    3
    4536    1
    4537    1
    4538   12
    4539   12
    4540   12
    4541   12
    4542   12
    4543   12
    4544   12
    4545    1
    4546    1
    4547    1
    4548    1
    4549    1
    4550    1
    4551    1
    4552    1
    4553    1
    4554    1
    4555    1
    4556    1
    4557    3
    4558    3
    4559    3
    4560    3
    4561    3
    4562    3
    4563    3
    4564    3
    4565    3
    4566    6
    4567    4
    4568    4
    4569    6
    4570    5
    4571    5
    4572    6
    4573    1
    4574    1
    4575   12
    4576   12
    4577    8
    4578   12
    4579   12
    4580   12
    4581   12
    4582   12
    4583   12
    4584   12
    4585   12
    4586   12
    4587   12
    4588   12
    4589   12
    4590   12
    4591   12
    4592   12
    4593   12
    4594    7
    4595    8
    4596   12
    4597   12
    4598   12
    4599   12
    4600    1
    4601    1
    4602    1
    4603   12
    4604   12
    4605   12
    4606   12
    4607   12
    4608    8
    4609    1
    4610    1
    4611    1
    4612    1
    4613    3
    4614    3
    4615    3
    4616    3
    4617    3
    4618    3
    4619    3
    4620    3
    4621    3
    4622    5
    4623    6
    4624   15
    4625   15
    4626   15
    4627   15
    4628   15
    4629   15
    4630   15
    4631   15
    4632   15
    4633    8
    4634    8
    4635    8
    4636    8
    4637    7
    4638    6
    4639    3
    4640    3
    4641    1
    4642    1
    4643   12
    4644   10
    4645   10
    4646   10
    4647    9
    4648   10
    4649   10
    4650   10
    4651   10
    4652   10
    4653   12
    4654   12
    4655   12
    4656   12
    4657    7
    4658   12
    4659   12
    4660   12
    4661   12
    4662   12
    4663   12
    4664   10
    4665   10
    4666   10
    4667   10
    4668   10
    4669   10
    4670   10
    4671   10
    4672    7
    4673   12
    4674   12
    4675   12
    4676   12
    4677   12
    4678   12
    4679   12
    4680   12
    4681   13
    4682   13
    4683   13
    4684   13
    4685   13
    4686   13
    4687   13
    4688   13
    4689   13
    4690   13
    4691   13
    4692   13
    4693   13
    4694   13
    4695   13
    4696   13
    4697   13
    4698   13
    4699   13
    4700   13
    4701   13
    4702   13
    4703   13
    4704   13
    4705   13
    4706   14
    4707   14
    4708   14
    4709   14
    4710   14
    4711   14
    4712   14
    4713   14
    4714   14
    4715   14
    4716   14
    4717   14
    4718   14
    4719   14
    4720   14
    4721   13
    4722   13
    4723   13
    4724   13
    4725   13
    4726   13
    4727   13
    4728   13
    4729   13
    4730   13
    4731   13
    4732   13
    4733   13
    4734   13
    4735   13
    4736   13
    4737   13
    4738   13
    4739   14
    4740   14
    4741   14
    4742   13
    4743   13
    4744   13
    4745   13
    4746   13
    4747   13
    4748   13
    4749   13
    4750   13
    4751   13
    4752   13
    4753   13
    4754   13
    4755   13
    4756   13
    4757   13
    4758   13
    4759   13
    4760   13
    4761   13
    4762   13
    4763   13
    4764   13
    4765   13
    4766   13
    4767   13
    4768   13
    4769   13
    4770   13
    4771   13
    4772   13
    4773   13
    4774   13
    4775   13
    4776   13
    4777   13
    4778   13
    4779   13
    4780   13
    4781   13
    4782   13
    4783   13
    4784   13
    4785   13
    4786   13
    4787   13
    4788   13
    4789   13
    4790   13
    4791   13
    4792   13
    4793   13
    4794   13
    4795   13
    4796   13
    4797   13
    4798   13
    4799   13
    4800   13
    4801   13
    4802   13
    4803   13
    4804   13
    4805   13
    4806   13
    4807   13
    4808   13
    4809   13
    4810   13
    4811   13
    4812   13
    4813   10
    4814   10
    4815   15
    4816   15
    4817   15
    4818   15
    4819   15
    4820   15
    4821   15
    4822   15
    4823    8
    4824    8
    4825    7
    4826    7
    4827    8
    4828   12
    4829   12
    4830    3
    4831    5
    4832    6
    4833    1
    4834    1
    4835   12
    4836   10
    4837   10
    4838   10
    4839   10
    4840   10
    4841    8
    4842    7
    4843   12
    4844    8
    4845    8
    4846   12
    4847    1
    4848    5
    4849    6
    4850   15
    4851   15
    4852   15
    4853   15
    4854   15
    4855   15
    4856   15
    4857   15
    4858   15
    4859    6
    4860    1
    4861    1
    4862    1
    4863    1
    4864    1
    4865    1
    4866    7
    4867    8
    4868   10
    4869   10
    4870   10
    4871   10
    4872   13
    4873   13
    4874   13
    4875   13
    4876   13
    4877   13
    4878   13
    4879   13
    4880   13
    4881   13
    4882   13
    4883   13
    4884   13
    4885   13
    4886   13
    4887   13
    4888   13
    4889   13
    4890   13
    4891   13
    4892   13
    4893   13
    4894   13
    4895   13
    4896   13
    4897   13
    4898   13
    4899   13
    4900   13
    4901   13
    4902   13
    4903   13
    4904   13
    4905   13
    4906   13
    4907   13
    4908   13
    4909   13
    4910   13
    4911   15
    4912   15
    4913   15
    4914   15
    4915   15
    4916   15
    4917   15
    4918   15
    4919    8
    4920    7
    4921    8
    4922    8
    4923   15
    4924   15
    4925   15
    4926   15
    4927   15
    4928   15
    4929   15
    4930   15
    4931    7
    4932   15
    4933   15
    4934   15
    4935   15
    4936   15
    4937   15
    4938   13
    4939   13
    4940   13
    4941   13
    4942   13
    4943   13
    4944   13
    4945   13
    4946   13
    4947   13
    4948   13
    4949   13
    4950   13
    4951   13
    4952   13
    4953   13
    4954   13
    4955   13
    4956   13
    4957   13
    4958   14
    4959   14
    4960   14
    4961   14
    4962   14
    4963   14
    4964   14
    4965   14
    4966   14
    4967   14
    4968   14
    4969   14
    4970   14
    4971   14
    4972   14
    4973   14
    4974   14
    4975   14
    4976   13
    4977   13
    4978   13
    4979   13
    4980   14
    4981   14
    4982   14
    4983   14
    4984   14
    4985   14
    4986   13
    4987   13
    4988   13
    4989   13
    4990   13
    4991   13
    4992   13
    4993   13
    4994   13
    4995   13
    4996   13
    4997    8
    4998   13
    4999   13
    5000   13
