       1   15
       2   15
       3   15
       4   15
       5   15
       6   15
       7   15
       8   13
       9   13
      10   13
      11   13
      12   13
      13   13
      14   13
      15   13
      16   13
      17   13
      18   13
      19   13
      20   13
      21   13
      22   13
      23   13
      24   13
      25   13
      26   13
      27   13
      28   13
      29   13
      30   13
      31   13
      32   13
      33   13
      34   13
      35   13
      36   13
      37   13
      38   13
      39   13
      40   13
      41   13
      42   13
      43   13
      44   13
      45   13
      46   13
      47   13
      48   13
      49   13
      50   10
      51   10
      52   10
      53   10
      54   12
      55   12
      56    7
      57   12
      58   12
      59   13
      60   13
      61   13
      62   13
      63   13
      64   13
      65   13
      66   13
      67   13
      68   13
      69   13
      70   13
      71   13
      72   13
      73   13
      74   13
      75   13
      76   13
      77   13
      78   13
      79   13
      80   13
      81   13
      82   13
      83   13
      84   13
      85   13
      86   13
      87   13
      88   13
      89   13
      90   13
      91   13
      92   13
      93   10
      94   10
      95   10
      96   10
      97   10
      98   10
      99   10
     100   10
     101   10
     102   10
     103   10
     104   11
     105   11
     106   11
     107   11
     108   11
     109   11
     110   11
     111   11
     112   11
     113   11
     114   11
     115   11
     116   11
     117   11
     118   11
     119   11
     120   11
     121    6
     122    5
     123    5
     124    6
     125    8
     126    7
     127    8
     128    8
     129    1
     130    1
     131    5
     132    1
     133    5
     134    6
     135    8
     136    6
     137    2
     138   11
     139   11
     140   11
     141   11
     142   11
     143   11
     144   11
     145   11
     146   11
     147   11
     148   11
     149   11
     150   11
     151   11
     152   11
     153   11
     154   11
     155   11
     156   11
     157   11
     158   11
     159   11
     160   11
     161   11
     162   11
     163   11
     164   11
     165   11
     166   11
     167    7
     168   12
     169   10
     170   12
     171    8
     172    8
     173   12
     174   11
     175   11
     176   11
     177   11
     178   11
     179    2
     180    2
     181    3
     182    3
     183    6
     184    3
     185    6
     186    7
     187    8
     188   11
     189   11
     190   11
     191   11
     192   11
     193   11
     194   11
     195   11
     196   11
     197   11
     198   11
     199   11
     200   11
     201   11
     202   11
     203   11
     204    8
     205   12
     206    8
     207    8
     208    8
     209    7
     210    7
     211    7
     212   12
     213    1
     214    1
     215    1
     216    1
     217    1
     218    3
     219    5
     220    6
     221    5
     222    6
     223    5
     224    5
     225    6
     226    6
     227    5
     228   12
     229   12
     230    8
     231    7
     232    7
     233    1
     234    1
     235    1
     236    3
     237    3
     238    3
     239    6
     240    3
     241    3
     242    3
     243    1
     244    1
     245   12
     246   12
     247   12
     248   12
     249   11
     250   11
     251   11
     252   12
     253    9
     254   11
     255    9
     256   11
     257   11
     258   11
     259   11
     260   11
     261    8
     262   12
     263   11
     264   11
     265   11
     266   11
     267   11
     268   11
     269    9
     270   11
     271   11
     272   11
     273   11
     274   11
     275   11
     276   11
     277   11
     278   11
     279   11
     280   11
     281   11
     282   11
     283   11
     284   11
     285   11
     286   11
     287   11
     288   11
     289    9
     290   11
     291   11
     292   11
     293   11
     294   11
     295   11
     296   11
     297   11
     298   11
     299   11
     300   12
     301   12
     302    8
     303    7
     304    6
     305   12
     306   12
     307   12
     308   12
     309    1
     310    1
     311    6
     312    6
     313    6
     314    5
     315    5
     316    6
     317    6
     318    8
     319    8
     320    6
     321    6
     322    7
     323    8
     324    8
     325    7
     326    7
     327    6
     328    1
     329    5
     330    5
     331    6
     332    1
     333    1
     334    1
     335    5
     336    5
     337    6
     338    7
     339   12
     340   12
     341   12
     342    8
     343    7
     344    8
     345    7
     346    6
     347    6
     348    6
     349    8
     350   12
     351   12
     352   12
     353   12
     354   12
     355    8
     356    7
     357    8
     358    7
     359    8
     360    8
     361    8
     362    8
     363    8
     364    8
     365   12
     366   12
     367   12
     368   12
     369    8
     370   15
     371   15
     372    8
     373    8
     374    7
     375    8
     376   12
     377   12
     378    6
     379    3
     380    3
     381    1
     382    1
     383    1
     384   12
     385   12
     386   11
     387    9
     388   11
     389   11
     390   11
     391   10
     392   10
     393   10
     394   10
     395   10
     396   10
     397   10
     398   10
     399   10
     400   10
     401   10
     402   10
     403   10
     404   10
     405   10
     406   10
     407   10
     408   10
     409   10
     410   10
     411   10
     412   10
     413   10
     414   10
     415   10
     416   10
     417   10
     418   10
     419   10
     420    9
     421    6
     422   12
     423   12
     424   12
     425   12
     426   12
     427    8
     428   12
     429   12
     430   12
     431    8
     432    7
     433    7
     434   12
     435   12
     436   12
     437    8
     438    8
     439    8
     440    8
     441    8
     442    8
     443    8
     444   12
     445    7
     446    7
     447    7
     448    8
     449   12
     450   12
     451    7
     452    8
     453    7
     454    7
     455    8
     456    8
     457    1
     458    1
     459    1
     460    1
     461    5
     462    6
     463    8
     464    6
     465    5
     466    5
     467    5
     468    6
     469    1
     470    1
     471    6
     472    5
     473    6
     474    5
     475    6
     476    6
     477    6
     478    1
     479    1
     480    1
     481    3
     482    6
     483    5
     484    6
     485   12
     486    6
     487    6
     488    6
     489    6
     490    8
     491    1
     492    1
     493    1
     494    6
     495    5
     496    5
     497    3
     498    6
     499    6
     500    1
     501    1
     502    1
     503    3
     504    6
     505    6
     506    3
     507    6
     508    3
     509    1
     510    6
     511    6
     512    2
     513    2
     514    6
     515    8
     516   12
     517    1
     518    1
     519    6
     520    5
     521    6
     522    1
     523    5
     524    6
     525    6
     526    5
     527    4
     528    5
     529    6
     530    5
     531    6
     532    8
     533   11
     534    9
     535   11
     536   11
     537   11
     538    9
     539   10
     540   10
     541   10
     542   11
     543   11
     544   11
     545   11
     546   11
     547   11
     548   11
     549   11
     550   11
     551   11
     552   11
     553   11
     554   11
     555   11
     556   11
     557   11
     558   11
     559   10
     560   10
     561   10
     562   10
     563   10
     564   10
     565   10
     566   10
     567   10
     568   10
     569   10
     570   10
     571   13
     572   13
     573   13
     574   13
     575   13
     576   13
     577   13
     578   13
     579   13
     580   13
     581   13
     582   13
     583   13
     584   13
     585   13
     586   13
     587   13
     588   13
     589   13
     590   13
     591   13
     592   13
     593   13
     594   13
     595   13
     596   13
     597   13
     598   13
     599   13
     600   13
     601   13
     602   13
     603   12
     604   12
     605   12
     606   12
     607   12
     608   12
     609   12
     610   12
     611   12
     612   12
     613   12
     614   10
     615   12
     616   12
     617   12
     618   12
     619   12
     620   12
     621   12
     622   12
     623   10
     624   10
     625   10
     626   10
     627   10
     628   10
     629   10
     630   10
     631   10
     632   10
     633   10
     634   10
     635   10
     636   10
     637   10
     638   10
     639   10
     640   10
     641   10
     642   10
     643   10
     644   10
     645   10
     646   10
     647   10
     648   12
     649    8
     650   12
     651    8
     652   15
     653   15
     654    7
     655    8
     656    7
     657    8
     658   12
     659    7
     660    7
     661   15
     662   15
     663   15
     664   15
     665   15
     666    7
     667    7
     668    7
     669    8
     670   12
     671   12
     672   12
     673   12
     674    8
     675   12
     676    7
     677    8
     678    8
     679    1
     680    1
     681    1
     682    1
     683    1
     684    1
     685    3
     686    3
     687    6
     688    8
     689    6
     690    6
     691    5
     692    3
     693    3
     694    3
     695    3
     696    3
     697    3
     698    4
     699    4
     700    4
     701    4
     702    6
     703    3
     704    1
     705    1
     706    5
     707    6
     708   12
     709    8
     710   12
     711   12
     712   12
     713   12
     714    7
     715    8
     716    6
     717    1
     718    1
     719    1
     720   12
     721    6
     722    3
     723    3
     724    3
     725    3
     726    3
     727    5
     728    5
     729    3
     730    5
     731    6
     732    3
     733    1
     734    1
     735   12
     736    7
     737    7
     738    8
     739   12
     740    8
     741    6
     742    5
     743    1
     744    1
     745    1
     746   12
     747    8
     748    6
     749    5
     750    6
     751    3
     752    2
     753    2
     754    2
     755    2
     756    2
     757    2
     758    2
     759    2
     760    2
     761    2
     762    2
     763    2
     764    2
     765    9
     766    2
     767    2
     768    2
     769    2
     770    2
     771    2
     772    2
     773    2
     774    2
     775    2
     776    2
     777    2
     778    2
     779    2
     780    2
     781    2
     782    5
     783    3
     784    3
     785    3
     786    6
     787    4
     788    4
     789    6
     790    6
     791    5
     792    3
     793    1
     794    6
     795    6
     796    1
     797    1
     798    6
     799    6
     800    6
     801    6
     802    6
     803    6
     804    5
     805    1
     806    1
     807    6
     808    5
     809    1
     810    6
     811   12
     812   12
     813    7
     814    6
     815    5
     816    6
     817    6
     818    5
     819    7
     820    8
     821    7
     822    7
     823   12
     824    6
     825    6
     826    1
     827    1
     828    7
     829   11
     830   11
     831   11
     832   11
     833   11
     834   11
     835   11
     836   11
     837   11
     838   11
     839   11
     840   11
     841   11
     842   11
     843    9
     844   11
     845   11
     846   12
     847   12
     848    7
     849   10
     850   10
     851   10
     852   10
     853    6
     854    8
     855   11
     856   11
     857   11
     858   11
     859   11
     860   11
     861   11
     862   11
     863   11
     864   11
     865   11
     866   11
     867    9
     868   11
     869   11
     870   11
     871   11
     872   11
     873   11
     874   11
     875   11
     876   11
     877   11
     878   11
     879    9
     880   11
     881   11
     882   11
     883   11
     884    8
     885    7
     886    8
     887   11
     888   11
     889   11
     890   11
     891    9
     892   10
     893    8
     894   12
     895    8
     896   11
     897   11
     898    9
     899   12
     900   12
     901    8
     902    7
     903   12
     904    7
     905    5
     906    5
     907    3
     908    5
     909    6
     910   12
     911   12
     912   12
     913    5
     914    6
     915    6
     916   12
     917   12
     918    1
     919    5
     920    1
     921    1
     922    6
     923    7
     924    5
     925    3
     926    5
     927    6
     928    5
     929    6
     930    7
     931    7
     932    5
     933    1
     934    1
     935    1
     936    6
     937    6
     938    7
     939    1
     940    8
     941   15
     942   15
     943   15
     944   15
     945    8
     946   12
     947    7
     948   12
     949   12
     950   12
     951    7
     952    7
     953    7
     954   12
     955   12
     956    6
     957    1
     958    7
     959    6
     960    1
     961    6
     962    5
     963   12
     964   12
     965    8
     966    8
     967    8
     968    1
     969    5
     970    6
     971   12
     972    6
     973    3
     974    1
     975    5
     976    6
     977    6
     978    5
     979    1
     980    6
     981   12
     982   12
     983    7
     984    8
     985   15
     986   15
     987    6
     988    7
     989    6
     990    5
     991    1
     992    1
     993    1
     994    1
     995    1
     996    8
     997    8
     998    7
     999   12
    1000   12
    1001   12
    1002   12
    1003   12
    1004   12
    1005    6
    1006    5
    1007    1
    1008    5
    1009    1
    1010    1
    1011    1
    1012    1
    1013    1
    1014   12
    1015    8
    1016    6
    1017    3
    1018   12
    1019    8
    1020    6
    1021    5
    1022    1
    1023    1
    1024    7
    1025    8
    1026    7
    1027    7
    1028   12
    1029    7
    1030    6
    1031    5
    1032    1
    1033    1
    1034    1
    1035    1
    1036    6
    1037    6
    1038    6
    1039    6
    1040    5
    1041    5
    1042    5
    1043    5
    1044    6
    1045    5
    1046    1
    1047    6
    1048    6
    1049    6
    1050    7
    1051    6
    1052    6
    1053    6
    1054    6
    1055    6
    1056   12
    1057    8
    1058    6
    1059    1
    1060    1
    1061    7
    1062    7
    1063    7
    1064    7
    1065    7
    1066    8
    1067    6
    1068    6
    1069    5
    1070    1
    1071    5
    1072    1
    1073    1
    1074    1
    1075    5
    1076    6
    1077    3
    1078    1
    1079    1
    1080    6
    1081    6
    1082    1
    1083    6
    1084    6
    1085    5
    1086    6
    1087   15
    1088   15
    1089   15
    1090   15
    1091    8
    1092    7
    1093   12
    1094   12
    1095    7
    1096    6
    1097    6
    1098    8
    1099    8
    1100   10
    1101   10
    1102   10
    1103   10
    1104   10
    1105   12
    1106   12
    1107   12
    1108    1
    1109    6
    1110   12
    1111   11
    1112   11
    1113   11
    1114   11
    1115   11
    1116    8
    1117    7
    1118   12
    1119   15
    1120   12
    1121   12
    1122   12
    1123    8
    1124    6
    1125    6
    1126    5
    1127    5
    1128    7
    1129   12
    1130    1
    1131    6
    1132    5
    1133    6
    1134    7
    1135    7
    1136    8
    1137    6
    1138   12
    1139    7
    1140    8
    1141    7
    1142   12
    1143   12
    1144    8
    1145    6
    1146    5
    1147    1
    1148    1
    1149    1
    1150    1
    1151    1
    1152    1
    1153    6
    1154    6
    1155    8
    1156    7
    1157    7
    1158    7
    1159   12
    1160   12
    1161   12
    1162    7
    1163    6
    1164    5
    1165    1
    1166    3
    1167    6
    1168    3
    1169    6
    1170    5
    1171    4
    1172   12
    1173   12
    1174   12
    1175    4
    1176    4
    1177    4
    1178    4
    1179   12
    1180   12
    1181   12
    1182   12
    1183   12
    1184   12
    1185   12
    1186   12
    1187   12
    1188   12
    1189   12
    1190   12
    1191    5
    1192    1
    1193    1
    1194    1
    1195    1
    1196    1
    1197    1
    1198    1
    1199    1
    1200    1
    1201    1
    1202    1
    1203    1
    1204    7
    1205    6
    1206    5
    1207    6
    1208    2
    1209    2
    1210    5
    1211    6
    1212   12
    1213   12
    1214   12
    1215    7
    1216    7
    1217   12
    1218    8
    1219    7
    1220    8
    1221    1
    1222    6
    1223    7
    1224   12
    1225    2
    1226    3
    1227    6
    1228    7
    1229    8
    1230    9
    1231   11
    1232   11
    1233   11
    1234   11
    1235   11
    1236   11
    1237    8
    1238   12
    1239   12
    1240    1
    1241    6
    1242   10
    1243   10
    1244   10
    1245    8
    1246    7
    1247    2
    1248   12
    1249    6
    1250    1
    1251    1
    1252    1
    1253    1
    1254    1
    1255    6
    1256    1
    1257   12
    1258   12
    1259   12
    1260   12
    1261    1
    1262    6
    1263   12
    1264   12
    1265    8
    1266   12
    1267    7
    1268    8
    1269    8
    1270   12
    1271    8
    1272    6
    1273    1
    1274    1
    1275    1
    1276    6
    1277    5
    1278    5
    1279    3
    1280    3
    1281    6
    1282    3
    1283    3
    1284    5
    1285    3
    1286    3
    1287    3
    1288    6
    1289    7
    1290    1
    1291    1
    1292    1
    1293    6
    1294    1
    1295    1
    1296    1
    1297    1
    1298    6
    1299    7
    1300   12
    1301    8
    1302    7
    1303   12
    1304   12
    1305   12
    1306   12
    1307   12
    1308   12
    1309   12
    1310   12
    1311   12
    1312   12
    1313   12
    1314   12
    1315   12
    1316   12
    1317   12
    1318   12
    1319   12
    1320    7
    1321    6
    1322    6
    1323    1
    1324    6
    1325    2
    1326   12
    1327    7
    1328    8
    1329    8
    1330    7
    1331    7
    1332    8
    1333   12
    1334    8
    1335    8
    1336    8
    1337    6
    1338   12
    1339    6
    1340    6
    1341   12
    1342   12
    1343    7
    1344    5
    1345    7
    1346    8
    1347    8
    1348   12
    1349    8
    1350    8
    1351    8
    1352   12
    1353   12
    1354    7
    1355   12
    1356   12
    1357   12
    1358   10
    1359   10
    1360   10
    1361   10
    1362    8
    1363   12
    1364    7
    1365   12
    1366   12
    1367   12
    1368    8
    1369    7
    1370   12
    1371    8
    1372    8
    1373    8
    1374    8
    1375   12
    1376    8
    1377    6
    1378    3
    1379    3
    1380    3
    1381    3
    1382    3
    1383    3
    1384    4
    1385    4
    1386    3
    1387    5
    1388    3
    1389    3
    1390    1
    1391    1
    1392    1
    1393    1
    1394    1
    1395    1
    1396    1
    1397    1
    1398    1
    1399    1
    1400    1
    1401    6
    1402    3
    1403    3
    1404    5
    1405    8
    1406    6
    1407    5
    1408    6
    1409    6
    1410    2
    1411    6
    1412    1
    1413    1
    1414   12
    1415    7
    1416    7
    1417    6
    1418   12
    1419   12
    1420   12
    1421   12
    1422    8
    1423    6
    1424    6
    1425    8
    1426    1
    1427    6
    1428    6
    1429    7
    1430    8
    1431    6
    1432    5
    1433    6
    1434    7
    1435    8
    1436    8
    1437    7
    1438    8
    1439    6
    1440    5
    1441    5
    1442    6
    1443   12
    1444   12
    1445   12
    1446    6
    1447    7
    1448    8
    1449    8
    1450    6
    1451    1
    1452    1
    1453    1
    1454    6
    1455    7
    1456   12
    1457   12
    1458   12
    1459    8
    1460   12
    1461    8
    1462    8
    1463   12
    1464   12
    1465   12
    1466    8
    1467    8
    1468    7
    1469    7
    1470    6
    1471    1
    1472    8
    1473    7
    1474    6
    1475    5
    1476    5
    1477    7
    1478   12
    1479    6
    1480   12
    1481   12
    1482   12
    1483    9
    1484   10
    1485   10
    1486   10
    1487   10
    1488   10
    1489   10
    1490   10
    1491   10
    1492    9
    1493   11
    1494   11
    1495   11
    1496   11
    1497   10
    1498   10
    1499   10
    1500   10
    1501   11
    1502   11
    1503   11
    1504   11
    1505   11
    1506   11
    1507   11
    1508   11
    1509   11
    1510    8
    1511    7
    1512   12
    1513   12
    1514    6
    1515   10
    1516   10
    1517   10
    1518    9
    1519   10
    1520   10
    1521   10
    1522   10
    1523    9
    1524   10
    1525   10
    1526   10
    1527   10
    1528   10
    1529    8
    1530    7
    1531    8
    1532   12
    1533    8
    1534   10
    1535   10
    1536   10
    1537   10
    1538   10
    1539   10
    1540   10
    1541   10
    1542   10
    1543   10
    1544    9
    1545   10
    1546   10
    1547   10
    1548   10
    1549   11
    1550   11
    1551   11
    1552    7
    1553   12
    1554    7
    1555    7
    1556   12
    1557   12
    1558   12
    1559    6
    1560    1
    1561    6
    1562    6
    1563    1
    1564    1
    1565    1
    1566    1
    1567    1
    1568    1
    1569    1
    1570    1
    1571    1
    1572    1
    1573    5
    1574    3
    1575    3
    1576    3
    1577    6
    1578   12
    1579    7
    1580   12
    1581    8
    1582    8
    1583    8
    1584   12
    1585    1
    1586    1
    1587    1
    1588    1
    1589    1
    1590    1
    1591    3
    1592    4
    1593    4
    1594    4
    1595    6
    1596    7
    1597   10
    1598   10
    1599   10
    1600   10
    1601   10
    1602   12
    1603   12
    1604    8
    1605    5
    1606    5
    1607    6
    1608    6
    1609    8
    1610   12
    1611   12
    1612   15
    1613    8
    1614   15
    1615   15
    1616    6
    1617    3
    1618    3
    1619    5
    1620    4
    1621    4
    1622    4
    1623    5
    1624    1
    1625    1
    1626    1
    1627    1
    1628    1
    1629    1
    1630    3
    1631    1
    1632    1
    1633    1
    1634    1
    1635    1
    1636    1
    1637    1
    1638    1
    1639    1
    1640    5
    1641    5
    1642    1
    1643    1
    1644    1
    1645    6
    1646    5
    1647    5
    1648    4
    1649    4
    1650    4
    1651    4
    1652    4
    1653    5
    1654    5
    1655    3
    1656    3
    1657    3
    1658    3
    1659    3
    1660    3
    1661    3
    1662    3
    1663    3
    1664    3
    1665    3
    1666    3
    1667    3
    1668    3
    1669    1
    1670    1
    1671    1
    1672    1
    1673    1
    1674    1
    1675    1
    1676    1
    1677   12
    1678   12
    1679   12
    1680   10
    1681   11
    1682   11
    1683   11
    1684   11
    1685   11
    1686   11
    1687   11
    1688   11
    1689    8
    1690    6
    1691    1
    1692   12
    1693   10
    1694   10
    1695   10
    1696   10
    1697   10
    1698   10
    1699   12
    1700   12
    1701    1
    1702    1
    1703    6
    1704   12
    1705    1
    1706   12
    1707   12
    1708    1
    1709    8
    1710   12
    1711   12
    1712   12
    1713    1
    1714   12
    1715   12
    1716    1
    1717   12
    1718   12
    1719   12
    1720    4
    1721    6
    1722   12
    1723   12
    1724   12
    1725   12
    1726   12
    1727    7
    1728   12
    1729   12
    1730   12
    1731    1
    1732    1
    1733    5
    1734    6
    1735    1
    1736    1
    1737    1
    1738    1
    1739    1
    1740    1
    1741    1
    1742    7
    1743    8
    1744    8
    1745   11
    1746   11
    1747   11
    1748    9
    1749   11
    1750   11
    1751   11
    1752   11
    1753   11
    1754   11
    1755   11
    1756   11
    1757   11
    1758   11
    1759   11
    1760   11
    1761   11
    1762    8
    1763    6
    1764   12
    1765   12
    1766   12
    1767   12
    1768    2
    1769   12
    1770   12
    1771   12
    1772   11
    1773   11
    1774   11
    1775   11
    1776   11
    1777   11
    1778   12
    1779   12
    1780    8
    1781    8
    1782   12
    1783    8
    1784    7
    1785    7
    1786    8
    1787   12
    1788   10
    1789   10
    1790   10
    1791   10
    1792   10
    1793   10
    1794   10
    1795    8
    1796   10
    1797   10
    1798   10
    1799   10
    1800    9
    1801   10
    1802   10
    1803   10
    1804   10
    1805   12
    1806   12
    1807   12
    1808   12
    1809   12
    1810   12
    1811    8
    1812    6
    1813    6
    1814    5
    1815    1
    1816    1
    1817    1
    1818   12
    1819   12
    1820   12
    1821   12
    1822   12
    1823   12
    1824   12
    1825   12
    1826   12
    1827   12
    1828    4
    1829    4
    1830    5
    1831    1
    1832    1
    1833    1
    1834    1
    1835    8
    1836    1
    1837    1
    1838    1
    1839    6
    1840    1
    1841    7
    1842    7
    1843    7
    1844    7
    1845    8
    1846   12
    1847    8
    1848   12
    1849   12
    1850    7
    1851    6
    1852    7
    1853    8
    1854   12
    1855    8
    1856    8
    1857    8
    1858   10
    1859   11
    1860   11
    1861   11
    1862   11
    1863   11
    1864   10
    1865   10
    1866   10
    1867    8
    1868   10
    1869   10
    1870   10
    1871   10
    1872   10
    1873   10
    1874   10
    1875   10
    1876   10
    1877   10
    1878   10
    1879   10
    1880   10
    1881   10
    1882   10
    1883   10
    1884   11
    1885   11
    1886   11
    1887   11
    1888   11
    1889   12
    1890    8
    1891    7
    1892    1
    1893    1
    1894    1
    1895    1
    1896    1
    1897    6
    1898    6
    1899    8
    1900    8
    1901    8
    1902   10
    1903    8
    1904   11
    1905   11
    1906   11
    1907   11
    1908   11
    1909   11
    1910   11
    1911   11
    1912   11
    1913   11
    1914   11
    1915   11
    1916   11
    1917   11
    1918   11
    1919   11
    1920   11
    1921   11
    1922   11
    1923   11
    1924   11
    1925   11
    1926   11
    1927   11
    1928   11
    1929   11
    1930   11
    1931   12
    1932   12
    1933   12
    1934   12
    1935   11
    1936   11
    1937   11
    1938   11
    1939   11
    1940   11
    1941   11
    1942   11
    1943    9
    1944    9
    1945   12
    1946   12
    1947   12
    1948   12
    1949   12
    1950   12
    1951   12
    1952   12
    1953   12
    1954   12
    1955   10
    1956   10
    1957    8
    1958    7
    1959    7
    1960    8
    1961    8
    1962   12
    1963    8
    1964    8
    1965    7
    1966    7
    1967   12
    1968   12
    1969    8
    1970    8
    1971   12
    1972   10
    1973   11
    1974   11
    1975   11
    1976   11
    1977   11
    1978   11
    1979   11
    1980   11
    1981   11
    1982   11
    1983   11
    1984   11
    1985   11
    1986   11
    1987   11
    1988   11
    1989   11
    1990   11
    1991    7
    1992   12
    1993   12
    1994   11
    1995   11
    1996   11
    1997   11
    1998   11
    1999   11
    2000   11
    2001   11
    2002   11
    2003   10
    2004   10
    2005   10
    2006   10
    2007   10
    2008   12
    2009    6
    2010    6
    2011   12
    2012    8
    2013    8
    2014    8
    2015    8
    2016   12
    2017   11
    2018   11
    2019   11
    2020   10
    2021   10
    2022   10
    2023    6
    2024    3
    2025    3
    2026    3
    2027    3
    2028    1
    2029    3
    2030    3
    2031    5
    2032    3
    2033    5
    2034    1
    2035    1
    2036    5
    2037    1
    2038    1
    2039    1
    2040    1
    2041    1
    2042    1
    2043    1
    2044    1
    2045    1
    2046    3
    2047    5
    2048    6
    2049    6
    2050    3
    2051    1
    2052    5
    2053    6
    2054    5
    2055    1
    2056    1
    2057   12
    2058   12
    2059   12
    2060    8
    2061   12
    2062    8
    2063    8
    2064   11
    2065   11
    2066   11
    2067   11
    2068   11
    2069   11
    2070   11
    2071   11
    2072   11
    2073   11
    2074   11
    2075   11
    2076   11
    2077   11
    2078   11
    2079   11
    2080   11
    2081   11
    2082   11
    2083   11
    2084   11
    2085   11
    2086   11
    2087   11
    2088   11
    2089   11
    2090   11
    2091   11
    2092   11
    2093   11
    2094   11
    2095   11
    2096   11
    2097   11
    2098   11
    2099   11
    2100   11
    2101   11
    2102   11
    2103   11
    2104   11
    2105   11
    2106   11
    2107   11
    2108   11
    2109   11
    2110   11
    2111   11
    2112   11
    2113   11
    2114   11
    2115   11
    2116   11
    2117   11
    2118   11
    2119   11
    2120   11
    2121   11
    2122   11
    2123   11
    2124   11
    2125   11
    2126    8
    2127   12
    2128   12
    2129   11
    2130   11
    2131   11
    2132   11
    2133   11
    2134   11
    2135   11
    2136   11
    2137   11
    2138   11
    2139   11
    2140   11
    2141   11
    2142   11
    2143   11
    2144   11
    2145   11
    2146   11
    2147   12
    2148   12
    2149   10
    2150   10
    2151   10
    2152   12
    2153   12
    2154   12
    2155   12
    2156   12
    2157   12
    2158   12
    2159   12
    2160   11
    2161   11
    2162   11
    2163   11
    2164   11
    2165   11
    2166   11
    2167   11
    2168   11
    2169   11
    2170   11
    2171   11
    2172   10
    2173   10
    2174   10
    2175   10
    2176   10
    2177   10
    2178   10
    2179   10
    2180   10
    2181   10
    2182   10
    2183   10
    2184   10
    2185   10
    2186   10
    2187   10
    2188   10
    2189   10
    2190   10
    2191   10
    2192   10
    2193   10
    2194   10
    2195   10
    2196   10
    2197   10
    2198   10
    2199   10
    2200   10
    2201   10
    2202   10
    2203   10
    2204   10
    2205   10
    2206   10
    2207   11
    2208   11
    2209   11
    2210   11
    2211   11
    2212   10
    2213   10
    2214   10
    2215   10
    2216   10
    2217   10
    2218   10
    2219   10
    2220   10
    2221   10
    2222   10
    2223   11
    2224   11
    2225   11
    2226   11
    2227   11
    2228    2
    2229    2
    2230    2
    2231    6
    2232    6
    2233    3
    2234    1
    2235    1
    2236    1
    2237    1
    2238    1
    2239    1
    2240    1
    2241    1
    2242    1
    2243   12
    2244   12
    2245   12
    2246   12
    2247   12
    2248    8
    2249    8
    2250   10
    2251   10
    2252   10
    2253   10
    2254   11
    2255   11
    2256   11
    2257   11
    2258   11
    2259   11
    2260   11
    2261   11
    2262   11
    2263    8
    2264   11
    2265   11
    2266   11
    2267   11
    2268   11
    2269   11
    2270    9
    2271   10
    2272   10
    2273   10
    2274   12
    2275   12
    2276   12
    2277   12
    2278   12
    2279   12
    2280   12
    2281   12
    2282    8
    2283    7
    2284    7
    2285    8
    2286    8
    2287   12
    2288    8
    2289    8
    2290    7
    2291    7
    2292    7
    2293   12
    2294   12
    2295    8
    2296    7
    2297   12
    2298    8
    2299    6
    2300    1
    2301   12
    2302   12
    2303   12
    2304    9
    2305   10
    2306   10
    2307   10
    2308   10
    2309   10
    2310   10
    2311   12
    2312   12
    2313   12
    2314   12
    2315   12
    2316   12
    2317   12
    2318   12
    2319   12
    2320   12
    2321   12
    2322   12
    2323    1
    2324    1
    2325    1
    2326    1
    2327    6
    2328    6
    2329    3
    2330    3
    2331    5
    2332    3
    2333    3
    2334    3
    2335    1
    2336    1
    2337    3
    2338    1
    2339    1
    2340    1
    2341    6
    2342    5
    2343    1
    2344    1
    2345    1
    2346    1
    2347    3
    2348    1
    2349    3
    2350    5
    2351    3
    2352    3
    2353    3
    2354    1
    2355    3
    2356    5
    2357    5
    2358    6
    2359    2
    2360    2
    2361    1
    2362    6
    2363    8
    2364    7
    2365    8
    2366    8
    2367   12
    2368   12
    2369   12
    2370    8
    2371   12
    2372    8
    2373    8
    2374    8
    2375   12
    2376   12
    2377   12
    2378    8
    2379   12
    2380    8
    2381   15
    2382   15
    2383   15
    2384   15
    2385    8
    2386    7
    2387    6
    2388    1
    2389    1
    2390   12
    2391   10
    2392   10
    2393   10
    2394   10
    2395   10
    2396   10
    2397   10
    2398   12
    2399   12
    2400   12
    2401    1
    2402    1
    2403    1
    2404    1
    2405    5
    2406    6
    2407    5
    2408    2
    2409    2
    2410    2
    2411    2
    2412    5
    2413    1
    2414    1
    2415    1
    2416    1
    2417    1
    2418    1
    2419    1
    2420    1
    2421    1
    2422    1
    2423    1
    2424    5
    2425    3
    2426    3
    2427    1
    2428    6
    2429    7
    2430   15
    2431   15
    2432    8
    2433   10
    2434   10
    2435   10
    2436   10
    2437   10
    2438   10
    2439   10
    2440    8
    2441    8
    2442   12
    2443   12
    2444   12
    2445   12
    2446   12
    2447   12
    2448   10
    2449   10
    2450   10
    2451   10
    2452   10
    2453   11
    2454   11
    2455   11
    2456   11
    2457   11
    2458   11
    2459   11
    2460   11
    2461   11
    2462   11
    2463   11
    2464   11
    2465   11
    2466   11
    2467    8
    2468    7
    2469   11
    2470    9
    2471   11
    2472   11
    2473   11
    2474   11
    2475   11
    2476   11
    2477   11
    2478    2
    2479    2
    2480    2
    2481    2
    2482    1
    2483    1
    2484    1
    2485    1
    2486    6
    2487    3
    2488    3
    2489    6
    2490    6
    2491    5
    2492    6
    2493    5
    2494    5
    2495    4
    2496    5
    2497    6
    2498    7
    2499    7
    2500    7
    2501    7
    2502   12
    2503    8
    2504    7
    2505    7
    2506    7
    2507   12
    2508    8
    2509    8
    2510   12
    2511   12
    2512   12
    2513   12
    2514   12
    2515   12
    2516   12
    2517   12
    2518   12
    2519   12
    2520   12
    2521   12
    2522   12
    2523   12
    2524   12
    2525   12
    2526   12
    2527   12
    2528   12
    2529   12
    2530   12
    2531   12
    2532   12
    2533   12
    2534   12
    2535   12
    2536    8
    2537   13
    2538   13
    2539   13
    2540   13
    2541   13
    2542   13
    2543   13
    2544   13
    2545   13
    2546   13
    2547   13
    2548   13
    2549   13
    2550   13
    2551   13
    2552   13
    2553   13
    2554   13
    2555   13
    2556   13
    2557   13
    2558   13
    2559   13
    2560   13
    2561   13
    2562   13
    2563   13
    2564   13
    2565   13
    2566   13
    2567   13
    2568   12
    2569    1
    2570    6
    2571    8
    2572   12
    2573   12
    2574    8
    2575    8
    2576    8
    2577   12
    2578    7
    2579    8
    2580   10
    2581   10
    2582   10
    2583   10
    2584   12
    2585    8
    2586   12
    2587   12
    2588   12
    2589   12
    2590    9
    2591   10
    2592   10
    2593   10
    2594   10
    2595   11
    2596   11
    2597   10
    2598   10
    2599    9
    2600    9
    2601   11
    2602   11
    2603    9
    2604   12
    2605   12
    2606   12
    2607   12
    2608   12
    2609    9
    2610   11
    2611   11
    2612   11
    2613   11
    2614    9
    2615   11
    2616   11
    2617    6
    2618    5
    2619    6
    2620    2
    2621    2
    2622   12
    2623   12
    2624   12
    2625   12
    2626   12
    2627   12
    2628   12
    2629   12
    2630   12
    2631   12
    2632   12
    2633   12
    2634   12
    2635   12
    2636   12
    2637   12
    2638   10
    2639   10
    2640   10
    2641   10
    2642   10
    2643   12
    2644   12
    2645   12
    2646   12
    2647   10
    2648   12
    2649   12
    2650   12
    2651   12
    2652   12
    2653   12
    2654   12
    2655   12
    2656   12
    2657   12
    2658   12
    2659   12
    2660   12
    2661    7
    2662    9
    2663   10
    2664   10
    2665   10
    2666   10
    2667   10
    2668   10
    2669   10
    2670   10
    2671    9
    2672   10
    2673   10
    2674    9
    2675   12
    2676   12
    2677    1
    2678    1
    2679    1
    2680    1
    2681    1
    2682    1
    2683    1
    2684    1
    2685    1
    2686    1
    2687    1
    2688    3
    2689    4
    2690    4
    2691    3
    2692    3
    2693    3
    2694    6
    2695    8
    2696    8
    2697    8
    2698    7
    2699    6
    2700    6
    2701    4
    2702    4
    2703    1
    2704    1
    2705    1
    2706    1
    2707    1
    2708    1
    2709    1
    2710    1
    2711    1
    2712    8
    2713    1
    2714    1
    2715    1
    2716    1
    2717    6
    2718    5
    2719    1
    2720    1
    2721    1
    2722    1
    2723    1
    2724    1
    2725    1
    2726    1
    2727    1
    2728    1
    2729   12
    2730   12
    2731   12
    2732   12
    2733   12
    2734   12
    2735    8
    2736    2
    2737    5
    2738    6
    2739    7
    2740   15
    2741   15
    2742    8
    2743    8
    2744    6
    2745    2
    2746    2
    2747    1
    2748    1
    2749    1
    2750    1
    2751    1
    2752    1
    2753    1
    2754    1
    2755    1
    2756    2
    2757    1
    2758   12
    2759    7
    2760    8
    2761    1
    2762    1
    2763   12
    2764   12
    2765   12
    2766    1
    2767    1
    2768    1
    2769    5
    2770    8
    2771    1
    2772    1
    2773    1
    2774    3
    2775    3
    2776    6
    2777    5
    2778    3
    2779    3
    2780    3
    2781    3
    2782    3
    2783    1
    2784    1
    2785    1
    2786    1
    2787    1
    2788    1
    2789    1
    2790    1
    2791    1
    2792    1
    2793    1
    2794   10
    2795   10
    2796   10
    2797   10
    2798   10
    2799   10
    2800   10
    2801   10
    2802   10
    2803   10
    2804    9
    2805   12
    2806   15
    2807   15
    2808   15
    2809   12
    2810   12
    2811   12
    2812   12
    2813   12
    2814   12
    2815   12
    2816   12
    2817   12
    2818   12
    2819   12
    2820   12
    2821    7
    2822    7
    2823   10
    2824   10
    2825   10
    2826   10
    2827   10
    2828   10
    2829    8
    2830    8
    2831   12
    2832   12
    2833    1
    2834    6
    2835    7
    2836   12
    2837    8
    2838    8
    2839    8
    2840    7
    2841    8
    2842   12
    2843    7
    2844   12
    2845   12
    2846   12
    2847   12
    2848   12
    2849   12
    2850   12
    2851   10
    2852   10
    2853   10
    2854   10
    2855   10
    2856   10
    2857   10
    2858   10
    2859   10
    2860    6
    2861    1
    2862    1
    2863    1
    2864    1
    2865    1
    2866    1
    2867    1
    2868    1
    2869    1
    2870    6
    2871    1
    2872   12
    2873   12
    2874   12
    2875   12
    2876    7
    2877    8
    2878    8
    2879    8
    2880    8
    2881    8
    2882    8
    2883    8
    2884    8
    2885   10
    2886   10
    2887   10
    2888   10
    2889   10
    2890    8
    2891    7
    2892    6
    2893    4
    2894    4
    2895    4
    2896    4
    2897    4
    2898    4
    2899    4
    2900    1
    2901   12
    2902   12
    2903    6
    2904    1
    2905    1
    2906    1
    2907    1
    2908    1
    2909    1
    2910    1
    2911    1
    2912    1
    2913    1
    2914    1
    2915    1
    2916    1
    2917    1
    2918   12
    2919   12
    2920   12
    2921   12
    2922   12
    2923    1
    2924    1
    2925    1
    2926    1
    2927    1
    2928    1
    2929    1
    2930    1
    2931    6
    2932    6
    2933    3
    2934    3
    2935    3
    2936    3
    2937    1
    2938    1
    2939    7
    2940    6
    2941    1
    2942    1
    2943    1
    2944    5
    2945   12
    2946    8
    2947    8
    2948    7
    2949    8
    2950   12
    2951   12
    2952   12
    2953   12
    2954    8
    2955    8
    2956    8
    2957    1
    2958    1
    2959    5
    2960    2
    2961    6
    2962    6
    2963    6
    2964    1
    2965    1
    2966   12
    2967   12
    2968   12
    2969    1
    2970    7
    2971    8
    2972   12
    2973   12
    2974   12
    2975   12
    2976   12
    2977   12
    2978   12
    2979   12
    2980   12
    2981   12
    2982   12
    2983    8
    2984   11
    2985   11
    2986   11
    2987   11
    2988   11
    2989   11
    2990    9
    2991   11
    2992   11
    2993   11
    2994   11
    2995    2
    2996    2
    2997    2
    2998    2
    2999    2
    3000    2
    3001    2
    3002    2
    3003    2
    3004    5
    3005    5
    3006    3
    3007    3
    3008    5
    3009    6
    3010    5
    3011    5
    3012    6
    3013   12
    3014   12
    3015    8
    3016    8
    3017   12
    3018    8
    3019    7
    3020    8
    3021    8
    3022    6
    3023    5
    3024    1
    3025    1
    3026    6
    3027   12
    3028   12
    3029   12
    3030   12
    3031   12
    3032   12
    3033   12
    3034   12
    3035    7
    3036    8
    3037    7
    3038    7
    3039   12
    3040   12
    3041   12
    3042    8
    3043    8
    3044    8
    3045    8
    3046   12
    3047    6
    3048    8
    3049    7
    3050    7
    3051    8
    3052   12
    3053    7
    3054    6
    3055    5
    3056    1
    3057    8
    3058    7
    3059    7
    3060    7
    3061    8
    3062    8
    3063   10
    3064   10
    3065   10
    3066   10
    3067   10
    3068   10
    3069   10
    3070   10
    3071   10
    3072   10
    3073   10
    3074   10
    3075   10
    3076   10
    3077   10
    3078   10
    3079   10
    3080    7
    3081   12
    3082   12
    3083    8
    3084    8
    3085    8
    3086    8
    3087   10
    3088   10
    3089   10
    3090   10
    3091    8
    3092   12
    3093   12
    3094   12
    3095    7
    3096    9
    3097    8
    3098   12
    3099   12
    3100   12
    3101   12
    3102   12
    3103   12
    3104    8
    3105    6
    3106    3
    3107    4
    3108    4
    3109    4
    3110    4
    3111    4
    3112    4
    3113    4
    3114    4
    3115    4
    3116    4
    3117    4
    3118   12
    3119   12
    3120    1
    3121   12
    3122    4
    3123    4
    3124    4
    3125   12
    3126   12
    3127   12
    3128   12
    3129   12
    3130   12
    3131    8
    3132   12
    3133   12
    3134   12
    3135   12
    3136   12
    3137   12
    3138    8
    3139   12
    3140   12
    3141   12
    3142   12
    3143   12
    3144   12
    3145   12
    3146   12
    3147   12
    3148   12
    3149   12
    3150   12
    3151   12
    3152   12
    3153   12
    3154   12
    3155    1
    3156    1
    3157    7
    3158   12
    3159   12
    3160   12
    3161   12
    3162   12
    3163   12
    3164   12
    3165    8
    3166   12
    3167   12
    3168   12
    3169   12
    3170   12
    3171   12
    3172    7
    3173   10
    3174    8
    3175   11
    3176   11
    3177   11
    3178    8
    3179    8
    3180   12
    3181   12
    3182   12
    3183    7
    3184   15
    3185   15
    3186   15
    3187   15
    3188    8
    3189    7
    3190   12
    3191   12
    3192   12
    3193   11
    3194   11
    3195   11
    3196   11
    3197   11
    3198   11
    3199   11
    3200   11
    3201   11
    3202   11
    3203   11
    3204   11
    3205   11
    3206    8
    3207    8
    3208   12
    3209   12
    3210   12
    3211   12
    3212    1
    3213    3
    3214    3
    3215    3
    3216    3
    3217    3
    3218    6
    3219   10
    3220   10
    3221   10
    3222   10
    3223   10
    3224   10
    3225   10
    3226   10
    3227   10
    3228   10
    3229   10
    3230    6
    3231    6
    3232    1
    3233    1
    3234    1
    3235    1
    3236    1
    3237    1
    3238    1
    3239    1
    3240    1
    3241    1
    3242    1
    3243    1
    3244    1
    3245    1
    3246    1
    3247    1
    3248    1
    3249    1
    3250    1
    3251    1
    3252   12
    3253   12
    3254   12
    3255   12
    3256   12
    3257   12
    3258    8
    3259   15
    3260   12
    3261   12
    3262    8
    3263   12
    3264   12
    3265   12
    3266    8
    3267    8
    3268    8
    3269    8
    3270   10
    3271   10
    3272    8
    3273    8
    3274    8
    3275    7
    3276    9
    3277   10
    3278   10
    3279    8
    3280    8
    3281    8
    3282    6
    3283    8
    3284   12
    3285   12
    3286   12
    3287   12
    3288    8
    3289    7
    3290    8
    3291    7
    3292    8
    3293   12
    3294    8
    3295   12
    3296   12
    3297   12
    3298    7
    3299    6
    3300    3
    3301    1
    3302    8
    3303    8
    3304   15
    3305   15
    3306    7
    3307    7
    3308    8
    3309    8
    3310    8
    3311   12
    3312    8
    3313    8
    3314    6
    3315    1
    3316    4
    3317    4
    3318    4
    3319    4
    3320    4
    3321    4
    3322   12
    3323   12
    3324   12
    3325    8
    3326    8
    3327   12
    3328   12
    3329   12
    3330   12
    3331   12
    3332   12
    3333   12
    3334   12
    3335   12
    3336   12
    3337   12
    3338   12
    3339   12
    3340   12
    3341   12
    3342   12
    3343   12
    3344   12
    3345    8
    3346    8
    3347   12
    3348    8
    3349    8
    3350    8
    3351    7
    3352    8
    3353   12
    3354   12
    3355    9
    3356   11
    3357   11
    3358   11
    3359   11
    3360   11
    3361   11
    3362   11
    3363   11
    3364   11
    3365   11
    3366   11
    3367    9
    3368   11
    3369   11
    3370   11
    3371   11
    3372   11
    3373   11
    3374   11
    3375   12
    3376    8
    3377   12
    3378   11
    3379   11
    3380    9
    3381    9
    3382   11
    3383   11
    3384   11
    3385   11
    3386   10
    3387   10
    3388   10
    3389   10
    3390   10
    3391   10
    3392   10
    3393   10
    3394   10
    3395   10
    3396   10
    3397   10
    3398   12
    3399   12
    3400   12
    3401   12
    3402    8
    3403   10
    3404   10
    3405   10
    3406   10
    3407   10
    3408   10
    3409   12
    3410   12
    3411   12
    3412   12
    3413   12
    3414   10
    3415   10
    3416   10
    3417   10
    3418   10
    3419   10
    3420   10
    3421   10
    3422   10
    3423   10
    3424    9
    3425   10
    3426   10
    3427   10
    3428   10
    3429   10
    3430   10
    3431   10
    3432   10
    3433   10
    3434   10
    3435   10
    3436   10
    3437    9
    3438   10
    3439   10
    3440   10
    3441   10
    3442   10
    3443   10
    3444   10
    3445   10
    3446   10
    3447   10
    3448   10
    3449   10
    3450   12
    3451   12
    3452   12
    3453   12
    3454   12
    3455   12
    3456   12
    3457   12
    3458   12
    3459   12
    3460    7
    3461   12
    3462    1
    3463    1
    3464    1
    3465    1
    3466    1
    3467    3
    3468    3
    3469    6
    3470    8
    3471    8
    3472    8
    3473    8
    3474   12
    3475    1
    3476    1
    3477    1
    3478    1
    3479    1
    3480    1
    3481    1
    3482   12
    3483    8
    3484   12
    3485    1
    3486    1
    3487    1
    3488    1
    3489    1
    3490    1
    3491    3
    3492    3
    3493    1
    3494    1
    3495    3
    3496    4
    3497    4
    3498    4
    3499    4
    3500    4
    3501    4
    3502    4
    3503    4
    3504    3
    3505    5
    3506    6
    3507   12
    3508   12
    3509   12
    3510   12
    3511   12
    3512   12
    3513   12
    3514   12
    3515   12
    3516    1
    3517    1
    3518    1
    3519    1
    3520    1
    3521    1
    3522    1
    3523    1
    3524    1
    3525    1
    3526    1
    3527    1
    3528    1
    3529    1
    3530    1
    3531   12
    3532   12
    3533    1
    3534    1
    3535    1
    3536    1
    3537    1
    3538    1
    3539    3
    3540    5
    3541    6
    3542   12
    3543   12
    3544   12
    3545    7
    3546   12
    3547   12
    3548    8
    3549    7
    3550    7
    3551    7
    3552    7
    3553    8
    3554    8
    3555    1
    3556    3
    3557    6
    3558    6
    3559   12
    3560   12
    3561    1
    3562    1
    3563    1
    3564    1
    3565    1
    3566    1
    3567    1
    3568    4
    3569    5
    3570    6
    3571   12
    3572   12
    3573   12
    3574   12
    3575    8
    3576    8
    3577    8
    3578    8
    3579    7
    3580    6
    3581   12
    3582   12
    3583    1
    3584    1
    3585    1
    3586    1
    3587    1
    3588    1
    3589    1
    3590    1
    3591    1
    3592    1
    3593    5
    3594    6
    3595    4
    3596    1
    3597    1
    3598    3
    3599    6
    3600    6
    3601    5
    3602    4
    3603    4
    3604    5
    3605    6
    3606    4
    3607    5
    3608    4
    3609    4
    3610    4
    3611    4
    3612    6
    3613    6
    3614    4
    3615    4
    3616    5
    3617    5
    3618    4
    3619    4
    3620    4
    3621    4
    3622    5
    3623    3
    3624    3
    3625    6
    3626    8
    3627    7
    3628    8
    3629   12
    3630   12
    3631   12
    3632   12
    3633    1
    3634    1
    3635    1
    3636    1
    3637    1
    3638    1
    3639    1
    3640   12
    3641   12
    3642   12
    3643   12
    3644   12
    3645   12
    3646   12
    3647   12
    3648   12
    3649    1
    3650    1
    3651    3
    3652    3
    3653    1
    3654    3
    3655    3
    3656    5
    3657    6
    3658   12
    3659   12
    3660   12
    3661    8
    3662   12
    3663    9
    3664   10
    3665   10
    3666   10
    3667   10
    3668   10
    3669   10
    3670   10
    3671   10
    3672   10
    3673   10
    3674   10
    3675   10
    3676   10
    3677   10
    3678   10
    3679   10
    3680   10
    3681   10
    3682   10
    3683   10
    3684   10
    3685   10
    3686   10
    3687   10
    3688   10
    3689   12
    3690   12
    3691   12
    3692   12
    3693   12
    3694   12
    3695   12
    3696   12
    3697   12
    3698   12
    3699   12
    3700   12
    3701   12
    3702   12
    3703   12
    3704   12
    3705   12
    3706   12
    3707   10
    3708   10
    3709   10
    3710   10
    3711   10
    3712   10
    3713   10
    3714   12
    3715   12
    3716   12
    3717   12
    3718   12
    3719   12
    3720   12
    3721   12
    3722   12
    3723   10
    3724   10
    3725   10
    3726   10
    3727   10
    3728   10
    3729   10
    3730   12
    3731   12
    3732   12
    3733   12
    3734   12
    3735   12
    3736   12
    3737   12
    3738   12
    3739   12
    3740   12
    3741   12
    3742   12
    3743   12
    3744   12
    3745   12
    3746   12
    3747   12
    3748   12
    3749   12
    3750   12
    3751   12
    3752   12
    3753   12
    3754   12
    3755   12
    3756   12
    3757   12
    3758   12
    3759   12
    3760   12
    3761   12
    3762   12
    3763   12
    3764   12
    3765   12
    3766   12
    3767   12
    3768   12
    3769   12
    3770   12
    3771   12
    3772   12
    3773   12
    3774   12
    3775   12
    3776   12
    3777   12
    3778   12
    3779   12
    3780   12
    3781   12
    3782   12
    3783   12
    3784   12
    3785   12
    3786   12
    3787   12
    3788   12
    3789   12
    3790   12
    3791   12
    3792   12
    3793   12
    3794   12
    3795   12
    3796   12
    3797   12
    3798   12
    3799   12
    3800   12
    3801   12
    3802   12
    3803   12
    3804   12
    3805   12
    3806   12
    3807   12
    3808   12
    3809   12
    3810   12
    3811   12
    3812   12
    3813   12
    3814   12
    3815   12
    3816   12
    3817   12
    3818   12
    3819   12
    3820   12
    3821   12
    3822   12
    3823   12
    3824   12
    3825   12
    3826   12
    3827   12
    3828   12
    3829   12
    3830   12
    3831   12
    3832   12
    3833   12
    3834   12
    3835   12
    3836   12
    3837   12
    3838   12
    3839   12
    3840   12
    3841   12
    3842   12
    3843   12
    3844   12
    3845   13
    3846   13
    3847   13
    3848   13
    3849   13
    3850   13
    3851   13
    3852   13
    3853   13
    3854   13
    3855   13
    3856   13
    3857   13
    3858   13
    3859   13
    3860   13
    3861   13
    3862   13
    3863   13
    3864   13
    3865   13
    3866   13
    3867   13
    3868   13
    3869   13
    3870   13
    3871   13
    3872   13
    3873   13
    3874   13
    3875   13
    3876   13
    3877   13
    3878   13
    3879   13
    3880   13
    3881   13
    3882   13
    3883   13
    3884   13
    3885   13
    3886   13
    3887   13
    3888   13
    3889   13
    3890   13
    3891   13
    3892   13
    3893   13
    3894   13
    3895   13
    3896   13
    3897   13
    3898   13
    3899   13
    3900   13
    3901   13
    3902   13
    3903   13
    3904   13
    3905   13
    3906   13
    3907   13
    3908   14
    3909   14
    3910   13
    3911   13
    3912   13
    3913   13
    3914   13
    3915   13
    3916   13
    3917   13
    3918   13
    3919   14
    3920   14
    3921   14
    3922   13
    3923   13
    3924   13
    3925   13
    3926   13
    3927   13
    3928   13
    3929   13
    3930   13
    3931   13
    3932   13
    3933   13
    3934   13
    3935   13
    3936   13
    3937   13
    3938   13
    3939   13
    3940   13
    3941   13
    3942   13
    3943   13
    3944   13
    3945   13
    3946   13
    3947   13
    3948   13
    3949   13
    3950   14
    3951   14
    3952   13
    3953   13
    3954   13
    3955   13
    3956   13
    3957   13
    3958   13
    3959   13
    3960   13
    3961   13
    3962   13
    3963   13
    3964   13
    3965   13
    3966   14
    3967   14
    3968   14
    3969   14
    3970   13
    3971   13
    3972   13
    3973   13
    3974   13
    3975   13
    3976   13
    3977   13
    3978   13
    3979   13
    3980   13
    3981   13
    3982   13
    3983   13
    3984   13
    3985   13
    3986   13
    3987   13
    3988   13
    3989   13
    3990   13
    3991   13
    3992   13
    3993   13
    3994   13
    3995   13
    3996   13
    3997   14
    3998   14
    3999   14
    4000   14
    4001   14
    4002   14
    4003   13
    4004   13
    4005   13
    4006   13
    4007   13
    4008   13
    4009   14
    4010   14
    4011   14
    4012   14
    4013   14
    4014   14
    4015   13
    4016   13
    4017   13
    4018   13
    4019   13
    4020   13
    4021   13
    4022   13
    4023   13
    4024   13
    4025   13
    4026   13
    4027   13
    4028   13
    4029   13
    4030   13
    4031   13
    4032   13
    4033   13
    4034   13
    4035   13
    4036   13
    4037   13
    4038   13
    4039   13
    4040   13
    4041   13
    4042   13
    4043   13
    4044   13
    4045   13
    4046   13
    4047   13
    4048   13
    4049   13
    4050   13
    4051   13
    4052   13
    4053   13
    4054   14
    4055   14
    4056   14
    4057   14
    4058   14
    4059   14
    4060   14
    4061   14
    4062   14
    4063   14
    4064   13
    4065   13
    4066   13
    4067   13
    4068   13
    4069   13
    4070   13
    4071   13
    4072   13
    4073   13
    4074   13
    4075   13
    4076   13
    4077   13
    4078   13
    4079   14
    4080   14
    4081   13
    4082   13
    4083   13
    4084   13
    4085   13
    4086   13
    4087   13
    4088   13
    4089   13
    4090   13
    4091   13
    4092   13
    4093   13
    4094   13
    4095   13
    4096   13
    4097   14
    4098   14
    4099   14
    4100   14
    4101   14
    4102   14
    4103   14
    4104   14
    4105   14
    4106   14
    4107   14
    4108   14
    4109   13
    4110   13
    4111   13
    4112   13
    4113   13
    4114   13
    4115   13
    4116   13
    4117   13
    4118   13
    4119   13
    4120   13
    4121   14
    4122   14
    4123   13
    4124   13
    4125   13
    4126   13
    4127   13
    4128   13
    4129   13
    4130   14
    4131   14
    4132   14
    4133   14
    4134   14
    4135   14
    4136   14
    4137   14
    4138   13
    4139   13
    4140   13
    4141   13
    4142   13
    4143   13
    4144   14
    4145   14
    4146   14
    4147   14
    4148   14
    4149   13
    4150   13
    4151   13
    4152   13
    4153   13
    4154   13
    4155   13
    4156   13
    4157   13
    4158   13
    4159   13
    4160   13
    4161   13
    4162   13
    4163   13
    4164   13
    4165   13
    4166   13
    4167   13
    4168   13
    4169   13
    4170   13
    4171   13
    4172   13
    4173   13
    4174   13
    4175   13
    4176   13
    4177   13
    4178   13
    4179   13
    4180   13
    4181   13
    4182   13
    4183   13
    4184   13
    4185   13
    4186   13
    4187   13
    4188   13
    4189   13
    4190   13
    4191   13
    4192   13
    4193   13
    4194   13
    4195   13
    4196   13
    4197   13
    4198   13
    4199   13
    4200   13
    4201   13
    4202   13
    4203   13
    4204   13
    4205   13
    4206   13
    4207   13
    4208   13
    4209   13
    4210   13
    4211   13
    4212   13
    4213   13
    4214   14
    4215   14
    4216   14
    4217   14
    4218   14
    4219   14
    4220   14
    4221   14
    4222   14
    4223   14
    4224   14
    4225   14
    4226   14
    4227   14
    4228   14
    4229   13
    4230   13
    4231   13
    4232   13
    4233   13
    4234   13
    4235   13
    4236   13
    4237   13
    4238   13
    4239   13
    4240   13
    4241   13
    4242   13
    4243   13
    4244   13
    4245   14
    4246   14
    4247   14
    4248   13
    4249   13
    4250   13
    4251   13
    4252   13
    4253   14
    4254   14
    4255   14
    4256   13
    4257   13
    4258   13
    4259   13
    4260   13
    4261   13
    4262   13
    4263   13
    4264   13
    4265   13
    4266   13
    4267   13
    4268   13
    4269   13
    4270   13
    4271   13
    4272   13
    4273   13
    4274   13
    4275   14
    4276   14
    4277   14
    4278   14
    4279   14
    4280   14
    4281   14
    4282   14
    4283   14
    4284   14
    4285   14
    4286   14
    4287   14
    4288   13
    4289   13
    4290   13
    4291   13
    4292   13
    4293   13
    4294   13
    4295   13
    4296   13
    4297   13
    4298   13
    4299   13
    4300   13
    4301   13
    4302   13
    4303   13
    4304   13
    4305   13
    4306   14
    4307   14
    4308   14
    4309   14
    4310   14
    4311   14
    4312   14
    4313   14
    4314   14
    4315   14
    4316   14
    4317   14
    4318   14
    4319   14
    4320   14
    4321   14
    4322   14
    4323   14
    4324   14
    4325   14
    4326   14
    4327   14
    4328   14
    4329   14
    4330   14
    4331   13
    4332   13
    4333   13
    4334   13
    4335   13
    4336   13
    4337   13
    4338   13
    4339   13
    4340   13
    4341   13
    4342   13
    4343   13
    4344   13
    4345   13
    4346   13
    4347   13
    4348   13
    4349   13
    4350   13
    4351   13
    4352   13
    4353   13
    4354   13
    4355   13
    4356   13
    4357   13
    4358   13
    4359   13
    4360   13
    4361   13
    4362   13
    4363   13
    4364   14
    4365   14
    4366   14
    4367   14
    4368   14
    4369   14
    4370   14
    4371   14
    4372   14
    4373   14
    4374   13
    4375   13
    4376   13
    4377   14
    4378   14
    4379   14
    4380   14
    4381   14
    4382   14
    4383   14
    4384   14
    4385   14
    4386   14
    4387   13
    4388   13
    4389   13
    4390   13
    4391   13
    4392   13
    4393   13
    4394   14
    4395   14
    4396   13
    4397   13
    4398   13
    4399   14
    4400   14
    4401   14
    4402   14
    4403   14
    4404   13
    4405   13
    4406   13
    4407   13
    4408   13
    4409   13
    4410   13
    4411   13
    4412   13
    4413   13
    4414   13
    4415   13
    4416   13
    4417   13
    4418   13
    4419   13
    4420   13
    4421   13
    4422   13
    4423   13
    4424   13
    4425   13
    4426   13
    4427   13
    4428   13
    4429   13
    4430   13
    4431   13
    4432   13
    4433   13
    4434   13
    4435   13
    4436   13
    4437   13
    4438   13
    4439   13
    4440   13
    4441   13
    4442   13
    4443   13
    4444   13
    4445   13
    4446   13
    4447   13
    4448   13
    4449   13
    4450   13
    4451   13
    4452   13
    4453   13
    4454   13
    4455   13
    4456   13
    4457   13
    4458   13
    4459   13
    4460   13
    4461   13
    4462   13
    4463   13
    4464   13
    4465   13
    4466   13
    4467   13
    4468   13
    4469   13
    4470   13
    4471   13
    4472   13
    4473   13
    4474   13
    4475   13
    4476   13
    4477   13
    4478   12
    4479   12
    4480   12
    4481   12
    4482   12
    4483   12
    4484   10
    4485   10
    4486   10
    4487   10
    4488    9
    4489   10
    4490   10
    4491   10
    4492   10
    4493   10
    4494   10
    4495    8
    4496   12
    4497   15
    4498    8
    4499    8
    4500    7
    4501    8
    4502   15
    4503   15
    4504   15
    4505   15
    4506   15
    4507   15
    4508    8
    4509   12
    4510   12
    4511   12
    4512   12
    4513   12
    4514   12
    4515    8
    4516   12
    4517   12
    4518   12
    4519   12
    4520   12
    4521    4
    4522    6
    4523    3
    4524    3
    4525    1
    4526    1
    4527    1
    4528    1
    4529    1
    4530   12
    4531   12
    4532   12
    4533    8
    4534   15
    4535   15
    4536   15
    4537   15
    4538    8
    4539   12
    4540    8
    4541    8
    4542    8
    4543    8
    4544    8
    4545   12
    4546   12
    4547   12
    4548   12
    4549   12
    4550   12
    4551   12
    4552   12
    4553   12
    4554   12
    4555   12
    4556    6
    4557    3
    4558    1
    4559    8
    4560    8
    4561   12
    4562   12
    4563   12
    4564   12
    4565    8
    4566   15
    4567   15
    4568   15
    4569   15
    4570    8
    4571    8
    4572    7
    4573    6
    4574    5
    4575    3
    4576    5
    4577    3
    4578    1
    4579    1
    4580    6
    4581    6
    4582   12
    4583   12
    4584   12
    4585   12
    4586   12
    4587   12
    4588   12
    4589   12
    4590   12
    4591   12
    4592   12
    4593   12
    4594    1
    4595   12
    4596    1
    4597    1
    4598    3
    4599    6
    4600   12
    4601   10
    4602   12
    4603   12
    4604   12
    4605   12
    4606   12
    4607   12
    4608   12
    4609   10
    4610   10
    4611   10
    4612   13
    4613   13
    4614   13
    4615   13
    4616   13
    4617   13
    4618   13
    4619   13
    4620   13
    4621   13
    4622   13
    4623   13
    4624   13
    4625   13
    4626   13
    4627   13
    4628   13
    4629   13
    4630   13
    4631   13
    4632   13
    4633   13
    4634   13
    4635   13
    4636   13
    4637   13
    4638   13
    4639   13
    4640   13
    4641   13
    4642   13
    4643   13
    4644   13
    4645   13
    4646   13
    4647   13
    4648   13
    4649   13
    4650   13
    4651   13
    4652   13
    4653   13
    4654   13
    4655   13
    4656   13
    4657   13
    4658   13
    4659   13
    4660   13
    4661   13
    4662   13
    4663   13
    4664   13
    4665   13
    4666   13
    4667   13
    4668   13
    4669   13
    4670   13
    4671   13
    4672   13
    4673   13
    4674   13
    4675   13
    4676   13
    4677   13
    4678   13
    4679   13
    4680   13
    4681   13
    4682   13
    4683   13
    4684   13
    4685   13
    4686   13
    4687   13
    4688   13
    4689   13
    4690   13
    4691   13
    4692   13
    4693   13
    4694   13
    4695   13
    4696   13
    4697   13
    4698   13
    4699   13
    4700   13
    4701   13
    4702   13
    4703   13
    4704   13
    4705   13
    4706   13
    4707   13
    4708   13
    4709   13
    4710   13
    4711   13
    4712   13
    4713   13
    4714   13
    4715   13
    4716   13
    4717   14
    4718   14
    4719   14
    4720   14
    4721   14
    4722   14
    4723   14
    4724   14
    4725   14
    4726   14
    4727   14
    4728   14
    4729   14
    4730   14
    4731   14
    4732   14
    4733   14
    4734   14
    4735   14
    4736   13
    4737   13
    4738   13
    4739   13
    4740   13
    4741   13
    4742   13
    4743   13
    4744   13
    4745   13
    4746   13
    4747   13
    4748   13
    4749   13
    4750   13
    4751   13
    4752   13
    4753   13
    4754   13
    4755   13
    4756   13
    4757   13
    4758   13
    4759   13
    4760   13
    4761   13
    4762   13
    4763   14
    4764   14
    4765   14
    4766   14
    4767   13
    4768   13
    4769   13
    4770   13
    4771   13
    4772   13
    4773   13
    4774   13
    4775   14
    4776   14
    4777   14
    4778   14
    4779   13
    4780   13
    4781   13
    4782   13
    4783   13
    4784   13
    4785   13
    4786   13
    4787   13
    4788   13
    4789   13
    4790   13
    4791   13
    4792   13
    4793   13
    4794   14
    4795   14
    4796   14
    4797   13
    4798   13
    4799   13
    4800   13
    4801   13
    4802   13
    4803   13
    4804   13
    4805   13
    4806   14
    4807   14
    4808   14
    4809   14
    4810   14
    4811   13
    4812   13
    4813   13
    4814   13
    4815   13
    4816   13
    4817   14
    4818   14
    4819   14
    4820   13
    4821   13
    4822   13
    4823   13
    4824   13
    4825   13
    4826   13
    4827   13
    4828   13
    4829   13
    4830   13
    4831   14
    4832   14
    4833   14
    4834   14
    4835   14
    4836   14
    4837   14
    4838   14
    4839   14
    4840   14
    4841   14
    4842   14
    4843   14
    4844   14
    4845   14
    4846   14
    4847   14
    4848   14
    4849   14
    4850   13
    4851   13
    4852   13
    4853   13
    4854   13
    4855   13
    4856   13
    4857   13
    4858   13
    4859   13
    4860   13
    4861   13
    4862   13
    4863   13
    4864   13
    4865   13
    4866   13
    4867   13
    4868   13
    4869   13
    4870   13
    4871   13
    4872   13
    4873   13
    4874   13
    4875   13
    4876   13
    4877   13
    4878   13
    4879   13
    4880   13
    4881   13
    4882   13
    4883   13
    4884   13
    4885   13
    4886   13
    4887   13
    4888   13
    4889   13
    4890   13
    4891   13
    4892   13
    4893   13
    4894   13
    4895   13
    4896   13
    4897   13
    4898   13
    4899   13
    4900   13
    4901   13
    4902   13
    4903   13
    4904   13
    4905   13
    4906   14
    4907   14
    4908   13
    4909   13
    4910   13
    4911   13
    4912   13
    4913   13
    4914   13
    4915   13
    4916   13
    4917   13
    4918   13
    4919   14
    4920   14
    4921   14
    4922   14
    4923   14
    4924   14
    4925   14
    4926   14
    4927   14
    4928   14
    4929   14
    4930   14
    4931   14
    4932   14
    4933   14
    4934   14
    4935   13
    4936   13
    4937   13
    4938   13
    4939   13
    4940   13
    4941   13
    4942   13
    4943   13
    4944   13
    4945   13
    4946   13
    4947   13
    4948   13
    4949   13
    4950   13
    4951   13
    4952   13
    4953   13
    4954   13
    4955   13
    4956   13
    4957   13
    4958   13
    4959   13
    4960   13
    4961   13
    4962   13
    4963   13
    4964   13
    4965   13
    4966   13
    4967   13
    4968   13
    4969   13
    4970   13
    4971   13
    4972   13
    4973   13
    4974   13
    4975   13
    4976   13
    4977   13
    4978   14
    4979   14
    4980   14
    4981   14
    4982   14
    4983   14
    4984   14
    4985   14
    4986   14
    4987   14
    4988   14
    4989   14
    4990   14
    4991   14
    4992   14
    4993   13
    4994   13
    4995   13
    4996   13
    4997   13
    4998   13
    4999   13
    5000   13
