       1   10
       2   10
       3   10
       4    9
       5   10
       6   10
       7   10
       8   10
       9   10
      10   10
      11    6
      12    5
      13    1
      14    8
      15   10
      16   10
      17   10
      18   12
      19    7
      20    6
      21    1
      22    1
      23    1
      24    1
      25    1
      26    1
      27    1
      28   12
      29   10
      30   10
      31   10
      32   10
      33   10
      34   10
      35   10
      36    8
      37    6
      38    3
      39    5
      40    4
      41    4
      42    4
      43    4
      44    4
      45    4
      46    4
      47    4
      48    4
      49    1
      50    1
      51    1
      52    7
      53   12
      54   12
      55    7
      56    6
      57    6
      58    5
      59    6
      60    6
      61    5
      62    5
      63    5
      64    3
      65    1
      66    1
      67    1
      68    1
      69    2
      70    2
      71    5
      72    1
      73    6
      74    1
      75    1
      76    1
      77    3
      78    3
      79    3
      80    6
      81   12
      82   12
      83    8
      84    8
      85    8
      86    8
      87   12
      88   12
      89   12
      90   12
      91   10
      92   10
      93   10
      94   10
      95   10
      96   11
      97   11
      98   11
      99   11
     100    9
     101   10
     102   10
     103   10
     104   10
     105   10
     106   10
     107   10
     108   12
     109   12
     110   12
     111   12
     112   12
     113   12
     114   12
     115   12
     116    9
     117   10
     118   10
     119   10
     120   11
     121   11
     122   11
     123   11
     124   11
     125   11
     126   11
     127   11
     128   11
     129   11
     130   11
     131   11
     132   11
     133   11
     134   11
     135   11
     136   10
     137   10
     138   10
     139    9
     140   12
     141   12
     142   12
     143   12
     144   12
     145   10
     146    9
     147   10
     148   10
     149   10
     150   10
     151   10
     152   10
     153   10
     154   10
     155    9
     156   12
     157   12
     158   12
     159   12
     160   12
     161   12
     162   12
     163   12
     164   12
     165   12
     166   12
     167   11
     168   11
     169   11
     170   11
     171   11
     172   12
     173   12
     174    8
     175    7
     176   12
     177   12
     178   12
     179   12
     180   12
     181   12
     182   12
     183   12
     184   12
     185   12
     186   12
     187   12
     188   12
     189   12
     190   12
     191   12
     192   12
     193   12
     194   12
     195   12
     196   12
     197   12
     198   12
     199   12
     200   12
     201   12
     202   12
     203   12
     204   12
     205   12
     206   12
     207   12
     208   12
     209   12
     210   12
     211   12
     212   12
     213   12
     214   12
     215   12
     216   12
     217   12
     218   12
     219   12
     220   12
     221   12
     222   12
     223   12
     224   12
     225   12
     226   12
     227   12
     228   10
     229   10
     230   10
     231   10
     232   10
     233   10
     234   10
     235   10
     236   10
     237   13
     238   13
     239   13
     240   13
     241   13
     242   13
     243   13
     244   13
     245   13
     246   13
     247   13
     248   13
     249   13
     250   13
     251   13
     252   13
     253   13
     254   13
     255   13
     256   13
     257   13
     258   13
     259   13
     260   13
     261   13
     262   13
     263   13
     264   13
     265   13
     266   13
     267   13
     268   13
     269   13
     270   13
     271   13
     272   13
     273   13
     274   13
     275   13
     276   13
     277   13
     278   13
     279   13
     280   13
     281   13
     282   13
     283   13
     284   13
     285   13
     286   13
     287   13
     288   13
     289   13
     290   13
     291   13
     292   13
     293   13
     294   13
     295   13
     296   13
     297   13
     298   13
     299   13
     300   13
     301   13
     302   13
     303   13
     304   13
     305   13
     306   13
     307   13
     308   13
     309   13
     310   13
     311   13
     312   13
     313   13
     314   13
     315   13
     316   13
     317   13
     318   13
     319   13
     320   13
     321   13
     322   13
     323   13
     324   13
     325   13
     326   13
     327   13
     328   13
     329   13
     330   13
     331   13
     332   13
     333   13
     334   13
     335   13
     336   13
     337   13
     338   13
     339   13
     340   13
     341   13
     342   13
     343   13
     344   13
     345   13
     346   13
     347   13
     348   13
     349   13
     350   13
     351   13
     352   13
     353   13
     354   13
     355   13
     356   13
     357   13
     358   13
     359   13
     360   13
     361   13
     362   13
     363   13
     364   13
     365   13
     366   13
     367   13
     368   13
     369   13
     370   13
     371   13
     372   13
     373   13
     374   13
     375   13
     376   13
     377   13
     378   13
     379   13
     380   13
     381   13
     382   13
     383   13
     384   13
     385   13
     386   13
     387   13
     388   13
     389   13
     390   13
     391   13
     392   13
     393   13
     394   13
     395   13
     396   13
     397   13
     398   13
     399   13
     400   13
     401   13
     402   13
     403   13
     404   13
     405   13
     406   13
     407   13
     408   13
     409   13
     410   13
     411   13
     412   13
     413   13
     414   13
     415   13
     416   13
     417   13
     418   13
     419   13
     420   13
     421   13
     422   13
     423   13
     424   13
     425   13
     426   13
     427   13
     428   13
     429   13
     430   13
     431   13
     432   13
     433   13
     434   13
     435   13
     436   13
     437   13
     438   13
     439   13
     440   13
     441   13
     442   13
     443   13
     444   13
     445   13
     446   13
     447   13
     448   13
     449   13
     450   13
     451   13
     452   13
     453   13
     454   13
     455   13
     456   13
     457   13
     458   13
     459   13
     460   13
     461   13
     462   13
     463   13
     464   13
     465   13
     466   13
     467   13
     468   13
     469   13
     470   13
     471   13
     472   13
     473   13
     474   13
     475   13
     476   13
     477   14
     478   14
     479   13
     480   13
     481   13
     482   13
     483   13
     484   13
     485   13
     486   13
     487   13
     488   13
     489   13
     490   13
     491   13
     492   13
     493   13
     494   13
     495   13
     496   13
     497   13
     498   13
     499   13
     500   13
     501   13
     502   13
     503   13
     504   13
     505   13
     506   13
     507   13
     508   13
     509   13
     510   13
     511   13
     512   13
     513   13
     514   13
     515   13
     516   13
     517   13
     518   13
     519   13
     520   13
     521   13
     522   13
     523   13
     524   13
     525   13
     526   13
     527   13
     528   13
     529   13
     530   13
     531   13
     532   13
     533   13
     534   13
     535   13
     536   13
     537   13
     538   13
     539   13
     540   13
     541   13
     542   13
     543   13
     544   13
     545   13
     546   13
     547   13
     548   13
     549   13
     550   13
     551   13
     552   13
     553   13
     554   13
     555   13
     556   13
     557   13
     558   13
     559   13
     560   13
     561   13
     562   13
     563   13
     564   13
     565   13
     566   13
     567   13
     568   13
     569   13
     570   13
     571   13
     572   13
     573   13
     574   13
     575   13
     576   13
     577   13
     578   13
     579   13
     580   13
     581   13
     582   13
     583   13
     584   13
     585   13
     586   13
     587   13
     588   13
     589   13
     590   13
     591   13
     592   13
     593   13
     594   13
     595   13
     596   13
     597   13
     598   13
     599   13
     600   13
     601   13
     602   13
     603   13
     604   13
     605   13
     606   13
     607   13
     608   13
     609   13
     610   13
     611    9
     612   10
     613   10
     614   10
     615   10
     616   10
     617    6
     618    6
     619    3
     620    3
     621    3
     622    5
     623    5
     624    5
     625    6
     626    6
     627    3
     628    3
     629    3
     630    1
     631    4
     632    6
     633    6
     634    4
     635    4
     636    4
     637    4
     638    4
     639    4
     640    4
     641    4
     642    4
     643    4
     644    4
     645    4
     646    4
     647    4
     648    6
     649    5
     650    6
     651    5
     652    3
     653    1
     654    1
     655    1
     656    1
     657    1
     658    1
     659    1
     660    1
     661    1
     662    1
     663    1
     664    1
     665    1
     666    1
     667    1
     668    1
     669    1
     670    1
     671    1
     672   12
     673   12
     674   12
     675   12
     676   12
     677   10
     678   10
     679   10
     680   10
     681   10
     682   10
     683   10
     684   10
     685   10
     686   10
     687   10
     688   10
     689   10
     690   10
     691   12
     692    8
     693    6
     694    3
     695    1
     696    1
     697    1
     698    1
     699    1
     700    1
     701    1
     702    1
     703    1
     704    1
     705    1
     706   12
     707    7
     708    8
     709   12
     710   11
     711   11
     712   11
     713   11
     714   11
     715   11
     716   11
     717   11
     718   11
     719   10
     720   12
     721   12
     722   12
     723   12
     724   12
     725   12
     726   12
     727   12
     728   12
     729   13
     730   13
     731   13
     732   13
     733   13
     734   13
     735   13
     736   13
     737   13
     738   13
     739   13
     740   13
     741   12
     742   12
     743   12
     744   12
     745   12
     746   12
     747    6
     748    4
     749    4
     750    4
     751    4
     752   12
     753   12
     754   12
     755   12
     756   12
     757   12
     758   12
     759   12
     760   11
     761   11
     762   11
     763   10
     764   10
     765   10
     766   10
     767   10
     768   12
     769   12
     770   12
     771   12
     772   12
     773   12
     774   12
     775   12
     776   12
     777   12
     778   12
     779    8
     780   12
     781   12
     782   12
     783   12
     784   12
     785   12
     786   12
     787   12
     788   12
     789   12
     790   12
     791   12
     792   12
     793   12
     794   12
     795   12
     796   12
     797   12
     798   12
     799   12
     800   12
     801   12
     802   12
     803   12
     804   12
     805   12
     806   12
     807   12
     808   12
     809   12
     810   12
     811   12
     812   12
     813   12
     814   12
     815   12
     816   12
     817   10
     818   10
     819   10
     820   10
     821   10
     822   10
     823   10
     824   10
     825   10
     826   10
     827   10
     828   10
     829   10
     830   10
     831   10
     832   10
     833   10
     834   10
     835   11
     836   11
     837   11
     838   11
     839   11
     840   11
     841   11
     842   11
     843   11
     844   12
     845   12
     846   12
     847   12
     848   10
     849   10
     850   10
     851   10
     852   10
     853   10
     854   10
     855   10
     856   10
     857   10
     858   10
     859   10
     860   10
     861   10
     862   10
     863   10
     864   10
     865   10
     866   10
     867   10
     868   10
     869   10
     870   10
     871   10
     872   10
     873   10
     874   10
     875   10
     876   10
     877   10
     878   10
     879   10
     880   10
     881   10
     882   10
     883   10
     884   10
     885   10
     886   10
     887   10
     888   10
     889   10
     890   11
     891   11
     892   11
     893   10
     894   12
     895   12
     896    8
     897   10
     898   10
     899   10
     900   10
     901   10
     902   10
     903   10
     904   10
     905   10
     906   10
     907   10
     908   10
     909   10
     910   10
     911   10
     912   10
     913   10
     914   10
     915   10
     916   10
     917   10
     918   10
     919   10
     920   10
     921   10
     922   10
     923   10
     924   10
     925   10
     926   10
     927   10
     928   10
     929   10
     930   10
     931   10
     932   10
     933   10
     934   10
     935   10
     936   10
     937   10
     938   10
     939   10
     940   12
     941   12
     942   12
     943   12
     944   12
     945   12
     946   12
     947   12
     948   10
     949   10
     950   10
     951   10
     952   10
     953   10
     954   10
     955   10
     956   10
     957   10
     958   10
     959   10
     960   10
     961   10
     962   10
     963   10
     964   10
     965   10
     966   10
     967   11
     968   11
     969   11
     970   11
     971   10
     972   10
     973   10
     974   10
     975   12
     976   12
     977   12
     978   12
     979   12
     980    1
     981    6
     982   10
     983   10
     984   10
     985   10
     986   10
     987   12
     988   12
     989   12
     990    1
     991    3
     992    6
     993    9
     994   11
     995   11
     996   11
     997   11
     998   11
     999   11
    1000   11
    1001   11
    1002   11
    1003   11
    1004   11
    1005   11
    1006   11
    1007   11
    1008   11
    1009   11
    1010    8
    1011    8
    1012   12
    1013   11
    1014   11
    1015   11
    1016   11
    1017   11
    1018   10
    1019   10
    1020   10
    1021   10
    1022   10
    1023   11
    1024   11
    1025   11
    1026   11
    1027   11
    1028   11
    1029   11
    1030   11
    1031   12
    1032   12
    1033   12
    1034   12
    1035   12
    1036   12
    1037   12
    1038   12
    1039   12
    1040   12
    1041   12
    1042   12
    1043   12
    1044   12
    1045   12
    1046   12
    1047   12
    1048   12
    1049   12
    1050   12
    1051   12
    1052   12
    1053   12
    1054   12
    1055   12
    1056   12
    1057   12
    1058   12
    1059   12
    1060   12
    1061   12
    1062   10
    1063   10
    1064   10
    1065   10
    1066   10
    1067   10
    1068   10
    1069   10
    1070   10
    1071   11
    1072   11
    1073   11
    1074   11
    1075   10
    1076   10
    1077   10
    1078   10
    1079   10
    1080   10
    1081   10
    1082   10
    1083   10
    1084   10
    1085   10
    1086   10
    1087   10
    1088   10
    1089   10
    1090   10
    1091   10
    1092   10
    1093   10
    1094   10
    1095   10
    1096   10
    1097   10
    1098   11
    1099   11
    1100   11
    1101   11
    1102   11
    1103   11
    1104   11
    1105   12
    1106   12
    1107   12
    1108    7
    1109   12
    1110   12
    1111   12
    1112   12
    1113   12
    1114   12
    1115   12
    1116   12
    1117   12
    1118   12
    1119   12
    1120    8
    1121    8
    1122   12
    1123   12
    1124   12
    1125   12
    1126   12
    1127   12
    1128   12
    1129   12
    1130   12
    1131    8
    1132   12
    1133   11
    1134   11
    1135   11
    1136   11
    1137   11
    1138   11
    1139   10
    1140   10
    1141   10
    1142   10
    1143   10
    1144   10
    1145   10
    1146   10
    1147   10
    1148   10
    1149   10
    1150   10
    1151   10
    1152   10
    1153   10
    1154   10
    1155   10
    1156   10
    1157    7
    1158   10
    1159   10
    1160   10
    1161   10
    1162   10
    1163   10
    1164   10
    1165   10
    1166   10
    1167   11
    1168   11
    1169   11
    1170   11
    1171   11
    1172   11
    1173   11
    1174   11
    1175   11
    1176    9
    1177   10
    1178   10
    1179   10
    1180   10
    1181   10
    1182   10
    1183   13
    1184   13
    1185   13
    1186   13
    1187   13
    1188   13
    1189   13
    1190   13
    1191   13
    1192   13
    1193   13
    1194   13
    1195   13
    1196   13
    1197   13
    1198   13
    1199   13
    1200   13
    1201   13
    1202   13
    1203   13
    1204   13
    1205   13
    1206   13
    1207   12
    1208   12
    1209   12
    1210   12
    1211   12
    1212   12
    1213   12
    1214   12
    1215   12
    1216   12
    1217   12
    1218   12
    1219   12
    1220   12
    1221   12
    1222   12
    1223   12
    1224   12
    1225   12
    1226   10
    1227   10
    1228   12
    1229   12
    1230   12
    1231   10
    1232   10
    1233   10
    1234   10
    1235   10
    1236   10
    1237   10
    1238   10
    1239   10
    1240   10
    1241   10
    1242   10
    1243   10
    1244   10
    1245   10
    1246   10
    1247   10
    1248   10
    1249   10
    1250   11
    1251   11
    1252   11
    1253   11
    1254   11
    1255   12
    1256    8
    1257    8
    1258    8
    1259    7
    1260    8
    1261    8
    1262    7
    1263    8
    1264    8
    1265   11
    1266   11
    1267   11
    1268   11
    1269   11
    1270   11
    1271   11
    1272   11
    1273   11
    1274   11
    1275   11
    1276   11
    1277   11
    1278    9
    1279    1
    1280    1
    1281    3
    1282    3
    1283    1
    1284    1
    1285    1
    1286    1
    1287    1
    1288    1
    1289    5
    1290    3
    1291    6
    1292    1
    1293    1
    1294    3
    1295    3
    1296    5
    1297    6
    1298    3
    1299    5
    1300    1
    1301    1
    1302    1
    1303    8
    1304    8
    1305   12
    1306   12
    1307   12
    1308   12
    1309   12
    1310    7
    1311   12
    1312   10
    1313   10
    1314   11
    1315   11
    1316   11
    1317   11
    1318   11
    1319   11
    1320   10
    1321   10
    1322   10
    1323   11
    1324   11
    1325   10
    1326   12
    1327   12
    1328    7
    1329   12
    1330   11
    1331   11
    1332   11
    1333   11
    1334   11
    1335    9
    1336   11
    1337   11
    1338    9
    1339   11
    1340   11
    1341   11
    1342   11
    1343    9
    1344   10
    1345   10
    1346   10
    1347   10
    1348   10
    1349   10
    1350   10
    1351   10
    1352    6
    1353    5
    1354    3
    1355    5
    1356    3
    1357    3
    1358    1
    1359    3
    1360    1
    1361    3
    1362    3
    1363    3
    1364    3
    1365    3
    1366    1
    1367    1
    1368    1
    1369    1
    1370    1
    1371    1
    1372    1
    1373    1
    1374    1
    1375    1
    1376   12
    1377   12
    1378   12
    1379   12
    1380    8
    1381   12
    1382   11
    1383   11
    1384   11
    1385   11
    1386   11
    1387   11
    1388   11
    1389   10
    1390   10
    1391   10
    1392   12
    1393    6
    1394    3
    1395    1
    1396   12
    1397   12
    1398   12
    1399    8
    1400   12
    1401    9
    1402   11
    1403   11
    1404   11
    1405   11
    1406   11
    1407   11
    1408   11
    1409   11
    1410   11
    1411   11
    1412   11
    1413   11
    1414   11
    1415   11
    1416   11
    1417   11
    1418   11
    1419    7
    1420    8
    1421   12
    1422   12
    1423    8
    1424    8
    1425    7
    1426    8
    1427   12
    1428    8
    1429    8
    1430   12
    1431    8
    1432   12
    1433   12
    1434   12
    1435    7
    1436    8
    1437    1
    1438    1
    1439    1
    1440    1
    1441    1
    1442    4
    1443    6
    1444    6
    1445    4
    1446    4
    1447    3
    1448    1
    1449    1
    1450    1
    1451    1
    1452    1
    1453    1
    1454    1
    1455    7
    1456    1
    1457    1
    1458    8
    1459    8
    1460    7
    1461   12
    1462    8
    1463    7
    1464   12
    1465   12
    1466    7
    1467    8
    1468   10
    1469   10
    1470   10
    1471   10
    1472   10
    1473   10
    1474   10
    1475   11
    1476   11
    1477   11
    1478   11
    1479   11
    1480   11
    1481   11
    1482   11
    1483   11
    1484   10
    1485   10
    1486   10
    1487   10
    1488   10
    1489   12
    1490    7
    1491    8
    1492    1
    1493    1
    1494    1
    1495    3
    1496    6
    1497    1
    1498    1
    1499    6
    1500    2
    1501    2
    1502    7
    1503    8
    1504    8
    1505   12
    1506   12
    1507   12
    1508   12
    1509   12
    1510   12
    1511   12
    1512    8
    1513    7
    1514    7
    1515    8
    1516    8
    1517   10
    1518   10
    1519   10
    1520   10
    1521   10
    1522   10
    1523   10
    1524    8
    1525   12
    1526    8
    1527    7
    1528    8
    1529    8
    1530   12
    1531    8
    1532    8
    1533   11
    1534   11
    1535   12
    1536   12
    1537   12
    1538   12
    1539   12
    1540    8
    1541    8
    1542    8
    1543    7
    1544    7
    1545    7
    1546    8
    1547    8
    1548   12
    1549   12
    1550   12
    1551    8
    1552   12
    1553    6
    1554    6
    1555    1
    1556    1
    1557    1
    1558    2
    1559    5
    1560    1
    1561    1
    1562    1
    1563    1
    1564    1
    1565    1
    1566    6
    1567    6
    1568    7
    1569    8
    1570    8
    1571    8
    1572    8
    1573   10
    1574   10
    1575   10
    1576   10
    1577   10
    1578    9
    1579   11
    1580   11
    1581   11
    1582   11
    1583   11
    1584   11
    1585   11
    1586   11
    1587   11
    1588   11
    1589   11
    1590   11
    1591   11
    1592   11
    1593   11
    1594   11
    1595   11
    1596   11
    1597   12
    1598    8
    1599   12
    1600    8
    1601    8
    1602    7
    1603    7
    1604   12
    1605    8
    1606    7
    1607    6
    1608    1
    1609    1
    1610    1
    1611    7
    1612    6
    1613    5
    1614    1
    1615    1
    1616   12
    1617    8
    1618   12
    1619    8
    1620   12
    1621   12
    1622   10
    1623   10
    1624   12
    1625   12
    1626    8
    1627   12
    1628   12
    1629    1
    1630    5
    1631    6
    1632    6
    1633   12
    1634   12
    1635   12
    1636   12
    1637   12
    1638    1
    1639    1
    1640    1
    1641    1
    1642    1
    1643    1
    1644    3
    1645    3
    1646    6
    1647    8
    1648   12
    1649   12
    1650   12
    1651   15
    1652   15
    1653    8
    1654    7
    1655    7
    1656    7
    1657   12
    1658    8
    1659    7
    1660    8
    1661   12
    1662    8
    1663    8
    1664   15
    1665   15
    1666   15
    1667   15
    1668   15
    1669   10
    1670   10
    1671   10
    1672   10
    1673    8
    1674    8
    1675   15
    1676   15
    1677   15
    1678   15
    1679   12
    1680   10
    1681   10
    1682   10
    1683   10
    1684   10
    1685    6
    1686    1
    1687    1
    1688   12
    1689   12
    1690    8
    1691   10
    1692   10
    1693    8
    1694   10
    1695   10
    1696   10
    1697    9
    1698    8
    1699   10
    1700   10
    1701   10
    1702   12
    1703   12
    1704    8
    1705    8
    1706    8
    1707    8
    1708   12
    1709    6
    1710    5
    1711    3
    1712    3
    1713    1
    1714    3
    1715    1
    1716    3
    1717    1
    1718    3
    1719    3
    1720    3
    1721    1
    1722    3
    1723    3
    1724    3
    1725    3
    1726    3
    1727    3
    1728    3
    1729    3
    1730    3
    1731    3
    1732    6
    1733   10
    1734   10
    1735   10
    1736   12
    1737   12
    1738    8
    1739    8
    1740    1
    1741    1
    1742    1
    1743    6
    1744   12
    1745   12
    1746   12
    1747   12
    1748    1
    1749    1
    1750    1
    1751    3
    1752    3
    1753    6
    1754   15
    1755   15
    1756   15
    1757   15
    1758    8
    1759   10
    1760   10
    1761   10
    1762   10
    1763   12
    1764    8
    1765    7
    1766   15
    1767   15
    1768   15
    1769   15
    1770   15
    1771   15
    1772   15
    1773   15
    1774   15
    1775   15
    1776    8
    1777    8
    1778    7
    1779    8
    1780   15
    1781   15
    1782   15
    1783   15
    1784   15
    1785   15
    1786   10
    1787   10
    1788   10
    1789   13
    1790   13
    1791   13
    1792   13
    1793   13
    1794   13
    1795   13
    1796   13
    1797   13
    1798   13
    1799   13
    1800   13
    1801   13
    1802   13
    1803   13
    1804   13
    1805   13
    1806   13
    1807   13
    1808   13
    1809   13
    1810   13
    1811   13
    1812   13
    1813   13
    1814   13
    1815   13
    1816   13
    1817   13
    1818   13
    1819   13
    1820   13
    1821   13
    1822   13
    1823   13
    1824   13
    1825   13
    1826   13
    1827   13
    1828   13
    1829   13
    1830   13
    1831   13
    1832   13
    1833   13
    1834   13
    1835   13
    1836   13
    1837   13
    1838   13
    1839   13
    1840   13
    1841   13
    1842   13
    1843   13
    1844   13
    1845   13
    1846   13
    1847   13
    1848   13
    1849   13
    1850   13
    1851   13
    1852   13
    1853   13
    1854   13
    1855   13
    1856   13
    1857   13
    1858   13
    1859   13
    1860   13
    1861   13
    1862   13
    1863   13
    1864   13
    1865   13
    1866   13
    1867   13
    1868   13
    1869   13
    1870   13
    1871   13
    1872   13
    1873   13
    1874   13
    1875   13
    1876   13
    1877   13
    1878    8
    1879   13
    1880   13
    1881   13
    1882   13
    1883   13
    1884   13
    1885   13
    1886   13
    1887   13
    1888   13
    1889   13
    1890   13
    1891   13
    1892   13
    1893   13
    1894   13
    1895   13
    1896   13
    1897   14
    1898   14
    1899   13
    1900   13
    1901   13
    1902   13
    1903   13
    1904   13
    1905   13
    1906   13
    1907   13
    1908   13
    1909   13
    1910   13
    1911   13
    1912   13
    1913   13
    1914   13
    1915   13
    1916   13
    1917   13
    1918   13
    1919   13
    1920   13
    1921   13
    1922   13
    1923   13
    1924   13
    1925   13
    1926   13
    1927   13
    1928   13
    1929   13
    1930   13
    1931   13
    1932   13
    1933   13
    1934   13
    1935   13
    1936   13
    1937   13
    1938   13
    1939   13
    1940   13
    1941   13
    1942   13
    1943   13
    1944   13
    1945   13
    1946   13
    1947   13
    1948   13
    1949   13
    1950   13
    1951   13
    1952   13
    1953   13
    1954   13
    1955   13
    1956   13
    1957   13
    1958   13
    1959   13
    1960   13
    1961   13
    1962   14
    1963   14
    1964   14
    1965   14
    1966   14
    1967   14
    1968   13
    1969   13
    1970   13
    1971   13
    1972   13
    1973   13
    1974   13
    1975   13
    1976   13
    1977   13
    1978   13
    1979   13
    1980   13
    1981   13
    1982   13
    1983   13
    1984   13
    1985   13
    1986   13
    1987   13
    1988   13
    1989   13
    1990   13
    1991   14
    1992   14
    1993   14
    1994   14
    1995   14
    1996   14
    1997   13
    1998   13
    1999   13
    2000   13
    2001   13
    2002   13
    2003   13
    2004   13
    2005   13
    2006   13
    2007   13
    2008   13
    2009   13
    2010   13
    2011   13
    2012   13
    2013   13
    2014   13
    2015   13
    2016   13
    2017   13
    2018   13
    2019   13
    2020   13
    2021   13
    2022   13
    2023   13
    2024   13
    2025   13
    2026   13
    2027   13
    2028   14
    2029   14
    2030   13
    2031   13
    2032   13
    2033   13
    2034   13
    2035   13
    2036   13
    2037   13
    2038   13
    2039   13
    2040   13
    2041   13
    2042   13
    2043   13
    2044   13
    2045   13
    2046   13
    2047   13
    2048   13
    2049   13
    2050   13
    2051   13
    2052   13
    2053   13
    2054   13
    2055   13
    2056   13
    2057   13
    2058   13
    2059   13
    2060   13
    2061   13
    2062   13
    2063   13
    2064   13
    2065   13
    2066   13
    2067   13
    2068   13
    2069   13
    2070   13
    2071   13
    2072   13
    2073   13
    2074   13
    2075   13
    2076   13
    2077   13
    2078   13
    2079   13
    2080   13
    2081   13
    2082   13
    2083   13
    2084   13
    2085   13
    2086   13
    2087   13
    2088   13
    2089   13
    2090   13
    2091   13
    2092   13
    2093   13
    2094   13
    2095   13
    2096   13
    2097   13
    2098   13
    2099   13
    2100   13
    2101   13
    2102   13
    2103   13
    2104   13
    2105   13
    2106   14
    2107   14
    2108   14
    2109   14
    2110   13
    2111   13
    2112   13
    2113   13
    2114   13
    2115   13
    2116   13
    2117   13
    2118   13
    2119   13
    2120   13
    2121   13
    2122   13
    2123   13
    2124   13
    2125   13
    2126   13
    2127   13
    2128   13
    2129   13
    2130   13
    2131   13
    2132   13
    2133   13
    2134   13
    2135   13
    2136   13
    2137   13
    2138   13
    2139   13
    2140   13
    2141   13
    2142   13
    2143   13
    2144   13
    2145   13
    2146   13
    2147   13
    2148   13
    2149   13
    2150   13
    2151   13
    2152   13
    2153   13
    2154   13
    2155   13
    2156   13
    2157   13
    2158   13
    2159   13
    2160   13
    2161   13
    2162   13
    2163   13
    2164   13
    2165   13
    2166   13
    2167   13
    2168   13
    2169   13
    2170   13
    2171   13
    2172   13
    2173   13
    2174   13
    2175   13
    2176   13
    2177   13
    2178   13
    2179   13
    2180   13
    2181   13
    2182   14
    2183   14
    2184   14
    2185   14
    2186   14
    2187   14
    2188   13
    2189   13
    2190   13
    2191   13
    2192   13
    2193   13
    2194   13
    2195   13
    2196   13
    2197   13
    2198   13
    2199   13
    2200   13
    2201   13
    2202   13
    2203   13
    2204   13
    2205   13
    2206   13
    2207   13
    2208   13
    2209   14
    2210   14
    2211   14
    2212   14
    2213   14
    2214   14
    2215   13
    2216   13
    2217   13
    2218   13
    2219   13
    2220   13
    2221   13
    2222   13
    2223   13
    2224   13
    2225   13
    2226   13
    2227   13
    2228   13
    2229   13
    2230   13
    2231   13
    2232   13
    2233   13
    2234   13
    2235   13
    2236   13
    2237   13
    2238   13
    2239   13
    2240   13
    2241   13
    2242   13
    2243   13
    2244   13
    2245   13
    2246   13
    2247   13
    2248   13
    2249   13
    2250   13
    2251   13
    2252   13
    2253   13
    2254   13
    2255   13
    2256   13
    2257   13
    2258   13
    2259   13
    2260   13
    2261   13
    2262   13
    2263   13
    2264   13
    2265   13
    2266   13
    2267   13
    2268   13
    2269   13
    2270   13
    2271   13
    2272   13
    2273   13
    2274   13
    2275   13
    2276   13
    2277   13
    2278   13
    2279   13
    2280   13
    2281   13
    2282   13
    2283   14
    2284   14
    2285   14
    2286   14
    2287   14
    2288   14
    2289   13
    2290   13
    2291   13
    2292   13
    2293   13
    2294   13
    2295   13
    2296   13
    2297   13
    2298   13
    2299   13
    2300   13
    2301   13
    2302   13
    2303   13
    2304   13
    2305   13
    2306   13
    2307   13
    2308   13
    2309   13
    2310   13
    2311   13
    2312   13
    2313   13
    2314   13
    2315   13
    2316   13
    2317   13
    2318   13
    2319   13
    2320   13
    2321   13
    2322   13
    2323   13
    2324   13
    2325   13
    2326   13
    2327   13
    2328   13
    2329   13
    2330   13
    2331   13
    2332   13
    2333   13
    2334   13
    2335   13
    2336   13
    2337   13
    2338   13
    2339   13
    2340   13
    2341   13
    2342   13
    2343   13
    2344   13
    2345   13
    2346   13
    2347   13
    2348   13
    2349   13
    2350   13
    2351   13
    2352   13
    2353   13
    2354   13
    2355   13
    2356   13
    2357   13
    2358   13
    2359   13
    2360   13
    2361   13
    2362   13
    2363   13
    2364   13
    2365   13
    2366   13
    2367   13
    2368   13
    2369   13
    2370   13
    2371   13
    2372   13
    2373   13
    2374   13
    2375   13
    2376   13
    2377   13
    2378   13
    2379   13
    2380   13
    2381   13
    2382   13
    2383   13
    2384   13
    2385   13
    2386   13
    2387   13
    2388   13
    2389   13
    2390   13
    2391   13
    2392   13
    2393   13
    2394   13
    2395   13
    2396   13
    2397   13
    2398   13
    2399   13
    2400   13
    2401   13
    2402   13
    2403   13
    2404   13
    2405   13
    2406   13
    2407   13
    2408   13
    2409   13
    2410   13
    2411   13
    2412   13
    2413   13
    2414   13
    2415   13
    2416   13
    2417   13
    2418   13
    2419   13
    2420   13
    2421   13
    2422   13
    2423   13
    2424   13
    2425   13
    2426   13
    2427   13
    2428   13
    2429   13
    2430   13
    2431   13
    2432   13
    2433   13
    2434   13
    2435   13
    2436   13
    2437   13
    2438   13
    2439   13
    2440   13
    2441   13
    2442   13
    2443   13
    2444   13
    2445   13
    2446   13
    2447   13
    2448   13
    2449   13
    2450   13
    2451   13
    2452   13
    2453   13
    2454   13
    2455   13
    2456   13
    2457   13
    2458   13
    2459   13
    2460   13
    2461   13
    2462   13
    2463   13
    2464   13
    2465   13
    2466   13
    2467   13
    2468   13
    2469   13
    2470   13
    2471   13
    2472   13
    2473   13
    2474   13
    2475   13
    2476   13
    2477   13
    2478   13
    2479   13
    2480   13
    2481   13
    2482   13
    2483   13
    2484   13
    2485   13
    2486   13
    2487   13
    2488   13
    2489   13
    2490   13
    2491   13
    2492   13
    2493   13
    2494   13
    2495   13
    2496   13
    2497   13
    2498   13
    2499   13
    2500   13
    2501   13
    2502   13
    2503   13
    2504   13
    2505   13
    2506   13
    2507   13
    2508   13
    2509   13
    2510   13
    2511   13
    2512   13
    2513   13
    2514   13
    2515   13
    2516   13
    2517   13
    2518   13
    2519   14
    2520   14
    2521   14
    2522   14
    2523   14
    2524   14
    2525   13
    2526   13
    2527   13
    2528   13
    2529   13
    2530   13
    2531   13
    2532   13
    2533   13
    2534   13
    2535   13
    2536   13
    2537   13
    2538   13
    2539   13
    2540   13
    2541   13
    2542   13
    2543   13
    2544   13
    2545   13
    2546   13
    2547   13
    2548   13
    2549   13
    2550   13
    2551   13
    2552   13
    2553   13
    2554   13
    2555   13
    2556   13
    2557   13
    2558   13
    2559   13
    2560   13
    2561   13
    2562   13
    2563   13
    2564   13
    2565   13
    2566   13
    2567   13
    2568   13
    2569   13
    2570   13
    2571   13
    2572   13
    2573   14
    2574   14
    2575   14
    2576   14
    2577   14
    2578   13
    2579   13
    2580   13
    2581   13
    2582   13
    2583   13
    2584   13
    2585   13
    2586   13
    2587   13
    2588   13
    2589   13
    2590   13
    2591   13
    2592   13
    2593   13
    2594   13
    2595   13
    2596   13
    2597   13
    2598   13
    2599   13
    2600   13
    2601   13
    2602   13
    2603   13
    2604   13
    2605   13
    2606   13
    2607   13
    2608   13
    2609   13
    2610   13
    2611   13
    2612   13
    2613   13
    2614   13
    2615   13
    2616   13
    2617   13
    2618   13
    2619   14
    2620   14
    2621   14
    2622   14
    2623   14
    2624   14
    2625   14
    2626   13
    2627   13
    2628   13
    2629   13
    2630   13
    2631   13
    2632    8
    2633   13
    2634   13
    2635   13
    2636   13
    2637   13
    2638   13
    2639   13
    2640   13
    2641   13
    2642   13
    2643   13
    2644   13
    2645   13
    2646   13
    2647   13
    2648   13
    2649   13
    2650   13
    2651   13
    2652   13
    2653   13
    2654   13
    2655   13
    2656   13
    2657   13
    2658   13
    2659   13
    2660   13
    2661   13
    2662   13
    2663   13
    2664   13
    2665   13
    2666   13
    2667   13
    2668   13
    2669   13
    2670   13
    2671   13
    2672   13
    2673   13
    2674   13
    2675   13
    2676   13
    2677   13
    2678   13
    2679   13
    2680   13
    2681   13
    2682   13
    2683   13
    2684   13
    2685   13
    2686   13
    2687   13
    2688   13
    2689   13
    2690   14
    2691   14
    2692   14
    2693   14
    2694   13
    2695   13
    2696   13
    2697   13
    2698   13
    2699   13
    2700   13
    2701   13
    2702   13
    2703   13
    2704   13
    2705   13
    2706   13
    2707   13
    2708   13
    2709   13
    2710   13
    2711   13
    2712   13
    2713   13
    2714   13
    2715   13
    2716   13
    2717   13
    2718   13
    2719   13
    2720   13
    2721   13
    2722   13
    2723   13
    2724   13
    2725   13
    2726   13
    2727   13
    2728   13
    2729   13
    2730   13
    2731   13
    2732   13
    2733   13
    2734   13
    2735   13
    2736   13
    2737   13
    2738   13
    2739   13
    2740   13
    2741   13
    2742   13
    2743   13
    2744   13
    2745   13
    2746   13
    2747   13
    2748   13
    2749   13
    2750   13
    2751   13
    2752   13
    2753   13
    2754   13
    2755   13
    2756   13
    2757   13
    2758   13
    2759   13
    2760   13
    2761   13
    2762   13
    2763   13
    2764   13
    2765   13
    2766   13
    2767   13
    2768   13
    2769   13
    2770   13
    2771   13
    2772   13
    2773   13
    2774   14
    2775   14
    2776   14
    2777   14
    2778   13
    2779   13
    2780   13
    2781   13
    2782   13
    2783   13
    2784   13
    2785   13
    2786   13
    2787   13
    2788   13
    2789   13
    2790   13
    2791   13
    2792   13
    2793   13
    2794   13
    2795   13
    2796   13
    2797   13
    2798   13
    2799   13
    2800   13
    2801   13
    2802   13
    2803   13
    2804   13
    2805   13
    2806   13
    2807   13
    2808   13
    2809   13
    2810   13
    2811   13
    2812   13
    2813   13
    2814   13
    2815   13
    2816   13
    2817   13
    2818   13
    2819   13
    2820   13
    2821   13
    2822   13
    2823   13
    2824   13
    2825   13
    2826   13
    2827   13
    2828   13
    2829   13
    2830   13
    2831   13
    2832   13
    2833   13
    2834   13
    2835   13
    2836   13
    2837   13
    2838   13
    2839   13
    2840   13
    2841   13
    2842   13
    2843   13
    2844   13
    2845   13
    2846   13
    2847   13
    2848   13
    2849   13
    2850   13
    2851   13
    2852   13
    2853   13
    2854   13
    2855   13
    2856   13
    2857   14
    2858   14
    2859   14
    2860   14
    2861   14
    2862   14
    2863   13
    2864   13
    2865   13
    2866   13
    2867   13
    2868   13
    2869   13
    2870   13
    2871   13
    2872   13
    2873   13
    2874   13
    2875   13
    2876   13
    2877   13
    2878   13
    2879   13
    2880   13
    2881   13
    2882   13
    2883   13
    2884   13
    2885   13
    2886   13
    2887   13
    2888   13
    2889   13
    2890   13
    2891   13
    2892   13
    2893   13
    2894   13
    2895   13
    2896   14
    2897   14
    2898   14
    2899   13
    2900   13
    2901   13
    2902   13
    2903   13
    2904   13
    2905   13
    2906   13
    2907   13
    2908   13
    2909   13
    2910   13
    2911   13
    2912   13
    2913   13
    2914   13
    2915   13
    2916   13
    2917   13
    2918   13
    2919   13
    2920   13
    2921   13
    2922   13
    2923   13
    2924   14
    2925   14
    2926   13
    2927   13
    2928   13
    2929   13
    2930   13
    2931   13
    2932   13
    2933   13
    2934   13
    2935   13
    2936   13
    2937   13
    2938   13
    2939   13
    2940   13
    2941   13
    2942   13
    2943   13
    2944   13
    2945   13
    2946   13
    2947   13
    2948   13
    2949   13
    2950   13
    2951   13
    2952   13
    2953   13
    2954   13
    2955   13
    2956   13
    2957   13
    2958   13
    2959   13
    2960   13
    2961   13
    2962   13
    2963   13
    2964   13
    2965   13
    2966   13
    2967   13
    2968   13
    2969   13
    2970   13
    2971   13
    2972   13
    2973   13
    2974   13
    2975   13
    2976   13
    2977   13
    2978   13
    2979   13
    2980   13
    2981   13
    2982   13
    2983   13
    2984   13
    2985   13
    2986   13
    2987   13
    2988   13
    2989   13
    2990   13
    2991   13
    2992   13
    2993   13
    2994   13
    2995   13
    2996   13
    2997   13
    2998   13
    2999   13
    3000   13
    3001   13
    3002   13
    3003   13
    3004   13
    3005   13
    3006   13
    3007   13
    3008   13
    3009   13
    3010   13
    3011   13
    3012   13
    3013   13
    3014   13
    3015   13
    3016   13
    3017   13
    3018   13
    3019   13
    3020   13
    3021   13
    3022   13
    3023   13
    3024   13
    3025   13
    3026   13
    3027   13
    3028   13
    3029   13
    3030   13
    3031   13
    3032   13
    3033   13
    3034   13
    3035   13
    3036   13
    3037   13
    3038   13
    3039   13
    3040   13
    3041   13
    3042   13
    3043   13
    3044   13
    3045   13
    3046   13
    3047   13
    3048   13
    3049   13
    3050   13
    3051   13
    3052   13
    3053   13
    3054   13
    3055   13
    3056   13
    3057   13
    3058   13
    3059   13
    3060   13
    3061   13
    3062   13
    3063   13
    3064   13
    3065   13
    3066   13
    3067   13
    3068   13
    3069   13
    3070   13
    3071   13
    3072   13
    3073   13
    3074   13
    3075   13
    3076   13
    3077   13
    3078   13
    3079   13
    3080   13
    3081   13
    3082   13
    3083   13
    3084   13
    3085   13
    3086   13
    3087   13
    3088   13
    3089   13
    3090   13
    3091   13
    3092   13
    3093   13
    3094   13
    3095   13
    3096   13
    3097   13
    3098   13
    3099   13
    3100   13
    3101   13
    3102   13
    3103   13
    3104   13
    3105   13
    3106   13
    3107   13
    3108   13
    3109   13
    3110   13
    3111   13
    3112   13
    3113   13
    3114   13
    3115   13
    3116   13
    3117   13
    3118   13
    3119   13
    3120   13
    3121   13
    3122   13
    3123   13
    3124   13
    3125   13
    3126   13
    3127   13
    3128   13
    3129   13
    3130   13
    3131   13
    3132   13
    3133   13
    3134   13
    3135   13
    3136   13
    3137   13
    3138   13
    3139   13
    3140    8
    3141    8
    3142   15
    3143   15
    3144   15
    3145   15
    3146   15
    3147   15
    3148   15
    3149   15
    3150   15
    3151   15
    3152   15
    3153   15
    3154   15
    3155   15
    3156   15
    3157   15
    3158   15
    3159   15
    3160    7
    3161   15
    3162   15
    3163    8
    3164   12
    3165   12
    3166    8
    3167   12
    3168    8
    3169    8
    3170   12
    3171   12
    3172   12
    3173   12
    3174   12
    3175   12
    3176   12
    3177   12
    3178   12
    3179   12
    3180   10
    3181   10
    3182   10
    3183   10
    3184   10
    3185   10
    3186   10
    3187   10
    3188   10
    3189   12
    3190   12
    3191   12
    3192   12
    3193   12
    3194   12
    3195   12
    3196   12
    3197   12
    3198   12
    3199   12
    3200   12
    3201    8
    3202   12
    3203   12
    3204   12
    3205   12
    3206   12
    3207   12
    3208   12
    3209   12
    3210   12
    3211   12
    3212   12
    3213   12
    3214   12
    3215   12
    3216   10
    3217   10
    3218   10
    3219   12
    3220   12
    3221   12
    3222   12
    3223   12
    3224   12
    3225   12
    3226   12
    3227   12
    3228   12
    3229   12
    3230   12
    3231   12
    3232   11
    3233   11
    3234   11
    3235   11
    3236   12
    3237   12
    3238   12
    3239   12
    3240   12
    3241   12
    3242   12
    3243   12
    3244   12
    3245   12
    3246   12
    3247   12
    3248   12
    3249   10
    3250   10
    3251   10
    3252   10
    3253   10
    3254   10
    3255   10
    3256   10
    3257   10
    3258   10
    3259   10
    3260   10
    3261   10
    3262   10
    3263   10
    3264   10
    3265   10
    3266   10
    3267   10
    3268   10
    3269   10
    3270   10
    3271   10
    3272   12
    3273   12
    3274   12
    3275   12
    3276   12
    3277   12
    3278   12
    3279   10
    3280   12
    3281   12
    3282   12
    3283   12
    3284   12
    3285   12
    3286   12
    3287   12
    3288    9
    3289   12
    3290   12
    3291   11
    3292   11
    3293   11
    3294   11
    3295   11
    3296   11
    3297   11
    3298   11
    3299   11
    3300   11
    3301   11
    3302    9
    3303   11
    3304   12
    3305   12
    3306   12
    3307   12
    3308   12
    3309    8
    3310    7
    3311    8
    3312   12
    3313   12
    3314   12
    3315   12
    3316    7
    3317    6
    3318    3
    3319    1
    3320   12
    3321    8
    3322   12
    3323   12
    3324    8
    3325   12
    3326   12
    3327    6
    3328    5
    3329    1
    3330    6
    3331    1
    3332    1
    3333    1
    3334   12
    3335   12
    3336   12
    3337    8
    3338    7
    3339    7
    3340   12
    3341   12
    3342   12
    3343   12
    3344    4
    3345    5
    3346    7
    3347    8
    3348   12
    3349   12
    3350    1
    3351    1
    3352    1
    3353    1
    3354    5
    3355    5
    3356    5
    3357    6
    3358   15
    3359   15
    3360   15
    3361   15
    3362   15
    3363   15
    3364   15
    3365   12
    3366   12
    3367    1
    3368    1
    3369    1
    3370    1
    3371    3
    3372    6
    3373    7
    3374   12
    3375    8
    3376    8
    3377   12
    3378   12
    3379   12
    3380   12
    3381    7
    3382    7
    3383    5
    3384    1
    3385    8
    3386    7
    3387    7
    3388    8
    3389   12
    3390   10
    3391    9
    3392    2
    3393    6
    3394    5
    3395    1
    3396    7
    3397    8
    3398   12
    3399    9
    3400   10
    3401    8
    3402    8
    3403    8
    3404   12
    3405   12
    3406    8
    3407    8
    3408   12
    3409    7
    3410    8
    3411    8
    3412    6
    3413    3
    3414    3
    3415    3
    3416    1
    3417    3
    3418    3
    3419    3
    3420    1
    3421    1
    3422    1
    3423    1
    3424    1
    3425    1
    3426   12
    3427   12
    3428    6
    3429    5
    3430    3
    3431    1
    3432    1
    3433    1
    3434    1
    3435    1
    3436    1
    3437    5
    3438    6
    3439    6
    3440    6
    3441    5
    3442    4
    3443    6
    3444    7
    3445    6
    3446    1
    3447    1
    3448    8
    3449   12
    3450    7
    3451    8
    3452    6
    3453    1
    3454    5
    3455    6
    3456    6
    3457    8
    3458    8
    3459    8
    3460    7
    3461   12
    3462    6
    3463    1
    3464    1
    3465   12
    3466   12
    3467    8
    3468    8
    3469    8
    3470   10
    3471   10
    3472    9
    3473   12
    3474   12
    3475   10
    3476   10
    3477   10
    3478   10
    3479   10
    3480   10
    3481   10
    3482   10
    3483   10
    3484   10
    3485    9
    3486    9
    3487   11
    3488   11
    3489   11
    3490   11
    3491    9
    3492    9
    3493    9
    3494    2
    3495    2
    3496    2
    3497    2
    3498    5
    3499    5
    3500    3
    3501    3
    3502    6
    3503    6
    3504    8
    3505   12
    3506   12
    3507    8
    3508    8
    3509    8
    3510    8
    3511    6
    3512    6
    3513    2
    3514    2
    3515    2
    3516    2
    3517   12
    3518    4
    3519    6
    3520    4
    3521    3
    3522    3
    3523    3
    3524    3
    3525    3
    3526    3
    3527    3
    3528    3
    3529    1
    3530    1
    3531    1
    3532    1
    3533    1
    3534    1
    3535    7
    3536   12
    3537   12
    3538    6
    3539    5
    3540    6
    3541    1
    3542    1
    3543    1
    3544   12
    3545   12
    3546   12
    3547    3
    3548    3
    3549    3
    3550    6
    3551    1
    3552    1
    3553    1
    3554    5
    3555    1
    3556    1
    3557    1
    3558    1
    3559    1
    3560    1
    3561    6
    3562    5
    3563    6
    3564    4
    3565    4
    3566    5
    3567    5
    3568    6
    3569    8
    3570   12
    3571   12
    3572    2
    3573    6
    3574   12
    3575    6
    3576    6
    3577    3
    3578    5
    3579    5
    3580    1
    3581    6
    3582    2
    3583    2
    3584    5
    3585    6
    3586    3
    3587    1
    3588    1
    3589    1
    3590    2
    3591    2
    3592    2
    3593    6
    3594    6
    3595    1
    3596    1
    3597    1
    3598    5
    3599    5
    3600    6
    3601    8
    3602    8
    3603    8
    3604    8
    3605    7
    3606    8
    3607    8
    3608   12
    3609    8
    3610    8
    3611    6
    3612    3
    3613    1
    3614    1
    3615    1
    3616    1
    3617    1
    3618    1
    3619    5
    3620    1
    3621    5
    3622    6
    3623    6
    3624    6
    3625    6
    3626    3
    3627    3
    3628    3
    3629    3
    3630    3
    3631    3
    3632    3
    3633    3
    3634    3
    3635    6
    3636    3
    3637    3
    3638    1
    3639    1
    3640    1
    3641    1
    3642    1
    3643    1
    3644    1
    3645    3
    3646    3
    3647    3
    3648    3
    3649    3
    3650    3
    3651    3
    3652    3
    3653    1
    3654    1
    3655    6
    3656    5
    3657    1
    3658    1
    3659    6
    3660    3
    3661    3
    3662    1
    3663    5
    3664    5
    3665    3
    3666    1
    3667    1
    3668    6
    3669    6
    3670    1
    3671    1
    3672    1
    3673    1
    3674    1
    3675    1
    3676    1
    3677    1
    3678    1
    3679   12
    3680   12
    3681   11
    3682    8
    3683    7
    3684   10
    3685   10
    3686   10
    3687   10
    3688   10
    3689   10
    3690   10
    3691   10
    3692   10
    3693   10
    3694   10
    3695   10
    3696   10
    3697   10
    3698   10
    3699   10
    3700   10
    3701   10
    3702   10
    3703   10
    3704   12
    3705   12
    3706   10
    3707   10
    3708   12
    3709   12
    3710   12
    3711   12
    3712    7
    3713   12
    3714    7
    3715   12
    3716   12
    3717   12
    3718   12
    3719   12
    3720   12
    3721   12
    3722   12
    3723   12
    3724   10
    3725   10
    3726   10
    3727   10
    3728   10
    3729   10
    3730   10
    3731   10
    3732   10
    3733   10
    3734   10
    3735   10
    3736   10
    3737   10
    3738   10
    3739   10
    3740   10
    3741   10
    3742   10
    3743   10
    3744   10
    3745   11
    3746   11
    3747   12
    3748   12
    3749   12
    3750   12
    3751    8
    3752    8
    3753    7
    3754    8
    3755    8
    3756    8
    3757    8
    3758    8
    3759    8
    3760    8
    3761    8
    3762    8
    3763   12
    3764   10
    3765    8
    3766   11
    3767   11
    3768   10
    3769   10
    3770   10
    3771   10
    3772   10
    3773   10
    3774   10
    3775    6
    3776   12
    3777   12
    3778   12
    3779   12
    3780   12
    3781   12
    3782   12
    3783   12
    3784   12
    3785   12
    3786   12
    3787   12
    3788   12
    3789   12
    3790   12
    3791   12
    3792   12
    3793   12
    3794   12
    3795   12
    3796   12
    3797   12
    3798    8
    3799   12
    3800   12
    3801   12
    3802   12
    3803    8
    3804    7
    3805   12
    3806   12
    3807   12
    3808   12
    3809   12
    3810   12
    3811   12
    3812   12
    3813   12
    3814    1
    3815    1
    3816   12
    3817   12
    3818   12
    3819   12
    3820   12
    3821   12
    3822   12
    3823   12
    3824   11
    3825   11
    3826   12
    3827    9
    3828   12
    3829    1
    3830    1
    3831    3
    3832    5
    3833    6
    3834    3
    3835    3
    3836    3
    3837    1
    3838    1
    3839    1
    3840    1
    3841    6
    3842   12
    3843   12
    3844    6
    3845    4
    3846   12
    3847   12
    3848   12
    3849   12
    3850    8
    3851   12
    3852   12
    3853   12
    3854   12
    3855   12
    3856   12
    3857   12
    3858   12
    3859   12
    3860    8
    3861   12
    3862   12
    3863   12
    3864   12
    3865   12
    3866   12
    3867   12
    3868    7
    3869    6
    3870    1
    3871    5
    3872    6
    3873    5
    3874    6
    3875    5
    3876    1
    3877    1
    3878    1
    3879    1
    3880    5
    3881    3
    3882    1
    3883    6
    3884    7
    3885   12
    3886    7
    3887    7
    3888    8
    3889   15
    3890   15
    3891    6
    3892    3
    3893    3
    3894    3
    3895    6
    3896    1
    3897    1
    3898    1
    3899    1
    3900   12
    3901   12
    3902    8
    3903    8
    3904   15
    3905   15
    3906    8
    3907   12
    3908   12
    3909    8
    3910   12
    3911    8
    3912    7
    3913    8
    3914   15
    3915   15
    3916   15
    3917   15
    3918   15
    3919    6
    3920    6
    3921    3
    3922    3
    3923    3
    3924    5
    3925    5
    3926    4
    3927    4
    3928    3
    3929    3
    3930    3
    3931    3
    3932    1
    3933    1
    3934    1
    3935    1
    3936    1
    3937    1
    3938    1
    3939    1
    3940    1
    3941    1
    3942    1
    3943    1
    3944    1
    3945    1
    3946    1
    3947    1
    3948    1
    3949    1
    3950    1
    3951    6
    3952    6
    3953    1
    3954    1
    3955    3
    3956    3
    3957    6
    3958    8
    3959    6
    3960    4
    3961    4
    3962   12
    3963   12
    3964    1
    3965    1
    3966    1
    3967   12
    3968   12
    3969    7
    3970   12
    3971   12
    3972   12
    3973   12
    3974    1
    3975    1
    3976   12
    3977   12
    3978   12
    3979    7
    3980    1
    3981    1
    3982    1
    3983    1
    3984    1
    3985    1
    3986    1
    3987    1
    3988    1
    3989   12
    3990   12
    3991    1
    3992    1
    3993    1
    3994    1
    3995   12
    3996   11
    3997   11
    3998   11
    3999   11
    4000    9
    4001   12
    4002   12
    4003   12
    4004   12
    4005   12
    4006   12
    4007   12
    4008   12
    4009    1
    4010    1
    4011    1
    4012    1
    4013    1
    4014    1
    4015    4
    4016    4
    4017    4
    4018    4
    4019    6
    4020    7
    4021   12
    4022   12
    4023    8
    4024   15
    4025   15
    4026   15
    4027   15
    4028   15
    4029    6
    4030    3
    4031    1
    4032    1
    4033    1
    4034    1
    4035    1
    4036    1
    4037    1
    4038    2
    4039    2
    4040   12
    4041   11
    4042   11
    4043   11
    4044   11
    4045   11
    4046   11
    4047   12
    4048   12
    4049    1
    4050    1
    4051    1
    4052    1
    4053    1
    4054    1
    4055    1
    4056    5
    4057    6
    4058    3
    4059    3
    4060    3
    4061    1
    4062    3
    4063    5
    4064    6
    4065    8
    4066    6
    4067    4
    4068    4
    4069    1
    4070    1
    4071    1
    4072    1
    4073    1
    4074    1
    4075    6
    4076    6
    4077    1
    4078    1
    4079    1
    4080    1
    4081    1
    4082    1
    4083    1
    4084    1
    4085    5
    4086    5
    4087    5
    4088    6
    4089    5
    4090    5
    4091    5
    4092    6
    4093    6
    4094    6
    4095    8
    4096    8
    4097    6
    4098    1
    4099    1
    4100    1
    4101    1
    4102    1
    4103    1
    4104    1
    4105    1
    4106    1
    4107    1
    4108    1
    4109    1
    4110    1
    4111    6
    4112    5
    4113    5
    4114    3
    4115    3
    4116    3
    4117    3
    4118    3
    4119    3
    4120    2
    4121    2
    4122    8
    4123   12
    4124   10
    4125   10
    4126   11
    4127   11
    4128   11
    4129   11
    4130   11
    4131   11
    4132   11
    4133   11
    4134   11
    4135   11
    4136    8
    4137    7
    4138   12
    4139    1
    4140    1
    4141    1
    4142    1
    4143    5
    4144    6
    4145    6
    4146    2
    4147    2
    4148   12
    4149    8
    4150    1
    4151    1
    4152    5
    4153    1
    4154    1
    4155    1
    4156    7
    4157    1
    4158    1
    4159    1
    4160    1
    4161    5
    4162    1
    4163    1
    4164    1
    4165    3
    4166    6
    4167    7
    4168   10
    4169   10
    4170   10
    4171   10
    4172   12
    4173   12
    4174   12
    4175   12
    4176   12
    4177   10
    4178    8
    4179    7
    4180    8
    4181   12
    4182   11
    4183   11
    4184   11
    4185   11
    4186   11
    4187   11
    4188   11
    4189   11
    4190   11
    4191   11
    4192   11
    4193   11
    4194   11
    4195   11
    4196   11
    4197   11
    4198   11
    4199   11
    4200   11
    4201   11
    4202   11
    4203   11
    4204    8
    4205   12
    4206   12
    4207   10
    4208   10
    4209   10
    4210   10
    4211   10
    4212   10
    4213   10
    4214   10
    4215   10
    4216   10
    4217   10
    4218   10
    4219   10
    4220   10
    4221   10
    4222   10
    4223   10
    4224   10
    4225   10
    4226   10
    4227   10
    4228   10
    4229   10
    4230   10
    4231   10
    4232   10
    4233   10
    4234   10
    4235   10
    4236   10
    4237   10
    4238   10
    4239   10
    4240   13
    4241   13
    4242   13
    4243   13
    4244   13
    4245   13
    4246   13
    4247   13
    4248   13
    4249   13
    4250   13
    4251   13
    4252   13
    4253   13
    4254   13
    4255   13
    4256   13
    4257   10
    4258   10
    4259   10
    4260   12
    4261   12
    4262   12
    4263    3
    4264    6
    4265   12
    4266   12
    4267   12
    4268   12
    4269   12
    4270   12
    4271   12
    4272   12
    4273   12
    4274   12
    4275   10
    4276   11
    4277   11
    4278    9
    4279   10
    4280   10
    4281   10
    4282   10
    4283   10
    4284   10
    4285   11
    4286   11
    4287   11
    4288   11
    4289   11
    4290   11
    4291   11
    4292    9
    4293   11
    4294   11
    4295   12
    4296    1
    4297    1
    4298    3
    4299    6
    4300   12
    4301   12
    4302   12
    4303    7
    4304    8
    4305    7
    4306   10
    4307   10
    4308   10
    4309   10
    4310   10
    4311   10
    4312   10
    4313   10
    4314   10
    4315   10
    4316   10
    4317   10
    4318   12
    4319    7
    4320   11
    4321   11
    4322   11
    4323   11
    4324   11
    4325   11
    4326   10
    4327   10
    4328   10
    4329   10
    4330   10
    4331   10
    4332    9
    4333   10
    4334   12
    4335   12
    4336    1
    4337    1
    4338    1
    4339    1
    4340    1
    4341    1
    4342    1
    4343    1
    4344    1
    4345   12
    4346   12
    4347   12
    4348   12
    4349   12
    4350   12
    4351    6
    4352    8
    4353    1
    4354    1
    4355    1
    4356    1
    4357    1
    4358    1
    4359    1
    4360    1
    4361    3
    4362    3
    4363    3
    4364    3
    4365    3
    4366    3
    4367    3
    4368    6
    4369   15
    4370   15
    4371   15
    4372    8
    4373   12
    4374    8
    4375    7
    4376    6
    4377    1
    4378    1
    4379   12
    4380   12
    4381   12
    4382   12
    4383    7
    4384    8
    4385    6
    4386    6
    4387    3
    4388    3
    4389    3
    4390    3
    4391    1
    4392    5
    4393    5
    4394   12
    4395    8
    4396   10
    4397   10
    4398   10
    4399   10
    4400   10
    4401   10
    4402   10
    4403   10
    4404   10
    4405   10
    4406   10
    4407    8
    4408    6
    4409    6
    4410    1
    4411    1
    4412   12
    4413   12
    4414   12
    4415   12
    4416   12
    4417   10
    4418   10
    4419   10
    4420    8
    4421    7
    4422   12
    4423    1
    4424    1
    4425    6
    4426    1
    4427    1
    4428    1
    4429    1
    4430   10
    4431   10
    4432   10
    4433   10
    4434   10
    4435   10
    4436   10
    4437   10
    4438   10
    4439   10
    4440   10
    4441   10
    4442   10
    4443   10
    4444   10
    4445   10
    4446   10
    4447   10
    4448   10
    4449   10
    4450   10
    4451   10
    4452   13
    4453   13
    4454   13
    4455   13
    4456   13
    4457   13
    4458   13
    4459   13
    4460   13
    4461   13
    4462   13
    4463   13
    4464   13
    4465   13
    4466   13
    4467   13
    4468   13
    4469   13
    4470   13
    4471   13
    4472   13
    4473   13
    4474   13
    4475   13
    4476   13
    4477   13
    4478   13
    4479   13
    4480   13
    4481   13
    4482   13
    4483   13
    4484   13
    4485   13
    4486   13
    4487   13
    4488   13
    4489   13
    4490   13
    4491   13
    4492   13
    4493   13
    4494   13
    4495   13
    4496   13
    4497   13
    4498   13
    4499   13
    4500   13
    4501   13
    4502   13
    4503   13
    4504   13
    4505   13
    4506   13
    4507   13
    4508   13
    4509   13
    4510   12
    4511   12
    4512   12
    4513   12
    4514   12
    4515   12
    4516   12
    4517    8
    4518   12
    4519   12
    4520   12
    4521   12
    4522   12
    4523   12
    4524   12
    4525   12
    4526   12
    4527   12
    4528   12
    4529   12
    4530   12
    4531   12
    4532    7
    4533   12
    4534   12
    4535   12
    4536    4
    4537    4
    4538    4
    4539    6
    4540   12
    4541   12
    4542   12
    4543   12
    4544   12
    4545   12
    4546   12
    4547   12
    4548   12
    4549   12
    4550   12
    4551   12
    4552   12
    4553   12
    4554   12
    4555   12
    4556   12
    4557   12
    4558   12
    4559   12
    4560   12
    4561   12
    4562   12
    4563   12
    4564   10
    4565   10
    4566   10
    4567   10
    4568   11
    4569   11
    4570   11
    4571   11
    4572   11
    4573   11
    4574   11
    4575   11
    4576   11
    4577   11
    4578   11
    4579   11
    4580   10
    4581   10
    4582   10
    4583   10
    4584   10
    4585   10
    4586   10
    4587   10
    4588   11
    4589   11
    4590   11
    4591   11
    4592   11
    4593   11
    4594   11
    4595   11
    4596   11
    4597   11
    4598   11
    4599   11
    4600   11
    4601   11
    4602   11
    4603   11
    4604   11
    4605   11
    4606   11
    4607   11
    4608   11
    4609   11
    4610   11
    4611   11
    4612   11
    4613   11
    4614    9
    4615   11
    4616   11
    4617   11
    4618   11
    4619   11
    4620   11
    4621   11
    4622   11
    4623   11
    4624   11
    4625   10
    4626   10
    4627   10
    4628   10
    4629   10
    4630   10
    4631   10
    4632   10
    4633   10
    4634   10
    4635   10
    4636   10
    4637   10
    4638   10
    4639   10
    4640   11
    4641   11
    4642   11
    4643   11
    4644   11
    4645   12
    4646   12
    4647   12
    4648   12
    4649   12
    4650   12
    4651   12
    4652   12
    4653   10
    4654   12
    4655   12
    4656   12
    4657   12
    4658   12
    4659   12
    4660   12
    4661   12
    4662   12
    4663   12
    4664   12
    4665   12
    4666   12
    4667   12
    4668   12
    4669   12
    4670   12
    4671   12
    4672   12
    4673   12
    4674   12
    4675   12
    4676   12
    4677   10
    4678   10
    4679   10
    4680   10
    4681   10
    4682   10
    4683   10
    4684   10
    4685   10
    4686   10
    4687   10
    4688   10
    4689   10
    4690   10
    4691   12
    4692   12
    4693   12
    4694   12
    4695   12
    4696   12
    4697   12
    4698   12
    4699   12
    4700   12
    4701   12
    4702   12
    4703   12
    4704   12
    4705   12
    4706   12
    4707   10
    4708   10
    4709   10
    4710   10
    4711   10
    4712   10
    4713   10
    4714   10
    4715   10
    4716   10
    4717   10
    4718   10
    4719   10
    4720   10
    4721   10
    4722   10
    4723   10
    4724   10
    4725   10
    4726   10
    4727   10
    4728   10
    4729   10
    4730   10
    4731   10
    4732   13
    4733   13
    4734   13
    4735   13
    4736   13
    4737   13
    4738   13
    4739   13
    4740   13
    4741   13
    4742   13
    4743   13
    4744   13
    4745   10
    4746   10
    4747   10
    4748   10
    4749   10
    4750   10
    4751   13
    4752   13
    4753   13
    4754   13
    4755   13
    4756   13
    4757   13
    4758   13
    4759   13
    4760   13
    4761   13
    4762   13
    4763   13
    4764   13
    4765   13
    4766   13
    4767   13
    4768   13
    4769   13
    4770   13
    4771   13
    4772   13
    4773   13
    4774   13
    4775   13
    4776   13
    4777   13
    4778   13
    4779   13
    4780   10
    4781   10
    4782   10
    4783   10
    4784   10
    4785   10
    4786   10
    4787   10
    4788   10
    4789   10
    4790   10
    4791   13
    4792   13
    4793   13
    4794   13
    4795   13
    4796   13
    4797   12
    4798   12
    4799   12
    4800   12
    4801   10
    4802   13
    4803   13
    4804   13
    4805   13
    4806   13
    4807   13
    4808   13
    4809   13
    4810   13
    4811   13
    4812   10
    4813   10
    4814   10
    4815   10
    4816   12
    4817   12
    4818   12
    4819   12
    4820   12
    4821   12
    4822   12
    4823   10
    4824   10
    4825   10
    4826   10
    4827   13
    4828   13
    4829   13
    4830   13
    4831   13
    4832   13
    4833   13
    4834   13
    4835   13
    4836   13
    4837   13
    4838   13
    4839   13
    4840   13
    4841   13
    4842   13
    4843   13
    4844   13
    4845   13
    4846   10
    4847   10
    4848   10
    4849   10
    4850   10
    4851   10
    4852   10
    4853   10
    4854   10
    4855   10
    4856   10
    4857   10
    4858   10
    4859   10
    4860   10
    4861   10
    4862   10
    4863    8
    4864   12
    4865    6
    4866    6
    4867    3
    4868    1
    4869    1
    4870    1
    4871    1
    4872    1
    4873    1
    4874    1
    4875    1
    4876    1
    4877    1
    4878    1
    4879    5
    4880    6
    4881   11
    4882   12
    4883   12
    4884   12
    4885   12
    4886   11
    4887   11
    4888   11
    4889   11
    4890   11
    4891   11
    4892    8
    4893   12
    4894   12
    4895    1
    4896    1
    4897    1
    4898    1
    4899    1
    4900    1
    4901    1
    4902    1
    4903    1
    4904    1
    4905    1
    4906    1
    4907    1
    4908    5
    4909    1
    4910    1
    4911    1
    4912    1
    4913    4
    4914    4
    4915    4
    4916    4
    4917    4
    4918    4
    4919    6
    4920    4
    4921    4
    4922    4
    4923    4
    4924    4
    4925    5
    4926    3
    4927    6
    4928    6
    4929    1
    4930    1
    4931    3
    4932    3
    4933    3
    4934    1
    4935    1
    4936    3
    4937    3
    4938    5
    4939    5
    4940    6
    4941   12
    4942   12
    4943   12
    4944   12
    4945    8
    4946    7
    4947    8
    4948   12
    4949   10
    4950   11
    4951   11
    4952   11
    4953   11
    4954   11
    4955    9
    4956   11
    4957   11
    4958   11
    4959   11
    4960   11
    4961    9
    4962   10
    4963   10
    4964   10
    4965   10
    4966   10
    4967   10
    4968   10
    4969   10
    4970   10
    4971   10
    4972   10
    4973    8
    4974    9
    4975   10
    4976   10
    4977   10
    4978   10
    4979   12
    4980   12
    4981    1
    4982    1
    4983    1
    4984    1
    4985    1
    4986    1
    4987    1
    4988    1
    4989    1
    4990    1
    4991    1
    4992    1
    4993    1
    4994    1
    4995    1
    4996    1
    4997    1
    4998    1
    4999    1
    5000    1
