       1   10
       2   10
       3   12
       4    9
       5   10
       6   10
       7   10
       8   10
       9   10
      10   10
      11    6
      12    5
      13    1
      14    1
      15   12
      16   12
      17   12
      18   12
      19    8
      20    6
      21    1
      22    3
      23    1
      24    1
      25    1
      26    1
      27    1
      28   12
      29   12
      30   12
      31   12
      32   12
      33   12
      34   12
      35   12
      36   12
      37    6
      38    4
      39    4
      40    4
      41    4
      42    4
      43    5
      44    4
      45    5
      46    4
      47    6
      48    5
      49    3
      50    1
      51    1
      52    1
      53   12
      54   10
      55   10
      56   10
      57   12
      58   12
      59   12
      60    8
      61   12
      62   12
      63   12
      64   12
      65   12
      66   12
      67   12
      68   12
      69   12
      70    1
      71    5
      72    1
      73    3
      74    1
      75    1
      76    1
      77    3
      78    3
      79    3
      80    6
      81   12
      82   12
      83   13
      84   13
      85   13
      86   13
      87   13
      88   13
      89   13
      90   13
      91   13
      92   13
      93   13
      94   13
      95   13
      96   13
      97   13
      98   13
      99   13
     100   13
     101   13
     102   13
     103   13
     104   13
     105   13
     106   13
     107   13
     108   13
     109   10
     110   10
     111   10
     112   10
     113   10
     114   10
     115   10
     116   10
     117   10
     118   10
     119   12
     120   12
     121   12
     122   12
     123   12
     124   12
     125   12
     126   12
     127   12
     128   12
     129    8
     130   12
     131   12
     132   12
     133   12
     134   12
     135   12
     136   12
     137   12
     138   12
     139    7
     140   12
     141   12
     142   12
     143   12
     144   12
     145   12
     146   12
     147    8
     148    8
     149   12
     150   12
     151   12
     152   12
     153   12
     154   12
     155    7
     156    1
     157    1
     158    1
     159    3
     160    1
     161    1
     162    1
     163    1
     164    1
     165    1
     166    1
     167   12
     168    8
     169   13
     170   13
     171   13
     172   13
     173   13
     174   13
     175   13
     176   14
     177   14
     178   14
     179   14
     180   14
     181   14
     182   14
     183   14
     184   14
     185   14
     186   14
     187   14
     188   14
     189   14
     190   14
     191   14
     192   14
     193   14
     194   14
     195   14
     196   14
     197   14
     198   14
     199   14
     200   14
     201   14
     202   14
     203   14
     204   14
     205   14
     206   14
     207   14
     208   14
     209   14
     210   14
     211   14
     212   14
     213   14
     214   14
     215   14
     216   14
     217   14
     218   14
     219   14
     220   14
     221   14
     222   14
     223   14
     224   14
     225   14
     226   14
     227   14
     228   14
     229   14
     230   14
     231   14
     232   14
     233   14
     234   14
     235   14
     236   11
     237   11
     238   11
     239   14
     240   14
     241   14
     242   14
     243   14
     244   14
     245   14
     246   14
     247   14
     248   14
     249   14
     250   14
     251   14
     252   14
     253   14
     254   14
     255   14
     256   14
     257   14
     258   14
     259   14
     260   14
     261   14
     262   14
     263   14
     264   14
     265   14
     266   14
     267   14
     268   14
     269   14
     270   14
     271   14
     272   14
     273   14
     274   14
     275   14
     276   14
     277   14
     278   14
     279   14
     280   14
     281   14
     282   14
     283   14
     284   14
     285   14
     286   14
     287   14
     288   14
     289   14
     290   14
     291   14
     292   14
     293   14
     294   14
     295   14
     296   14
     297   14
     298   14
     299   14
     300   14
     301   14
     302   14
     303   14
     304   14
     305   14
     306   14
     307   14
     308   14
     309   14
     310   13
     311   13
     312   12
     313   10
     314    7
     315    8
     316   10
     317   10
     318   10
     319   10
     320    7
     321   12
     322    9
     323   11
     324   14
     325   14
     326   14
     327   14
     328   14
     329   14
     330   14
     331   14
     332   14
     333   14
     334   14
     335   14
     336   14
     337   14
     338   14
     339   14
     340   14
     341   14
     342   14
     343   14
     344   14
     345   14
     346   14
     347   14
     348   14
     349   14
     350   14
     351   14
     352   14
     353   14
     354   14
     355   14
     356   13
     357   13
     358   13
     359   13
     360   13
     361   13
     362   14
     363   14
     364   14
     365   14
     366   14
     367   14
     368   14
     369   14
     370   14
     371   14
     372   14
     373   14
     374   14
     375   14
     376   14
     377   14
     378   14
     379   14
     380   14
     381   14
     382   14
     383   14
     384   14
     385   14
     386   14
     387   14
     388   14
     389   14
     390   14
     391   14
     392   14
     393   14
     394   14
     395   14
     396   14
     397   14
     398   14
     399   14
     400   14
     401   14
     402   14
     403   14
     404   14
     405   14
     406   14
     407   14
     408   14
     409   14
     410   14
     411   14
     412   14
     413   14
     414   14
     415   14
     416   14
     417   14
     418   14
     419   14
     420   14
     421   14
     422   14
     423   14
     424   14
     425   14
     426   14
     427   14
     428   14
     429   14
     430   14
     431   14
     432   14
     433   14
     434   14
     435    7
     436   14
     437   14
     438   14
     439   14
     440   14
     441   14
     442   14
     443   14
     444   14
     445   14
     446   14
     447   14
     448   14
     449   14
     450   14
     451   14
     452   14
     453   14
     454   14
     455   14
     456   14
     457    7
     458   14
     459   14
     460   14
     461   14
     462   14
     463   14
     464   14
     465   14
     466   14
     467   14
     468   14
     469   14
     470   14
     471   14
     472   14
     473   14
     474   14
     475   14
     476   14
     477   14
     478   14
     479   14
     480   14
     481   14
     482   14
     483   14
     484   14
     485   14
     486   14
     487   14
     488   14
     489   14
     490   14
     491   14
     492   14
     493   14
     494   14
     495   14
     496   14
     497   14
     498   14
     499   14
     500   14
     501   14
     502   14
     503   14
     504   14
     505   14
     506   14
     507   14
     508   14
     509   14
     510   14
     511   14
     512   14
     513   14
     514   14
     515   14
     516   14
     517   14
     518   14
     519   14
     520   14
     521   14
     522   14
     523   14
     524   14
     525   14
     526   14
     527   14
     528   14
     529   14
     530   14
     531   14
     532   14
     533   14
     534   14
     535   14
     536   14
     537   14
     538   14
     539   14
     540   14
     541   14
     542   14
     543   14
     544   14
     545   14
     546   14
     547   14
     548   14
     549   14
     550   14
     551   14
     552   14
     553   14
     554   14
     555   14
     556   14
     557   14
     558   14
     559   14
     560   14
     561   14
     562   14
     563   14
     564   14
     565   14
     566   14
     567   14
     568   14
     569   14
     570   14
     571   14
     572   14
     573   14
     574   14
     575   14
     576   14
     577   14
     578   14
     579   14
     580   14
     581   14
     582   14
     583   14
     584   14
     585   13
     586   13
     587   13
     588   13
     589   13
     590   13
     591   13
     592   13
     593   13
     594   13
     595   13
     596   13
     597   13
     598   13
     599   13
     600   13
     601   13
     602   13
     603   13
     604   13
     605   13
     606   13
     607   13
     608   10
     609   10
     610   10
     611   10
     612   10
     613   10
     614   10
     615   10
     616   10
     617    6
     618    5
     619    4
     620    4
     621    4
     622    5
     623    5
     624    7
     625    7
     626    6
     627    4
     628   12
     629   12
     630   12
     631   12
     632    6
     633    6
     634    4
     635    4
     636    4
     637    4
     638    3
     639    3
     640    3
     641    3
     642    3
     643    3
     644    3
     645    3
     646    3
     647    3
     648    6
     649    5
     650    6
     651    5
     652    3
     653    3
     654    3
     655    1
     656    3
     657    1
     658    5
     659    3
     660    3
     661    1
     662    1
     663    5
     664    1
     665    1
     666    1
     667    1
     668    1
     669    1
     670    1
     671    1
     672    1
     673   12
     674   10
     675   10
     676   10
     677   10
     678   10
     679   10
     680   10
     681   10
     682   10
     683   10
     684   10
     685   10
     686   10
     687   10
     688   10
     689   10
     690   10
     691   10
     692   10
     693    6
     694    3
     695    1
     696    1
     697    1
     698    1
     699    1
     700    1
     701    1
     702    1
     703    1
     704    1
     705    1
     706    1
     707    6
     708    7
     709    7
     710    7
     711   12
     712   12
     713   12
     714   12
     715   10
     716   10
     717   10
     718   10
     719   10
     720   10
     721   10
     722   10
     723   10
     724   10
     725   12
     726   12
     727   12
     728   12
     729    8
     730   12
     731   12
     732    7
     733    1
     734    1
     735    1
     736    1
     737    1
     738    1
     739    1
     740    1
     741    1
     742    1
     743    1
     744    1
     745    1
     746    1
     747    6
     748    4
     749    4
     750    4
     751    4
     752    4
     753    4
     754    4
     755    4
     756    4
     757    4
     758    4
     759    4
     760    4
     761    4
     762    4
     763    4
     764    4
     765    4
     766    4
     767    4
     768    4
     769    1
     770    1
     771    1
     772    3
     773    4
     774   12
     775   12
     776   12
     777   12
     778   12
     779    7
     780    8
     781    1
     782    1
     783    1
     784    1
     785    5
     786    1
     787   12
     788   12
     789   12
     790   12
     791   12
     792   12
     793   12
     794   12
     795   12
     796   12
     797   12
     798   12
     799   12
     800   12
     801   12
     802   12
     803   12
     804   12
     805   12
     806   12
     807   12
     808   12
     809   12
     810   12
     811   12
     812    8
     813    8
     814    8
     815    8
     816   12
     817   12
     818   12
     819   12
     820   12
     821   12
     822    7
     823   12
     824   12
     825   12
     826   12
     827   12
     828   12
     829   12
     830   12
     831   12
     832   12
     833    8
     834    8
     835   10
     836   10
     837   10
     838   10
     839   10
     840   10
     841   10
     842   10
     843   10
     844   10
     845   10
     846   10
     847   10
     848   10
     849   10
     850   10
     851   10
     852   10
     853   10
     854   10
     855   10
     856   10
     857   10
     858   10
     859   10
     860   10
     861   10
     862   10
     863   10
     864    9
     865   10
     866   10
     867   13
     868   13
     869   13
     870   13
     871   13
     872   13
     873   13
     874   13
     875   13
     876   13
     877   13
     878   13
     879   13
     880   13
     881   13
     882   13
     883   13
     884   13
     885   13
     886   13
     887   13
     888   13
     889   13
     890   13
     891   13
     892   13
     893   13
     894   13
     895   13
     896   13
     897   13
     898   13
     899   13
     900   13
     901   13
     902   13
     903   13
     904   13
     905   13
     906   14
     907   14
     908   14
     909   14
     910   14
     911   14
     912   14
     913   14
     914   14
     915   14
     916   14
     917   14
     918   14
     919   14
     920   14
     921   14
     922   13
     923   13
     924   13
     925   13
     926   13
     927   13
     928   13
     929   13
     930   13
     931   13
     932   13
     933   13
     934   13
     935   13
     936   14
     937   14
     938   14
     939   14
     940   14
     941   14
     942   14
     943   14
     944   14
     945   14
     946   14
     947   14
     948   14
     949   14
     950   14
     951   14
     952   14
     953   14
     954   14
     955   14
     956   14
     957   14
     958   14
     959   14
     960   14
     961   14
     962   14
     963   14
     964   14
     965   14
     966   14
     967   14
     968   14
     969   14
     970   14
     971   14
     972   14
     973   14
     974   14
     975   14
     976   14
     977   14
     978   14
     979   14
     980   14
     981   14
     982   14
     983   13
     984   13
     985   13
     986   13
     987   10
     988   10
     989   10
     990   10
     991   10
     992    9
     993   10
     994   10
     995   10
     996   13
     997   13
     998   13
     999   13
    1000   13
    1001   13
    1002   13
    1003   13
    1004   13
    1005   13
    1006   13
    1007   13
    1008   13
    1009   13
    1010   13
    1011   13
    1012   13
    1013   13
    1014   13
    1015   13
    1016   13
    1017   13
    1018   13
    1019   13
    1020   13
    1021   14
    1022   14
    1023   14
    1024   14
    1025   14
    1026   14
    1027   14
    1028   14
    1029   14
    1030   14
    1031   14
    1032   14
    1033   14
    1034   14
    1035   14
    1036   14
    1037   14
    1038   14
    1039   14
    1040   14
    1041   14
    1042   14
    1043   14
    1044   14
    1045   13
    1046   13
    1047   13
    1048   13
    1049   13
    1050   13
    1051   13
    1052   13
    1053   13
    1054   13
    1055   13
    1056   13
    1057   13
    1058   13
    1059   13
    1060   13
    1061   13
    1062   13
    1063   13
    1064   13
    1065   13
    1066   13
    1067   13
    1068   10
    1069   10
    1070   10
    1071   10
    1072   10
    1073   10
    1074   10
    1075   10
    1076   10
    1077   10
    1078   10
    1079   10
    1080   10
    1081   10
    1082   13
    1083   13
    1084   13
    1085   13
    1086   13
    1087   13
    1088   13
    1089   13
    1090   13
    1091   13
    1092   13
    1093   13
    1094   13
    1095   13
    1096   13
    1097   13
    1098   13
    1099   12
    1100   12
    1101    8
    1102    6
    1103    5
    1104    5
    1105    5
    1106    5
    1107    5
    1108    6
    1109    5
    1110    3
    1111    5
    1112    5
    1113    5
    1114    5
    1115    5
    1116    1
    1117    5
    1118    6
    1119    6
    1120    5
    1121    3
    1122    2
    1123    2
    1124   12
    1125   10
    1126   10
    1127   12
    1128   12
    1129    7
    1130   12
    1131   10
    1132   10
    1133   10
    1134   10
    1135   10
    1136   10
    1137   10
    1138   10
    1139   10
    1140   10
    1141   10
    1142   10
    1143   10
    1144   10
    1145   10
    1146   10
    1147   10
    1148   10
    1149   10
    1150   10
    1151   12
    1152   12
    1153   12
    1154   12
    1155   12
    1156   12
    1157    8
    1158   13
    1159   13
    1160   13
    1161   13
    1162   13
    1163   13
    1164   13
    1165   13
    1166   13
    1167   13
    1168   13
    1169   13
    1170   13
    1171   13
    1172   13
    1173   13
    1174   13
    1175   13
    1176   13
    1177   13
    1178   13
    1179   13
    1180   13
    1181   13
    1182   13
    1183   14
    1184   14
    1185   14
    1186   14
    1187   14
    1188   14
    1189   13
    1190   13
    1191   13
    1192   13
    1193   13
    1194   13
    1195   13
    1196   13
    1197   13
    1198   13
    1199   13
    1200   13
    1201   13
    1202   13
    1203   13
    1204   14
    1205   14
    1206   14
    1207   14
    1208   14
    1209   14
    1210   14
    1211   14
    1212   14
    1213   14
    1214   14
    1215   14
    1216   14
    1217   14
    1218   14
    1219   14
    1220   14
    1221   14
    1222   14
    1223   14
    1224   13
    1225   13
    1226   13
    1227   13
    1228   13
    1229   13
    1230   12
    1231   12
    1232   12
    1233   12
    1234   12
    1235   12
    1236   10
    1237   10
    1238   12
    1239   12
    1240   12
    1241   10
    1242   10
    1243   10
    1244   10
    1245   10
    1246   10
    1247   10
    1248   10
    1249   13
    1250   13
    1251   13
    1252   13
    1253   13
    1254   13
    1255   13
    1256   13
    1257   13
    1258   13
    1259   13
    1260   13
    1261   13
    1262   13
    1263   13
    1264   13
    1265   13
    1266   13
    1267   13
    1268   13
    1269   13
    1270   13
    1271   12
    1272   12
    1273   12
    1274   12
    1275   12
    1276   12
    1277   12
    1278    7
    1279    1
    1280    1
    1281    3
    1282    1
    1283    1
    1284    1
    1285    1
    1286    1
    1287    1
    1288    1
    1289    3
    1290    3
    1291    6
    1292    1
    1293    1
    1294    3
    1295    3
    1296    6
    1297    6
    1298    3
    1299    1
    1300    1
    1301    1
    1302    5
    1303    1
    1304    1
    1305    1
    1306    1
    1307    1
    1308    5
    1309    5
    1310    6
    1311    8
    1312   10
    1313   10
    1314   10
    1315   10
    1316   10
    1317   10
    1318   10
    1319   10
    1320   10
    1321   10
    1322   10
    1323   10
    1324   10
    1325   10
    1326   12
    1327    8
    1328    6
    1329    6
    1330    8
    1331    7
    1332    6
    1333    9
    1334    9
    1335   11
    1336   11
    1337   10
    1338    9
    1339   10
    1340   10
    1341   10
    1342   10
    1343    9
    1344   12
    1345   12
    1346   12
    1347    8
    1348   10
    1349   10
    1350   10
    1351   10
    1352    6
    1353    5
    1354    4
    1355    5
    1356    3
    1357    3
    1358    3
    1359    3
    1360    3
    1361    3
    1362    3
    1363    3
    1364    3
    1365    3
    1366    3
    1367    3
    1368    5
    1369    5
    1370    1
    1371    1
    1372    1
    1373    1
    1374    1
    1375    1
    1376    7
    1377   12
    1378   12
    1379   12
    1380   12
    1381   12
    1382   12
    1383   12
    1384   12
    1385   12
    1386   12
    1387   12
    1388   12
    1389    8
    1390   12
    1391   12
    1392   12
    1393    6
    1394    3
    1395    1
    1396   12
    1397   12
    1398   12
    1399    8
    1400   12
    1401   12
    1402   12
    1403   12
    1404    6
    1405   12
    1406    8
    1407   12
    1408   12
    1409   12
    1410    8
    1411   15
    1412   15
    1413   15
    1414   15
    1415   15
    1416   15
    1417   15
    1418   15
    1419   15
    1420   15
    1421   15
    1422   15
    1423   15
    1424   15
    1425    6
    1426    4
    1427    4
    1428    4
    1429   12
    1430   12
    1431   12
    1432   12
    1433   12
    1434    8
    1435    8
    1436    7
    1437    1
    1438    1
    1439    1
    1440    1
    1441    1
    1442    4
    1443    6
    1444    6
    1445    6
    1446    5
    1447    3
    1448    3
    1449    3
    1450    3
    1451    3
    1452    1
    1453    3
    1454    1
    1455    6
    1456    5
    1457    1
    1458    7
    1459    8
    1460    7
    1461   12
    1462   12
    1463   12
    1464   12
    1465   12
    1466    7
    1467   12
    1468   12
    1469    8
    1470    7
    1471   12
    1472   12
    1473    8
    1474   12
    1475   12
    1476   12
    1477   12
    1478   12
    1479   12
    1480   12
    1481   12
    1482   12
    1483   12
    1484   10
    1485   10
    1486   12
    1487   12
    1488    8
    1489   12
    1490    8
    1491   12
    1492    1
    1493    1
    1494    1
    1495    3
    1496    6
    1497    1
    1498    1
    1499    6
    1500    1
    1501   12
    1502    7
    1503   12
    1504   12
    1505   12
    1506   12
    1507   12
    1508   12
    1509   12
    1510   12
    1511   12
    1512    8
    1513    7
    1514   10
    1515   10
    1516   10
    1517   10
    1518   10
    1519   10
    1520   10
    1521   10
    1522   10
    1523   10
    1524    8
    1525    8
    1526   15
    1527   15
    1528   15
    1529   15
    1530   15
    1531   15
    1532    6
    1533    5
    1534    5
    1535    4
    1536    5
    1537   12
    1538   12
    1539   12
    1540   12
    1541   12
    1542   12
    1543   12
    1544   12
    1545   12
    1546   12
    1547   10
    1548   10
    1549   10
    1550   12
    1551   12
    1552   12
    1553    7
    1554    7
    1555   12
    1556   12
    1557   12
    1558   12
    1559   12
    1560   12
    1561   12
    1562   12
    1563   12
    1564   12
    1565   12
    1566    8
    1567    6
    1568    7
    1569   12
    1570   12
    1571   10
    1572   10
    1573   10
    1574   10
    1575   10
    1576   10
    1577   10
    1578   10
    1579   10
    1580   10
    1581   10
    1582   10
    1583   10
    1584   10
    1585    7
    1586   12
    1587   12
    1588   12
    1589   12
    1590   12
    1591   12
    1592   12
    1593   12
    1594   12
    1595   12
    1596   12
    1597   12
    1598   12
    1599   12
    1600   12
    1601   12
    1602   12
    1603    8
    1604   12
    1605   12
    1606    7
    1607    6
    1608   12
    1609   12
    1610   12
    1611    7
    1612   15
    1613   15
    1614   15
    1615   15
    1616   15
    1617   15
    1618   15
    1619   15
    1620   15
    1621   15
    1622    8
    1623    8
    1624   12
    1625   12
    1626   12
    1627   12
    1628   12
    1629    1
    1630    3
    1631    5
    1632    6
    1633   10
    1634   10
    1635   10
    1636   12
    1637   12
    1638    1
    1639    1
    1640    1
    1641    3
    1642    3
    1643    3
    1644    5
    1645    5
    1646    6
    1647   10
    1648   10
    1649   10
    1650   10
    1651   10
    1652   10
    1653   10
    1654    9
    1655   11
    1656    9
    1657   10
    1658   10
    1659   10
    1660   10
    1661   10
    1662   10
    1663   10
    1664   10
    1665   10
    1666   10
    1667   10
    1668   10
    1669   10
    1670    7
    1671   10
    1672   10
    1673   10
    1674    8
    1675   10
    1676   10
    1677   10
    1678   12
    1679   12
    1680   12
    1681   12
    1682    7
    1683   12
    1684   12
    1685    6
    1686    1
    1687    1
    1688    7
    1689   15
    1690   15
    1691   15
    1692   15
    1693   15
    1694   15
    1695   15
    1696    8
    1697    7
    1698    7
    1699    9
    1700   12
    1701    8
    1702   15
    1703   15
    1704   15
    1705   15
    1706   15
    1707   15
    1708   15
    1709    7
    1710    1
    1711    1
    1712    1
    1713    1
    1714    1
    1715    1
    1716    3
    1717    3
    1718    3
    1719    3
    1720    3
    1721    3
    1722    3
    1723    3
    1724    3
    1725    3
    1726    3
    1727    3
    1728    3
    1729    3
    1730    3
    1731    3
    1732    6
    1733   12
    1734   12
    1735   12
    1736   12
    1737   12
    1738   12
    1739   12
    1740    1
    1741    1
    1742    1
    1743    6
    1744   12
    1745   12
    1746   12
    1747   12
    1748    1
    1749    1
    1750    1
    1751    3
    1752    3
    1753    6
    1754   12
    1755   12
    1756   12
    1757   12
    1758    7
    1759   10
    1760   10
    1761   10
    1762   10
    1763   10
    1764   10
    1765   10
    1766   10
    1767   10
    1768   10
    1769    9
    1770   12
    1771   12
    1772   12
    1773   12
    1774   12
    1775   12
    1776   10
    1777   10
    1778   10
    1779   10
    1780   13
    1781   13
    1782   13
    1783   13
    1784   13
    1785   13
    1786   13
    1787   13
    1788   13
    1789   13
    1790   13
    1791   13
    1792   13
    1793   10
    1794   10
    1795   10
    1796   10
    1797   10
    1798   10
    1799   10
    1800   12
    1801   12
    1802   12
    1803   12
    1804   12
    1805   12
    1806   12
    1807   12
    1808   12
    1809   12
    1810   12
    1811   12
    1812   12
    1813   12
    1814   12
    1815    8
    1816    7
    1817   12
    1818   12
    1819    8
    1820    7
    1821   12
    1822   12
    1823   10
    1824   10
    1825   10
    1826   10
    1827   10
    1828   10
    1829   10
    1830   10
    1831   10
    1832   10
    1833   10
    1834   10
    1835   10
    1836   10
    1837   10
    1838   10
    1839   10
    1840   10
    1841   10
    1842    8
    1843   12
    1844   12
    1845    8
    1846    7
    1847   12
    1848    7
    1849    7
    1850   12
    1851   12
    1852   12
    1853   12
    1854   12
    1855   10
    1856   10
    1857   10
    1858   10
    1859   10
    1860   10
    1861   10
    1862   10
    1863   10
    1864   10
    1865   10
    1866   10
    1867   10
    1868   12
    1869   12
    1870   12
    1871   12
    1872    8
    1873   10
    1874   10
    1875   10
    1876   10
    1877   10
    1878   10
    1879   10
    1880   10
    1881   10
    1882   10
    1883   10
    1884   12
    1885   12
    1886    8
    1887    8
    1888   10
    1889   10
    1890   10
    1891   10
    1892   10
    1893   10
    1894   10
    1895   10
    1896   10
    1897   12
    1898    8
    1899    7
    1900    8
    1901   12
    1902    7
    1903   12
    1904   10
    1905   10
    1906   10
    1907   12
    1908   12
    1909   12
    1910   12
    1911   12
    1912   12
    1913   12
    1914   10
    1915    8
    1916   10
    1917   10
    1918   10
    1919   10
    1920   10
    1921   10
    1922   10
    1923   10
    1924   10
    1925   10
    1926   10
    1927   10
    1928   10
    1929   10
    1930   10
    1931   10
    1932   10
    1933    7
    1934    8
    1935   12
    1936   12
    1937   10
    1938   10
    1939   10
    1940   10
    1941   10
    1942   10
    1943   10
    1944   10
    1945   10
    1946   10
    1947   10
    1948   10
    1949   10
    1950   10
    1951   10
    1952   10
    1953   10
    1954   10
    1955   10
    1956   10
    1957   10
    1958   10
    1959   10
    1960   10
    1961   10
    1962   10
    1963   10
    1964   10
    1965   10
    1966   13
    1967   13
    1968   13
    1969   13
    1970   13
    1971   13
    1972   13
    1973   13
    1974   13
    1975   13
    1976   13
    1977   13
    1978   13
    1979   13
    1980   13
    1981   13
    1982   13
    1983   13
    1984   13
    1985   13
    1986   13
    1987   13
    1988   10
    1989   10
    1990   10
    1991   10
    1992   10
    1993   10
    1994   10
    1995   11
    1996   11
    1997   11
    1998   11
    1999   11
    2000   11
    2001    7
    2002   12
    2003   12
    2004   11
    2005   11
    2006   10
    2007   10
    2008   10
    2009   10
    2010   10
    2011   10
    2012   12
    2013   12
    2014   12
    2015    8
    2016   10
    2017   10
    2018   10
    2019   12
    2020   12
    2021   12
    2022    8
    2023   12
    2024    8
    2025    7
    2026   12
    2027   12
    2028    8
    2029   12
    2030   12
    2031   12
    2032   12
    2033   12
    2034   12
    2035    7
    2036   12
    2037   12
    2038   12
    2039   12
    2040   12
    2041   12
    2042   12
    2043    7
    2044   12
    2045   12
    2046   13
    2047   13
    2048   13
    2049   13
    2050   13
    2051   13
    2052   13
    2053   13
    2054   13
    2055   13
    2056   13
    2057   13
    2058   13
    2059   13
    2060   13
    2061   13
    2062   13
    2063   13
    2064   13
    2065   13
    2066   14
    2067   14
    2068   14
    2069   14
    2070   14
    2071   14
    2072   14
    2073   14
    2074   14
    2075   14
    2076   14
    2077   14
    2078   14
    2079   14
    2080   14
    2081   14
    2082   14
    2083   14
    2084   14
    2085   14
    2086   14
    2087   14
    2088   14
    2089   14
    2090   14
    2091   14
    2092   14
    2093   14
    2094   14
    2095   14
    2096   14
    2097   14
    2098   14
    2099   14
    2100   14
    2101   14
    2102   14
    2103   14
    2104   14
    2105   14
    2106   14
    2107   14
    2108   14
    2109   14
    2110   14
    2111   14
    2112   14
    2113   14
    2114   14
    2115   14
    2116   14
    2117   14
    2118   14
    2119   14
    2120   14
    2121   14
    2122   14
    2123   14
    2124   14
    2125   14
    2126   14
    2127   14
    2128   14
    2129   14
    2130   14
    2131   14
    2132   14
    2133   14
    2134   14
    2135   14
    2136   14
    2137   14
    2138   14
    2139   14
    2140   14
    2141   14
    2142   14
    2143   14
    2144   14
    2145   14
    2146   14
    2147   14
    2148   14
    2149   14
    2150   14
    2151   14
    2152   14
    2153   14
    2154   14
    2155   14
    2156   14
    2157   14
    2158   14
    2159   14
    2160   14
    2161   14
    2162   14
    2163   14
    2164   14
    2165   14
    2166   14
    2167   14
    2168   14
    2169   14
    2170   14
    2171   14
    2172   14
    2173   14
    2174   14
    2175   14
    2176   14
    2177   14
    2178   14
    2179   14
    2180   14
    2181   14
    2182   14
    2183   14
    2184   14
    2185   14
    2186   14
    2187   14
    2188   14
    2189   14
    2190   14
    2191   14
    2192   14
    2193   14
    2194   14
    2195   14
    2196   14
    2197   14
    2198   14
    2199   14
    2200   14
    2201   14
    2202   14
    2203   14
    2204   14
    2205   14
    2206   14
    2207   14
    2208   14
    2209   14
    2210   14
    2211   14
    2212   14
    2213   14
    2214   14
    2215   14
    2216   14
    2217   14
    2218   14
    2219   14
    2220   14
    2221   14
    2222   14
    2223   14
    2224   14
    2225   14
    2226   14
    2227   14
    2228   14
    2229   14
    2230   14
    2231   14
    2232   14
    2233   14
    2234   14
    2235   14
    2236   14
    2237   14
    2238   14
    2239   14
    2240   14
    2241   14
    2242   14
    2243   14
    2244   14
    2245   14
    2246   14
    2247   14
    2248   14
    2249   14
    2250   14
    2251   14
    2252   14
    2253   14
    2254   14
    2255   14
    2256   14
    2257   14
    2258   14
    2259   14
    2260   14
    2261   14
    2262   14
    2263   14
    2264   14
    2265   14
    2266   14
    2267   14
    2268   14
    2269   14
    2270   14
    2271   14
    2272   14
    2273   14
    2274   14
    2275   14
    2276   14
    2277   14
    2278   14
    2279   14
    2280   14
    2281   14
    2282   14
    2283   14
    2284   14
    2285   14
    2286   14
    2287   14
    2288   14
    2289   14
    2290   14
    2291   14
    2292   14
    2293   14
    2294   14
    2295   14
    2296   14
    2297   14
    2298   14
    2299   14
    2300   14
    2301   14
    2302   14
    2303   14
    2304   14
    2305   14
    2306   14
    2307   14
    2308   14
    2309   14
    2310   14
    2311   14
    2312   14
    2313   14
    2314   14
    2315   14
    2316   14
    2317   14
    2318   14
    2319   14
    2320   14
    2321   14
    2322   14
    2323   14
    2324   14
    2325   14
    2326   14
    2327   14
    2328   14
    2329   14
    2330   14
    2331   14
    2332   14
    2333   14
    2334   14
    2335   14
    2336   14
    2337   14
    2338   14
    2339   14
    2340   14
    2341   14
    2342   14
    2343   14
    2344   14
    2345   14
    2346   14
    2347   14
    2348   14
    2349   14
    2350   14
    2351   14
    2352   14
    2353   14
    2354   14
    2355   14
    2356   14
    2357   14
    2358   14
    2359   14
    2360   14
    2361   14
    2362   14
    2363   14
    2364   14
    2365   14
    2366   14
    2367   14
    2368   14
    2369   14
    2370   14
    2371   14
    2372   14
    2373   14
    2374   14
    2375   14
    2376   14
    2377   14
    2378   14
    2379   14
    2380   14
    2381   14
    2382   14
    2383   14
    2384   14
    2385   14
    2386   14
    2387   14
    2388   14
    2389   14
    2390   14
    2391   14
    2392   14
    2393   14
    2394   14
    2395   14
    2396   14
    2397   14
    2398   14
    2399   14
    2400   14
    2401   14
    2402   14
    2403   14
    2404   14
    2405   14
    2406   14
    2407   14
    2408   14
    2409   14
    2410   14
    2411   14
    2412   14
    2413   14
    2414   14
    2415   14
    2416   14
    2417   14
    2418   14
    2419   14
    2420   14
    2421   14
    2422   14
    2423   14
    2424   14
    2425   14
    2426   14
    2427   14
    2428   14
    2429   14
    2430   14
    2431   14
    2432   14
    2433   14
    2434   14
    2435   14
    2436   14
    2437   14
    2438   14
    2439   14
    2440   14
    2441   14
    2442   14
    2443   14
    2444   14
    2445   14
    2446   14
    2447   14
    2448   14
    2449   14
    2450   14
    2451   14
    2452   14
    2453   14
    2454   14
    2455   14
    2456   14
    2457   14
    2458   14
    2459   14
    2460   14
    2461   14
    2462   14
    2463   14
    2464   14
    2465   14
    2466   14
    2467   14
    2468   14
    2469   14
    2470   14
    2471   14
    2472   14
    2473   14
    2474   14
    2475   14
    2476   14
    2477   14
    2478   14
    2479   14
    2480   14
    2481   14
    2482   14
    2483   14
    2484   14
    2485   14
    2486   14
    2487   14
    2488   14
    2489   14
    2490   14
    2491   14
    2492   14
    2493   14
    2494   14
    2495   14
    2496   14
    2497   14
    2498   14
    2499   14
    2500   14
    2501   14
    2502   14
    2503   14
    2504   14
    2505   14
    2506   14
    2507   14
    2508   14
    2509   14
    2510   14
    2511   14
    2512   14
    2513   14
    2514   14
    2515   14
    2516   14
    2517   14
    2518   14
    2519   14
    2520   14
    2521   14
    2522   14
    2523   14
    2524   14
    2525   14
    2526   14
    2527   14
    2528   14
    2529   14
    2530   14
    2531   14
    2532   14
    2533   14
    2534   14
    2535   14
    2536   14
    2537   14
    2538   14
    2539   14
    2540   14
    2541   14
    2542   14
    2543   14
    2544   14
    2545   14
    2546   14
    2547   14
    2548   14
    2549   14
    2550   14
    2551   14
    2552   14
    2553   14
    2554   14
    2555   14
    2556   14
    2557   14
    2558   14
    2559   14
    2560   14
    2561   14
    2562   14
    2563   14
    2564   14
    2565   14
    2566   14
    2567   14
    2568   14
    2569   14
    2570   14
    2571   14
    2572   14
    2573   14
    2574   14
    2575   14
    2576   14
    2577   14
    2578   14
    2579   14
    2580   14
    2581   14
    2582   14
    2583   14
    2584   14
    2585   14
    2586   14
    2587   14
    2588   14
    2589   14
    2590   14
    2591   14
    2592   14
    2593   14
    2594   14
    2595   14
    2596   14
    2597   14
    2598   14
    2599   14
    2600   14
    2601   14
    2602   14
    2603   14
    2604   14
    2605   14
    2606   14
    2607   14
    2608   14
    2609   14
    2610   14
    2611   14
    2612   14
    2613   14
    2614   14
    2615   14
    2616   14
    2617   14
    2618   14
    2619   14
    2620   14
    2621   14
    2622   14
    2623   14
    2624   14
    2625   14
    2626   14
    2627   14
    2628   14
    2629   14
    2630   14
    2631   14
    2632   14
    2633   14
    2634   14
    2635   14
    2636   14
    2637   14
    2638   14
    2639   14
    2640   14
    2641   14
    2642   14
    2643   14
    2644   14
    2645   14
    2646   14
    2647   14
    2648   14
    2649   14
    2650   14
    2651   14
    2652   14
    2653   14
    2654   14
    2655   14
    2656   14
    2657   14
    2658   14
    2659   14
    2660   14
    2661   14
    2662   14
    2663   13
    2664   13
    2665   13
    2666   13
    2667   13
    2668   13
    2669   13
    2670   13
    2671   13
    2672   13
    2673   13
    2674   13
    2675   13
    2676   13
    2677   13
    2678   13
    2679   13
    2680   13
    2681   13
    2682   12
    2683   12
    2684   12
    2685   10
    2686   10
    2687   10
    2688   10
    2689   10
    2690   10
    2691   10
    2692    8
    2693   12
    2694   12
    2695   12
    2696   12
    2697   12
    2698    8
    2699    8
    2700    7
    2701   12
    2702   12
    2703   12
    2704   10
    2705   10
    2706   10
    2707   10
    2708   10
    2709   10
    2710   10
    2711   10
    2712   10
    2713   10
    2714   10
    2715   10
    2716   10
    2717   10
    2718   10
    2719   10
    2720   10
    2721    8
    2722    8
    2723   12
    2724   12
    2725   10
    2726   10
    2727   10
    2728   10
    2729    7
    2730    9
    2731   10
    2732   10
    2733   10
    2734   10
    2735   10
    2736   10
    2737   10
    2738   10
    2739   10
    2740   10
    2741   12
    2742   12
    2743   12
    2744    8
    2745   12
    2746   12
    2747   10
    2748   10
    2749   10
    2750   10
    2751   10
    2752   13
    2753   13
    2754   13
    2755   13
    2756   13
    2757   13
    2758   13
    2759   13
    2760   14
    2761   14
    2762   14
    2763   14
    2764   14
    2765   14
    2766   14
    2767   14
    2768   14
    2769   14
    2770   14
    2771   14
    2772   14
    2773   14
    2774   14
    2775   14
    2776   14
    2777   14
    2778   14
    2779   14
    2780   14
    2781   14
    2782   14
    2783   14
    2784   14
    2785   14
    2786   14
    2787   14
    2788   14
    2789   14
    2790   14
    2791   14
    2792   14
    2793   14
    2794   12
    2795   12
    2796   12
    2797   12
    2798   12
    2799   12
    2800   12
    2801   12
    2802   12
    2803   12
    2804   12
    2805   12
    2806   12
    2807   12
    2808   12
    2809   10
    2810   10
    2811   10
    2812   10
    2813   10
    2814   11
    2815   10
    2816   10
    2817   10
    2818   10
    2819   10
    2820   10
    2821   10
    2822   10
    2823   10
    2824   10
    2825   10
    2826   10
    2827   10
    2828   10
    2829   10
    2830   12
    2831   12
    2832   12
    2833   12
    2834   12
    2835   12
    2836   12
    2837   12
    2838    8
    2839    7
    2840   12
    2841   12
    2842   12
    2843    8
    2844   12
    2845   12
    2846   12
    2847   12
    2848    8
    2849   10
    2850   10
    2851   10
    2852   10
    2853   10
    2854   10
    2855   10
    2856   10
    2857   10
    2858   10
    2859   10
    2860   10
    2861   10
    2862   10
    2863   10
    2864   10
    2865   10
    2866   10
    2867   10
    2868   10
    2869   10
    2870   10
    2871   12
    2872   12
    2873   12
    2874   12
    2875   12
    2876   12
    2877   12
    2878   12
    2879   12
    2880   12
    2881   12
    2882   12
    2883   12
    2884   12
    2885    7
    2886    7
    2887    8
    2888   12
    2889   12
    2890    7
    2891   12
    2892    8
    2893   12
    2894    8
    2895   10
    2896   10
    2897   10
    2898   10
    2899   10
    2900   10
    2901   10
    2902    7
    2903   10
    2904   10
    2905   10
    2906   10
    2907   10
    2908   10
    2909   10
    2910   10
    2911   10
    2912   10
    2913   10
    2914   10
    2915   10
    2916   10
    2917   10
    2918   10
    2919   10
    2920   10
    2921   10
    2922   10
    2923   10
    2924   10
    2925   10
    2926   10
    2927   10
    2928   10
    2929   10
    2930   10
    2931   10
    2932   10
    2933   10
    2934   10
    2935   10
    2936   10
    2937   10
    2938   10
    2939   10
    2940   10
    2941   10
    2942   10
    2943   10
    2944   10
    2945   10
    2946   10
    2947   10
    2948   10
    2949   10
    2950   10
    2951   10
    2952   10
    2953   10
    2954   10
    2955   10
    2956   10
    2957   10
    2958   10
    2959   10
    2960   10
    2961   10
    2962   10
    2963   10
    2964   10
    2965   10
    2966   10
    2967   10
    2968   10
    2969   10
    2970   10
    2971   10
    2972   10
    2973   10
    2974   10
    2975   10
    2976   10
    2977   10
    2978   10
    2979   10
    2980   10
    2981   10
    2982   10
    2983   10
    2984   10
    2985   10
    2986   10
    2987   10
    2988   10
    2989   10
    2990   10
    2991   10
    2992   10
    2993   12
    2994   12
    2995   12
    2996    8
    2997    8
    2998   12
    2999    7
    3000    1
    3001    1
    3002    1
    3003    1
    3004    1
    3005    1
    3006    1
    3007    5
    3008    1
    3009    1
    3010    1
    3011    7
    3012    8
    3013   12
    3014   12
    3015   12
    3016    1
    3017    1
    3018   12
    3019   12
    3020    8
    3021    8
    3022   12
    3023   12
    3024   12
    3025   12
    3026   12
    3027   12
    3028   12
    3029   12
    3030    6
    3031    6
    3032   10
    3033   10
    3034   10
    3035   10
    3036   10
    3037   10
    3038   10
    3039   10
    3040   13
    3041   13
    3042   13
    3043   13
    3044   13
    3045   13
    3046   13
    3047   13
    3048   13
    3049   13
    3050   14
    3051   14
    3052   14
    3053   14
    3054   14
    3055   14
    3056   14
    3057   14
    3058   13
    3059   13
    3060   13
    3061   13
    3062   13
    3063   12
    3064   12
    3065   12
    3066   12
    3067   12
    3068   12
    3069   12
    3070   12
    3071   12
    3072   12
    3073   12
    3074   12
    3075   12
    3076   12
    3077   12
    3078   12
    3079   12
    3080   12
    3081    8
    3082   12
    3083   12
    3084   12
    3085   12
    3086   12
    3087   12
    3088   12
    3089   12
    3090   14
    3091   14
    3092   14
    3093   14
    3094   14
    3095   14
    3096   14
    3097   14
    3098   14
    3099   14
    3100   14
    3101   14
    3102   14
    3103   14
    3104   14
    3105   14
    3106   14
    3107   14
    3108   14
    3109   14
    3110   10
    3111   10
    3112   10
    3113    8
    3114   12
    3115   12
    3116   12
    3117   12
    3118   12
    3119   12
    3120   12
    3121    7
    3122   10
    3123   10
    3124   10
    3125   10
    3126   10
    3127   10
    3128   10
    3129   10
    3130   10
    3131   10
    3132   10
    3133   10
    3134   10
    3135   10
    3136   10
    3137   10
    3138    7
    3139   12
    3140   12
    3141   12
    3142   12
    3143   12
    3144   12
    3145   12
    3146   12
    3147   12
    3148   12
    3149   12
    3150   12
    3151    8
    3152   12
    3153   12
    3154   12
    3155   12
    3156   12
    3157   12
    3158   12
    3159   12
    3160   12
    3161   12
    3162   12
    3163    8
    3164   12
    3165   12
    3166   10
    3167   13
    3168   13
    3169   13
    3170   13
    3171   13
    3172   13
    3173   13
    3174   13
    3175   13
    3176   13
    3177   13
    3178   13
    3179   13
    3180   14
    3181   14
    3182   14
    3183   13
    3184   13
    3185   13
    3186   13
    3187   13
    3188   13
    3189   13
    3190   13
    3191   13
    3192   13
    3193   14
    3194   14
    3195   14
    3196   14
    3197   14
    3198   14
    3199   14
    3200   14
    3201   14
    3202   14
    3203   14
    3204   14
    3205   14
    3206   14
    3207   14
    3208   14
    3209   14
    3210   14
    3211   14
    3212   14
    3213   14
    3214   13
    3215   13
    3216   13
    3217   13
    3218   13
    3219   13
    3220   13
    3221   13
    3222   13
    3223   13
    3224   13
    3225   13
    3226   13
    3227   13
    3228   13
    3229   13
    3230   13
    3231   13
    3232   13
    3233   13
    3234   13
    3235   13
    3236   13
    3237   13
    3238   13
    3239   13
    3240   13
    3241   13
    3242   13
    3243   10
    3244   10
    3245   10
    3246   10
    3247   10
    3248   10
    3249   10
    3250   10
    3251   12
    3252   12
    3253   12
    3254   12
    3255   12
    3256   12
    3257   10
    3258   12
    3259   12
    3260   12
    3261    8
    3262   10
    3263   10
    3264   10
    3265   10
    3266   10
    3267   10
    3268   10
    3269   10
    3270   12
    3271   12
    3272   12
    3273   12
    3274   12
    3275   12
    3276   12
    3277   12
    3278    7
    3279    5
    3280    6
    3281    5
    3282    5
    3283    6
    3284    3
    3285    3
    3286    3
    3287    3
    3288    6
    3289   10
    3290   10
    3291   10
    3292   10
    3293   10
    3294   10
    3295   10
    3296   10
    3297   10
    3298   10
    3299   10
    3300   10
    3301   12
    3302   12
    3303   12
    3304   12
    3305   12
    3306   12
    3307   12
    3308    8
    3309    7
    3310    7
    3311    7
    3312   12
    3313   12
    3314   12
    3315   12
    3316    7
    3317    6
    3318    3
    3319    5
    3320    5
    3321   12
    3322    8
    3323   12
    3324   12
    3325   12
    3326   10
    3327    6
    3328    5
    3329    1
    3330   12
    3331   12
    3332   12
    3333   12
    3334   12
    3335   12
    3336   12
    3337   12
    3338    7
    3339    7
    3340   12
    3341   12
    3342   12
    3343   12
    3344   12
    3345   12
    3346    9
    3347   10
    3348   12
    3349   12
    3350    1
    3351    1
    3352    1
    3353    3
    3354    5
    3355    6
    3356    5
    3357    6
    3358   10
    3359   10
    3360   10
    3361   12
    3362   12
    3363   12
    3364   12
    3365   12
    3366   12
    3367    1
    3368    1
    3369    1
    3370    1
    3371    3
    3372    6
    3373   10
    3374   10
    3375   10
    3376   10
    3377   10
    3378   12
    3379   12
    3380   12
    3381    8
    3382    7
    3383   12
    3384   12
    3385   12
    3386   12
    3387   12
    3388   12
    3389   12
    3390   12
    3391   12
    3392   12
    3393    6
    3394    4
    3395   12
    3396    9
    3397   15
    3398   15
    3399   15
    3400   15
    3401   15
    3402   15
    3403   15
    3404   15
    3405   15
    3406   15
    3407   15
    3408   15
    3409   15
    3410   15
    3411    8
    3412    6
    3413    5
    3414    3
    3415    3
    3416    3
    3417    3
    3418    3
    3419    3
    3420    3
    3421    3
    3422    3
    3423    3
    3424    3
    3425    3
    3426    1
    3427    1
    3428    6
    3429    3
    3430    3
    3431    1
    3432    1
    3433    1
    3434    1
    3435    1
    3436   12
    3437   12
    3438    9
    3439    8
    3440    8
    3441    8
    3442   12
    3443    6
    3444   12
    3445    6
    3446    3
    3447   12
    3448   12
    3449   12
    3450    8
    3451   12
    3452    6
    3453    4
    3454    4
    3455    6
    3456    6
    3457   12
    3458   12
    3459   12
    3460    8
    3461   12
    3462    6
    3463   12
    3464   12
    3465   12
    3466   12
    3467   12
    3468   12
    3469    7
    3470   10
    3471   10
    3472    7
    3473   12
    3474   12
    3475   12
    3476    7
    3477   12
    3478   10
    3479   10
    3480   10
    3481   12
    3482   12
    3483   12
    3484   12
    3485   12
    3486   12
    3487   12
    3488    8
    3489    9
    3490    9
    3491   10
    3492   10
    3493   12
    3494   12
    3495   12
    3496   12
    3497   12
    3498    4
    3499    4
    3500    4
    3501    4
    3502    6
    3503    7
    3504    8
    3505   12
    3506   12
    3507   12
    3508   12
    3509   12
    3510    8
    3511    7
    3512    6
    3513    4
    3514    6
    3515    3
    3516    5
    3517    5
    3518    8
    3519    6
    3520    4
    3521    5
    3522    4
    3523    4
    3524    4
    3525    4
    3526    3
    3527    3
    3528    3
    3529    3
    3530    1
    3531    1
    3532    1
    3533    1
    3534    1
    3535   12
    3536   12
    3537   12
    3538    7
    3539   12
    3540    8
    3541    7
    3542    8
    3543    1
    3544    1
    3545    3
    3546    3
    3547    3
    3548    3
    3549    3
    3550    6
    3551   12
    3552   12
    3553   12
    3554   12
    3555   12
    3556   12
    3557   12
    3558    4
    3559    4
    3560    5
    3561    5
    3562    4
    3563    4
    3564    4
    3565    4
    3566    4
    3567    5
    3568    7
    3569   12
    3570   12
    3571   12
    3572   12
    3573    7
    3574   12
    3575    6
    3576    6
    3577    4
    3578    4
    3579    4
    3580    1
    3581    6
    3582    3
    3583   12
    3584   12
    3585    6
    3586    8
    3587    7
    3588   12
    3589   12
    3590   12
    3591   12
    3592   12
    3593    8
    3594    7
    3595   12
    3596   12
    3597   12
    3598    1
    3599    3
    3600    6
    3601   12
    3602   12
    3603    8
    3604   15
    3605   15
    3606   15
    3607   15
    3608   15
    3609   15
    3610   15
    3611    6
    3612    1
    3613   12
    3614   12
    3615   12
    3616    1
    3617    1
    3618    1
    3619    7
    3620    1
    3621    1
    3622    8
    3623    6
    3624    6
    3625    4
    3626    4
    3627    4
    3628    4
    3629    4
    3630    4
    3631    4
    3632    4
    3633    4
    3634    4
    3635    4
    3636    1
    3637    1
    3638    1
    3639    1
    3640    1
    3641    1
    3642    1
    3643    1
    3644    1
    3645    1
    3646   12
    3647   12
    3648   12
    3649   12
    3650   12
    3651   12
    3652   12
    3653   12
    3654    7
    3655    7
    3656   12
    3657   12
    3658   12
    3659    6
    3660    5
    3661    3
    3662    3
    3663    3
    3664    6
    3665    3
    3666    3
    3667    3
    3668    6
    3669    6
    3670   12
    3671   12
    3672    1
    3673    7
    3674    1
    3675    1
    3676    1
    3677   12
    3678   12
    3679   12
    3680   12
    3681   12
    3682   12
    3683   12
    3684   12
    3685   10
    3686   10
    3687   10
    3688   10
    3689   10
    3690   10
    3691   10
    3692   10
    3693   10
    3694   10
    3695   10
    3696    9
    3697   10
    3698   10
    3699   10
    3700   10
    3701   12
    3702   12
    3703   12
    3704   12
    3705   12
    3706   12
    3707   12
    3708   10
    3709   12
    3710   12
    3711   12
    3712    9
    3713   10
    3714    6
    3715    1
    3716    1
    3717    1
    3718    1
    3719   14
    3720   14
    3721   14
    3722   14
    3723   13
    3724   13
    3725   13
    3726   13
    3727   13
    3728   13
    3729   13
    3730   13
    3731   13
    3732   13
    3733   13
    3734   13
    3735   10
    3736   10
    3737   10
    3738   10
    3739   10
    3740   10
    3741   13
    3742   13
    3743   13
    3744   13
    3745   13
    3746   13
    3747   13
    3748   13
    3749   13
    3750   13
    3751   13
    3752   13
    3753   13
    3754   10
    3755   10
    3756   10
    3757   10
    3758   10
    3759   10
    3760   10
    3761   12
    3762   12
    3763   12
    3764   12
    3765   12
    3766   12
    3767   10
    3768   10
    3769   10
    3770   10
    3771   10
    3772   10
    3773   10
    3774   12
    3775    6
    3776    5
    3777    1
    3778    1
    3779    1
    3780    1
    3781    1
    3782    1
    3783    5
    3784    1
    3785    1
    3786    1
    3787    1
    3788    1
    3789   12
    3790   12
    3791    8
    3792    5
    3793    1
    3794    1
    3795    1
    3796   12
    3797   12
    3798   12
    3799    7
    3800   12
    3801    7
    3802   12
    3803   12
    3804   12
    3805    7
    3806   12
    3807   12
    3808   12
    3809   12
    3810    7
    3811   12
    3812   12
    3813   12
    3814    7
    3815    8
    3816   12
    3817   12
    3818   12
    3819   12
    3820   12
    3821   12
    3822   12
    3823   12
    3824    8
    3825   12
    3826   12
    3827    8
    3828    8
    3829    1
    3830    5
    3831    3
    3832    5
    3833    6
    3834    3
    3835    3
    3836    3
    3837    1
    3838    1
    3839    1
    3840    5
    3841    7
    3842    8
    3843    8
    3844    6
    3845    5
    3846    4
    3847    4
    3848    4
    3849    4
    3850    6
    3851    6
    3852    5
    3853    5
    3854    3
    3855    3
    3856    3
    3857    3
    3858    3
    3859    3
    3860    3
    3861    3
    3862    3
    3863    3
    3864    3
    3865    1
    3866    1
    3867    5
    3868    5
    3869    6
    3870    3
    3871    3
    3872    6
    3873    3
    3874    6
    3875    3
    3876    1
    3877    1
    3878    1
    3879    1
    3880    5
    3881    3
    3882    5
    3883    6
    3884   12
    3885   12
    3886    7
    3887    8
    3888    7
    3889   12
    3890    8
    3891    6
    3892    3
    3893    3
    3894    3
    3895    6
    3896    3
    3897    3
    3898    1
    3899    3
    3900    8
    3901   12
    3902    7
    3903    7
    3904   12
    3905   12
    3906   12
    3907   12
    3908   12
    3909   12
    3910   12
    3911   12
    3912    7
    3913    7
    3914   12
    3915   12
    3916   12
    3917   12
    3918   12
    3919    6
    3920    6
    3921    3
    3922    3
    3923    3
    3924    3
    3925    5
    3926    3
    3927    3
    3928    3
    3929    3
    3930    5
    3931    3
    3932    3
    3933    3
    3934    3
    3935    3
    3936    3
    3937    3
    3938    1
    3939    1
    3940    1
    3941    1
    3942    1
    3943    1
    3944    1
    3945    3
    3946    3
    3947    1
    3948    1
    3949    1
    3950    3
    3951    5
    3952    6
    3953    1
    3954    1
    3955    3
    3956    3
    3957    6
    3958   12
    3959    6
    3960    4
    3961    4
    3962   12
    3963   12
    3964   12
    3965   12
    3966   12
    3967   12
    3968   12
    3969   12
    3970   12
    3971    8
    3972    8
    3973    8
    3974   12
    3975   12
    3976    8
    3977    8
    3978    8
    3979   12
    3980   12
    3981   12
    3982   12
    3983   12
    3984    8
    3985   12
    3986   12
    3987   12
    3988   12
    3989   12
    3990    7
    3991    8
    3992   12
    3993   12
    3994   12
    3995   12
    3996   12
    3997   12
    3998   12
    3999    8
    4000   12
    4001   12
    4002    1
    4003   12
    4004    1
    4005    1
    4006    5
    4007    1
    4008    1
    4009    5
    4010    1
    4011    5
    4012    5
    4013    1
    4014    1
    4015    3
    4016    4
    4017    4
    4018    4
    4019    6
    4020    7
    4021   12
    4022    8
    4023   12
    4024   12
    4025   12
    4026   12
    4027   12
    4028   12
    4029    6
    4030    3
    4031    1
    4032    1
    4033    1
    4034    1
    4035    1
    4036    1
    4037    1
    4038    1
    4039    8
    4040   12
    4041   12
    4042   12
    4043   12
    4044    7
    4045   12
    4046    8
    4047   12
    4048    1
    4049    5
    4050    1
    4051    5
    4052    5
    4053    5
    4054    1
    4055    3
    4056    5
    4057    5
    4058    1
    4059    1
    4060    1
    4061    1
    4062    3
    4063    3
    4064    6
    4065   12
    4066    6
    4067    3
    4068    3
    4069    1
    4070    1
    4071    1
    4072    1
    4073    1
    4074   12
    4075   12
    4076    6
    4077    1
    4078    1
    4079    1
    4080    1
    4081    1
    4082    6
    4083    8
    4084    1
    4085   12
    4086    4
    4087    4
    4088    4
    4089    4
    4090    4
    4091    4
    4092    6
    4093    5
    4094    6
    4095   12
    4096   12
    4097    7
    4098   12
    4099   12
    4100   12
    4101   12
    4102    8
    4103    1
    4104    1
    4105    1
    4106    1
    4107    1
    4108    1
    4109    1
    4110    1
    4111    6
    4112    5
    4113    3
    4114    3
    4115    3
    4116    3
    4117    5
    4118    3
    4119    3
    4120    3
    4121    6
    4122    8
    4123   12
    4124    7
    4125   12
    4126   12
    4127   12
    4128   12
    4129   12
    4130   12
    4131   12
    4132   12
    4133    7
    4134    8
    4135   12
    4136   12
    4137    7
    4138   12
    4139   12
    4140    1
    4141    1
    4142   12
    4143    7
    4144    8
    4145    8
    4146   12
    4147   12
    4148    7
    4149   12
    4150   12
    4151   12
    4152   12
    4153   12
    4154   12
    4155   12
    4156    8
    4157    8
    4158   12
    4159   12
    4160   12
    4161   12
    4162    1
    4163   12
    4164    4
    4165    4
    4166    6
    4167    7
    4168   12
    4169   12
    4170   12
    4171    8
    4172   10
    4173   10
    4174   13
    4175   13
    4176   14
    4177   14
    4178   14
    4179   14
    4180   14
    4181   14
    4182   14
    4183   14
    4184   14
    4185   14
    4186   14
    4187   14
    4188   14
    4189   14
    4190   14
    4191   14
    4192   14
    4193   14
    4194   14
    4195   14
    4196   14
    4197   14
    4198   14
    4199   14
    4200   13
    4201   13
    4202   13
    4203   13
    4204   13
    4205   13
    4206   13
    4207   14
    4208   14
    4209   14
    4210   14
    4211   14
    4212   10
    4213   10
    4214   10
    4215   10
    4216   10
    4217   13
    4218   13
    4219   13
    4220   13
    4221   13
    4222   13
    4223   13
    4224   13
    4225   13
    4226   13
    4227   13
    4228   13
    4229   13
    4230   13
    4231   13
    4232   13
    4233   13
    4234   13
    4235   13
    4236   13
    4237   14
    4238   14
    4239   14
    4240   13
    4241   13
    4242   13
    4243   13
    4244   10
    4245   10
    4246   10
    4247   10
    4248   10
    4249   10
    4250   10
    4251   10
    4252   10
    4253   10
    4254   10
    4255   10
    4256   10
    4257   10
    4258   10
    4259   10
    4260   10
    4261   10
    4262   12
    4263    5
    4264    6
    4265   10
    4266   10
    4267   10
    4268   10
    4269   10
    4270   10
    4271   12
    4272   12
    4273   12
    4274   12
    4275   12
    4276   12
    4277   12
    4278   12
    4279   12
    4280   12
    4281   12
    4282   12
    4283   12
    4284   12
    4285   12
    4286   12
    4287   12
    4288   12
    4289   12
    4290   12
    4291   12
    4292   12
    4293   12
    4294   12
    4295   12
    4296   12
    4297   12
    4298    8
    4299    7
    4300   12
    4301   12
    4302   12
    4303    7
    4304   10
    4305   10
    4306   10
    4307   10
    4308   10
    4309   10
    4310   10
    4311   10
    4312   10
    4313   10
    4314   10
    4315   10
    4316   10
    4317   10
    4318   10
    4319    9
    4320   10
    4321   10
    4322   10
    4323   10
    4324   10
    4325   10
    4326   10
    4327   10
    4328   10
    4329   10
    4330   10
    4331   10
    4332   10
    4333   12
    4334   12
    4335    1
    4336    1
    4337    1
    4338    1
    4339    1
    4340    1
    4341    1
    4342    1
    4343    1
    4344    1
    4345    1
    4346    1
    4347    4
    4348    4
    4349    3
    4350    4
    4351    6
    4352    1
    4353    1
    4354    1
    4355    1
    4356    1
    4357    1
    4358    1
    4359    5
    4360    3
    4361    3
    4362    3
    4363    3
    4364    3
    4365    3
    4366    3
    4367    3
    4368    6
    4369   12
    4370    8
    4371   12
    4372   12
    4373   12
    4374   12
    4375    7
    4376    6
    4377    3
    4378    3
    4379    1
    4380    1
    4381    1
    4382    1
    4383    7
    4384   12
    4385    6
    4386    5
    4387    3
    4388    3
    4389    5
    4390    5
    4391    3
    4392    6
    4393    3
    4394   12
    4395   12
    4396   10
    4397   10
    4398   10
    4399   10
    4400   10
    4401   10
    4402   10
    4403   10
    4404   10
    4405   10
    4406   10
    4407   10
    4408    9
    4409   12
    4410   12
    4411   12
    4412   12
    4413   12
    4414   12
    4415   12
    4416   12
    4417   12
    4418   12
    4419   12
    4420   12
    4421   12
    4422   12
    4423   12
    4424    3
    4425    6
    4426    3
    4427    1
    4428    1
    4429    1
    4430   12
    4431   12
    4432   12
    4433   12
    4434   12
    4435   12
    4436   12
    4437   12
    4438   10
    4439   10
    4440   10
    4441   10
    4442   10
    4443   10
    4444   10
    4445   12
    4446   12
    4447    7
    4448   10
    4449   10
    4450   10
    4451   10
    4452   10
    4453   10
    4454   10
    4455    8
    4456    8
    4457   12
    4458   12
    4459    8
    4460   12
    4461   12
    4462   12
    4463   12
    4464    7
    4465    7
    4466   12
    4467   12
    4468   12
    4469   12
    4470   12
    4471   12
    4472   12
    4473   12
    4474   12
    4475   12
    4476   12
    4477   12
    4478   12
    4479    7
    4480    8
    4481    7
    4482   12
    4483   12
    4484   12
    4485   12
    4486   12
    4487   12
    4488   12
    4489   12
    4490   12
    4491   12
    4492   12
    4493   12
    4494   12
    4495   12
    4496   12
    4497   12
    4498   12
    4499   12
    4500    8
    4501    8
    4502    8
    4503    7
    4504   12
    4505   12
    4506   12
    4507    8
    4508   12
    4509   12
    4510   12
    4511   12
    4512    8
    4513   12
    4514    8
    4515   12
    4516   12
    4517   12
    4518   12
    4519   12
    4520   12
    4521   12
    4522   12
    4523   12
    4524   12
    4525   12
    4526   12
    4527   12
    4528   12
    4529   12
    4530   12
    4531   12
    4532   12
    4533   12
    4534   12
    4535   12
    4536   12
    4537   12
    4538    4
    4539    6
    4540   12
    4541   12
    4542   12
    4543   12
    4544   12
    4545   12
    4546   12
    4547   12
    4548   13
    4549   13
    4550   13
    4551   13
    4552   13
    4553   12
    4554   12
    4555   12
    4556   12
    4557   12
    4558   12
    4559   12
    4560   12
    4561   12
    4562   12
    4563   12
    4564    7
    4565    1
    4566    1
    4567    1
    4568    1
    4569    1
    4570    1
    4571    1
    4572    1
    4573   12
    4574   12
    4575   12
    4576    7
    4577   12
    4578   12
    4579   12
    4580   12
    4581   12
    4582    7
    4583    4
    4584    1
    4585    5
    4586    4
    4587   12
    4588   12
    4589    4
    4590    4
    4591    4
    4592    4
    4593    4
    4594    4
    4595    4
    4596    4
    4597    4
    4598    4
    4599    4
    4600    4
    4601    5
    4602    4
    4603    4
    4604    5
    4605    4
    4606    4
    4607    4
    4608    4
    4609    4
    4610    5
    4611    4
    4612    4
    4613    4
    4614    4
    4615    4
    4616    6
    4617    6
    4618    6
    4619    7
    4620    7
    4621   12
    4622   12
    4623   12
    4624   12
    4625    7
    4626   12
    4627   12
    4628   12
    4629   12
    4630   12
    4631    8
    4632   10
    4633   10
    4634   10
    4635    7
    4636    8
    4637    7
    4638   12
    4639   12
    4640    8
    4641    7
    4642   12
    4643   12
    4644   12
    4645   12
    4646   10
    4647   10
    4648   10
    4649   10
    4650   10
    4651   10
    4652   13
    4653   13
    4654   13
    4655   13
    4656   13
    4657   13
    4658   13
    4659   13
    4660   13
    4661   13
    4662   13
    4663   13
    4664   13
    4665   13
    4666   13
    4667   14
    4668   14
    4669   14
    4670   14
    4671   14
    4672   14
    4673   14
    4674   14
    4675   14
    4676   14
    4677   14
    4678   14
    4679   14
    4680   14
    4681   14
    4682   14
    4683   14
    4684   14
    4685   14
    4686   14
    4687   14
    4688   14
    4689   14
    4690   14
    4691   14
    4692   14
    4693   14
    4694   14
    4695   14
    4696   14
    4697   14
    4698   14
    4699   14
    4700   14
    4701   14
    4702   14
    4703   14
    4704   14
    4705   14
    4706   14
    4707   14
    4708   14
    4709   14
    4710   14
    4711   14
    4712   14
    4713   14
    4714   14
    4715   14
    4716   14
    4717   14
    4718   14
    4719   14
    4720   14
    4721   14
    4722   14
    4723   14
    4724   14
    4725   14
    4726   14
    4727   14
    4728   14
    4729   14
    4730   14
    4731   14
    4732   14
    4733   14
    4734   14
    4735   14
    4736   14
    4737   14
    4738   14
    4739   14
    4740   14
    4741   14
    4742   14
    4743   14
    4744   14
    4745   14
    4746   14
    4747   14
    4748   14
    4749   14
    4750   14
    4751   14
    4752   14
    4753   14
    4754   14
    4755   14
    4756   14
    4757   14
    4758   14
    4759   14
    4760   14
    4761   14
    4762   14
    4763   14
    4764   14
    4765   14
    4766   14
    4767   14
    4768   14
    4769   14
    4770   14
    4771   14
    4772   14
    4773   14
    4774   14
    4775   14
    4776   14
    4777   14
    4778   14
    4779   14
    4780   14
    4781   12
    4782   10
    4783   10
    4784   10
    4785   10
    4786   13
    4787   14
    4788   14
    4789   14
    4790   14
    4791   14
    4792   14
    4793   14
    4794   14
    4795   14
    4796   14
    4797   14
    4798   14
    4799   14
    4800   14
    4801   14
    4802   14
    4803   14
    4804   14
    4805   14
    4806   14
    4807   14
    4808   14
    4809   14
    4810   14
    4811   13
    4812   13
    4813   13
    4814   13
    4815   13
    4816   13
    4817   13
    4818   13
    4819   13
    4820   13
    4821   13
    4822   13
    4823   13
    4824   13
    4825   13
    4826   13
    4827   13
    4828   13
    4829   13
    4830   13
    4831   13
    4832   13
    4833   13
    4834   13
    4835   13
    4836   13
    4837   13
    4838   13
    4839   13
    4840   13
    4841   13
    4842   13
    4843   13
    4844   13
    4845   13
    4846   13
    4847   13
    4848   13
    4849   13
    4850   13
    4851   13
    4852   13
    4853   10
    4854   10
    4855   10
    4856   10
    4857   10
    4858   10
    4859   10
    4860   10
    4861   10
    4862   10
    4863   10
    4864   10
    4865    8
    4866    6
    4867    3
    4868    1
    4869   12
    4870   12
    4871   12
    4872   12
    4873    1
    4874    1
    4875    1
    4876    1
    4877    1
    4878    1
    4879    3
    4880    6
    4881   12
    4882   12
    4883   12
    4884   12
    4885   12
    4886    8
    4887   12
    4888    7
    4889   12
    4890   12
    4891   12
    4892   12
    4893   12
    4894   12
    4895   12
    4896    7
    4897    1
    4898    1
    4899    1
    4900    1
    4901    1
    4902    1
    4903    1
    4904    1
    4905    1
    4906    1
    4907    3
    4908    3
    4909    4
    4910    4
    4911    3
    4912    1
    4913    4
    4914    4
    4915    4
    4916    4
    4917    5
    4918    4
    4919    4
    4920    4
    4921    4
    4922    5
    4923    4
    4924    4
    4925    5
    4926    4
    4927    5
    4928    6
    4929   12
    4930   12
    4931    3
    4932    3
    4933    1
    4934    1
    4935    3
    4936    3
    4937    3
    4938    5
    4939    5
    4940    6
    4941    1
    4942    1
    4943    1
    4944    1
    4945    3
    4946    6
    4947    7
    4948   12
    4949   12
    4950   12
    4951   12
    4952   12
    4953   12
    4954   12
    4955   12
    4956   12
    4957   12
    4958   12
    4959   12
    4960   12
    4961   10
    4962   10
    4963   10
    4964   10
    4965   10
    4966   10
    4967   10
    4968   10
    4969   10
    4970   10
    4971   10
    4972   10
    4973   10
    4974   10
    4975   10
    4976   10
    4977   12
    4978   12
    4979   12
    4980    7
    4981    1
    4982    1
    4983    1
    4984    1
    4985    1
    4986    1
    4987    1
    4988    1
    4989    1
    4990    1
    4991    1
    4992    1
    4993    1
    4994    1
    4995    1
    4996    1
    4997    1
    4998    1
    4999    1
    5000   12
